25 75
195
171
199
117
130
184
167
189
152
152
191
178
135
182
157
166
107
164
106
159
140
177
138
137
103
0 1 44
0 2 10
1 3 31
0 4 17
3 5 22
1 6 3
2 7 21
1 8 55
6 9 42
6 10 41
3 11 58
6 12 32
4 13 48
11 14 57
7 15 20
11 16 17
16 17 30
3 18 1
5 19 5
6 20 16
11 21 3
12 22 53
7 23 20
18 24 8
6 21 36
8 23 2
16 23 48
10 17 1
0 9 51
6 14 35
9 11 7
17 22 54
15 20 57
23 23 37
17 21 19
13 21 36
8 8 59
12 17 29
3 12 3
19 22 25
4 15 13
20 21 21
0 0 28
2 18 53
22 22 48
1 7 44
23 24 19
1 19 26
22 23 33
11 12 34
6 19 44
10 13 12
16 20 47
10 19 28
17 20 49
16 24 6
2 22 21
16 19 8
0 12 7
2 12 1
6 23 34
0 19 8
8 22 27
4 4 7
12 18 50
5 16 9
17 23 59
15 23 59
19 20 59
0 23 26
15 24 56
7 19 54
11 15 48
5 12 48
10 20 19
