75 225
196
148
186
112
149
179
200
109
131
150
139
159
190
127
176
112
151
101
159
131
169
173
100
159
105
147
195
161
159
134
114
183
146
118
128
170
154
151
170
131
113
186
126
188
131
127
152
129
164
197
144
157
171
162
111
200
196
145
140
140
127
182
164
169
143
138
199
171
126
155
177
141
104
175
122
0 1 55
1 2 27
0 3 37
2 4 59
1 5 55
1 6 26
6 7 12
2 8 28
5 9 59
6 10 12
1 11 32
5 12 1
2 13 26
7 14 4
11 15 39
15 16 25
1 17 53
2 18 45
7 19 22
3 20 3
13 21 5
7 22 19
4 23 38
5 24 8
4 25 12
0 26 24
22 27 56
9 28 17
10 29 0
28 30 47
25 31 23
12 32 5
26 33 25
7 34 41
13 35 18
4 36 1
34 37 29
16 38 40
4 39 8
3 40 34
20 41 21
8 42 59
5 43 46
10 44 32
16 45 51
29 46 59
33 47 43
46 48 57
24 49 25
42 50 18
42 51 20
29 52 29
7 53 59
0 54 8
0 55 18
36 56 10
46 57 59
28 58 56
34 59 48
8 60 21
8 61 45
23 62 28
6 63 43
2 64 36
50 65 30
45 66 35
28 67 16
0 68 11
55 69 50
50 70 29
19 71 5
71 72 52
47 73 14
5 74 46
55 57 31
45 47 7
61 73 34
45 60 46
9 45 15
58 65 26
56 57 45
69 72 60
24 46 39
56 66 52
72 74 22
49 62 49
64 64 33
4 63 24
21 51 8
54 66 23
63 68 12
63 64 12
27 57 51
8 71 5
8 52 32
66 74 26
23 29 44
9 69 43
64 70 0
57 70 46
32 69 5
37 64 22
3 62 24
25 52 47
24 48 21
73 73 59
24 70 56
33 61 54
56 71 43
39 62 50
40 72 53
35 46 34
21 69 6
45 46 9
45 52 22
42 55 0
68 70 7
70 73 44
40 67 43
46 59 40
15 72 14
1 70 19
30 33 55
1 3 40
52 59 56
61 71 26
20 56 33
25 47 52
1 10 12
32 60 20
42 70 36
25 54 28
55 66 48
9 42 28
44 66 20
34 72 13
14 48 44
9 26 38
55 62 46
15 40 26
38 45 53
59 71 21
33 50 35
38 49 59
67 70 14
64 69 42
29 47 25
49 68 1
35 54 40
53 71 26
36 44 44
54 70 9
40 74 49
12 22 50
8 73 52
59 72 56
5 59 57
57 60 27
11 61 52
12 55 35
31 63 3
19 32 50
59 66 44
64 67 42
34 41 10
44 74 22
70 71 53
55 68 18
1 36 22
31 40 59
41 56 57
7 33 30
3 66 11
1 15 9
4 66 37
14 17 43
17 49 53
40 53 49
57 61 18
52 68 55
43 55 28
34 55 44
56 59 26
6 49 21
58 74 48
31 57 59
41 59 49
31 38 34
59 73 38
25 62 21
0 28 49
15 21 49
60 62 60
13 23 59
1 56 20
25 67 36
49 54 55
72 72 0
42 73 6
65 66 29
42 49 17
22 64 10
31 44 7
12 44 24
69 71 58
54 71 12
4 58 52
26 65 5
4 73 25
70 72 47
24 38 0
13 74 18
55 63 2
32 36 24
2 28 42
59 60 3
56 68 25
62 63 6
0 0 5
33 57 32
36 67 31
42 56 50
46 61 43
22 42 55
4 41 9
