50 150
162
155
194
175
131
101
180
191
170
191
177
103
110
113
110
151
138
192
141
134
185
149
143
159
157
124
162
158
113
117
108
145
151
149
106
114
150
140
120
107
164
161
142
142
195
125
110
130
198
180
0 1 37
1 2 30
1 3 0
0 4 5
1 5 19
0 6 51
0 7 59
3 8 51
3 9 9
1 10 49
5 11 20
4 12 19
7 13 47
5 14 7
6 15 3
15 16 60
0 17 58
9 18 53
7 19 35
5 20 25
17 21 24
10 22 50
15 23 50
12 24 15
20 25 37
25 26 31
12 27 27
2 28 10
13 29 34
10 30 51
13 31 54
13 32 36
19 33 55
15 34 51
20 35 5
2 36 50
0 37 52
29 38 10
2 39 8
5 40 31
4 41 2
41 42 38
16 43 39
13 44 3
5 45 48
45 46 58
12 47 17
30 48 57
0 49 57
48 49 46
40 43 51
47 49 3
2 42 9
40 40 31
43 44 20
39 40 23
18 41 55
15 15 49
8 16 9
10 32 24
47 47 34
11 32 55
2 31 39
3 31 11
32 46 33
33 39 45
30 40 53
33 43 40
45 47 18
25 32 17
12 31 56
27 28 10
21 41 50
20 48 41
15 30 1
45 49 37
30 39 55
0 26 33
1 20 55
46 46 3
17 25 49
36 40 55
1 7 2
37 38 26
38 49 57
16 44 11
47 48 23
27 31 2
20 26 17
23 49 47
7 18 39
40 44 33
29 35 17
44 48 43
19 41 26
18 34 48
29 44 12
10 36 9
30 49 33
8 8 21
25 29 11
0 3 29
5 41 46
0 9 30
34 42 25
29 47 59
7 38 40
29 43 39
20 41 13
29 48 26
34 45 1
19 37 27
6 29 5
33 44 49
46 47 57
17 32 52
26 36 37
17 22 45
3 48 28
13 22 36
4 19 13
41 41 3
27 30 58
10 13 32
37 40 37
18 25 35
16 34 47
7 37 19
20 23 30
26 41 15
33 37 14
7 33 38
44 45 36
26 40 56
20 24 43
27 37 48
29 33 31
9 21 35
33 49 49
17 47 27
32 38 2
48 48 56
11 34 38
28 47 25
10 47 53
35 41 10
19 35 44
27 34 58
26 35 58
17 23 16
