260 1300
195
171
199
117
130
184
167
189
152
152
191
178
135
182
157
166
107
164
106
159
140
177
138
137
103
199
118
100
127
139
103
109
132
113
147
145
102
178
121
169
109
134
187
145
103
146
126
153
120
101
135
195
105
192
143
200
148
170
129
169
147
134
121
109
149
156
124
102
139
189
186
160
182
132
147
180
194
154
186
191
151
131
134
105
161
137
109
116
129
107
110
115
125
141
133
108
153
189
136
108
142
158
157
123
118
115
200
196
194
104
126
154
141
173
183
126
107
127
184
140
130
182
128
114
148
144
150
168
112
152
156
100
172
169
170
142
149
198
166
148
142
116
153
103
188
102
139
193
154
159
118
117
139
141
108
167
115
133
103
176
115
146
182
144
168
196
111
164
192
160
199
128
111
193
174
110
167
192
170
126
146
160
126
116
153
195
124
102
166
175
161
179
114
123
148
152
140
155
153
106
124
132
172
129
181
142
170
112
172
159
157
168
114
183
199
130
151
105
112
140
170
112
191
137
132
141
165
177
119
144
104
120
174
145
196
189
172
134
170
121
168
174
197
115
158
186
111
141
197
100
196
122
175
100
138
130
182
178
190
109
0 1 15
1 2 38
1 3 42
2 4 11
4 5 29
5 6 32
5 7 4
3 8 13
8 9 34
3 10 41
7 11 19
9 12 6
11 13 40
10 14 32
2 15 47
3 16 44
15 17 56
12 18 52
8 19 41
12 20 38
5 21 24
8 22 14
8 23 56
11 24 19
19 25 13
24 26 31
26 27 29
16 28 58
12 29 51
0 30 18
9 31 28
17 32 57
15 33 27
15 34 57
13 35 19
8 36 54
5 37 24
30 38 54
19 39 22
17 40 40
6 41 6
17 42 37
11 43 60
11 44 0
27 45 45
31 46 31
8 47 54
12 48 29
34 49 5
20 50 49
35 51 57
36 52 17
6 53 29
12 54 24
43 55 35
1 56 21
7 57 1
22 58 20
53 59 23
46 60 42
16 61 42
0 62 36
29 63 14
34 64 45
47 65 13
46 66 46
30 67 55
53 68 9
31 69 38
42 70 4
32 71 10
23 72 7
64 73 52
60 74 53
31 75 11
29 76 47
36 77 36
13 78 45
34 79 57
71 80 23
61 81 24
65 82 5
60 83 37
8 84 60
55 85 17
70 86 56
40 87 30
14 88 48
53 89 4
76 90 50
74 91 32
33 92 10
28 93 52
54 94 14
77 95 27
31 96 5
41 97 56
60 98 28
33 99 21
82 100 0
6 101 50
11 102 28
88 103 41
78 104 33
47 105 27
76 106 30
77 107 36
1 108 44
51 109 57
12 110 12
0 111 51
1 112 35
77 113 8
29 114 30
85 115 39
18 116 12
34 117 13
50 118 37
76 119 56
100 120 7
62 121 30
7 122 0
108 123 36
117 124 37
80 125 28
17 126 21
22 127 38
31 128 42
20 129 45
53 130 6
67 131 60
87 132 51
118 133 6
46 134 56
53 135 35
11 136 59
28 137 46
16 138 27
12 139 21
72 140 35
20 141 14
0 142 15
104 143 11
107 144 39
115 145 33
138 146 35
80 147 22
61 148 0
7 149 33
37 150 29
26 151 10
91 152 30
25 153 6
96 154 24
14 155 1
149 156 29
140 157 46
79 158 48
30 159 2
157 160 25
75 161 29
13 162 35
144 163 59
137 164 53
42 165 19
150 166 48
24 167 42
74 168 57
159 169 33
110 170 39
145 171 54
140 172 41
1 173 59
143 174 39
81 175 49
74 176 16
163 177 22
175 178 13
21 179 44
37 180 59
5 181 39
86 182 53
87 183 36
64 184 30
19 185 38
33 186 49
25 187 47
20 188 4
80 189 46
162 190 17
74 191 37
121 192 43
134 193 60
43 194 3
165 195 28
159 196 49
20 197 14
114 198 35
41 199 38
32 200 48
125 201 2
130 202 17
111 203 37
30 204 1
131 205 12
76 206 9
102 207 42
25 208 47
148 209 17
196 210 28
151 211 46
178 212 15
21 213 21
34 214 22
213 215 56
148 216 32
214 217 59
64 218 23
183 219 2
194 220 0
160 221 53
195 222 6
218 223 40
87 224 4
48 225 53
148 226 44
170 227 46
111 228 25
67 229 3
108 230 22
215 231 52
187 232 58
69 233 60
16 234 56
76 235 7
157 236 12
219 237 59
29 238 24
141 239 20
150 240 18
83 241 7
11 242 59
215 243 19
42 244 40
55 245 41
38 246 50
76 247 11
182 248 59
44 249 37
128 250 12
129 251 18
222 252 7
158 253 43
120 254 36
67 255 55
66 256 29
156 257 51
233 258 27
66 259 0
171 193 24
46 202 20
242 247 59
51 133 54
80 246 2
203 210 50
13 96 17
30 224 53
126 255 39
218 255 37
103 231 18
167 251 36
184 218 43
30 196 22
128 233 25
151 231 34
114 155 6
5 31 54
50 238 12
67 146 42
163 185 54
224 243 9
255 255 52
36 87 15
63 160 51
6 236 7
9 62 42
195 240 14
106 143 28
27 49 49
226 235 55
183 217 47
233 252 43
27 236 59
236 249 56
199 216 54
110 179 43
57 224 13
104 122 13
206 208 40
97 200 41
158 234 45
228 259 43
113 193 30
86 245 32
73 155 58
149 185 9
54 222 38
40 154 40
23 69 5
100 155 22
0 82 14
83 230 22
249 250 22
172 205 9
114 258 15
43 89 18
145 180 18
160 233 47
13 122 23
248 251 0
242 246 27
248 255 1
193 222 59
156 228 23
248 249 23
0 4 33
44 71 44
108 165 35
203 233 46
101 178 52
85 252 54
235 254 49
82 213 18
69 71 37
186 210 5
133 139 58
70 223 51
252 253 51
146 182 54
221 252 46
226 226 29
204 206 15
126 243 27
215 230 44
150 254 13
235 259 60
217 221 50
239 245 26
1 206 54
116 218 29
66 182 24
226 247 40
4 62 49
196 225 3
151 202 41
63 191 32
78 88 21
11 48 50
181 242 38
240 258 24
57 81 57
34 142 25
254 255 40
77 193 26
37 146 11
227 252 43
4 7 55
130 138 28
232 248 39
214 219 36
245 249 12
229 252 37
81 191 33
163 181 53
187 259 4
161 224 36
81 244 27
227 247 41
80 230 35
80 255 50
224 224 23
26 39 4
37 158 27
195 237 18
198 222 39
253 257 29
156 192 48
21 91 37
87 98 2
141 206 32
62 95 13
95 156 2
134 171 16
29 126 8
234 238 13
170 181 23
66 134 33
244 246 5
121 217 33
55 249 14
119 191 16
224 248 50
3 251 10
230 238 8
243 244 39
233 241 13
39 251 17
193 226 22
235 255 35
169 210 4
85 178 33
230 244 34
184 236 31
232 246 32
208 240 52
47 198 44
206 242 54
163 186 25
143 217 29
85 218 36
63 204 33
113 244 43
123 239 3
53 67 7
116 128 55
232 252 0
20 166 43
32 146 2
75 114 56
103 122 46
53 57 36
94 101 30
216 253 1
97 147 51
164 234 56
70 143 23
21 246 4
100 136 31
236 255 36
204 247 35
114 144 49
233 244 17
167 233 45
8 201 36
16 213 38
174 252 13
43 238 20
135 150 58
211 258 23
79 121 40
28 108 40
63 109 33
20 117 47
234 245 33
91 214 37
21 40 26
136 171 57
142 256 5
203 244 11
163 245 34
201 252 54
173 258 17
115 141 40
58 79 13
171 171 52
45 48 27
21 241 27
99 99 14
80 235 7
228 253 5
196 244 7
73 144 55
136 218 27
15 75 35
82 113 23
11 206 22
144 154 44
114 194 51
120 189 19
20 159 0
22 81 17
26 236 22
140 199 58
123 171 31
47 78 15
55 81 47
146 188 32
165 199 36
232 255 47
97 199 42
4 48 24
202 253 20
9 259 23
224 242 2
108 241 32
209 227 23
162 239 21
233 247 33
115 171 11
21 116 24
143 175 20
181 206 51
41 91 54
77 231 59
96 223 27
60 240 40
201 220 42
72 143 5
153 257 5
176 238 56
195 225 49
30 228 23
1 248 34
51 180 24
94 146 19
214 253 9
40 196 47
82 108 42
6 127 35
154 246 52
220 233 18
204 223 49
222 224 43
87 143 5
244 252 22
210 246 12
226 253 41
252 257 8
28 40 13
85 162 35
199 237 29
212 254 29
28 113 41
244 254 49
48 222 49
91 145 32
164 253 27
0 140 56
105 115 9
78 197 49
39 184 53
79 218 48
31 167 39
255 256 31
80 96 39
176 188 35
106 140 23
166 238 48
176 178 5
199 250 36
76 147 57
6 167 45
142 216 15
96 119 9
206 246 47
156 246 18
247 253 7
15 84 2
2 223 55
57 128 53
219 245 55
148 176 31
104 180 33
91 134 32
189 251 14
61 217 16
217 255 31
258 259 42
215 254 50
145 237 56
239 246 58
27 70 45
20 80 1
183 232 18
73 125 35
58 76 46
160 213 4
257 257 39
204 211 45
168 257 31
0 109 13
12 132 20
145 158 48
1 18 27
221 251 14
89 164 29
141 204 13
153 198 48
41 196 14
236 242 23
167 196 54
108 137 42
57 110 34
140 186 29
50 199 26
250 259 28
164 215 54
88 158 12
233 256 30
42 233 17
212 221 3
71 81 51
119 241 25
112 219 26
51 168 12
255 259 31
169 253 58
245 252 58
191 259 23
40 226 41
38 237 6
182 236 2
214 215 38
156 205 38
219 258 44
152 166 10
242 245 3
213 251 47
215 217 59
109 230 46
133 242 29
228 243 57
121 121 6
150 229 7
23 106 33
55 143 47
238 242 31
151 250 54
168 205 25
63 211 16
38 142 6
105 239 11
184 221 59
172 255 46
89 247 35
131 175 50
129 129 49
141 227 42
155 244 3
49 195 8
39 84 56
24 193 35
138 251 7
3 233 50
137 180 0
227 235 6
18 198 35
174 256 13
114 162 43
2 185 19
73 184 9
230 232 4
112 190 13
145 242 55
76 193 31
9 20 57
105 174 51
202 221 39
34 153 39
89 211 32
151 196 42
232 233 30
8 153 3
21 41 10
133 196 39
93 124 54
24 205 19
224 253 10
69 69 4
69 259 12
9 78 42
161 249 36
122 214 17
13 207 51
4 75 24
228 249 57
235 242 33
196 240 5
64 122 31
172 227 7
46 255 5
68 237 42
149 161 8
76 148 3
72 136 30
126 244 27
182 208 6
245 256 58
111 151 46
129 143 25
169 184 15
108 238 25
33 175 57
107 205 54
219 234 48
110 113 44
67 177 59
134 194 22
214 214 50
59 134 55
235 239 54
91 203 36
223 241 53
48 106 30
56 159 51
4 114 2
232 244 31
51 164 4
115 256 13
174 205 29
153 162 32
142 165 27
47 218 54
74 80 3
77 238 56
200 241 34
63 67 16
188 201 28
50 87 5
255 257 17
63 180 10
224 250 14
17 103 1
55 76 21
140 211 11
226 249 29
255 258 44
41 251 27
240 245 15
99 101 9
155 243 31
114 246 40
93 237 10
79 203 6
85 255 54
174 230 57
48 105 42
162 221 6
98 159 56
35 97 0
16 233 17
104 147 18
68 186 21
242 251 43
70 242 49
12 76 57
20 52 10
254 256 30
147 257 52
200 208 3
202 252 4
120 163 46
118 224 57
18 204 55
101 185 4
150 231 59
215 257 12
7 26 49
222 244 53
231 238 17
91 123 59
145 150 27
32 67 15
207 229 24
217 247 27
157 212 2
154 212 9
190 226 34
117 150 2
109 155 19
72 105 56
159 171 40
217 225 52
230 254 40
163 174 20
196 254 7
45 107 37
67 207 13
126 127 39
113 127 15
52 202 54
249 249 29
124 140 56
153 218 56
78 99 50
65 205 33
104 237 2
118 185 34
29 68 42
222 240 12
188 248 26
145 257 30
83 114 46
251 258 14
40 59 59
196 256 60
242 248 58
92 183 12
86 141 37
258 258 37
183 242 23
59 234 45
174 214 54
158 169 55
179 181 13
226 238 41
232 237 59
99 109 16
175 175 14
126 141 10
93 102 10
96 138 26
240 242 54
113 138 7
244 256 0
84 113 32
84 202 37
221 229 9
31 222 9
191 207 5
129 146 17
29 102 22
80 197 60
17 175 32
227 259 6
197 237 41
68 105 10
251 257 29
160 200 27
17 74 33
55 168 26
14 97 36
189 227 11
19 100 47
27 200 11
66 110 60
32 180 44
190 196 44
235 258 57
135 244 23
155 187 56
36 115 14
216 228 41
32 192 7
66 194 32
176 234 25
51 213 12
164 192 9
60 183 53
159 244 39
241 255 20
241 241 18
121 178 12
74 96 2
101 122 24
107 170 60
46 215 33
10 231 3
139 253 38
84 101 9
156 209 16
193 237 7
231 256 39
181 205 36
246 250 28
244 259 18
74 104 6
251 256 10
138 219 19
110 125 29
131 257 35
215 216 12
52 227 55
167 191 42
246 258 9
12 91 48
130 200 26
69 209 51
175 247 22
172 194 21
206 215 26
99 203 31
63 130 13
14 50 34
184 188 13
180 200 37
66 238 55
13 23 3
204 224 12
220 234 15
91 124 8
23 241 8
161 185 36
52 141 10
216 236 27
187 197 51
118 230 13
172 179 30
37 85 17
17 173 0
11 41 1
40 149 5
124 144 10
252 258 10
86 253 14
162 252 11
152 257 45
95 157 40
202 251 48
94 245 40
178 234 50
35 186 20
102 258 5
74 226 56
137 194 20
9 223 40
20 133 2
34 241 30
233 240 19
226 259 55
13 222 29
230 234 21
12 187 16
128 172 49
117 159 52
233 254 17
178 242 52
19 57 42
215 251 11
155 224 57
12 250 51
37 103 12
107 179 4
37 238 43
76 121 32
85 98 21
102 139 13
185 199 12
46 256 20
16 212 18
126 144 48
56 204 22
9 81 35
111 174 27
161 226 4
48 90 23
194 216 32
153 212 44
178 244 21
182 204 15
104 137 24
83 169 36
147 231 5
104 217 53
186 234 35
235 244 46
167 169 16
191 202 9
3 127 31
107 178 25
178 191 37
138 153 39
23 164 8
246 252 31
206 256 44
103 142 2
67 200 21
211 226 6
219 227 47
103 187 46
47 139 19
227 227 58
155 169 9
6 18 59
150 221 46
131 240 55
140 226 43
57 153 45
143 210 27
17 257 34
47 74 13
112 198 12
209 220 24
105 139 36
197 248 39
111 178 38
205 232 44
151 235 44
53 96 42
48 143 45
165 227 60
41 42 3
126 241 8
60 188 16
245 245 33
164 208 16
198 203 47
84 244 44
47 143 34
9 158 31
252 252 53
138 171 14
77 248 60
187 242 58
44 149 27
176 251 33
78 134 50
191 253 49
227 230 49
120 197 21
52 213 60
214 257 39
222 231 47
92 255 35
54 83 38
194 236 37
157 185 45
68 154 31
46 241 6
65 144 56
135 155 58
173 204 5
201 204 34
136 144 27
98 108 4
214 218 43
90 214 25
21 130 11
85 250 11
0 72 25
74 159 57
42 102 47
77 220 44
125 228 48
112 175 1
47 212 9
116 194 49
224 256 36
163 248 34
67 214 6
136 243 45
192 257 3
67 215 27
80 150 42
212 232 23
153 161 8
154 172 40
109 254 17
159 220 23
35 165 55
203 219 24
51 181 36
94 172 33
109 120 55
61 127 17
240 259 47
135 171 13
144 191 52
135 210 12
94 246 6
1 215 55
223 234 29
132 189 46
181 228 30
141 166 33
8 65 55
81 257 5
29 42 20
247 254 49
32 66 22
155 228 44
240 241 16
138 165 0
40 104 32
208 244 27
169 201 53
173 240 12
94 204 26
206 258 3
121 206 32
45 46 22
226 241 2
192 198 36
197 240 40
3 135 1
129 190 25
228 240 35
10 244 55
122 139 39
57 252 11
159 211 43
161 200 52
140 189 20
146 157 55
16 32 1
228 245 51
32 157 51
76 113 7
138 232 58
225 246 24
184 215 1
13 188 35
3 155 35
221 223 16
203 251 4
19 198 60
107 121 52
138 170 21
44 81 34
254 257 20
10 25 47
144 150 27
225 232 13
138 245 16
86 226 30
49 192 33
90 165 43
197 251 39
1 43 24
236 254 7
145 192 20
197 242 17
178 220 42
7 196 31
139 231 45
202 203 14
239 252 60
216 248 13
256 256 7
49 62 23
122 133 57
63 127 19
220 245 24
49 63 7
213 224 47
112 258 13
103 132 43
73 225 24
65 102 49
172 210 47
165 182 31
150 219 42
119 218 35
142 255 9
164 191 16
119 134 12
87 147 7
198 232 29
40 121 15
88 157 59
78 257 55
132 171 27
100 167 10
127 168 50
91 238 6
86 223 56
145 198 3
23 44 45
207 239 30
117 175 19
76 76 18
18 160 23
48 104 22
11 53 45
229 249 53
206 241 18
23 162 35
219 236 45
213 214 58
36 106 0
201 231 26
141 183 22
214 246 27
48 214 54
22 121 35
174 195 2
201 230 17
173 220 35
27 157 47
41 55 57
128 223 38
239 243 30
20 213 55
205 253 49
205 210 40
93 128 48
51 134 47
169 235 22
210 258 25
140 156 38
49 199 3
8 257 13
51 249 16
102 103 38
45 103 23
89 212 38
168 217 11
97 103 35
96 104 50
121 171 9
146 178 55
149 195 46
56 69 5
82 129 22
207 242 11
169 182 40
28 252 42
9 210 46
133 233 9
211 235 10
120 199 40
56 115 50
94 203 39
134 142 7
227 254 52
71 221 46
101 250 52
28 224 20
37 250 22
133 179 34
127 191 47
69 91 10
47 149 34
185 190 55
217 236 35
205 218 56
155 254 10
139 175 45
22 41 47
223 247 2
29 258 22
154 189 55
8 13 15
248 248 43
236 240 46
45 101 55
245 258 8
211 216 40
74 165 4
132 235 27
25 95 20
208 229 58
141 224 52
12 86 37
13 103 21
150 172 37
171 238 17
68 255 50
140 152 23
75 178 10
75 173 49
228 229 29
221 227 51
220 229 19
135 205 7
191 249 50
177 251 0
210 240 10
36 170 47
161 227 50
87 177 31
32 148 16
247 248 40
153 231 52
187 212 18
126 252 34
159 237 43
103 135 30
118 161 20
42 127 59
48 147 41
168 208 8
91 234 23
199 238 49
129 231 20
2 170 45
234 257 21
132 163 54
79 237 20
0 164 42
49 157 46
219 226 2
95 189 57
75 249 13
150 239 54
29 127 45
66 197 16
50 210 10
84 98 12
82 203 35
71 71 35
205 258 15
138 172 20
168 245 11
12 97 15
149 200 36
164 214 1
210 241 4
7 43 5
148 204 24
