170 850
112
111
182
147
175
184
177
170
111
112
136
136
163
117
107
176
140
122
152
196
161
169
112
126
162
107
177
178
115
109
168
168
143
187
139
147
123
106
195
144
138
165
185
194
133
112
106
111
164
172
150
172
163
156
192
142
110
175
140
131
108
183
163
159
185
153
113
148
169
129
151
135
134
131
135
110
102
182
101
200
170
145
196
177
100
129
162
181
177
123
130
174
117
179
108
155
175
183
178
166
162
115
199
164
199
176
181
162
124
136
166
138
170
130
110
184
171
127
140
196
170
190
112
110
126
116
144
121
132
127
137
171
176
117
144
188
117
165
107
127
129
130
174
128
116
109
150
153
170
167
105
199
116
115
182
165
159
124
129
198
137
180
100
175
157
119
131
113
145
181
0 1 12
1 2 44
2 3 36
0 4 44
3 5 2
0 6 40
5 7 34
1 8 54
2 9 37
0 10 2
9 11 3
11 12 3
2 13 38
8 14 58
7 15 18
9 16 38
7 17 11
6 18 35
3 19 34
17 20 26
10 21 55
20 22 40
9 23 45
19 24 1
8 25 60
8 26 9
4 27 4
20 28 60
6 29 27
18 30 9
17 31 9
10 32 6
1 33 44
2 34 32
28 35 19
18 36 12
5 37 45
21 38 52
31 39 37
12 40 27
3 41 27
9 42 46
7 43 10
36 44 52
17 45 46
27 46 24
8 47 20
21 48 58
9 49 48
6 50 5
37 51 27
37 52 28
11 53 1
10 54 0
3 55 18
30 56 4
17 57 28
31 58 16
58 59 4
12 60 56
14 61 3
17 62 56
29 63 39
52 64 53
37 65 32
6 66 3
33 67 33
40 68 1
13 69 18
44 70 17
55 71 60
30 72 3
70 73 41
47 74 26
0 75 36
26 76 1
56 77 31
67 78 39
29 79 35
3 80 36
61 81 42
48 82 0
60 83 23
77 84 31
25 85 8
79 86 23
30 87 60
72 88 22
35 89 8
51 90 15
83 91 3
53 92 58
20 93 44
41 94 38
30 95 35
16 96 23
79 97 3
34 98 51
39 99 31
56 100 57
70 101 24
45 102 5
46 103 58
22 104 10
47 105 27
47 106 43
22 107 48
82 108 53
71 109 15
39 110 3
48 111 28
60 112 14
105 113 30
25 114 51
98 115 33
40 116 28
25 117 3
32 118 26
100 119 35
5 120 21
28 121 18
7 122 35
32 123 12
69 124 26
2 125 45
74 126 44
72 127 55
85 128 49
82 129 53
76 130 49
43 131 17
104 132 46
15 133 37
84 134 36
80 135 18
29 136 37
83 137 40
39 138 54
120 139 52
73 140 27
37 141 34
65 142 9
22 143 55
71 144 15
37 145 21
64 146 48
120 147 14
115 148 27
148 149 44
77 150 52
22 151 41
11 152 44
1 153 46
148 154 60
71 155 5
103 156 3
4 157 26
116 158 58
13 159 16
6 160 52
144 161 60
117 162 43
13 163 42
27 164 23
33 165 43
117 166 5
56 167 2
46 168 53
89 169 35
81 151 47
151 152 57
6 139 4
142 162 37
37 67 33
13 135 59
89 105 46
21 147 58
135 135 6
88 94 59
85 125 4
148 157 36
58 116 6
72 144 8
53 107 46
83 115 9
128 151 26
124 156 25
165 165 57
58 87 29
147 157 42
167 167 34
73 114 19
139 161 31
68 162 46
1 162 6
122 133 7
27 68 51
104 106 42
72 164 39
89 113 56
19 44 27
101 165 56
97 104 6
43 134 60
137 157 29
90 110 46
50 163 14
1 43 59
133 154 38
44 127 49
67 100 26
65 161 56
162 164 59
63 110 44
100 120 10
24 103 48
18 86 17
123 148 45
63 114 9
130 144 6
12 118 53
35 148 53
18 103 37
160 165 4
157 158 48
4 137 36
119 151 59
44 152 38
92 122 51
117 161 37
133 167 30
63 150 11
18 52 1
120 137 20
28 67 24
20 78 52
88 158 6
9 129 33
74 84 44
2 168 15
96 165 55
14 132 9
13 112 40
92 138 1
134 159 17
68 79 3
32 37 7
12 26 47
161 167 4
12 30 55
156 167 22
46 143 56
90 112 12
66 82 29
93 99 27
89 127 37
69 88 2
46 165 33
44 80 35
80 108 1
33 112 8
101 111 24
138 151 18
113 135 49
153 169 52
39 50 60
145 148 28
82 167 12
48 144 59
61 89 60
89 130 55
36 126 48
32 115 50
30 85 10
20 40 10
131 169 32
10 98 0
101 126 0
74 101 18
100 169 40
161 161 59
139 154 23
161 166 27
84 141 43
21 29 10
150 162 33
29 88 57
132 141 54
31 95 35
2 49 51
142 153 1
151 165 57
152 153 36
32 156 44
55 114 47
15 130 9
46 55 6
62 139 42
41 169 31
33 94 6
47 51 5
110 116 9
96 138 49
91 109 20
105 154 22
13 64 53
133 157 51
106 147 24
158 164 30
158 168 9
67 162 32
36 130 60
119 146 60
153 155 35
51 117 49
52 107 26
89 103 42
82 134 19
105 161 43
81 128 32
119 157 34
58 78 55
45 73 34
142 142 3
126 148 33
96 145 37
143 152 26
44 68 23
106 160 3
112 137 29
153 153 2
136 165 1
15 154 31
73 160 23
91 142 7
31 33 45
18 71 51
14 45 51
60 140 15
41 113 7
94 141 51
20 98 13
55 137 10
12 140 38
158 165 55
16 29 52
163 169 19
102 139 20
114 126 56
125 152 17
98 113 35
93 145 57
158 162 25
168 168 17
18 34 10
8 168 44
111 135 33
149 158 22
77 123 2
53 130 21
5 30 6
69 72 21
41 135 17
162 168 47
105 160 42
64 106 34
102 112 30
92 113 58
104 151 44
52 63 33
7 145 33
59 94 53
57 102 38
141 161 53
86 131 33
4 29 11
80 123 50
124 145 29
100 158 25
2 137 33
74 77 40
73 106 39
11 49 11
151 160 55
91 131 35
108 121 60
59 130 32
149 166 33
75 115 10
56 105 29
122 160 45
38 99 19
123 161 7
33 115 22
125 144 33
10 86 7
68 157 49
151 153 27
83 151 60
94 162 10
2 128 44
43 92 59
164 167 21
133 160 25
116 131 58
25 74 23
85 137 9
131 158 9
104 130 39
7 74 22
151 166 12
55 139 3
11 122 10
95 108 54
18 26 27
98 100 47
38 72 39
7 51 40
88 135 18
143 145 32
93 137 8
46 135 55
88 106 49
133 141 22
111 142 30
51 119 42
121 154 43
119 153 28
87 148 29
6 22 8
168 169 49
7 111 54
68 165 5
25 152 33
14 141 26
106 124 45
67 156 13
51 155 28
71 127 10
39 131 7
60 78 53
47 65 53
155 167 19
53 150 57
144 148 34
164 165 26
135 164 27
109 148 11
91 101 52
25 141 4
73 167 60
92 99 18
19 156 17
157 161 26
152 166 22
146 168 32
85 154 13
96 166 42
32 137 55
34 140 52
11 59 51
32 101 20
61 138 59
135 147 9
97 139 26
139 151 52
54 121 22
102 115 50
134 165 29
136 159 16
128 134 41
58 154 35
146 163 41
7 134 34
130 142 36
23 79 29
23 82 24
111 113 31
63 143 36
36 59 40
6 6 31
147 168 27
16 38 19
77 80 13
86 128 11
72 166 53
108 167 0
103 168 38
161 165 52
109 116 31
91 103 48
14 95 14
122 154 46
48 130 59
115 126 27
30 132 40
162 169 19
136 143 1
138 139 31
0 145 42
106 120 59
163 166 2
130 137 8
129 139 18
69 131 57
82 132 47
76 116 25
28 168 40
127 165 47
84 130 49
117 144 34
46 154 41
27 117 18
0 131 9
145 159 41
116 145 16
46 49 6
3 168 45
50 109 40
115 134 35
98 117 16
12 146 56
77 151 52
130 152 12
79 132 59
48 95 13
97 156 50
16 65 25
102 146 52
42 108 59
87 104 33
130 164 7
59 138 13
48 156 29
88 166 50
133 146 5
78 143 49
79 118 4
99 107 28
85 138 26
108 115 20
114 131 4
0 45 45
37 47 24
143 166 53
68 141 59
20 150 25
19 89 29
72 104 13
84 124 10
85 108 1
24 70 30
118 169 38
46 164 14
75 76 51
135 151 57
48 121 6
78 108 11
106 115 16
152 158 38
15 114 23
130 158 35
37 55 59
3 37 0
68 126 3
93 168 13
26 40 56
159 167 27
73 88 9
88 107 6
68 95 29
55 112 36
16 79 9
104 121 35
110 135 46
41 108 50
88 143 21
112 125 47
97 98 8
9 138 7
11 94 39
49 70 1
44 149 36
69 102 0
161 163 59
62 151 29
65 67 2
98 150 38
43 101 18
27 79 16
87 135 38
78 112 15
110 146 16
167 169 24
154 156 48
91 126 25
128 135 25
57 93 11
71 132 40
118 150 51
132 154 26
64 101 0
95 102 47
96 100 16
85 110 32
127 168 7
38 62 22
152 162 60
166 169 19
43 73 60
139 166 45
0 39 4
64 72 0
154 157 52
47 118 15
24 165 3
9 63 4
108 136 28
156 158 49
36 88 3
93 107 26
30 45 11
132 162 18
21 44 16
60 147 59
17 56 58
47 67 2
87 129 6
110 157 60
145 166 58
133 134 0
13 40 27
22 88 16
23 130 25
64 160 19
116 130 12
128 159 30
31 133 36
75 157 10
10 142 44
118 123 24
2 11 6
68 136 28
115 135 56
46 66 34
13 124 23
100 154 27
59 106 15
148 160 33
75 148 44
116 116 37
112 113 51
74 115 25
44 53 20
123 143 49
117 124 21
40 69 14
56 163 4
100 146 7
11 85 25
131 150 52
27 83 34
72 80 0
165 167 20
46 112 35
152 167 2
30 140 27
155 155 11
47 131 54
100 151 57
79 90 37
61 126 24
102 145 41
83 141 26
46 144 48
141 141 6
64 157 30
124 146 48
70 118 40
133 135 0
77 153 58
121 135 50
83 132 43
83 161 11
9 59 57
77 125 41
55 161 55
37 87 19
66 74 4
10 124 54
138 164 13
94 154 36
64 148 27
160 166 23
165 169 25
106 145 49
102 116 34
116 154 22
99 165 28
127 162 22
91 128 37
60 148 14
9 136 41
62 81 16
128 164 16
41 73 46
77 148 43
119 160 49
75 103 55
164 168 7
39 111 0
17 152 23
90 150 36
135 138 40
106 135 51
155 156 23
99 143 59
18 32 24
85 118 31
132 153 0
121 138 12
164 164 49
11 44 58
1 137 19
72 161 3
19 41 22
89 117 31
67 124 40
25 118 60
61 103 49
159 162 39
21 85 18
13 85 28
157 163 56
130 143 48
32 36 48
124 164 26
2 132 16
155 166 1
132 143 60
109 125 47
47 66 45
43 83 41
38 167 53
50 128 10
140 151 18
121 131 50
57 106 34
42 134 6
146 165 38
102 144 22
30 133 24
26 115 35
48 157 1
12 89 29
116 160 43
15 91 33
96 150 42
96 160 33
51 78 19
3 169 46
91 102 16
5 127 47
150 161 46
14 44 20
153 162 6
93 95 60
10 136 37
150 164 49
67 106 8
10 150 57
124 126 31
135 149 28
57 71 13
153 166 16
16 141 51
57 133 42
105 128 16
22 85 6
97 99 1
12 169 4
39 118 19
70 99 44
130 159 21
50 165 51
74 146 34
123 156 20
111 129 0
93 143 9
7 151 35
58 135 40
166 167 27
48 74 33
89 89 21
16 92 16
56 128 39
9 144 29
148 164 34
41 97 38
8 56 46
115 142 1
158 161 58
91 125 7
109 123 42
137 140 52
59 93 21
99 115 51
143 163 17
35 162 15
18 49 4
100 168 10
112 126 56
77 156 26
40 132 55
15 65 1
56 133 24
42 115 58
137 144 50
82 169 9
163 163 20
8 120 35
55 67 18
61 87 46
9 164 39
100 131 43
56 71 46
105 120 4
59 145 0
98 102 41
45 107 42
99 129 7
60 122 56
69 106 28
94 138 40
124 136 23
16 69 40
79 94 0
18 48 3
150 156 59
12 161 3
39 103 60
68 151 56
39 135 49
142 158 14
154 154 24
160 167 28
78 169 31
125 145 30
126 134 18
22 115 31
