90 270
163
157
116
192
166
171
173
161
173
170
148
188
127
142
186
155
132
115
109
118
108
159
186
170
199
143
183
173
185
174
116
184
122
119
124
155
145
199
153
151
174
116
154
136
144
117
110
117
119
102
159
156
177
135
131
105
172
120
197
134
103
138
152
174
182
114
187
178
144
182
149
171
102
190
131
141
174
196
157
187
176
157
119
164
191
176
116
161
181
147
0 1 6
1 2 18
2 3 36
2 4 56
3 5 26
3 6 54
0 7 26
5 8 2
5 9 0
4 10 54
3 11 17
2 12 0
4 13 32
4 14 33
13 15 40
11 16 30
13 17 37
15 18 40
13 19 27
3 20 9
5 21 36
19 22 57
22 23 30
20 24 41
1 25 38
21 26 41
21 27 30
22 28 5
8 29 59
10 30 11
12 31 7
12 32 47
17 33 28
30 34 27
3 35 25
15 36 9
0 37 29
12 38 24
38 39 36
30 40 44
25 41 28
9 42 4
1 43 52
4 44 27
1 45 41
37 46 31
3 47 30
18 48 47
15 49 30
43 50 23
8 51 59
16 52 14
24 53 58
31 54 0
34 55 28
32 56 2
23 57 49
3 58 37
36 59 42
11 60 49
2 61 36
31 62 30
56 63 19
13 64 35
57 65 49
3 66 22
53 67 24
38 68 14
61 69 19
4 70 10
31 71 7
54 72 31
36 73 45
12 74 54
20 75 30
25 76 56
9 77 16
46 78 59
54 79 45
66 80 54
61 81 57
20 82 6
58 83 34
26 84 12
79 85 7
17 86 42
17 87 40
4 88 45
19 89 22
79 86 47
63 78 41
40 84 45
76 80 56
4 48 41
48 85 8
86 86 45
61 71 45
79 83 40
87 89 36
31 42 38
23 81 49
81 84 60
10 33 25
20 54 38
35 83 38
3 25 44
41 79 4
5 38 24
8 13 35
59 76 25
72 81 57
61 77 11
83 89 24
77 88 3
57 86 8
82 85 8
16 25 24
70 75 58
36 87 39
27 48 41
27 52 26
14 58 17
66 88 43
59 85 36
32 60 50
29 77 16
82 83 4
2 47 51
46 68 15
29 45 39
40 50 40
33 41 60
32 74 31
51 79 12
49 69 31
81 86 7
31 69 58
2 37 53
30 80 30
56 72 2
74 76 9
33 80 36
80 88 39
31 32 45
33 42 34
62 88 0
51 56 36
53 87 18
14 57 10
84 88 5
10 61 39
12 19 15
75 75 19
10 12 27
71 72 10
80 86 39
30 36 17
22 63 51
44 89 6
29 64 19
56 78 0
38 69 41
88 88 18
45 50 52
43 51 0
22 67 45
22 47 1
40 76 29
12 14 1
7 48 49
9 22 6
36 58 52
64 84 16
36 69 45
26 58 16
68 77 19
60 62 44
14 65 7
11 52 33
78 83 35
77 87 46
32 40 53
25 79 7
73 80 55
52 64 20
43 48 33
50 86 37
53 58 21
27 80 17
70 86 46
42 61 0
51 68 24
87 88 43
8 38 57
2 88 4
88 89 37
32 46 39
22 29 39
68 71 33
21 24 39
62 85 23
52 73 30
64 88 35
69 70 25
5 61 35
40 56 4
18 51 7
81 89 30
40 40 1
71 85 2
4 66 25
54 85 47
71 80 10
24 62 15
64 82 44
3 59 33
74 80 17
40 54 54
56 74 13
2 29 22
16 41 27
16 88 24
41 68 56
23 73 25
83 86 56
18 64 51
55 87 40
58 84 9
28 79 5
26 74 22
56 75 13
5 46 44
33 85 18
81 81 1
66 83 57
51 63 50
80 83 23
67 88 22
42 60 58
28 74 43
70 89 21
73 84 54
16 68 43
20 32 4
45 64 49
38 52 6
74 79 52
85 89 50
47 73 50
27 28 56
28 43 45
11 18 54
77 77 3
49 78 23
16 21 24
7 29 47
51 60 14
69 82 44
49 49 0
44 63 33
66 85 30
30 39 24
84 84 40
75 85 19
45 89 20
30 85 42
2 64 9
42 78 10
33 76 25
5 73 56
