130 650
110
123
140
191
104
128
143
126
153
116
107
107
187
194
104
184
120
147
146
186
169
143
121
182
159
179
192
192
152
186
146
121
116
110
178
164
119
159
130
152
129
162
173
142
144
149
189
160
143
148
132
149
200
149
122
177
115
190
150
155
113
120
179
108
197
121
166
111
195
162
169
106
190
112
185
163
159
180
105
196
161
146
166
180
186
198
160
107
192
111
121
150
137
191
165
186
169
115
176
107
127
137
156
104
111
103
169
137
174
121
133
103
154
158
144
150
199
118
143
152
168
137
171
108
165
181
169
173
194
144
0 1 49
1 2 11
0 3 7
3 4 25
3 5 38
0 6 30
2 7 9
6 8 28
3 9 48
0 10 31
0 11 16
6 12 31
1 13 51
3 14 6
4 15 5
0 16 49
16 17 35
17 18 29
12 19 4
17 20 49
13 21 39
4 22 24
20 23 30
10 24 59
14 25 3
7 26 15
24 27 20
25 28 17
22 29 18
10 30 16
5 31 45
13 32 34
22 33 41
9 34 5
24 35 4
30 36 48
27 37 36
30 38 15
27 39 52
36 40 37
11 41 8
28 42 16
33 43 0
26 44 57
4 45 7
3 46 18
0 47 10
18 48 54
38 49 22
23 50 54
37 51 48
44 52 38
16 53 5
30 54 13
7 55 23
37 56 8
50 57 39
19 58 18
22 59 17
1 60 18
6 61 57
27 62 60
0 63 35
26 64 48
20 65 53
1 66 21
62 67 58
0 68 27
57 69 10
2 70 17
67 71 45
18 72 38
40 73 20
45 74 44
21 75 46
16 76 37
12 77 31
73 78 48
70 79 42
51 80 37
56 81 56
43 82 24
60 83 57
39 84 12
83 85 32
52 86 21
11 87 0
49 88 0
18 89 11
5 90 28
62 91 49
38 92 28
26 93 6
73 94 37
25 95 13
12 96 14
55 97 22
68 98 44
82 99 8
60 100 51
86 101 51
16 102 28
18 103 56
73 104 8
102 105 33
6 106 6
5 107 56
53 108 60
89 109 28
51 110 47
2 111 7
34 112 5
5 113 12
24 114 56
19 115 30
63 116 52
98 117 5
14 118 29
116 119 50
93 120 53
101 121 33
85 122 18
61 123 27
106 124 28
26 125 30
98 126 13
81 127 52
45 128 31
10 129 0
22 128 16
102 104 10
16 86 28
52 103 27
91 126 23
127 128 17
128 129 8
122 122 51
125 127 3
78 109 14
97 129 6
25 55 16
32 62 22
94 118 43
71 87 3
24 63 6
103 117 16
11 33 25
16 115 40
47 85 28
10 69 22
79 100 22
29 124 50
104 110 33
86 111 19
117 125 18
109 119 24
105 109 2
1 5 35
44 58 59
123 128 2
128 128 29
51 61 24
28 35 21
91 99 15
53 80 48
18 39 51
78 126 27
122 123 58
13 68 7
20 116 24
75 96 50
98 99 55
9 124 36
76 94 35
45 68 0
61 113 39
44 96 2
127 129 46
119 127 9
75 86 1
98 112 2
49 104 47
110 121 53
43 92 47
66 98 36
9 125 22
32 109 40
119 122 27
1 3 0
22 31 15
30 129 31
0 109 22
46 47 48
59 77 22
95 115 44
88 121 15
12 56 57
89 111 38
84 112 45
71 113 44
21 119 35
63 108 59
35 80 53
84 100 5
100 100 27
17 79 27
72 116 38
61 111 43
124 129 12
46 112 19
30 93 31
72 77 27
3 66 23
95 102 13
33 76 53
90 123 29
41 53 21
53 121 39
61 102 34
53 109 34
68 126 2
78 95 17
124 126 8
121 126 27
105 107 45
34 107 26
116 126 7
86 105 5
11 24 38
50 84 11
29 129 34
39 42 52
29 50 46
1 123 34
85 98 2
75 88 60
0 90 7
68 73 47
88 128 39
104 120 55
92 104 52
120 127 58
38 113 23
0 42 13
50 86 36
30 51 36
66 77 43
33 35 20
39 123 2
122 124 25
4 7 28
75 81 0
74 123 32
113 114 32
21 80 8
2 27 19
21 36 40
35 74 60
10 114 52
70 82 27
122 127 60
110 115 46
102 115 32
5 22 8
98 104 22
90 110 14
38 78 54
72 79 0
118 119 48
48 79 0
110 117 28
92 112 5
60 117 48
95 104 60
103 103 17
115 122 40
32 123 2
107 115 27
84 86 9
90 103 35
27 127 19
68 119 24
13 83 27
13 69 9
39 116 55
50 113 59
110 125 53
106 129 22
90 120 60
61 124 0
45 90 1
125 126 43
71 73 34
77 95 58
67 100 16
102 103 24
10 100 60
38 98 55
66 123 42
3 113 26
7 43 24
118 129 27
13 74 35
49 100 36
34 67 51
42 115 10
35 43 35
124 127 38
49 94 50
38 70 34
100 122 28
87 127 23
123 127 3
126 127 54
8 98 13
77 87 44
35 121 44
78 92 7
38 75 3
61 115 28
17 27 36
52 64 49
49 67 13
123 124 59
28 115 52
33 59 14
64 102 44
79 97 47
4 125 12
94 119 44
72 117 51
17 85 15
88 96 2
39 58 60
80 127 27
3 118 29
44 55 45
75 85 40
100 124 8
59 66 6
72 111 58
59 115 17
67 82 29
6 20 60
39 60 30
51 64 59
124 128 40
42 93 44
116 116 34
83 86 37
85 88 54
6 100 17
97 106 27
61 90 52
7 8 25
101 105 26
25 49 50
47 82 31
23 110 9
102 116 21
94 124 27
125 129 12
123 129 50
108 121 39
7 44 48
60 61 5
8 117 22
32 77 23
6 80 47
87 92 2
84 111 26
119 123 10
104 115 15
67 113 21
118 128 11
59 62 60
68 87 49
27 120 34
34 104 28
92 125 22
17 98 49
21 42 58
23 101 45
31 103 21
118 127 7
81 113 57
121 124 6
22 112 34
87 96 1
49 96 36
45 95 0
121 128 24
58 88 19
15 57 46
79 88 19
71 103 6
20 125 0
81 100 8
96 126 48
77 78 10
80 122 9
28 52 30
108 125 3
65 97 25
19 88 20
112 113 2
37 84 38
28 38 56
2 76 44
36 98 59
57 89 45
88 108 53
39 65 25
64 104 1
54 89 21
100 106 51
44 123 41
18 100 0
35 115 31
30 56 57
104 119 4
45 61 55
79 98 49
88 91 8
102 111 26
65 75 52
85 114 2
21 101 29
99 101 28
38 82 58
52 124 42
2 17 10
70 86 52
101 116 60
26 89 27
87 95 41
14 61 50
86 96 36
12 86 44
117 124 22
11 66 1
30 121 4
10 123 59
110 124 38
66 97 28
59 68 13
96 124 15
44 86 35
68 68 9
82 128 3
82 119 15
46 94 32
27 101 11
5 13 51
30 67 60
109 110 33
16 103 13
48 87 37
92 111 40
90 96 56
76 95 51
114 123 20
67 129 32
97 128 55
99 120 7
60 105 42
110 111 27
52 59 7
50 124 24
67 127 27
102 129 3
79 103 29
34 114 50
24 118 12
53 87 44
107 126 3
5 129 39
77 122 24
117 123 39
124 124 37
81 125 43
18 76 31
105 121 52
91 104 27
89 94 19
14 88 36
63 63 15
44 100 44
26 48 37
71 117 27
69 103 7
37 110 22
67 83 37
55 60 24
1 102 8
20 47 16
108 115 6
18 49 2
22 56 18
47 61 11
70 89 14
103 126 57
119 121 13
13 125 44
40 74 56
119 120 21
112 112 36
26 53 11
84 113 5
95 116 10
114 128 3
90 91 24
74 76 10
25 73 7
109 113 31
95 106 31
69 87 33
29 107 39
104 123 39
65 114 36
52 121 9
60 124 6
81 119 1
89 101 14
49 76 37
60 103 33
85 100 33
45 122 11
57 81 43
24 103 17
99 129 11
58 77 25
9 111 50
48 57 51
79 120 1
85 116 57
97 105 45
103 123 52
126 126 46
66 100 25
63 120 19
47 52 11
82 100 17
91 108 25
66 92 45
91 112 2
45 102 45
107 123 43
47 90 32
1 93 35
24 67 44
48 107 39
6 90 31
52 106 27
93 116 13
65 79 60
27 125 47
16 104 14
24 51 13
5 122 57
71 97 7
93 96 21
57 79 52
84 96 34
18 119 37
6 92 25
68 70 46
99 121 14
5 52 4
16 69 40
75 75 51
69 97 0
115 117 0
72 100 33
40 111 47
106 112 27
66 125 8
80 83 20
71 74 32
52 107 48
48 129 4
43 64 25
58 83 48
11 103 52
62 96 33
96 97 32
116 121 45
85 85 30
31 101 60
109 116 52
33 61 2
40 117 58
36 107 23
114 116 46
86 107 52
97 113 52
41 101 55
47 104 44
70 101 2
45 110 15
34 115 50
48 128 59
69 73 7
3 73 49
28 66 23
118 121 0
22 75 35
90 90 28
106 119 41
97 123 4
49 83 21
100 105 19
52 78 7
78 88 58
85 127 29
26 68 28
126 129 51
45 84 9
5 117 29
35 52 31
104 108 43
80 94 55
104 125 24
121 123 54
21 106 51
6 59 1
60 127 37
83 89 18
119 129 36
22 118 51
25 32 11
1 89 14
53 55 52
46 85 15
27 55 52
32 59 6
54 81 24
93 102 27
41 102 52
125 128 25
32 66 50
92 101 1
40 77 54
11 25 45
116 129 60
13 85 24
112 127 60
62 124 26
87 114 57
80 84 27
