110 550
145
125
164
106
139
197
170
197
190
195
179
126
137
123
179
188
114
171
115
136
193
153
131
193
100
164
112
106
157
142
155
160
154
181
196
137
181
118
163
196
139
116
184
102
193
141
156
147
165
104
125
145
192
179
170
170
187
190
173
200
118
179
132
129
118
160
185
139
198
102
189
124
114
140
152
149
190
174
131
137
178
119
178
186
105
157
154
137
125
116
104
187
143
173
129
106
165
176
150
151
120
176
153
121
187
146
113
181
134
140
0 1 12
0 2 50
2 3 41
2 4 12
2 5 51
4 6 33
5 7 58
1 8 38
8 9 26
4 10 15
10 11 20
7 12 30
2 13 59
12 14 2
10 15 28
13 16 13
8 17 21
2 18 39
3 19 50
11 20 20
1 21 38
17 22 0
3 23 53
14 24 30
9 25 23
1 26 17
12 27 32
12 28 31
4 29 55
28 30 9
9 31 28
18 32 44
12 33 34
18 34 17
14 35 52
20 36 37
10 37 49
33 38 21
26 39 13
18 40 22
20 41 15
19 42 10
12 43 50
12 44 37
5 45 60
23 46 31
11 47 37
9 48 60
5 49 57
40 50 45
19 51 26
17 52 39
32 53 30
22 54 34
43 55 41
33 56 39
19 57 45
22 58 56
45 59 36
33 60 0
8 61 55
33 62 14
26 63 59
37 64 7
62 65 45
20 66 9
4 67 16
51 68 19
29 69 13
20 70 47
33 71 9
69 72 6
54 73 39
36 74 1
15 75 2
53 76 58
72 77 19
7 78 52
78 79 37
16 80 13
75 81 14
23 82 34
72 83 12
12 84 51
28 85 59
49 86 0
5 87 54
70 88 48
3 89 40
88 90 56
7 91 58
15 92 0
15 93 51
62 94 28
31 95 56
85 96 50
2 97 24
96 98 37
91 99 38
95 100 37
100 101 29
29 102 55
72 103 55
43 104 46
99 105 11
27 106 22
103 107 37
105 108 42
54 109 56
72 98 12
15 38 32
28 106 42
84 87 18
85 85 34
35 51 21
39 59 9
52 105 5
38 39 49
104 109 34
104 105 40
69 94 4
24 52 29
66 92 1
69 71 25
63 101 10
35 92 16
20 73 27
58 89 3
39 86 39
36 96 59
36 105 4
73 79 49
36 78 57
89 106 38
38 49 15
40 70 1
26 91 29
70 103 42
41 76 17
4 70 45
83 88 23
19 86 22
50 102 10
29 49 9
5 76 55
31 40 30
41 46 58
37 59 10
17 48 26
95 98 1
32 49 55
102 107 24
12 56 15
78 93 5
23 66 24
2 87 60
100 100 32
96 107 3
42 67 55
101 108 15
71 105 53
54 82 58
87 99 56
12 42 39
72 93 47
48 87 9
92 107 53
19 55 38
60 92 2
6 8 23
35 97 49
56 104 18
48 80 35
64 64 35
2 27 32
84 89 31
12 40 58
63 77 40
23 49 51
70 78 32
4 105 40
91 91 28
88 88 8
88 100 1
61 93 43
26 65 20
99 106 35
38 95 10
41 94 14
3 8 17
36 59 22
47 61 51
76 88 39
77 89 58
25 96 3
6 14 53
57 93 14
90 106 14
61 68 12
76 90 36
92 97 32
66 90 2
44 55 43
6 92 39
25 49 10
2 50 9
80 94 9
44 83 53
68 88 2
66 89 22
35 64 4
78 88 52
80 100 20
30 68 49
17 35 14
9 58 23
88 106 55
43 101 37
71 80 59
38 82 28
107 108 11
34 52 49
19 69 31
101 104 48
23 61 53
54 71 28
65 83 32
69 74 35
10 70 13
15 94 48
37 63 44
13 18 35
102 104 30
11 34 38
56 57 54
90 108 33
5 57 54
7 60 32
19 50 2
108 109 3
23 68 51
26 76 59
58 72 49
24 77 8
105 109 1
60 94 23
102 105 35
58 95 39
14 61 29
21 36 56
93 105 17
52 101 43
96 104 49
0 65 36
26 32 33
77 109 37
35 85 20
84 98 46
82 108 16
43 96 53
61 78 49
54 94 56
79 86 36
85 107 39
38 84 32
53 86 1
30 50 7
46 97 57
51 97 50
33 100 47
27 98 12
96 106 21
102 108 8
82 109 17
92 98 5
57 61 23
90 90 31
41 48 20
71 78 43
95 101 7
70 75 38
2 39 40
42 56 51
49 108 10
25 27 14
84 97 6
84 96 33
9 19 39
38 81 35
55 80 15
92 93 47
67 73 60
54 81 45
54 65 49
31 48 59
66 70 42
43 48 56
102 102 30
67 69 58
104 104 45
10 95 47
83 99 53
48 71 46
85 98 49
63 92 49
76 104 20
84 85 4
96 103 0
6 104 38
42 46 3
12 31 40
81 103 27
98 99 55
97 98 47
102 106 20
4 35 18
4 65 32
7 37 32
38 83 8
3 47 52
20 69 3
57 60 38
64 101 28
4 84 53
6 85 0
24 98 30
96 99 21
104 108 6
85 94 31
70 93 14
8 71 7
4 97 28
100 105 56
22 28 6
7 20 31
17 32 19
19 81 40
94 108 44
62 76 38
39 52 13
87 89 43
92 101 42
54 93 48
25 76 46
103 105 13
76 105 1
102 103 44
64 107 19
93 103 24
73 81 49
44 57 50
17 64 47
102 109 38
52 72 17
6 43 53
53 102 8
56 88 56
37 48 37
101 101 13
85 95 28
26 84 30
85 103 10
42 65 41
30 34 47
66 88 54
95 107 35
7 21 12
32 58 54
40 95 54
57 73 1
38 58 28
82 94 46
1 25 50
89 101 34
46 96 17
13 105 1
37 106 36
79 105 37
97 106 7
41 58 30
51 108 40
43 49 29
74 105 60
9 56 14
21 27 6
11 28 11
75 78 49
29 58 0
92 109 15
0 88 44
90 100 3
79 81 48
47 72 54
52 54 54
7 10 47
17 86 39
20 58 42
6 33 49
89 107 58
83 93 55
105 105 45
77 92 13
69 108 5
56 98 31
45 70 18
69 89 40
98 98 27
37 45 56
59 107 25
42 104 53
75 103 56
106 106 27
101 109 39
54 78 16
34 91 12
62 70 50
26 73 14
88 101 45
46 69 7
0 67 23
29 35 39
8 62 1
82 106 47
105 107 42
48 63 51
19 19 28
88 105 52
24 108 3
50 85 29
37 70 36
67 95 13
108 108 36
91 105 2
82 95 36
48 98 18
94 109 18
84 104 60
91 98 17
82 84 48
68 83 58
29 71 9
3 22 11
40 74 59
1 45 2
17 23 29
13 104 46
39 88 6
6 66 45
22 99 60
58 82 54
24 89 36
12 38 33
72 74 8
10 76 24
78 78 21
52 91 12
67 81 15
55 68 8
1 60 7
50 94 59
57 62 38
65 91 2
71 92 45
95 105 10
6 80 16
33 78 55
7 15 60
81 95 53
45 88 60
101 106 38
18 20 25
98 104 38
86 90 13
1 1 4
73 103 56
1 100 27
4 4 36
37 103 39
12 108 36
55 69 44
51 51 34
94 104 41
99 102 19
83 87 28
10 97 17
100 109 0
62 98 42
27 97 53
28 98 5
11 12 5
31 84 45
55 105 2
6 9 59
1 53 3
71 91 25
58 81 37
57 77 21
13 75 36
51 79 6
96 100 0
45 61 27
59 92 56
2 61 17
17 60 44
45 83 36
2 65 2
66 84 33
73 91 20
32 33 55
12 85 10
85 104 1
38 46 60
84 100 37
94 102 57
72 92 52
35 104 15
12 21 9
6 95 29
104 106 19
17 91 58
46 73 36
13 30 9
6 47 48
79 85 49
33 104 0
73 73 8
48 68 12
31 54 25
77 87 49
43 72 60
15 104 29
38 50 22
25 31 54
49 72 52
10 10 55
89 108 42
29 75 26
60 60 60
32 44 21
72 73 15
32 46 24
92 106 13
81 99 17
68 100 37
40 97 22
30 109 18
3 17 26
58 85 0
46 99 5
57 65 6
