170 850
196
148
186
112
149
179
200
109
131
150
139
159
190
127
176
112
151
101
159
131
169
173
100
159
105
147
195
161
159
134
114
183
146
118
128
170
154
151
170
131
113
186
126
188
131
127
152
129
164
197
144
157
171
162
111
200
196
145
140
140
127
182
164
169
143
138
199
171
126
155
177
141
104
175
122
103
149
155
167
126
155
113
200
103
101
103
160
187
155
163
115
195
166
152
122
126
138
190
104
137
126
197
179
102
196
152
105
175
101
129
126
121
166
143
166
194
143
114
165
196
181
108
150
166
129
112
138
109
148
177
152
141
126
160
137
133
101
111
134
171
122
155
138
132
172
180
160
157
159
132
186
198
189
103
128
142
130
111
167
148
199
200
106
113
162
142
196
140
171
197
0 1 0
1 2 43
2 3 21
3 4 52
2 5 59
5 6 10
6 7 21
4 8 30
6 9 15
2 10 7
3 11 53
5 12 35
3 13 41
4 14 8
4 15 43
6 16 52
3 17 4
14 18 42
18 19 55
19 20 32
14 21 2
15 22 8
10 23 27
2 24 40
0 25 26
13 26 48
25 27 60
9 28 44
8 29 0
5 30 7
17 31 4
5 32 23
17 33 46
24 34 40
24 35 56
34 36 26
3 37 23
19 38 13
33 39 60
13 40 49
12 41 53
34 42 52
6 43 16
5 44 54
28 45 49
15 46 17
24 47 20
17 48 24
48 49 30
15 50 53
49 51 23
32 52 59
2 53 3
5 54 12
9 55 28
37 56 2
35 57 5
32 58 55
6 59 43
33 60 26
44 61 17
2 62 42
33 63 43
52 64 31
42 65 38
20 66 46
25 67 0
21 68 55
54 69 22
0 70 8
40 71 6
56 72 47
31 73 45
54 74 45
34 75 59
73 76 20
21 77 31
46 78 54
5 79 41
43 80 40
12 81 50
75 82 10
39 83 5
17 84 34
70 85 58
3 86 15
32 87 9
30 88 41
46 89 21
88 90 0
81 91 29
33 92 20
75 93 44
39 94 26
53 95 53
90 96 11
78 97 16
81 98 41
19 99 14
65 100 39
21 101 47
84 102 55
86 103 36
2 104 13
42 105 40
38 106 57
25 107 2
76 108 26
103 109 22
52 110 16
1 111 52
95 112 24
107 113 31
110 114 20
83 115 22
105 116 32
92 117 28
115 118 32
34 119 47
61 120 48
46 121 29
29 122 31
35 123 20
117 124 33
49 125 39
63 126 44
11 127 21
11 128 13
51 129 46
61 130 43
90 131 60
41 132 53
49 133 16
38 134 10
108 135 21
46 136 40
12 137 43
11 138 59
16 139 22
73 140 4
62 141 42
37 142 15
19 143 17
121 144 1
115 145 17
42 146 9
93 147 26
107 148 25
121 149 3
12 150 9
32 151 49
80 152 24
60 153 50
1 154 51
57 155 16
125 156 52
60 157 33
148 158 18
34 159 57
0 160 35
72 161 48
25 162 27
35 163 40
55 164 22
58 165 35
71 166 58
85 167 38
93 168 50
101 169 13
31 74 42
64 70 10
68 98 22
12 128 53
12 111 18
103 168 22
29 57 59
125 140 57
118 136 30
132 137 11
140 164 9
70 135 37
74 106 43
101 146 53
54 120 49
45 140 18
77 123 55
88 148 28
145 155 44
59 63 26
148 155 21
106 141 48
73 133 59
72 90 49
6 73 34
52 76 38
168 169 0
126 147 21
153 158 49
121 155 49
101 154 60
139 149 59
149 151 20
86 108 36
146 149 55
129 138 0
0 11 29
1 52 17
29 80 10
94 119 7
167 169 24
87 152 58
31 87 12
142 169 52
155 166 5
135 140 25
132 151 34
163 169 47
81 154 18
115 158 2
66 120 26
90 154 24
157 161 42
49 129 3
133 148 25
33 71 5
95 119 32
126 163 31
69 70 22
19 159 50
103 145 43
152 155 55
16 158 9
46 138 29
23 165 8
71 169 42
78 108 9
28 168 18
80 155 34
92 98 46
93 150 47
102 136 55
22 148 2
90 126 48
50 111 21
73 99 3
105 124 17
39 53 24
44 45 52
72 135 48
15 84 5
9 165 23
141 144 8
54 72 14
31 55 27
86 166 20
42 155 26
5 39 30
15 75 26
46 46 2
140 159 33
113 169 28
60 128 14
98 163 21
167 167 20
145 153 12
113 142 7
16 131 52
100 112 59
117 126 54
137 153 54
135 146 36
70 88 53
135 168 59
117 152 2
26 47 50
115 169 49
91 137 32
160 168 57
108 136 54
137 147 45
115 155 51
132 145 46
121 140 13
39 45 6
135 137 17
144 163 14
126 130 47
163 167 60
137 137 18
130 160 59
124 168 48
7 23 28
165 169 36
147 157 51
127 130 0
44 114 15
109 116 21
39 157 47
134 138 27
133 135 2
101 109 41
75 127 32
102 127 0
99 151 36
27 154 26
85 158 29
38 74 24
146 161 49
16 121 47
163 166 37
19 29 60
159 162 2
146 160 49
119 127 26
13 120 20
27 124 17
133 157 16
79 166 22
67 128 48
128 166 8
11 42 56
57 142 9
3 91 24
129 153 0
49 68 32
39 142 4
40 107 56
82 110 20
127 159 3
32 128 15
15 20 12
166 168 28
71 113 13
43 43 27
58 111 11
33 93 30
25 35 11
38 46 29
148 164 40
96 144 18
73 127 45
6 26 35
146 159 38
166 167 39
33 119 52
137 158 17
137 155 44
39 106 22
3 119 59
125 149 59
9 27 47
8 104 44
11 41 21
111 155 55
151 163 21
105 147 54
70 87 32
122 129 58
24 140 49
122 137 28
80 86 51
15 93 1
130 134 59
15 30 24
95 151 49
108 163 31
113 121 26
81 133 16
86 138 30
25 135 39
109 154 32
141 166 46
85 86 9
30 34 17
92 131 51
64 113 27
26 60 34
144 165 30
90 104 6
46 108 22
21 43 35
119 135 42
156 163 33
132 141 52
100 137 56
87 148 19
35 166 55
18 142 59
129 159 45
11 116 7
42 44 54
127 162 52
105 160 48
132 135 33
82 153 25
49 122 3
71 76 12
33 148 2
143 146 15
95 161 12
61 64 8
4 23 1
4 169 20
127 158 34
84 95 0
21 66 32
25 130 28
83 165 13
141 151 25
51 94 42
120 146 38
72 133 38
151 151 51
124 151 18
40 163 24
132 159 43
129 155 49
76 81 58
166 169 51
10 48 51
162 162 2
4 31 13
106 126 14
8 141 38
139 158 32
21 120 45
160 160 47
87 103 40
73 111 42
103 139 20
116 136 39
27 114 10
104 120 38
64 168 53
9 134 49
6 99 54
23 135 31
117 161 12
81 150 18
103 118 30
94 107 47
20 77 26
92 119 58
118 162 15
8 144 1
43 156 2
127 164 9
103 158 11
162 166 49
4 9 44
147 162 26
72 110 47
84 149 43
70 101 55
8 27 34
31 85 41
9 129 44
155 156 39
7 137 40
10 148 3
72 146 15
42 129 28
101 160 17
15 132 59
163 164 48
165 166 10
99 103 32
100 149 3
69 151 7
12 65 25
28 42 34
44 54 12
75 130 34
39 86 59
146 155 9
82 96 53
98 122 15
19 44 26
27 121 32
80 124 41
109 153 9
7 113 25
119 124 60
59 141 45
109 110 38
22 26 17
10 22 26
129 135 7
68 69 11
141 146 29
142 161 27
37 137 1
8 160 55
73 138 30
66 105 53
130 147 21
29 150 40
161 166 6
114 131 36
143 162 59
136 155 30
111 165 7
26 125 26
10 13 19
145 154 58
23 69 50
105 134 54
85 120 53
0 18 35
101 139 2
33 69 39
27 44 40
93 140 21
131 141 9
7 17 26
35 63 9
145 165 43
39 72 10
141 156 52
26 54 0
63 155 4
91 119 59
119 153 7
74 93 22
102 161 43
22 84 36
93 160 14
150 155 49
153 159 0
9 22 32
114 144 21
42 148 26
103 123 10
74 89 4
37 120 54
100 154 58
67 78 53
117 141 36
6 44 6
103 134 8
152 166 3
41 125 55
44 148 5
76 124 22
63 99 39
46 169 4
93 102 42
9 11 6
109 118 43
113 115 16
65 128 38
105 129 5
51 70 45
135 135 54
45 52 43
26 41 48
136 148 40
103 143 40
5 153 5
21 167 15
153 162 31
42 46 47
48 131 33
0 52 57
7 147 17
10 84 56
149 160 8
130 156 47
85 130 54
121 137 23
164 167 44
98 101 57
52 159 24
159 165 6
80 138 60
134 153 36
99 167 49
151 154 42
19 164 23
76 160 1
14 144 59
146 167 16
31 147 1
50 102 33
31 157 3
155 160 34
12 47 33
116 147 47
40 74 34
5 14 45
113 163 16
82 98 53
17 167 38
36 107 19
143 153 56
163 165 9
70 156 13
88 102 15
82 165 14
93 151 29
113 146 22
18 18 46
150 153 24
164 166 9
23 122 35
152 162 35
19 31 14
140 148 5
90 101 51
16 94 32
19 76 20
160 162 53
98 147 25
46 57 48
131 155 47
100 160 24
85 159 18
147 161 38
58 84 43
124 139 57
54 158 25
77 111 17
89 108 37
3 78 39
124 124 52
53 66 45
62 160 32
7 44 49
132 149 28
111 128 27
148 156 18
22 72 33
86 144 21
111 141 48
57 162 54
40 76 47
131 148 7
41 109 25
14 136 50
3 142 17
26 99 56
27 84 57
32 92 5
89 100 33
83 86 57
7 96 58
101 135 56
84 129 6
70 164 6
27 127 20
35 42 19
4 96 34
131 147 24
123 164 29
70 83 33
105 146 40
79 111 54
107 122 18
32 156 1
36 148 3
100 152 14
36 119 23
33 94 17
5 56 1
63 92 42
103 162 20
46 98 21
168 168 7
45 118 40
37 165 24
36 48 9
77 93 22
105 112 4
113 151 27
44 79 56
155 159 30
45 166 15
135 141 43
110 122 49
92 108 3
140 157 40
164 168 20
161 163 59
9 163 57
93 127 7
69 114 18
93 148 48
17 127 34
42 110 22
19 122 38
59 136 44
45 125 23
159 167 14
124 163 23
49 79 10
66 103 38
116 161 33
24 102 43
20 155 10
0 141 23
67 165 3
7 52 31
88 108 11
6 116 46
43 110 9
77 97 35
80 135 55
62 166 8
54 101 35
119 163 18
127 153 49
144 157 5
78 101 54
84 94 48
145 146 50
35 97 25
131 132 43
131 151 45
162 169 50
1 150 47
103 159 43
153 169 44
49 111 16
59 97 25
35 107 0
51 148 15
69 133 17
110 125 7
162 165 53
115 129 3
106 131 55
125 139 39
105 150 5
165 165 20
118 166 52
82 147 24
148 151 14
77 164 56
86 149 4
30 131 41
49 72 52
116 166 43
92 158 11
13 71 11
38 147 36
135 139 60
50 69 42
12 158 19
42 84 21
161 162 18
19 55 33
44 169 25
107 133 47
38 161 57
18 115 32
101 122 25
163 163 17
32 41 27
41 150 5
135 150 59
141 163 7
80 140 41
121 158 8
36 127 5
133 153 30
42 151 9
34 94 16
31 39 46
11 57 30
118 142 58
23 150 43
71 78 50
127 143 13
15 121 2
106 160 57
103 111 59
161 161 51
121 147 51
130 152 3
9 159 13
92 101 48
149 165 28
58 58 54
77 113 14
51 135 55
41 57 10
24 83 37
110 128 55
30 77 33
83 123 40
139 144 20
98 108 31
93 164 34
31 146 14
46 73 54
119 122 9
48 122 24
16 68 46
86 118 43
112 117 18
140 163 7
88 145 18
15 102 7
93 111 40
161 167 40
75 83 42
24 120 56
127 151 38
54 144 25
40 127 7
97 97 37
99 124 9
108 131 56
35 43 30
105 165 7
80 122 55
162 167 28
93 144 8
92 104 24
33 52 42
87 144 38
151 166 20
2 32 55
121 131 6
66 97 54
105 122 3
60 98 30
134 163 54
158 159 40
41 135 56
19 109 49
40 59 30
103 120 54
15 123 52
48 56 3
1 91 52
58 71 54
26 135 10
112 123 19
114 120 1
91 159 10
26 69 39
101 165 59
6 115 24
110 119 28
55 140 28
50 157 57
118 135 9
78 124 26
22 37 31
