200 1000
145
116
133
127
122
172
163
146
113
175
102
163
200
141
135
145
133
122
165
148
153
167
145
115
106
100
124
195
198
102
153
159
111
181
200
152
124
170
180
176
179
186
156
188
114
117
198
159
109
199
144
179
119
104
183
163
110
115
151
171
142
123
110
124
180
117
197
132
180
176
117
195
150
124
143
144
165
133
141
177
157
109
158
125
116
184
164
197
134
132
150
144
107
143
138
110
140
135
157
165
164
175
128
125
117
152
186
111
119
169
112
103
162
166
134
130
153
178
159
185
145
200
197
199
194
188
114
198
196
112
116
112
200
150
156
146
110
146
186
196
184
135
141
195
139
148
120
116
151
125
111
139
107
115
146
160
184
163
194
182
147
198
173
123
159
147
200
173
134
110
151
172
187
190
170
194
194
124
196
165
133
193
137
174
130
195
160
116
147
145
149
160
182
110
200
115
144
108
131
130
0 1 20
0 2 53
2 3 3
1 4 10
3 5 29
1 6 53
4 7 17
1 8 38
2 9 41
9 10 17
9 11 3
9 12 20
11 13 25
11 14 17
0 15 58
14 16 53
13 17 3
0 18 60
14 19 55
6 20 10
4 21 40
13 22 22
19 23 34
13 24 28
18 25 39
8 26 5
3 27 50
11 28 21
15 29 43
24 30 45
14 31 33
5 32 60
7 33 31
32 34 47
23 35 44
20 36 50
25 37 35
16 38 14
14 39 20
30 40 25
38 41 39
16 42 19
1 43 33
25 44 25
37 45 36
28 46 28
5 47 51
17 48 52
15 49 55
22 50 20
36 51 58
29 52 2
14 53 13
40 54 2
30 55 49
24 56 35
29 57 3
47 58 59
36 59 58
59 60 26
38 61 36
45 62 18
61 63 12
48 64 58
33 65 40
61 66 37
2 67 9
24 68 27
46 69 2
13 70 56
63 71 23
6 72 39
22 73 24
67 74 4
57 75 19
24 76 18
23 77 19
58 78 10
65 79 20
37 80 55
71 81 14
10 82 42
54 83 48
55 84 19
28 85 30
80 86 48
24 87 39
7 88 12
84 89 23
49 90 6
69 91 46
73 92 21
78 93 25
91 94 48
62 95 38
48 96 33
75 97 57
81 98 50
33 99 29
2 100 21
97 101 31
47 102 35
19 103 54
68 104 17
42 105 18
98 106 32
69 107 54
2 108 48
92 109 60
26 110 22
11 111 4
110 112 33
35 113 44
26 114 38
37 115 15
86 116 51
111 117 54
50 118 22
50 119 16
5 120 10
83 121 13
80 122 31
121 123 33
113 124 46
66 125 58
103 126 7
111 127 18
55 128 35
122 129 16
52 130 0
21 131 18
60 132 53
119 133 0
128 134 60
78 135 52
108 136 54
8 137 51
41 138 25
25 139 34
42 140 35
107 141 26
131 142 16
56 143 55
142 144 3
130 145 35
131 146 7
104 147 48
13 148 38
89 149 33
125 150 3
147 151 26
137 152 35
52 153 34
47 154 10
121 155 22
55 156 19
104 157 27
102 158 14
63 159 10
106 160 36
108 161 46
71 162 5
47 163 30
134 164 17
135 165 38
145 166 19
134 167 4
108 168 16
81 169 56
93 170 34
107 171 57
156 172 39
141 173 22
165 174 52
1 175 45
106 176 37
46 177 45
50 178 21
163 179 3
72 180 39
165 181 7
156 182 3
123 183 3
41 184 28
3 185 59
38 186 44
9 187 25
83 188 7
59 189 16
178 190 59
58 191 53
94 192 10
152 193 5
152 194 43
13 195 58
9 196 50
54 197 51
29 198 41
61 199 57
191 196 35
74 118 38
57 98 48
89 189 0
68 95 0
25 170 0
112 119 46
160 177 60
1 30 2
109 167 36
129 129 36
159 199 21
105 181 25
184 197 60
31 128 6
196 197 24
43 165 40
166 194 55
35 97 17
121 192 53
18 104 6
144 159 15
175 183 53
91 185 42
70 187 55
78 170 58
189 189 6
148 149 12
117 172 10
94 174 43
26 194 50
20 38 29
79 177 14
166 190 30
126 151 37
117 138 1
10 106 11
26 129 13
194 199 58
91 98 51
36 141 50
171 172 6
6 118 2
110 159 47
118 179 54
169 187 57
79 166 38
17 158 14
61 151 31
161 194 22
92 177 18
44 94 18
81 117 36
149 159 53
51 61 19
75 188 36
195 197 4
110 122 56
196 198 44
144 163 7
79 168 12
172 190 7
163 186 21
106 179 29
168 170 17
35 53 20
189 191 42
133 183 36
146 150 55
197 199 25
154 156 41
113 199 40
130 170 23
123 148 36
69 131 55
170 180 21
167 196 25
177 197 34
188 197 0
125 168 12
158 183 30
127 148 12
56 192 22
107 174 60
28 185 23
5 126 35
15 175 19
75 118 21
25 152 18
161 184 58
50 135 58
9 36 22
170 193 11
59 91 50
83 165 21
30 38 5
52 90 50
87 122 11
95 114 39
133 170 36
178 184 45
70 179 28
23 148 44
67 127 13
148 196 4
80 175 53
34 151 40
113 150 20
88 100 51
2 116 15
46 160 59
113 116 45
135 163 52
161 163 59
113 155 28
129 145 42
53 145 16
135 148 31
152 168 34
159 189 8
97 162 59
57 87 15
99 137 37
20 132 3
15 153 60
183 184 27
17 108 47
61 183 54
164 167 38
23 161 25
19 155 50
160 165 44
198 199 60
133 155 9
107 168 20
198 198 13
48 147 26
12 49 18
187 196 34
108 145 16
0 193 17
146 147 48
117 139 1
26 116 59
153 183 21
67 193 27
35 135 38
51 153 30
152 161 6
62 161 17
191 193 9
35 148 5
175 181 56
77 160 25
56 175 35
123 180 17
138 140 28
73 134 36
83 99 30
176 196 24
193 198 32
144 162 24
102 190 33
2 164 60
2 185 38
177 178 49
75 79 34
186 196 25
101 176 25
46 64 3
49 111 28
65 68 34
166 195 50
96 98 44
40 52 38
60 106 43
7 36 44
88 180 41
140 145 20
192 197 46
71 80 13
114 156 59
177 199 60
128 172 43
36 174 16
67 111 40
21 38 8
187 193 28
129 177 5
98 174 13
67 165 54
40 67 47
180 197 30
179 198 48
66 149 39
173 186 36
128 128 31
122 134 35
79 83 28
105 117 20
121 166 25
161 180 14
142 168 8
179 188 28
139 151 25
102 139 17
153 180 60
93 110 6
131 182 22
178 195 10
107 154 14
53 80 14
20 60 24
140 179 3
70 107 39
62 151 51
32 139 57
29 110 10
5 156 60
121 178 3
195 195 56
45 49 0
34 161 59
140 146 10
147 177 36
33 178 43
44 144 9
23 116 26
182 194 39
135 171 18
95 139 33
96 156 25
159 196 25
41 97 40
12 90 60
108 141 17
80 191 6
99 199 47
58 92 56
38 132 33
70 148 42
145 199 28
61 194 24
154 154 58
60 119 47
173 199 54
89 188 16
36 171 42
83 138 5
31 103 29
195 199 31
105 118 20
4 192 38
84 125 35
111 185 38
85 175 10
84 171 6
170 194 18
41 80 49
192 194 22
38 181 10
28 52 29
9 165 41
92 140 29
2 38 25
34 37 42
46 124 8
22 175 27
100 189 55
42 79 9
37 158 11
55 175 33
64 169 3
54 193 49
8 57 19
39 190 49
194 196 21
52 156 35
133 194 49
42 92 3
30 112 52
56 81 30
95 170 20
104 106 2
133 162 20
168 185 28
77 187 50
178 185 12
12 109 6
179 182 27
121 176 22
30 46 4
168 174 51
90 173 52
79 161 10
124 147 6
102 157 9
101 101 23
99 163 10
18 174 49
154 176 44
1 181 60
93 143 24
4 56 19
57 165 17
187 191 52
104 104 51
129 171 3
109 169 13
181 197 26
38 170 37
182 187 6
60 154 46
190 197 33
132 169 12
13 103 49
93 139 50
93 141 8
47 77 55
118 171 18
163 199 60
126 168 15
114 119 41
20 171 12
25 127 46
68 161 35
120 185 48
33 43 17
18 125 12
46 122 41
134 191 48
81 153 20
44 136 1
30 56 49
175 186 51
142 167 25
73 83 23
147 150 4
154 165 60
104 128 16
124 195 4
188 194 53
112 130 15
11 95 16
184 184 57
90 179 24
111 188 30
46 132 45
144 156 37
58 80 8
148 160 51
126 149 25
72 142 55
111 156 52
119 138 34
139 155 44
30 162 10
131 147 38
107 182 37
153 194 8
80 145 42
6 38 11
190 195 50
165 185 33
19 137 15
5 189 39
129 137 22
99 158 4
40 109 14
35 89 27
137 159 39
149 157 9
99 184 49
157 163 8
115 133 13
25 188 11
94 150 53
143 174 21
170 199 49
124 180 18
18 179 60
55 174 40
143 153 10
156 195 3
119 166 21
16 152 46
191 191 13
93 169 47
44 186 41
172 186 24
75 111 45
187 188 42
87 159 53
140 199 16
6 10 23
20 32 36
99 196 0
102 126 47
13 180 16
104 115 42
187 187 49
95 191 32
159 165 54
112 170 17
125 169 15
136 180 48
170 175 60
164 174 43
147 166 16
54 188 59
117 137 12
24 27 18
131 186 11
51 144 54
46 198 56
92 136 22
29 33 21
193 194 5
67 174 54
39 187 18
69 97 60
5 138 22
100 150 54
164 196 4
1 189 57
66 93 16
188 189 7
99 188 15
12 120 47
113 183 60
83 127 15
138 142 55
21 187 26
155 190 0
0 68 57
121 173 50
10 72 14
130 169 43
195 198 40
47 100 21
131 169 25
110 126 9
63 112 19
97 142 0
144 183 11
92 141 16
126 164 39
156 184 13
103 190 22
3 161 16
179 181 56
96 188 32
102 166 36
180 182 21
76 199 6
0 168 22
27 83 42
127 144 23
125 184 12
102 191 26
149 182 14
12 63 50
45 59 47
42 142 54
23 187 40
156 196 14
62 94 45
180 198 20
24 181 40
159 164 34
185 195 1
62 155 59
151 160 19
39 172 24
35 38 5
164 188 33
197 197 32
105 113 15
165 166 52
123 126 12
13 87 19
1 139 20
77 131 33
176 198 16
68 116 34
14 77 42
5 164 59
115 164 10
1 26 52
129 143 35
92 121 39
18 144 0
13 44 56
121 127 59
50 54 22
173 191 21
100 178 21
11 94 53
183 195 3
31 146 7
145 176 0
10 192 1
151 180 54
1 65 27
36 114 34
78 95 26
136 168 53
99 161 28
45 80 58
118 121 31
147 180 60
106 152 6
157 171 42
8 189 37
70 72 48
185 198 28
59 107 51
53 86 52
119 183 19
185 187 0
20 99 32
149 189 48
196 196 38
44 106 55
91 157 6
154 186 30
94 197 27
176 182 8
53 138 50
100 121 48
33 86 2
64 130 2
161 162 38
162 174 8
98 164 48
11 195 47
41 131 42
182 183 8
75 186 18
124 165 0
71 139 11
171 194 10
45 148 1
159 160 15
76 197 7
45 92 10
150 157 51
168 190 57
115 196 38
183 192 27
65 95 35
119 137 16
82 93 7
50 113 8
70 114 12
50 183 39
46 73 23
83 84 47
185 188 0
45 133 11
134 176 54
162 175 7
135 188 4
81 88 13
21 92 57
76 112 41
98 128 5
174 185 59
38 135 45
138 189 2
127 168 44
62 87 29
13 85 54
134 188 41
193 196 43
144 168 57
191 195 37
102 182 27
9 71 16
120 135 51
53 146 23
147 176 36
152 158 49
163 163 31
108 109 18
99 141 15
159 168 22
20 74 45
13 141 26
60 60 55
44 121 58
54 142 9
138 161 12
37 72 9
9 81 19
93 188 36
129 158 33
70 128 51
114 191 24
149 175 27
9 96 50
116 117 53
46 89 14
38 120 25
186 197 58
133 184 4
90 129 7
80 87 32
164 193 27
53 169 60
186 198 41
192 192 39
15 92 38
107 167 41
1 162 44
97 109 16
138 165 45
78 86 28
8 182 13
109 182 20
123 162 39
107 190 60
70 188 58
2 145 22
46 192 49
73 96 24
178 198 14
169 199 36
34 101 38
186 187 9
71 83 11
130 151 20
98 158 47
99 135 2
133 150 35
10 104 22
45 188 16
47 173 27
58 169 46
11 145 43
10 197 35
41 151 37
46 133 52
118 160 34
42 104 1
2 142 57
118 155 2
142 157 47
102 136 37
172 174 36
132 157 31
51 81 7
58 103 43
35 129 34
68 90 31
5 41 55
114 184 8
130 199 3
43 114 45
47 128 12
62 119 28
150 195 56
154 166 14
47 104 37
25 74 27
26 111 13
93 185 17
80 165 49
152 170 4
20 63 16
112 199 21
131 161 11
103 193 12
12 174 49
34 98 20
190 192 11
174 190 18
28 120 21
57 69 59
30 165 9
60 68 34
38 86 17
35 111 56
12 153 7
19 199 50
184 199 1
100 105 51
174 197 16
160 196 7
114 158 49
113 113 38
60 190 30
38 166 48
87 170 35
93 119 16
60 184 50
19 108 26
159 161 29
85 161 22
7 153 4
6 183 28
16 132 50
24 197 60
27 183 22
39 113 21
52 102 56
147 152 44
45 55 27
145 183 4
8 43 39
119 162 12
73 86 13
120 166 32
29 116 41
0 133 27
15 23 43
90 120 58
67 191 34
153 159 44
144 155 15
187 198 48
115 149 43
71 73 5
155 194 1
67 71 23
125 149 17
186 190 3
138 181 32
32 32 36
33 102 15
157 183 54
115 155 5
123 196 29
78 138 46
27 167 3
72 152 45
130 155 44
22 93 50
167 178 53
51 86 23
132 189 40
94 141 26
68 71 30
186 189 35
150 174 36
157 174 14
49 69 57
24 147 27
184 187 5
128 192 56
66 157 1
64 187 57
0 5 51
122 186 5
69 137 50
151 189 47
68 171 47
49 56 38
70 132 52
79 100 53
12 121 3
135 193 14
180 190 44
117 162 3
53 90 4
108 123 15
94 162 7
64 136 58
43 178 26
152 164 18
96 160 9
48 49 22
114 126 18
26 180 10
164 186 49
144 152 47
186 192 21
11 189 50
150 197 31
80 177 32
104 162 59
146 180 3
100 190 16
197 198 40
89 182 59
106 130 23
142 149 59
21 23 57
82 145 41
69 145 15
133 190 37
111 125 46
151 197 4
170 178 11
76 113 17
109 140 47
37 130 50
166 199 60
158 187 51
185 196 51
117 174 41
