300 1500
161
102
141
100
196
115
140
184
115
173
119
193
185
119
182
163
112
139
104
175
116
133
195
125
162
180
131
186
156
149
196
171
161
143
129
171
107
152
189
159
199
113
141
151
155
154
160
165
199
179
141
132
113
162
162
106
177
135
106
158
108
176
101
190
128
116
138
141
135
149
100
142
123
104
181
195
163
159
161
148
168
158
189
100
142
144
149
188
196
136
161
112
119
193
170
188
157
162
162
165
149
154
160
140
143
174
121
119
133
152
153
120
141
185
196
153
179
103
118
197
183
154
138
194
110
123
133
101
177
104
105
100
128
183
196
109
140
187
191
163
111
137
124
127
134
134
189
114
191
188
165
194
153
165
145
174
163
165
193
124
102
191
143
114
159
110
151
102
196
158
181
178
152
139
142
103
113
157
108
136
105
122
108
144
143
161
109
116
145
168
165
163
116
150
157
188
102
186
176
164
157
184
193
146
119
105
136
133
126
148
138
190
147
108
192
194
152
139
145
140
131
143
159
137
135
129
175
174
176
135
148
117
169
127
106
119
145
193
145
194
123
171
107
146
152
167
140
151
181
113
171
118
178
113
164
135
128
164
104
181
149
175
118
130
151
195
161
109
144
133
132
153
160
165
153
121
109
161
192
165
168
171
185
120
146
115
161
168
163
160
104
195
123
123
200
190
104
150
115
129
0 1 56
0 2 49
2 3 20
0 4 53
1 5 5
2 6 52
5 7 2
4 8 6
6 9 44
3 10 21
9 11 22
5 12 42
6 13 28
7 14 9
5 15 12
6 16 34
2 17 13
8 18 30
11 19 49
9 20 50
7 21 23
8 22 58
14 23 25
5 24 30
19 25 21
10 26 55
22 27 32
16 28 54
14 29 10
11 30 36
10 31 9
8 32 30
25 33 46
1 34 43
3 35 46
35 36 60
12 37 54
21 38 20
27 39 29
9 40 55
6 41 19
23 42 37
32 43 43
41 44 3
9 45 24
38 46 5
28 47 19
4 48 30
34 49 17
35 50 15
29 51 2
21 52 51
51 53 8
49 54 8
18 55 18
43 56 38
35 57 4
16 58 6
12 59 15
25 60 11
14 61 45
8 62 52
21 63 43
47 64 0
44 65 58
10 66 5
31 67 27
4 68 14
36 69 35
58 70 36
0 71 3
24 72 58
55 73 21
53 74 10
18 75 44
47 76 24
52 77 51
76 78 24
1 79 47
73 80 48
15 81 34
49 82 44
40 83 16
1 84 7
54 85 52
32 86 28
82 87 23
75 88 15
36 89 51
66 90 19
47 91 38
56 92 10
57 93 25
30 94 59
74 95 54
40 96 43
39 97 50
86 98 36
72 99 7
69 100 43
48 101 8
16 102 19
26 103 25
5 104 58
65 105 39
88 106 5
106 107 8
78 108 49
55 109 14
68 110 57
3 111 15
102 112 52
80 113 24
56 114 35
79 115 3
19 116 39
71 117 19
115 118 50
84 119 53
43 120 41
91 121 52
102 122 23
41 123 44
1 124 13
1 125 12
9 126 51
88 127 13
30 128 41
64 129 37
108 130 46
119 131 41
16 132 54
22 133 36
85 134 49
114 135 42
74 136 13
53 137 14
122 138 29
2 139 43
51 140 1
115 141 36
86 142 23
110 143 49
95 144 48
51 145 22
30 146 58
92 147 59
90 148 39
61 149 37
23 150 48
75 151 26
48 152 22
109 153 17
84 154 44
126 155 47
87 156 32
4 157 31
69 158 26
56 159 35
129 160 14
76 161 46
51 162 51
63 163 4
7 164 40
33 165 20
111 166 59
106 167 42
23 168 41
61 169 10
48 170 55
120 171 59
133 172 48
159 173 49
151 174 18
51 175 4
111 176 13
87 177 23
87 178 2
114 179 41
14 180 13
7 181 38
85 182 0
92 183 54
75 184 54
60 185 0
115 186 58
128 187 19
145 188 33
111 189 18
150 190 20
47 191 37
102 192 57
56 193 57
162 194 13
147 195 2
55 196 55
121 197 55
4 198 48
141 199 47
109 200 50
69 201 39
12 202 16
49 203 55
38 204 10
36 205 21
181 206 14
69 207 3
163 208 40
20 209 34
171 210 39
95 211 37
76 212 33
212 213 13
75 214 0
8 215 19
106 216 45
69 217 18
87 218 50
84 219 12
39 220 56
195 221 48
102 222 59
27 223 54
68 224 49
36 225 53
59 226 29
110 227 52
148 228 46
41 229 26
205 230 34
98 231 35
54 232 46
3 233 6
4 234 50
9 235 18
117 236 25
109 237 14
100 238 49
176 239 43
48 240 20
11 241 48
29 242 19
120 243 58
72 244 48
95 245 60
9 246 22
191 247 0
96 248 56
84 249 53
15 250 31
80 251 30
45 252 16
129 253 16
182 254 53
65 255 24
58 256 1
209 257 47
57 258 6
246 259 4
158 260 60
116 261 24
159 262 19
76 263 13
239 264 3
195 265 47
89 266 31
2 267 59
93 268 20
129 269 8
265 270 51
269 271 0
189 272 20
108 273 36
116 274 38
58 275 38
70 276 47
11 277 6
37 278 11
132 279 39
99 280 35
276 281 55
249 282 31
186 283 4
265 284 39
105 285 3
267 286 1
215 287 12
234 288 21
157 289 37
35 290 37
285 291 9
261 292 55
241 293 19
126 294 49
192 295 33
208 296 57
145 297 24
83 298 56
277 299 16
91 152 22
18 222 3
138 166 38
110 279 40
77 297 8
285 298 57
49 202 23
143 295 2
192 235 20
124 299 1
51 61 18
144 147 11
272 279 6
103 216 19
172 245 10
13 88 49
270 290 50
15 185 2
163 181 7
109 280 60
36 297 29
154 194 41
17 260 58
34 46 37
50 259 33
156 238 12
13 195 52
145 166 27
43 85 10
271 277 55
288 294 52
129 211 44
262 291 37
8 77 11
245 262 2
202 280 26
53 175 58
112 278 44
19 266 30
156 234 46
24 192 50
96 120 2
35 208 5
237 249 27
80 203 40
277 284 42
174 238 13
75 131 44
17 263 17
211 219 5
227 299 43
193 294 47
10 93 26
48 263 9
92 102 40
28 42 60
119 191 47
255 269 35
252 276 25
286 291 15
59 286 46
92 269 24
159 181 46
177 182 27
167 271 41
50 180 6
89 250 35
226 255 26
178 216 6
128 190 9
297 299 45
101 135 17
60 201 27
87 170 25
173 228 57
287 289 40
67 157 41
63 251 30
122 147 42
163 277 50
227 282 51
181 228 22
0 101 59
190 292 7
1 40 56
273 296 37
102 279 37
26 125 0
209 253 27
267 298 25
142 194 33
173 293 5
237 264 27
133 249 1
54 108 11
209 251 17
3 278 57
139 146 23
238 283 60
190 261 32
100 147 52
33 146 5
2 235 38
227 292 39
37 48 40
72 136 59
176 179 14
288 296 58
138 203 19
264 281 23
47 234 53
26 262 23
224 251 40
88 191 48
254 289 15
125 267 42
288 289 22
239 293 26
29 281 35
24 187 6
152 207 45
137 179 31
272 290 29
113 243 36
137 277 47
135 258 60
268 284 32
274 294 45
245 292 1
108 289 54
63 127 55
119 257 1
7 49 54
185 217 4
93 179 20
83 239 45
211 245 7
12 98 47
193 274 43
80 201 35
73 242 6
1 198 59
157 255 24
153 294 24
235 295 46
224 237 50
252 265 16
248 279 57
103 232 12
208 272 28
86 130 1
219 275 7
34 176 7
116 147 36
270 273 47
276 295 46
129 137 36
15 186 20
215 291 55
226 274 33
212 269 28
139 243 18
34 92 9
132 233 33
195 276 13
74 254 27
107 282 28
78 276 11
137 137 52
100 193 16
233 256 56
130 299 17
136 230 3
154 276 55
272 282 31
262 292 2
158 276 1
211 276 19
92 184 31
297 297 13
244 259 23
104 136 44
243 271 7
252 274 42
232 259 53
144 235 8
254 290 38
269 292 55
243 254 7
206 264 60
245 268 53
228 288 50
36 259 55
11 105 53
233 248 32
148 238 44
222 291 11
59 127 6
246 294 3
250 261 9
279 295 6
261 279 16
106 172 53
178 295 52
258 286 4
203 230 15
169 187 38
64 83 54
156 255 22
7 287 38
215 288 52
257 258 45
28 229 38
104 165 54
275 280 52
147 235 48
115 249 47
21 25 41
261 294 3
42 250 5
266 294 48
19 45 60
95 102 17
122 181 56
169 293 21
203 214 56
44 177 35
179 266 57
119 289 31
193 261 21
54 283 33
27 163 7
264 280 21
77 84 26
138 144 56
76 237 14
194 277 40
56 162 46
66 288 25
183 235 58
228 265 35
290 290 30
212 290 19
264 267 13
139 292 54
296 298 20
297 298 57
281 290 58
115 162 33
228 279 54
257 299 23
88 224 50
47 129 24
236 243 23
191 249 59
275 275 33
276 289 51
59 250 13
93 107 31
72 273 47
119 237 15
54 280 20
151 265 53
41 149 2
240 274 40
121 260 19
155 259 7
6 108 30
254 269 46
214 281 49
145 160 16
289 289 49
262 283 47
49 64 2
204 264 50
257 294 32
247 254 32
233 238 6
61 148 43
46 218 55
202 260 53
62 167 39
135 269 33
242 290 55
176 259 54
77 90 23
28 98 19
143 205 53
201 215 27
75 172 39
220 250 45
172 253 17
40 268 2
31 297 9
89 289 37
17 120 26
36 172 57
54 229 11
271 291 30
250 252 29
105 205 29
138 252 16
238 260 57
170 201 44
210 270 7
228 249 57
37 279 54
211 293 15
75 100 35
266 284 20
130 135 32
135 153 45
49 259 58
248 257 25
29 99 21
142 144 53
49 196 50
80 179 18
79 292 5
21 152 46
7 84 53
120 170 56
18 122 26
82 295 6
22 102 0
106 238 19
189 223 55
102 259 15
128 200 39
117 269 20
196 285 38
249 258 43
85 222 49
49 176 11
183 217 45
90 161 1
177 272 60
96 185 25
13 152 18
5 183 20
90 163 41
78 225 9
162 163 0
95 177 32
142 222 48
6 244 31
158 241 13
173 218 27
46 89 46
180 287 45
139 162 0
284 288 40
246 273 32
291 292 55
100 249 47
22 198 47
234 240 38
263 282 17
92 259 4
4 184 26
127 283 41
84 95 57
228 278 59
67 146 27
222 233 19
75 189 28
141 285 38
123 156 20
57 250 29
135 250 16
1 264 35
128 275 37
284 287 50
245 253 24
136 234 21
43 216 50
37 118 5
19 69 3
53 218 18
18 41 24
7 258 53
84 194 37
287 299 38
163 178 16
9 128 49
228 243 22
206 223 24
283 298 19
135 265 44
283 290 36
81 178 51
104 135 55
219 220 39
62 100 59
142 211 6
248 282 33
92 149 22
114 220 37
155 250 5
197 288 41
175 286 18
66 141 34
204 214 60
103 194 50
212 257 51
163 222 21
130 236 21
32 255 14
253 268 18
104 254 20
119 182 36
198 288 40
107 251 55
177 178 50
85 149 48
56 154 40
185 294 54
125 284 44
24 121 19
32 283 10
72 110 33
146 229 34
56 98 26
49 140 34
259 286 12
243 253 30
140 257 25
121 216 60
39 62 24
248 280 26
278 282 54
131 238 48
68 116 27
85 181 16
223 248 32
198 286 11
237 289 21
143 183 59
25 85 9
50 283 7
246 278 50
183 259 40
295 298 33
74 206 15
280 298 17
165 235 43
161 171 56
95 236 16
230 269 52
65 263 2
35 275 19
239 256 32
264 299 31
98 195 35
68 230 51
52 95 33
56 277 56
228 272 21
198 278 41
44 130 51
113 274 56
204 259 5
166 296 32
158 267 37
139 262 44
1 6 37
190 267 7
155 270 8
157 270 24
165 168 38
48 226 46
90 172 8
112 213 3
264 297 38
130 228 1
31 261 29
78 156 55
76 262 59
113 196 27
69 285 48
201 257 8
88 102 16
22 107 17
260 293 2
73 251 3
23 35 17
222 265 18
179 200 47
31 167 49
17 240 9
201 225 28
259 295 18
128 225 46
242 273 20
213 234 2
289 290 6
10 194 23
188 270 9
229 298 7
86 285 34
80 208 12
181 275 8
281 283 22
270 288 59
298 298 51
201 206 21
187 266 26
172 173 29
291 295 0
106 294 11
207 243 15
155 197 42
199 238 57
285 287 23
271 274 54
285 296 27
92 139 57
213 244 51
26 45 10
250 283 54
170 184 31
116 227 19
63 67 54
185 219 30
207 220 48
282 290 14
99 184 24
213 276 23
215 275 26
92 246 30
31 86 59
89 157 7
273 281 29
298 299 24
282 288 29
165 256 14
260 263 1
23 225 32
76 141 27
95 194 3
50 72 51
198 277 54
60 240 36
67 158 48
71 123 54
20 208 58
182 239 6
94 270 48
189 225 31
32 252 53
155 198 60
198 287 14
83 157 53
224 243 45
177 264 56
197 255 13
279 296 8
165 253 34
47 124 17
73 105 20
133 237 33
19 211 21
241 247 34
27 64 46
13 45 29
203 237 27
61 118 40
291 298 59
32 135 52
264 289 8
40 230 1
38 274 16
31 161 12
98 221 30
15 283 45
201 266 48
275 281 25
37 76 5
171 213 5
208 284 26
294 294 17
179 259 49
232 287 14
71 247 50
204 210 31
105 154 7
223 256 20
211 249 7
184 259 38
54 110 43
233 270 53
183 274 55
182 236 1
121 124 56
139 271 23
292 295 19
163 250 55
236 269 2
49 211 26
274 277 31
244 297 12
99 103 18
205 207 8
79 296 39
239 253 10
82 142 28
244 263 0
173 297 2
141 296 27
55 136 48
175 194 31
33 234 36
199 213 38
146 280 37
72 274 0
146 225 6
193 216 3
34 104 1
22 67 41
129 215 25
198 255 53
193 271 25
155 242 4
240 255 20
67 279 58
80 189 9
28 34 50
191 271 13
146 287 29
235 242 21
73 118 34
91 104 25
247 273 39
189 222 10
238 268 11
7 10 57
291 296 60
63 130 12
40 227 52
20 248 29
69 293 37
110 189 49
39 112 6
197 238 48
55 193 38
206 222 36
2 67 36
152 197 41
47 139 47
12 87 27
148 244 43
46 174 59
3 33 60
109 261 27
62 122 32
282 294 19
230 252 21
27 240 31
236 250 47
131 182 46
9 209 41
60 177 39
51 67 30
137 222 50
62 65 19
152 154 48
11 191 2
170 211 23
261 295 52
159 172 48
234 235 2
6 291 2
257 277 39
131 279 47
204 204 33
53 69 32
133 281 39
216 240 39
49 280 24
232 263 29
167 283 40
35 56 39
72 270 8
173 247 31
25 254 28
225 266 36
172 284 20
228 233 1
156 286 5
0 128 53
190 202 52
23 266 37
218 265 6
266 266 44
23 232 12
242 281 37
142 197 38
208 282 1
30 200 39
180 186 39
187 194 26
125 130 39
99 238 22
224 241 51
137 214 14
127 258 60
130 251 39
204 266 60
18 234 38
282 283 7
225 256 26
11 192 35
149 237 59
214 242 26
155 254 52
288 299 6
80 149 50
220 225 60
230 271 3
46 101 1
141 228 6
102 184 59
124 197 43
240 247 58
176 202 20
193 205 26
113 241 42
92 121 20
13 93 23
106 132 32
194 230 48
100 279 10
156 195 34
243 248 45
145 169 16
36 267 41
35 125 15
218 220 56
186 230 25
86 101 50
240 282 5
205 221 15
27 265 56
271 297 17
113 234 19
286 297 39
105 165 58
232 234 59
197 227 29
211 289 32
238 273 20
251 285 20
210 248 40
17 185 5
245 296 59
144 226 41
200 216 37
0 117 24
13 255 33
230 297 38
122 190 46
134 254 6
42 54 44
121 240 4
149 279 9
296 296 49
41 64 24
212 277 36
167 281 12
267 293 37
46 64 28
99 218 45
162 222 54
252 269 29
114 272 17
17 207 38
95 278 5
43 247 27
101 210 59
195 202 53
20 217 56
103 211 10
34 129 29
103 176 42
255 289 3
271 286 36
6 295 50
182 198 7
230 280 49
51 114 10
239 296 51
11 274 55
107 153 40
174 209 27
134 230 0
188 266 8
204 239 4
77 132 22
122 215 48
135 187 58
125 278 20
80 117 11
227 230 8
172 272 6
75 102 45
20 201 58
162 269 34
94 199 51
281 285 7
177 253 40
205 293 6
75 94 27
99 113 28
236 237 1
194 283 40
212 214 39
41 247 58
80 246 32
5 43 21
141 282 26
183 240 58
88 98 57
105 171 57
76 229 34
78 99 33
253 295 52
198 232 48
190 224 50
207 260 1
250 262 51
77 206 27
219 242 51
125 229 4
82 221 56
286 287 50
88 118 23
161 252 17
74 128 24
167 186 46
202 287 14
251 278 33
113 161 8
44 122 26
157 203 53
70 238 37
51 71 43
211 281 11
44 259 0
10 56 14
211 225 7
121 188 8
29 30 2
210 236 60
152 209 11
287 298 42
182 229 48
196 248 29
127 176 18
239 291 16
270 279 60
160 209 6
151 235 31
41 86 41
199 227 0
208 295 22
244 273 8
212 242 23
160 163 57
15 70 59
75 235 43
246 293 56
50 223 23
25 218 30
143 159 12
250 286 15
152 296 3
28 68 56
117 263 45
180 216 59
98 190 14
81 128 13
188 278 43
172 206 20
61 120 25
30 95 4
43 62 3
148 224 44
163 254 60
273 282 7
255 257 53
46 135 15
218 250 44
125 225 51
257 293 29
75 212 30
111 263 28
253 283 7
181 255 51
141 158 16
290 293 37
41 115 40
150 272 45
8 187 60
265 294 15
136 177 41
100 185 6
8 286 42
117 278 12
192 253 30
251 259 60
247 271 23
255 280 15
9 295 51
33 149 19
186 264 19
1 173 30
173 222 0
127 280 21
114 137 51
89 187 8
196 245 9
57 281 46
22 280 28
188 226 41
52 171 58
18 169 57
199 293 22
193 257 34
109 211 0
226 228 42
157 267 37
82 119 21
85 211 18
217 254 18
123 265 18
59 78 14
224 249 12
6 144 7
181 269 55
43 243 12
199 268 41
283 284 53
4 118 46
192 246 25
162 234 0
276 285 7
106 161 8
9 267 33
16 275 33
198 289 43
188 199 34
129 148 56
19 173 52
39 257 42
134 235 21
281 282 5
134 286 17
187 274 42
39 277 19
184 236 2
259 288 38
68 274 7
279 298 46
14 264 18
268 272 43
88 250 5
30 39 45
22 290 10
192 229 56
15 91 47
238 255 43
173 290 8
127 255 17
289 298 10
22 30 12
294 295 25
89 203 52
7 206 30
61 106 12
208 270 8
208 263 23
145 211 10
139 216 5
69 204 26
197 202 16
193 252 33
49 75 43
213 275 22
183 254 26
259 268 44
175 197 22
10 65 56
167 208 44
89 179 7
12 224 18
80 294 14
65 212 1
265 268 45
72 266 54
11 72 33
268 294 17
217 268 29
47 121 23
190 283 41
108 111 28
175 192 20
206 271 11
101 254 11
64 249 51
104 104 14
133 267 46
291 291 45
1 116 18
242 272 56
237 297 30
8 166 26
69 109 49
177 239 26
82 195 58
184 297 48
284 298 35
117 183 37
270 289 7
243 281 43
163 291 5
107 109 9
11 21 34
96 207 24
141 209 39
62 218 35
227 238 13
48 257 43
150 232 52
62 129 6
23 154 5
217 272 30
57 213 43
294 297 54
178 224 55
236 259 33
53 217 39
14 76 38
61 71 33
39 92 9
151 231 39
175 207 46
80 137 1
123 233 33
185 289 31
25 43 49
40 67 22
29 262 31
114 176 22
268 271 24
8 81 15
287 297 25
109 190 11
129 179 25
0 62 53
76 192 16
169 285 43
126 297 2
222 257 34
101 172 31
142 263 46
274 292 35
69 163 54
163 256 56
61 196 26
37 133 23
216 275 56
236 296 47
202 240 50
88 114 39
158 188 26
194 288 28
113 269 37
48 279 8
195 266 37
167 279 18
128 231 34
47 180 54
88 260 55
149 281 52
257 262 57
22 163 44
0 42 20
14 151 28
58 123 25
72 162 28
107 253 27
89 261 43
251 284 24
277 292 35
191 289 23
209 216 5
105 143 6
83 212 52
50 287 37
180 184 53
169 189 11
137 267 23
218 233 32
272 299 19
140 141 46
41 270 43
295 297 41
211 288 41
252 290 18
55 184 44
234 286 23
237 275 18
45 217 0
153 250 47
85 260 36
168 190 55
41 276 26
6 250 28
98 212 31
107 210 59
274 276 9
117 150 3
271 273 5
54 106 40
113 152 45
194 194 0
75 80 23
277 298 56
118 155 51
1 100 10
229 263 33
188 191 20
114 150 29
128 205 36
147 298 57
147 234 42
192 206 15
74 164 29
264 295 3
235 244 9
58 94 18
111 205 33
139 263 33
10 221 50
84 268 32
64 104 6
273 294 42
26 121 46
10 212 42
223 282 19
43 292 30
183 202 17
191 235 60
5 279 55
237 268 4
196 247 23
30 171 4
110 233 60
229 283 23
96 115 26
121 173 40
96 163 46
61 208 16
277 286 45
267 289 35
39 147 12
70 167 36
182 203 15
56 158 28
153 180 57
112 167 32
63 154 28
156 219 7
104 258 38
39 213 34
47 265 35
178 213 19
210 278 32
140 153 34
212 276 7
289 299 58
114 245 51
151 245 44
77 212 0
284 299 49
60 273 29
226 245 60
64 163 48
203 229 39
227 229 28
261 282 50
28 290 46
134 203 16
134 273 56
153 242 15
73 239 11
169 290 19
199 259 16
228 235 15
271 272 40
39 268 16
