260 1300
179
118
190
144
157
140
190
150
150
154
175
181
150
170
143
115
127
146
133
132
177
111
189
193
114
186
145
109
169
193
161
131
148
117
117
193
119
196
145
119
189
140
100
148
163
109
198
146
131
121
137
175
178
100
130
156
182
115
174
115
146
181
130
144
101
157
183
194
184
115
103
147
175
118
143
129
196
127
166
118
174
183
103
131
170
143
158
192
168
102
100
181
147
125
135
131
102
162
198
108
192
179
125
142
193
127
164
188
180
189
186
138
162
155
120
103
116
101
124
129
193
127
187
120
198
108
131
198
165
159
166
112
110
170
197
146
186
157
160
181
114
113
169
171
126
150
171
161
113
197
165
198
194
125
109
119
136
131
104
133
160
154
112
186
167
131
161
134
131
112
135
121
112
143
169
100
147
159
157
156
174
196
155
147
140
128
175
168
168
153
144
175
146
116
191
180
181
178
107
173
200
103
141
106
163
157
196
119
163
115
177
145
198
131
183
125
112
118
163
106
170
165
177
179
180
190
161
105
107
147
108
153
136
185
132
182
196
129
133
112
195
109
159
117
150
195
144
102
111
185
172
156
100
169
149
151
149
101
104
177
0 1 10
1 2 20
1 3 54
1 4 13
0 5 39
1 6 21
5 7 30
5 8 6
0 9 24
2 10 39
8 11 2
11 12 42
2 13 33
4 14 21
9 15 56
6 16 29
9 17 29
16 18 44
1 19 10
2 20 44
6 21 26
1 22 28
3 23 49
10 24 29
19 25 57
12 26 13
26 27 28
11 28 49
10 29 5
16 30 22
30 31 42
14 32 33
10 33 10
24 34 45
34 35 45
6 36 57
14 37 19
14 38 51
6 39 37
9 40 46
13 41 5
41 42 16
38 43 57
15 44 32
35 45 43
22 46 53
13 47 42
12 48 46
24 49 14
17 50 9
26 51 1
26 52 29
31 53 32
52 54 0
46 55 19
24 56 9
26 57 46
48 58 12
2 59 16
45 60 53
26 61 10
17 62 20
43 63 60
34 64 29
39 65 26
54 66 13
66 67 34
10 68 29
45 69 50
49 70 10
44 71 39
52 72 51
45 73 38
39 74 1
65 75 11
45 76 41
4 77 27
67 78 28
39 79 41
42 80 34
52 81 44
68 82 45
51 83 38
9 84 37
3 85 35
49 86 39
65 87 57
28 88 57
33 89 43
83 90 24
5 91 44
81 92 46
66 93 1
75 94 50
30 95 41
34 96 48
58 97 20
6 98 39
45 99 50
51 100 11
29 101 34
51 102 39
8 103 23
15 104 25
61 105 27
2 106 56
82 107 3
29 108 54
21 109 41
9 110 26
96 111 40
92 112 40
50 113 40
73 114 37
24 115 19
37 116 37
97 117 11
75 118 39
115 119 20
46 120 27
84 121 50
33 122 16
34 123 45
60 124 51
76 125 11
84 126 35
72 127 56
11 128 6
70 129 41
19 130 47
118 131 32
34 132 4
104 133 12
64 134 37
81 135 8
77 136 39
81 137 33
104 138 53
105 139 22
72 140 29
79 141 17
65 142 31
90 143 50
143 144 17
53 145 5
85 146 21
60 147 54
55 148 42
23 149 60
111 150 23
4 151 35
106 152 40
66 153 33
48 154 3
88 155 18
31 156 0
78 157 58
136 158 24
122 159 36
102 160 20
35 161 45
153 162 22
125 163 15
156 164 48
148 165 55
39 166 37
154 167 35
138 168 58
21 169 54
44 170 23
146 171 3
103 172 28
18 173 21
77 174 45
80 175 31
121 176 47
155 177 52
140 178 55
131 179 37
24 180 29
79 181 17
154 182 16
181 183 33
155 184 58
77 185 9
178 186 26
167 187 15
1 188 7
66 189 59
138 190 25
96 191 32
139 192 2
34 193 2
139 194 7
24 195 1
156 196 58
162 197 39
59 198 51
87 199 41
0 200 3
136 201 31
76 202 35
138 203 15
48 204 0
60 205 9
112 206 2
52 207 18
82 208 47
200 209 9
197 210 14
95 211 1
108 212 9
62 213 35
201 214 45
19 215 5
7 216 25
35 217 56
127 218 26
63 219 31
219 220 39
196 221 7
59 222 27
170 223 36
94 224 54
126 225 43
41 226 9
91 227 47
84 228 44
177 229 51
219 230 29
129 231 4
229 232 3
8 233 33
2 234 59
234 235 6
176 236 51
228 237 32
69 238 11
52 239 35
127 240 1
210 241 38
103 242 34
114 243 57
125 244 25
228 245 37
42 246 39
205 247 20
13 248 40
114 249 46
121 250 10
139 251 2
94 252 43
141 253 38
58 254 15
77 255 40
148 256 54
241 257 25
66 258 22
141 259 47
138 159 49
71 230 52
3 145 31
51 183 50
112 155 17
135 214 4
167 181 26
189 208 15
105 122 30
42 197 27
52 79 16
195 227 48
237 251 10
173 218 55
168 249 38
64 118 4
33 123 11
20 150 55
10 130 6
135 215 20
154 202 55
37 240 38
142 214 44
102 194 24
10 42 6
48 215 16
42 88 7
111 199 32
83 133 31
9 163 37
190 220 46
160 202 26
170 235 34
253 255 25
227 253 56
241 250 9
130 258 24
46 256 51
121 146 29
106 131 9
32 147 54
79 105 22
207 259 35
48 257 47
234 255 35
209 209 41
206 225 27
175 212 47
242 250 40
115 239 31
188 233 2
71 186 8
36 195 53
194 252 56
83 86 10
160 252 49
3 123 7
149 192 31
200 218 42
75 196 22
54 175 4
204 212 18
139 218 46
23 40 0
142 231 29
156 227 11
157 200 59
5 199 51
211 244 28
62 258 18
204 217 19
190 247 57
15 163 2
135 181 35
62 197 27
252 252 31
51 145 23
86 105 41
86 112 37
63 227 41
231 259 19
46 153 2
167 217 10
158 166 49
113 217 46
37 137 21
157 192 26
170 220 42
229 251 11
199 204 50
220 258 17
123 180 60
136 179 7
61 91 36
250 258 4
249 254 30
20 236 29
63 208 16
219 256 24
194 200 10
34 211 24
167 226 22
231 234 42
17 236 22
13 207 32
189 204 18
187 237 15
169 233 6
211 224 24
209 226 44
90 138 19
138 208 21
196 232 14
189 229 45
137 219 27
156 190 59
70 120 0
54 105 51
112 253 29
115 165 35
10 182 6
8 112 13
93 99 36
55 237 56
71 178 33
36 123 23
67 219 18
190 252 8
174 186 29
122 200 38
62 190 34
69 152 40
199 210 40
97 97 48
218 235 35
207 251 30
184 226 5
145 222 39
106 126 9
141 188 2
67 230 15
10 142 36
39 165 60
98 201 36
187 232 43
119 228 19
250 252 53
61 77 41
216 255 12
50 112 58
227 227 51
133 230 3
23 23 3
124 220 60
18 60 30
226 228 16
5 69 35
233 253 18
27 87 18
103 254 47
117 129 32
230 255 53
233 241 6
229 252 12
135 252 28
192 206 19
32 191 5
190 237 4
166 253 44
136 150 11
186 222 28
113 196 30
184 256 54
40 117 11
8 110 22
177 248 56
12 246 49
150 151 18
177 241 13
181 198 5
256 257 9
53 180 15
230 256 46
208 235 26
91 229 3
158 253 18
243 253 12
85 137 57
258 259 10
109 207 39
158 229 9
230 251 36
230 235 57
218 254 40
255 258 7
129 211 30
109 236 24
74 128 15
122 147 20
124 198 47
247 258 22
60 92 24
119 136 30
244 255 16
104 105 29
167 213 5
86 216 27
175 208 39
114 201 3
112 249 59
179 212 37
17 32 7
207 222 47
185 215 41
72 91 39
160 203 32
221 242 53
194 222 28
232 233 9
55 223 27
128 192 24
120 177 58
34 42 50
142 193 2
85 170 42
24 149 59
131 182 37
238 248 58
210 223 31
107 211 7
186 194 17
5 113 26
221 222 12
167 234 40
180 210 37
115 126 13
34 241 37
23 172 17
44 122 20
257 257 21
222 228 8
8 86 13
228 243 3
146 148 9
183 217 17
179 189 23
255 259 52
82 183 32
188 242 46
230 245 50
85 184 12
51 159 23
82 121 4
90 202 32
1 155 23
254 256 38
201 223 16
22 207 42
249 257 7
136 141 14
232 235 54
189 211 38
11 44 4
111 192 8
233 251 58
176 216 56
200 200 12
185 185 28
214 222 5
72 150 43
110 255 4
148 176 2
238 258 20
172 244 0
177 192 28
119 128 46
18 94 1
111 258 43
186 196 46
140 187 54
129 182 21
36 82 24
216 228 23
213 245 10
75 149 32
247 250 47
188 215 37
58 204 6
99 166 59
108 218 37
252 259 1
122 187 50
37 127 30
26 104 19
122 202 39
256 256 0
117 235 4
250 259 4
85 128 33
18 45 32
193 216 26
66 161 12
202 213 15
113 191 2
15 21 35
14 139 46
24 95 9
4 75 39
3 161 12
252 253 30
136 242 44
78 244 15
210 244 40
228 258 51
10 86 8
186 221 30
110 154 23
188 234 34
219 231 59
104 259 25
11 102 44
224 251 0
237 252 5
8 94 26
76 159 13
64 213 58
209 244 37
86 190 22
139 198 14
55 249 49
98 125 40
203 217 0
119 257 10
156 197 5
124 142 18
22 52 18
123 123 22
138 248 39
119 129 47
55 65 28
161 208 27
87 151 50
58 85 52
87 233 47
47 167 20
154 239 8
95 172 46
59 246 16
249 249 54
98 118 49
255 255 20
107 153 14
194 246 52
139 195 33
48 244 30
173 243 12
168 176 5
161 244 31
70 205 10
151 248 57
182 250 60
226 233 25
148 187 49
81 240 27
166 172 53
36 135 21
21 219 12
79 210 7
187 248 9
80 201 15
170 234 37
190 203 59
67 134 43
191 204 21
109 198 39
24 190 55
84 115 17
130 145 19
17 180 50
111 209 39
84 104 16
59 60 19
219 259 55
38 228 52
130 162 35
245 248 46
242 254 60
156 179 18
190 200 9
84 254 51
86 110 8
215 217 21
8 20 42
221 251 52
34 243 43
26 230 38
70 144 8
234 248 54
104 170 13
59 244 47
91 177 35
49 92 1
92 194 5
243 258 16
142 162 19
29 175 41
84 234 32
150 198 4
215 220 29
253 257 0
84 169 8
220 244 33
69 169 10
127 141 17
131 250 13
72 167 58
166 192 47
176 253 44
132 254 47
249 252 33
198 209 23
12 165 45
6 9 6
3 111 28
195 220 4
199 239 7
53 170 8
145 165 14
194 201 29
180 215 34
27 195 14
171 217 24
144 167 33
119 177 7
231 245 18
188 212 19
129 215 29
32 228 56
183 244 3
185 204 15
148 172 18
66 217 28
30 123 57
63 143 13
184 235 3
21 203 34
26 67 2
13 167 40
217 259 39
245 250 7
169 251 15
142 224 45
112 210 55
84 227 40
113 243 4
155 248 17
17 58 8
201 231 7
102 251 6
106 137 35
8 152 48
4 37 12
210 214 34
243 251 4
188 257 19
221 226 8
99 101 12
69 141 33
225 240 33
235 255 9
199 212 24
101 187 47
195 247 41
112 251 13
78 178 40
160 254 47
188 220 23
167 216 51
139 154 52
82 150 6
195 244 46
157 161 22
100 236 17
254 258 49
26 97 0
3 200 41
213 224 25
146 253 39
125 126 51
57 253 29
195 251 35
224 227 7
141 226 39
158 190 29
101 240 24
234 242 20
199 202 53
238 257 50
76 235 19
15 102 23
143 143 57
179 213 4
253 259 55
138 167 43
171 211 9
103 251 35
5 218 15
236 244 7
181 200 0
131 190 58
256 259 47
26 42 12
11 135 42
105 209 2
168 253 4
57 230 47
93 150 6
212 243 18
185 211 9
234 259 20
146 190 57
15 51 52
97 176 57
239 256 5
185 186 2
189 205 59
122 209 28
221 229 48
114 245 9
224 249 0
0 17 23
71 214 48
84 117 40
247 251 22
60 244 58
212 231 50
91 230 6
24 101 58
38 182 2
13 149 14
49 76 40
78 220 39
110 197 12
163 224 5
229 249 28
238 250 1
257 258 0
35 225 36
8 88 32
112 193 51
150 214 19
184 203 48
257 259 34
84 116 6
0 51 50
117 215 11
236 257 34
161 185 18
74 195 18
26 163 22
204 243 59
123 161 3
92 146 33
146 169 34
226 250 12
159 249 15
89 102 52
234 254 16
25 208 10
152 232 19
4 235 19
22 166 55
100 212 24
107 175 6
145 229 45
216 221 20
14 253 43
109 140 36
80 239 37
246 246 6
42 142 13
205 235 12
173 198 46
89 150 34
121 131 36
177 181 54
49 143 45
179 222 6
226 252 45
74 79 21
90 123 16
105 221 53
86 100 34
168 208 0
56 73 2
26 144 18
225 231 29
258 258 23
115 209 58
160 195 4
249 255 6
94 238 34
220 246 0
236 246 47
247 256 16
51 219 9
252 254 6
176 239 46
205 239 22
216 223 56
61 84 23
180 255 4
107 165 4
196 208 15
18 222 46
176 206 57
240 255 60
131 217 23
124 210 25
236 239 1
83 216 44
27 40 8
7 33 59
187 201 26
237 256 60
63 119 52
80 214 44
233 234 44
124 168 5
10 89 32
44 131 6
152 248 4
187 235 4
202 253 54
74 114 52
145 252 17
236 236 55
217 233 28
190 221 38
190 218 39
45 45 28
159 257 5
213 237 5
23 91 30
97 168 46
207 217 7
29 47 24
203 250 48
186 191 1
102 176 1
1 136 58
221 237 39
39 39 54
15 153 9
77 154 35
114 250 50
202 232 27
198 202 25
26 40 5
16 215 25
117 175 56
108 174 54
99 254 14
74 161 29
255 257 35
53 147 30
74 226 7
88 163 0
5 68 32
167 206 55
119 211 3
193 224 5
62 212 43
29 246 11
1 221 3
184 206 16
53 101 27
130 209 37
107 139 60
165 170 11
202 223 23
70 201 42
60 240 44
187 192 15
156 241 9
27 179 41
20 254 19
244 257 31
238 246 42
12 112 4
44 212 41
133 250 25
180 214 21
144 180 32
85 221 6
104 154 46
206 227 1
132 151 33
18 130 28
240 258 54
58 122 47
59 140 26
36 102 19
219 228 30
48 162 54
95 253 54
37 95 40
231 249 32
234 257 2
231 255 57
178 233 38
32 158 32
6 121 19
96 253 34
39 208 7
154 171 20
183 221 24
60 247 33
105 259 45
150 169 33
56 110 52
43 54 41
159 198 28
18 154 34
245 246 24
212 237 43
63 185 22
176 183 56
113 153 13
222 255 35
7 205 2
202 256 37
108 207 41
244 251 26
123 204 25
156 198 41
251 256 16
137 180 49
118 218 26
131 143 21
80 88 3
72 134 52
38 225 20
194 217 27
256 258 50
112 182 27
161 258 6
249 250 33
153 255 50
197 227 39
123 245 55
185 259 0
50 164 51
157 226 6
18 257 18
143 217 6
80 237 57
1 189 32
79 156 36
185 235 10
66 184 53
146 179 52
95 168 32
170 182 4
140 231 34
61 247 32
42 218 59
208 234 42
174 239 5
4 167 60
179 247 54
108 168 54
27 126 12
8 90 9
237 245 43
234 234 20
228 241 59
11 20 59
161 168 36
196 199 8
98 123 57
15 186 52
97 221 22
1 143 3
99 151 6
89 97 20
129 222 45
184 185 39
104 117 9
239 239 49
6 114 56
221 250 43
3 39 48
106 246 55
220 223 58
68 103 2
25 78 44
8 257 50
245 256 39
231 243 31
1 120 9
118 146 24
232 238 37
55 73 33
77 215 0
224 246 28
119 229 23
128 148 1
108 159 26
190 230 53
63 90 60
216 237 29
4 71 50
147 180 58
242 258 50
107 228 26
121 198 21
152 245 1
245 255 52
19 225 16
246 248 13
108 257 39
34 249 13
206 237 43
234 239 59
8 175 17
166 185 49
167 229 54
88 97 39
34 124 28
4 111 43
46 125 2
97 132 4
89 143 39
57 226 37
164 164 37
201 257 48
131 220 18
2 172 6
71 234 55
65 254 29
74 197 27
139 166 7
89 189 18
11 88 8
242 247 10
54 192 52
227 250 31
193 205 26
173 184 35
54 103 40
148 226 37
121 228 48
102 104 16
208 238 25
54 104 60
73 206 40
134 159 40
139 159 39
239 251 57
83 236 34
220 227 29
231 236 48
93 127 16
198 210 27
125 225 40
105 163 32
205 223 1
118 200 59
26 205 15
63 203 30
217 227 43
183 208 21
210 246 1
38 177 37
195 249 1
204 256 0
70 146 42
202 206 43
17 246 15
235 250 58
50 187 50
174 256 43
153 156 44
194 203 17
209 241 55
45 197 56
219 236 46
78 176 40
149 220 37
47 186 42
26 233 48
49 190 8
84 173 9
240 252 60
250 254 20
149 258 36
157 205 52
248 249 4
104 159 34
127 188 5
148 173 55
179 232 10
2 124 40
165 233 44
36 38 37
78 182 11
225 229 16
68 102 47
187 216 9
187 211 9
1 123 40
221 235 50
22 37 28
208 259 10
158 173 12
93 98 54
139 242 44
204 254 4
165 182 33
10 198 13
67 69 32
39 118 36
29 113 55
240 251 14
84 246 35
56 155 54
59 88 12
232 240 58
165 232 12
83 195 28
222 226 13
231 256 57
119 192 33
163 210 27
47 159 46
119 225 26
96 194 50
38 167 3
5 72 42
175 224 38
225 257 16
104 215 53
186 190 51
216 249 39
74 239 58
191 247 52
48 139 29
7 77 54
105 196 56
12 84 37
56 62 5
177 186 11
93 196 59
181 181 41
170 243 20
233 242 36
58 160 12
16 167 60
16 193 28
199 243 35
248 255 48
173 252 51
57 206 47
205 214 33
109 171 55
15 179 4
38 253 4
5 133 6
153 193 26
60 161 13
12 70 14
44 183 54
126 182 51
157 227 24
43 215 44
10 83 47
19 79 24
179 226 0
220 231 38
19 223 26
255 256 14
202 211 47
136 230 6
53 74 55
184 232 21
95 174 30
55 96 40
152 216 32
237 248 42
88 228 49
111 218 38
67 231 37
21 100 37
3 26 14
49 230 27
117 119 0
225 246 6
123 232 17
235 253 5
173 257 60
116 255 5
34 87 21
71 240 56
70 79 33
151 243 10
61 175 30
100 107 23
73 241 19
191 215 54
146 156 47
21 204 36
193 214 17
107 212 4
48 234 46
210 229 35
208 245 46
140 255 44
48 157 10
103 119 52
130 252 26
132 199 4
176 207 50
196 200 47
40 108 19
105 115 46
98 222 42
21 37 13
129 181 11
186 229 51
23 35 55
171 191 4
2 64 48
36 235 60
8 117 50
59 152 28
10 203 10
118 171 21
6 105 44
18 137 18
194 208 8
