230 1150
144
139
145
132
103
177
164
124
135
177
155
115
145
162
150
199
190
118
178
177
124
171
183
193
105
119
148
168
166
174
142
186
164
175
118
194
172
197
164
147
175
134
116
145
187
136
172
183
166
104
135
117
120
101
182
163
163
105
105
133
161
175
168
165
187
101
122
164
193
175
126
147
194
149
168
120
110
132
160
175
153
127
193
127
109
118
147
194
175
177
146
199
168
166
183
193
121
169
189
136
113
135
106
179
140
115
180
132
110
145
113
136
137
197
151
163
151
157
144
130
195
173
176
148
113
120
127
190
159
188
120
171
111
192
189
155
124
200
117
173
104
196
155
166
190
171
199
151
146
152
145
194
159
153
192
151
169
185
130
109
164
144
149
153
165
200
115
130
155
174
136
142
147
199
198
185
126
156
118
118
132
121
173
150
110
127
116
126
187
110
129
140
117
178
177
142
181
181
176
136
182
120
130
126
184
142
144
149
125
148
110
118
197
164
194
134
173
109
127
107
184
193
189
163
187
103
157
181
109
187
0 1 43
0 2 19
1 3 10
0 4 45
0 5 11
5 6 9
5 7 51
1 8 49
8 9 50
6 10 5
1 11 49
10 12 27
0 13 4
2 14 10
12 15 18
12 16 33
8 17 17
12 18 47
7 19 28
6 20 20
12 21 59
8 22 39
7 23 24
21 24 42
17 25 39
10 26 58
4 27 20
2 28 18
23 29 13
7 30 58
13 31 55
6 32 3
2 33 0
9 34 5
13 35 20
14 36 36
4 37 17
10 38 14
19 39 60
7 40 55
2 41 59
35 42 45
18 43 10
3 44 2
25 45 47
45 46 41
31 47 44
0 48 45
42 49 13
1 50 17
17 51 42
18 52 22
46 53 13
33 54 52
20 55 39
54 56 15
30 57 7
24 58 43
26 59 43
26 60 5
1 61 20
24 62 55
52 63 56
58 64 59
9 65 53
3 66 58
5 67 43
10 68 36
43 69 29
64 70 26
58 71 22
52 72 46
26 73 57
48 74 31
29 75 7
70 76 33
73 77 55
17 78 13
15 79 10
52 80 36
74 81 27
60 82 27
55 83 28
23 84 48
75 85 4
54 86 6
59 87 15
34 88 14
72 89 20
72 90 45
20 91 49
58 92 59
6 93 12
72 94 24
12 95 6
16 96 47
14 97 18
92 98 7
25 99 54
95 100 50
28 101 47
23 102 31
8 103 54
44 104 9
40 105 39
31 106 5
57 107 60
49 108 26
99 109 38
6 110 21
11 111 32
56 112 57
97 113 45
96 114 33
73 115 44
18 116 57
95 117 55
100 118 17
53 119 29
45 120 7
113 121 35
37 122 0
96 123 19
88 124 40
39 125 31
60 126 26
75 127 17
50 128 46
116 129 37
108 130 38
125 131 32
86 132 34
96 133 36
88 134 6
114 135 35
119 136 58
102 137 58
7 138 22
128 139 35
106 140 19
51 141 0
34 142 36
38 143 22
78 144 34
99 145 22
1 146 36
58 147 38
119 148 38
6 149 33
55 150 14
26 151 40
36 152 16
24 153 13
134 154 37
11 155 42
121 156 60
103 157 33
47 158 17
142 159 48
80 160 52
0 161 57
133 162 18
81 163 40
49 164 6
124 165 14
94 166 31
122 167 33
3 168 24
41 169 60
158 170 36
156 171 53
127 172 17
25 173 31
13 174 22
38 175 45
114 176 47
105 177 11
6 178 7
154 179 23
146 180 15
75 181 3
118 182 28
89 183 48
128 184 45
120 185 28
30 186 30
84 187 45
101 188 16
173 189 8
108 190 36
108 191 53
190 192 28
74 193 9
27 194 45
125 195 35
74 196 4
125 197 59
84 198 22
108 199 36
158 200 59
52 201 17
187 202 48
56 203 48
101 204 13
114 205 0
33 206 53
95 207 56
66 208 21
126 209 6
69 210 41
184 211 52
102 212 56
25 213 4
119 214 5
78 215 15
184 216 51
174 217 54
162 218 38
168 219 27
113 220 10
130 221 9
215 222 56
213 223 42
87 224 55
123 225 9
53 226 56
99 227 42
158 228 26
6 229 55
108 205 49
12 182 18
119 222 25
182 210 25
68 113 51
131 177 37
73 78 16
134 218 8
56 179 15
15 82 23
198 215 31
35 106 7
67 227 23
21 202 26
124 189 3
101 130 25
159 213 55
101 103 29
209 211 31
98 199 59
157 222 52
217 219 49
132 214 23
86 189 45
227 228 20
65 67 8
88 185 50
2 190 34
102 139 44
170 209 43
72 143 10
15 153 59
144 164 52
68 107 21
12 174 45
50 93 41
210 213 46
60 191 33
51 112 26
116 144 53
210 218 12
149 170 22
85 217 15
103 132 12
23 158 3
150 161 44
188 201 4
5 176 33
141 159 24
123 144 23
192 193 38
138 199 35
133 149 50
42 127 19
112 188 19
46 199 30
80 128 53
108 163 18
131 183 24
108 217 40
87 106 29
36 86 40
16 108 25
113 183 55
19 67 30
134 197 19
118 217 9
157 181 4
37 42 47
182 202 1
43 128 16
196 206 11
42 124 52
220 224 40
137 216 16
97 98 36
8 125 9
161 205 32
177 196 28
206 207 32
168 213 45
76 201 60
17 123 33
43 189 48
152 190 60
7 62 49
5 220 12
181 211 57
88 202 50
63 78 20
113 171 46
226 228 33
102 116 23
207 223 20
63 81 46
75 159 0
111 171 2
55 108 11
51 110 43
22 206 2
115 167 47
198 222 40
138 169 7
179 206 45
20 197 35
128 200 39
75 95 15
63 205 8
35 63 54
28 156 59
186 225 56
125 156 38
210 211 3
2 152 47
200 209 14
121 199 60
165 197 10
153 180 43
6 83 20
28 135 25
194 222 7
99 222 42
49 190 30
136 174 59
71 159 4
75 147 25
82 129 50
76 167 51
160 208 39
60 64 26
147 194 25
121 192 33
2 23 27
95 121 19
202 209 53
211 225 51
7 71 41
93 229 2
204 204 2
50 111 41
50 62 17
154 155 21
18 202 52
153 172 13
203 224 26
135 216 49
153 175 32
20 200 51
115 160 9
215 229 11
87 142 28
154 220 46
43 137 35
220 222 53
202 211 28
30 78 24
118 180 59
70 108 45
17 40 9
216 221 25
140 212 15
138 208 56
228 229 51
80 225 42
62 152 7
209 210 10
54 154 50
47 188 58
67 103 47
74 224 44
4 65 28
23 203 52
57 196 55
99 186 42
184 198 35
228 228 22
74 124 18
27 77 28
10 140 14
60 61 35
39 113 44
213 215 23
211 223 22
187 188 57
38 58 51
115 173 16
27 169 8
176 193 13
130 159 56
182 196 1
188 217 6
58 186 26
209 224 15
80 209 48
135 223 11
204 212 45
163 229 22
199 221 24
95 124 37
49 138 3
20 210 0
152 199 11
89 202 1
201 203 56
141 201 52
41 181 16
151 228 1
147 190 4
72 79 40
171 184 24
78 226 10
105 175 16
46 46 26
185 199 9
120 227 30
148 195 16
114 220 57
85 110 7
79 173 9
118 158 26
227 227 57
191 214 48
139 183 6
157 219 49
12 38 2
102 194 22
29 166 14
51 181 43
102 158 6
180 209 28
122 146 1
87 103 59
54 102 57
137 219 29
82 156 6
110 186 12
178 213 20
24 197 0
181 183 44
149 224 6
174 191 57
116 175 29
209 219 31
185 205 40
180 227 19
15 18 23
174 202 10
15 193 49
6 152 52
74 179 47
34 149 14
182 198 31
1 95 58
37 116 50
66 122 18
46 110 28
31 199 33
68 102 13
35 228 5
83 91 13
118 188 20
8 113 44
219 224 26
73 200 4
201 215 17
156 207 31
102 175 30
197 208 53
12 178 39
184 221 37
139 156 14
7 49 24
94 165 60
101 133 59
188 216 3
140 141 35
13 148 34
140 162 13
174 193 19
181 196 47
60 205 50
219 222 4
68 202 53
172 213 3
5 109 51
99 206 24
121 217 40
129 202 1
29 137 6
50 68 37
36 177 7
153 206 57
72 210 6
58 95 20
72 110 50
82 91 54
127 211 41
171 189 44
71 208 32
90 224 44
195 199 11
155 176 7
46 210 7
200 221 43
203 217 10
187 193 34
75 228 6
215 219 7
51 194 24
43 68 13
180 215 55
48 146 11
109 141 13
188 206 13
1 212 42
169 179 45
90 134 47
9 176 20
175 187 44
148 211 50
69 133 1
189 208 49
45 182 14
73 182 56
118 132 14
37 133 23
117 229 7
97 171 0
224 225 37
82 173 35
12 39 27
32 160 10
64 110 23
69 93 47
111 123 56
98 127 0
225 227 37
169 190 17
147 229 55
9 15 1
10 90 0
178 217 55
47 95 14
39 139 47
166 167 47
71 91 26
88 106 16
29 29 4
172 201 9
24 192 49
211 229 26
100 150 3
50 113 58
68 162 8
116 170 50
210 216 3
93 142 47
190 191 56
145 220 2
40 102 52
114 133 33
95 168 38
69 196 14
46 224 42
116 225 53
212 214 34
179 196 45
30 61 55
60 98 54
146 195 21
174 223 54
6 150 28
104 225 31
96 167 45
91 178 1
2 210 59
125 186 4
11 191 24
111 155 25
175 229 28
212 229 12
146 225 9
23 186 46
118 181 45
210 225 43
185 208 25
119 207 17
98 106 13
168 197 46
223 225 53
222 223 60
104 200 21
214 226 27
3 92 38
81 169 4
102 177 49
37 132 2
104 203 11
32 40 2
70 95 39
143 148 13
154 187 34
171 174 25
224 229 48
173 187 56
34 158 57
34 111 38
164 164 36
155 160 18
155 177 42
26 86 10
16 129 58
127 200 37
72 187 46
223 227 4
112 119 38
3 224 17
87 150 41
23 23 8
123 145 47
17 164 41
37 169 43
23 117 45
85 187 37
206 213 59
101 206 22
181 202 8
61 192 18
35 92 41
189 220 27
75 80 4
183 186 44
11 114 55
106 157 23
32 165 16
143 143 48
120 176 31
33 148 33
152 208 14
96 215 50
116 130 3
137 148 10
15 70 57
95 184 51
184 192 60
20 199 19
181 199 4
110 176 8
84 206 31
59 74 37
150 162 6
4 158 58
131 180 29
55 60 8
201 205 47
136 216 23
180 208 7
121 161 3
99 167 51
164 191 45
32 184 51
205 229 45
14 212 3
116 122 10
2 96 13
86 167 5
85 150 26
138 155 4
68 214 46
115 214 9
100 106 46
115 186 15
109 215 59
43 210 9
150 192 43
168 215 34
92 165 38
164 195 40
15 16 16
130 130 27
201 210 60
90 93 59
88 127 4
21 108 50
201 208 47
112 228 34
134 209 12
93 224 48
184 212 21
221 223 40
82 194 11
92 163 60
122 222 49
179 190 41
139 167 6
45 56 2
165 196 57
10 175 60
176 209 38
122 228 30
57 144 50
43 124 20
72 133 0
83 119 44
223 224 33
162 173 43
66 143 40
102 213 13
62 205 28
169 209 9
193 213 52
34 54 24
48 98 53
192 213 25
149 167 10
132 225 58
71 109 43
142 227 14
128 177 21
167 225 7
132 198 31
101 120 17
0 78 2
33 94 23
69 116 44
42 98 39
0 69 43
174 189 41
89 211 57
227 229 31
36 165 21
9 61 45
18 222 33
72 104 38
7 65 49
6 97 10
135 214 40
63 209 12
134 141 8
219 219 17
146 157 21
18 107 56
178 192 17
93 202 28
203 214 30
32 114 56
10 106 58
31 32 44
134 187 2
43 157 16
65 208 51
226 229 56
130 209 10
28 167 3
62 175 40
144 167 32
214 215 6
126 176 7
121 160 53
161 167 1
218 218 32
172 186 43
199 206 2
63 127 20
69 187 45
70 92 40
128 143 41
0 46 24
179 183 42
159 220 54
20 154 49
173 210 26
223 229 23
168 179 20
42 131 32
125 216 46
220 226 30
27 173 23
68 95 6
85 88 14
181 182 46
13 83 26
225 228 42
131 166 8
221 229 36
112 223 22
18 54 16
104 175 15
63 211 32
144 163 14
27 148 33
78 118 33
0 159 4
2 217 17
117 212 20
208 224 37
88 184 32
118 125 44
122 205 38
212 220 55
180 214 10
206 218 28
148 222 35
147 163 10
202 217 26
163 216 38
36 149 27
201 218 20
7 53 30
176 204 33
106 197 16
213 228 2
51 219 9
56 103 5
208 227 42
137 155 33
224 228 28
89 104 50
66 185 25
125 176 57
117 186 30
43 44 7
148 151 4
92 100 55
88 215 25
105 169 42
6 99 17
175 189 30
122 210 38
54 148 57
190 214 49
191 216 49
29 193 2
89 213 38
157 163 2
189 193 31
152 180 6
85 186 21
46 186 54
161 168 40
85 176 56
163 184 22
105 151 39
88 161 51
219 225 26
187 216 19
130 143 19
141 141 39
69 83 53
184 222 36
113 136 19
115 189 56
76 94 42
106 145 0
188 223 5
205 210 31
79 93 55
45 124 58
100 128 45
169 200 51
53 85 11
59 62 60
148 182 2
33 99 32
57 194 52
118 146 33
131 194 0
7 205 31
65 197 6
143 213 32
97 128 25
88 158 6
178 181 34
199 229 29
2 185 50
131 214 17
138 218 54
137 208 35
90 127 7
204 227 33
146 155 40
98 114 12
143 221 16
105 117 23
37 188 10
125 218 10
137 147 3
196 217 7
163 179 3
108 137 29
42 176 9
2 18 18
153 181 32
36 72 6
154 161 48
58 124 9
122 218 2
2 63 59
79 90 43
80 150 1
145 179 40
192 227 18
63 146 29
15 58 13
60 67 15
77 155 52
70 228 28
53 166 44
50 87 13
151 196 32
157 178 42
42 68 5
38 83 43
161 185 20
155 206 54
71 84 48
207 219 60
91 109 51
73 222 8
60 106 39
182 190 24
3 186 46
164 226 51
112 131 59
145 180 17
58 59 54
91 213 41
100 192 1
156 182 32
124 211 8
41 189 55
128 155 58
11 223 12
76 202 43
13 82 43
185 194 27
212 219 56
209 209 32
158 175 41
20 163 49
59 117 3
0 98 8
93 172 31
149 195 5
117 184 50
198 207 2
86 198 5
33 128 51
19 58 23
118 138 15
61 63 22
178 182 35
94 209 14
141 226 58
69 212 57
208 229 47
60 124 8
182 218 48
80 152 43
1 164 6
196 203 18
17 155 8
110 123 15
24 165 54
46 130 22
212 226 58
49 122 8
50 61 43
218 226 26
24 129 8
2 60 6
10 117 8
169 216 57
39 83 28
161 165 31
159 191 6
208 212 6
21 21 50
98 196 32
211 211 11
70 87 30
25 98 53
39 228 13
135 208 60
127 196 24
47 169 12
30 77 21
121 221 17
39 164 6
135 220 5
220 229 52
226 226 28
18 24 54
144 180 60
110 154 0
135 192 29
48 53 35
186 210 36
178 211 36
43 154 44
88 192 13
147 171 27
152 193 26
134 174 48
22 126 11
30 74 51
20 129 58
127 148 48
0 95 57
159 227 32
80 214 43
160 175 57
145 217 32
4 30 38
109 226 24
162 209 55
214 227 6
46 123 41
85 155 14
25 111 51
138 193 1
196 227 28
2 228 12
73 169 50
226 227 24
45 229 11
79 120 13
125 187 54
27 113 11
25 83 34
169 199 9
35 202 11
157 165 40
117 214 4
207 220 51
218 221 10
106 206 34
148 164 27
150 191 27
169 197 58
163 188 1
65 119 11
193 216 16
148 162 4
44 55 30
64 165 5
78 104 30
141 183 58
93 137 39
188 228 52
165 219 47
221 228 24
77 94 30
77 154 54
195 198 21
90 217 31
84 190 57
77 224 37
195 219 21
98 117 2
6 205 53
54 128 48
201 221 31
57 165 39
12 131 39
88 205 2
179 182 34
138 162 58
176 178 38
177 212 60
190 201 44
79 226 54
2 104 26
119 224 14
122 202 10
149 228 37
166 210 17
100 220 21
89 210 22
103 220 2
92 122 26
23 120 14
143 207 18
78 88 0
206 221 18
15 197 50
105 115 25
26 107 11
35 141 4
225 226 37
3 174 0
125 154 39
39 131 54
150 166 48
184 208 23
73 88 23
137 162 4
38 161 19
161 204 38
196 198 47
31 169 55
167 169 22
33 180 25
29 201 31
118 129 12
208 208 38
113 160 5
126 192 15
52 127 48
10 21 0
187 225 55
137 156 6
150 207 41
76 216 22
207 212 22
70 196 8
166 215 30
90 209 44
103 223 50
47 176 2
59 136 60
