250 1250
162
180
129
197
114
109
173
139
195
172
100
140
173
198
167
108
122
178
157
147
145
163
157
148
164
162
106
146
154
178
105
144
108
148
110
130
193
125
104
189
103
165
114
194
183
135
185
141
109
174
150
195
111
166
130
106
124
144
151
197
123
124
109
114
121
199
112
109
156
115
192
190
180
147
156
117
118
160
176
185
172
141
154
199
149
110
166
157
121
192
165
158
160
170
158
105
143
129
130
194
200
159
182
186
154
109
161
199
175
176
153
188
166
154
179
120
181
191
133
152
134
181
159
144
124
192
121
143
180
163
101
142
116
140
163
100
126
100
159
152
125
110
176
190
185
111
109
179
196
160
132
174
102
127
165
182
112
142
156
198
186
178
167
185
153
158
135
180
175
195
196
107
193
131
149
179
180
125
186
183
106
127
106
168
163
195
153
106
104
102
118
182
181
184
180
160
166
113
130
192
141
186
192
108
137
151
154
123
150
170
186
138
148
134
175
148
193
181
180
106
179
113
115
154
131
102
188
195
164
188
144
130
192
166
135
172
145
195
126
162
137
175
186
149
117
141
120
164
134
105
0 1 40
1 2 46
1 3 15
3 4 40
4 5 41
1 6 40
2 7 60
5 8 2
4 9 3
3 10 57
6 11 54
8 12 2
8 13 11
11 14 6
12 15 14
13 16 41
0 17 42
0 18 55
4 19 47
4 20 6
2 21 13
18 22 5
5 23 49
20 24 16
9 25 15
10 26 17
23 27 35
22 28 19
5 29 57
9 30 60
27 31 28
21 32 20
17 33 55
17 34 39
15 35 3
10 36 14
21 37 16
27 38 56
33 39 54
38 40 35
30 41 29
20 42 58
42 43 43
28 44 1
7 45 7
41 46 31
33 47 32
31 48 6
0 49 52
29 50 37
36 51 54
17 52 59
49 53 7
3 54 34
34 55 37
18 56 24
37 57 28
18 58 56
42 59 35
14 60 48
1 61 26
27 62 48
21 63 36
11 64 21
49 65 54
22 66 33
24 67 5
36 68 53
18 69 41
9 70 26
7 71 11
40 72 49
46 73 49
0 74 60
67 75 33
44 76 26
74 77 10
9 78 48
51 79 2
23 80 55
19 81 20
72 82 60
28 83 40
22 84 52
78 85 26
18 86 4
39 87 7
7 88 19
9 89 44
22 90 22
8 91 8
46 92 47
41 93 42
91 94 41
5 95 7
65 96 10
15 97 28
25 98 28
24 99 15
54 100 21
76 101 60
92 102 10
0 103 12
83 104 30
104 105 4
42 106 54
45 107 41
64 108 2
68 109 40
55 110 34
89 111 47
31 112 11
47 113 21
98 114 45
86 115 24
14 116 40
57 117 8
26 118 35
31 119 23
34 120 51
60 121 18
119 122 3
69 123 38
101 124 36
70 125 11
122 126 36
120 127 58
116 128 39
107 129 32
12 130 41
119 131 26
32 132 1
24 133 40
63 134 53
130 135 8
75 136 26
117 137 19
111 138 16
1 139 16
80 140 28
117 141 19
88 142 9
98 143 53
10 144 14
135 145 33
142 146 50
124 147 28
143 148 47
3 149 15
37 150 8
108 151 31
27 152 40
40 153 22
130 154 32
49 155 10
29 156 17
95 157 26
126 158 13
111 159 17
1 160 6
88 161 4
141 162 22
0 163 6
115 164 39
151 165 14
31 166 42
163 167 22
31 168 46
142 169 7
23 170 4
31 171 44
171 172 23
1 173 32
76 174 49
69 175 53
58 176 31
70 177 46
170 178 38
53 179 23
5 180 35
15 181 41
94 182 4
149 183 27
19 184 15
76 185 23
7 186 7
69 187 7
64 188 45
127 189 11
91 190 13
75 191 16
30 192 3
166 193 38
74 194 23
190 195 55
31 196 1
6 197 57
148 198 18
23 199 32
181 200 3
86 201 44
106 202 13
78 203 15
121 204 20
10 205 27
171 206 54
46 207 24
14 208 49
176 209 18
59 210 46
162 211 41
47 212 18
83 213 22
88 214 32
17 215 17
11 216 34
95 217 4
102 218 41
80 219 54
180 220 24
219 221 56
210 222 15
216 223 32
160 224 36
65 225 3
175 226 58
173 227 4
226 228 22
8 229 19
211 230 16
161 231 52
95 232 13
51 233 23
200 234 26
202 235 32
196 236 55
235 237 34
23 238 25
138 239 39
65 240 51
211 241 48
30 242 8
152 243 3
221 244 9
86 245 39
104 246 42
139 247 43
157 248 56
174 249 54
153 243 57
146 225 13
29 188 41
181 245 19
37 204 44
18 88 37
10 169 33
154 202 45
55 167 51
37 121 23
238 242 50
105 162 46
42 55 17
96 197 45
192 218 31
17 17 44
12 210 28
159 177 44
152 235 47
85 203 11
93 106 32
56 246 0
189 219 27
166 175 19
185 196 52
87 213 27
151 199 2
119 192 27
192 201 32
56 107 31
116 237 36
114 150 40
48 145 2
136 191 53
13 234 47
149 165 50
248 248 17
191 240 30
117 176 3
106 219 48
159 176 29
185 211 48
114 118 35
242 243 46
35 163 14
37 111 10
49 117 27
89 183 28
152 156 18
65 110 20
1 94 43
240 246 35
125 198 16
203 212 44
107 157 5
217 245 26
133 157 6
134 204 12
101 205 12
242 244 20
26 247 49
8 61 10
16 245 18
111 220 23
246 246 10
21 104 28
71 97 21
53 99 22
68 246 51
31 66 15
237 246 53
172 224 6
142 166 50
147 196 54
32 150 51
140 214 10
78 110 16
97 119 22
93 118 29
31 160 30
55 58 54
228 241 13
56 60 40
204 239 10
69 237 54
207 225 1
179 219 54
190 241 21
57 86 10
29 192 42
46 70 49
203 236 42
133 217 24
142 230 29
16 67 41
0 247 2
73 151 12
191 219 15
137 243 27
141 220 56
118 213 54
41 42 47
118 240 35
223 237 18
172 229 55
200 222 2
55 113 5
67 196 12
150 220 52
54 198 23
32 32 43
90 115 25
103 223 55
32 223 14
34 190 22
127 180 32
154 220 38
102 148 32
178 241 7
219 240 40
58 193 38
22 186 38
152 246 57
133 238 11
105 157 55
228 243 24
171 175 54
76 117 38
77 99 57
49 130 45
230 245 20
62 81 19
62 109 29
63 208 24
148 162 5
56 207 8
12 109 55
12 192 54
197 219 8
10 160 57
166 171 33
197 210 47
195 220 4
162 209 2
46 96 55
140 185 25
93 236 13
55 156 27
95 107 46
50 239 12
131 183 37
65 153 2
23 93 11
142 171 0
198 232 47
5 133 14
32 125 6
213 240 30
14 143 15
128 145 16
12 188 4
27 146 44
49 182 29
248 249 0
64 240 23
102 143 3
180 222 50
193 227 35
199 212 18
80 190 11
24 54 54
240 244 43
168 231 47
77 193 57
193 222 60
179 192 16
238 243 24
142 218 15
236 245 44
228 245 28
150 215 13
152 238 25
235 244 59
62 77 37
4 35 11
123 242 30
96 178 46
162 196 48
26 210 4
157 185 43
57 74 25
141 231 9
164 224 34
31 211 48
94 153 40
231 241 18
189 192 60
246 249 35
159 217 9
218 221 37
80 177 52
171 237 22
184 221 3
93 94 2
222 247 3
38 64 42
236 246 44
152 225 14
233 234 28
174 219 30
66 67 20
182 211 5
159 242 24
32 180 51
76 164 52
116 216 5
59 225 36
139 207 42
187 240 56
69 246 4
176 207 57
223 230 22
87 112 24
213 221 11
98 127 56
173 237 16
129 205 25
126 169 1
8 233 18
71 77 57
193 243 43
50 223 45
72 184 9
90 113 27
229 235 45
4 226 56
188 195 45
224 237 27
116 180 55
204 233 56
63 145 59
33 211 28
220 226 35
107 145 20
99 172 24
165 242 14
189 199 60
228 238 26
21 241 39
220 223 16
125 219 26
17 49 26
57 102 49
82 90 34
143 212 60
103 242 33
98 162 1
88 169 26
51 166 1
176 180 26
42 94 50
106 168 31
184 195 4
168 214 49
213 227 0
78 120 33
26 133 37
223 240 48
97 220 47
160 221 29
175 202 51
29 167 39
234 236 18
42 46 4
154 169 1
80 104 28
100 134 16
32 120 55
82 120 52
210 234 15
73 217 57
60 228 9
118 162 49
243 249 24
59 219 0
82 247 41
25 226 3
144 245 49
83 98 50
31 92 43
234 239 35
13 152 16
218 224 32
172 180 19
174 200 20
218 242 24
171 211 0
11 58 25
186 228 51
27 199 41
73 173 6
90 144 24
199 222 58
5 195 4
175 176 26
15 204 11
238 239 14
195 247 28
207 229 34
242 246 15
245 245 42
126 151 4
197 212 5
132 249 46
26 130 45
134 150 11
28 119 36
47 144 50
116 188 19
197 201 37
82 234 57
169 183 55
21 167 21
104 161 30
109 195 1
160 231 35
55 247 56
141 206 45
22 128 2
62 242 23
30 232 22
79 126 48
121 206 32
113 129 22
44 103 11
13 157 57
33 49 52
185 203 19
178 212 46
84 204 0
47 71 29
3 174 27
79 223 59
237 241 33
87 157 26
199 241 14
214 235 25
118 186 4
70 222 10
16 142 13
188 220 37
197 235 5
90 97 15
123 190 45
222 248 38
1 244 19
128 180 58
6 78 51
158 174 58
121 182 3
154 156 44
133 236 41
146 231 32
141 164 29
216 221 38
240 242 5
59 164 8
44 143 52
5 231 45
129 151 35
156 214 59
181 198 25
121 219 42
223 245 28
50 162 2
219 220 41
201 223 46
36 37 14
135 174 32
99 148 55
103 199 16
74 214 60
22 87 29
114 119 38
14 220 44
4 47 1
70 242 36
47 213 23
219 237 50
92 99 23
16 32 21
112 147 8
124 173 49
33 215 59
60 85 2
111 195 40
22 70 11
123 172 15
246 247 15
99 173 33
76 195 12
149 180 59
231 247 13
45 244 22
140 175 50
178 237 21
165 241 13
193 224 31
219 224 14
219 235 7
36 235 31
69 180 10
7 217 13
113 235 20
36 41 7
189 237 58
165 248 25
101 231 28
6 35 10
0 173 52
210 249 48
89 194 4
219 219 7
160 196 57
70 118 31
244 248 29
195 206 42
64 209 18
204 218 5
239 248 17
63 222 22
8 213 33
73 113 20
97 110 38
220 228 11
32 204 36
125 206 52
53 56 5
50 212 34
209 228 11
73 236 6
94 116 4
155 209 28
212 241 29
152 163 39
225 228 39
122 229 28
139 170 15
108 189 51
224 233 30
96 164 56
66 237 42
4 97 30
84 88 5
148 235 39
125 224 7
163 171 60
144 210 44
93 95 37
11 123 29
117 237 36
63 192 59
105 181 33
70 154 50
6 18 44
139 241 29
57 114 40
198 209 50
97 235 60
189 210 30
133 216 36
105 145 36
108 150 7
213 237 36
6 177 36
242 245 57
170 198 55
114 211 2
81 157 54
105 121 39
192 221 26
170 195 28
76 221 22
167 173 17
150 208 47
109 158 1
178 179 56
213 214 11
96 216 11
5 221 42
196 248 9
161 210 16
108 206 57
190 216 11
244 246 54
98 161 44
150 162 14
229 231 20
3 22 28
25 105 52
45 101 15
229 232 45
190 222 7
63 229 41
207 242 40
100 230 35
11 12 46
67 157 32
162 206 54
177 230 54
204 243 53
149 195 47
143 170 10
27 247 2
74 103 0
148 192 12
90 108 22
146 213 52
161 243 34
172 231 27
144 150 29
109 211 28
43 65 59
18 50 19
78 237 36
187 205 3
169 210 50
163 198 9
172 184 13
91 174 15
187 232 35
199 243 45
197 240 11
118 227 40
59 186 47
52 150 51
142 165 45
133 209 6
136 185 56
161 236 7
120 213 10
5 142 25
173 206 12
11 227 21
208 217 46
29 29 4
167 232 56
209 210 52
90 117 21
126 189 4
18 103 30
98 159 56
210 221 12
59 209 60
237 249 50
81 123 53
64 155 42
73 190 50
42 186 50
10 159 26
69 164 52
91 182 18
103 106 50
40 189 34
30 73 30
238 244 2
40 79 50
113 238 52
155 218 38
118 130 9
139 183 45
69 132 34
164 226 36
139 168 0
40 237 42
240 243 21
141 168 17
170 228 52
244 244 54
56 64 42
0 54 47
84 223 2
196 246 60
1 50 27
98 125 43
124 140 7
114 223 3
18 85 9
150 235 10
185 239 27
223 236 30
95 160 7
171 191 28
224 244 54
167 181 46
238 241 59
92 200 58
132 237 4
192 242 8
173 202 32
155 244 38
189 212 43
39 67 21
106 183 52
193 217 35
93 168 55
196 230 46
88 103 44
161 189 48
243 246 0
62 244 45
145 214 1
184 222 34
112 126 36
73 91 14
61 144 24
100 142 48
146 201 40
21 244 54
56 77 48
230 248 9
8 176 2
209 226 22
197 211 39
66 135 53
30 62 43
40 87 3
117 207 58
221 221 17
165 203 17
130 248 2
221 235 15
70 224 17
238 240 30
20 130 12
105 244 32
211 234 8
113 184 10
186 198 25
230 246 39
187 199 0
79 211 25
63 63 53
125 221 36
226 229 0
75 215 24
32 45 6
172 227 1
12 79 50
157 207 56
9 245 35
8 208 32
232 237 50
158 162 28
143 152 16
38 85 32
189 242 14
194 219 29
120 148 57
51 102 33
152 206 19
230 231 13
231 240 23
111 245 35
84 214 55
222 243 33
141 167 46
173 247 8
213 243 44
140 153 25
135 248 46
164 235 41
64 172 26
75 140 23
120 231 4
187 212 60
84 161 46
236 239 55
39 236 17
115 138 4
34 108 29
129 152 59
77 119 43
145 147 51
5 7 16
21 229 33
207 219 23
65 106 45
198 244 2
91 200 29
106 178 11
188 211 35
176 216 17
7 99 60
155 171 52
96 120 54
3 190 15
32 154 23
144 215 32
11 156 47
117 148 54
72 205 35
177 207 27
199 219 27
14 171 58
239 247 0
43 128 43
148 179 49
107 130 11
186 215 54
88 185 41
180 217 49
32 226 52
121 214 18
222 242 34
216 242 53
37 191 32
190 226 47
9 22 16
119 182 28
109 165 3
74 208 46
122 151 12
169 184 37
183 189 3
214 222 56
227 234 3
167 178 16
52 75 36
234 240 59
25 247 23
26 235 29
90 196 7
93 223 29
12 80 8
155 210 56
207 234 14
92 174 55
183 237 41
100 103 5
131 185 54
9 96 53
240 240 46
30 159 58
125 137 47
205 231 25
55 64 3
207 221 26
84 180 19
31 104 21
27 202 14
138 154 46
38 164 60
1 70 34
61 139 46
195 231 46
0 43 39
75 119 59
36 99 8
140 162 43
12 226 39
36 104 36
177 197 44
158 186 49
143 223 58
36 248 54
107 238 3
85 242 6
65 197 57
242 242 26
199 211 13
184 214 17
7 58 44
229 238 50
166 179 19
185 214 23
205 219 33
77 164 30
105 230 51
38 168 46
101 225 36
227 249 31
70 187 3
218 237 46
6 104 31
113 206 44
70 210 8
156 219 18
123 179 22
72 105 18
122 124 46
192 236 59
132 140 18
4 225 27
64 239 60
229 245 3
135 232 25
193 248 35
114 181 54
43 209 6
130 164 54
194 234 32
117 120 22
8 242 60
222 236 31
132 244 41
191 200 14
182 209 13
108 232 13
56 169 19
60 225 4
131 180 1
125 156 35
110 249 13
164 249 23
139 171 30
29 160 6
122 146 24
147 155 24
173 178 60
46 242 59
135 163 37
49 153 29
148 201 49
19 30 18
70 96 39
89 237 47
205 218 41
80 96 53
177 191 0
200 218 24
6 9 46
118 235 52
182 188 4
151 222 45
85 114 21
84 107 4
16 249 15
172 233 27
220 225 14
126 235 38
181 234 60
202 242 27
89 100 5
179 224 6
164 168 38
40 149 18
244 245 13
15 128 31
142 143 25
205 217 26
119 242 2
8 101 6
23 96 23
130 204 2
196 239 35
29 97 27
154 184 16
150 178 44
106 198 44
233 238 5
118 202 53
194 207 5
238 249 48
192 232 24
222 241 49
154 170 59
26 172 3
142 213 18
173 201 7
37 98 36
139 165 8
228 234 44
232 232 40
112 185 6
127 237 8
114 196 16
245 246 19
16 208 43
225 232 34
107 153 58
184 246 38
231 246 32
83 212 34
226 226 14
177 238 37
182 221 37
19 133 6
47 58 10
8 130 58
68 94 15
189 211 46
152 170 56
101 211 33
45 170 3
59 79 33
118 124 27
120 149 4
206 238 57
171 248 24
82 215 31
141 189 54
39 70 9
73 155 15
169 199 8
86 90 44
206 229 1
13 132 28
97 168 54
72 227 42
168 200 9
155 235 31
0 126 7
118 135 30
154 164 52
143 150 54
181 207 42
13 39 54
124 245 48
246 248 16
165 193 22
187 233 46
247 249 11
109 240 20
76 85 44
224 234 56
68 193 32
48 165 12
181 229 55
141 207 5
40 114 28
67 126 54
54 148 40
176 198 40
73 167 24
160 219 4
163 182 51
215 245 45
206 243 53
243 245 37
130 193 48
13 159 1
91 91 28
79 207 24
41 96 18
193 203 3
230 249 5
129 212 2
19 150 57
215 222 36
93 227 43
86 105 43
229 244 15
35 169 3
116 186 3
239 245 46
115 170 32
134 182 14
57 224 37
227 228 49
219 246 43
61 93 45
131 242 26
37 171 49
186 196 51
117 210 15
197 215 59
33 187 46
72 132 4
177 188 58
37 220 7
59 76 3
41 121 30
52 72 15
132 245 8
149 215 21
52 118 31
47 140 29
38 203 36
110 116 17
153 174 8
200 235 25
168 187 46
154 187 45
79 212 60
54 119 39
99 141 14
117 203 58
163 181 7
129 202 3
2 144 2
172 246 3
216 227 54
107 166 8
43 82 56
62 118 34
218 232 24
58 148 12
149 228 4
101 189 52
47 135 11
