85 255
161
102
141
100
196
115
140
184
115
173
119
193
185
119
182
163
112
139
104
175
116
133
195
125
162
180
131
186
156
149
196
171
161
143
129
171
107
152
189
159
199
113
141
151
155
154
160
165
199
179
141
132
113
162
162
106
177
135
106
158
108
176
101
190
128
116
138
141
135
149
100
142
123
104
181
195
163
159
161
148
168
158
189
100
142
0 1 21
0 2 23
0 3 6
1 4 50
0 5 37
1 6 53
1 7 51
6 8 24
0 9 9
1 10 26
7 11 35
8 12 27
3 13 39
5 14 39
10 15 42
8 16 11
3 17 18
14 18 21
0 19 30
8 20 45
3 21 32
21 22 57
1 23 58
16 24 56
19 25 40
12 26 31
10 27 23
21 28 9
8 29 7
19 30 26
23 31 9
17 32 27
20 33 18
9 34 23
10 35 27
11 36 38
18 37 43
35 38 58
1 39 4
20 40 47
6 41 1
10 42 10
38 43 19
8 44 50
24 45 47
14 46 25
26 47 3
23 48 47
28 49 56
11 50 39
41 51 24
45 52 56
48 53 57
16 54 55
46 55 17
30 56 2
48 57 6
51 58 46
57 59 1
12 60 3
60 61 34
58 62 24
18 63 45
36 64 48
48 65 52
8 66 44
41 67 6
29 68 2
61 69 26
48 70 4
37 71 4
28 72 30
12 73 32
38 74 41
5 75 30
52 76 45
61 77 9
77 78 36
43 79 10
41 80 37
5 81 55
2 82 50
68 83 28
16 84 42
63 80 32
63 84 14
32 43 31
13 72 17
66 73 50
56 68 2
60 74 57
69 83 30
34 68 60
39 69 43
26 53 4
60 84 28
83 83 43
12 52 60
66 74 37
4 45 56
40 67 29
32 48 53
60 67 16
29 79 2
75 76 47
14 43 21
19 72 36
50 51 28
19 80 35
12 15 34
62 80 13
40 84 49
27 48 29
80 82 58
54 78 21
2 71 21
61 75 1
30 84 54
16 43 25
39 60 9
13 40 27
59 66 43
51 65 44
49 84 54
50 64 6
5 12 55
13 60 58
41 62 43
35 52 46
18 46 5
76 78 56
17 73 17
52 69 51
41 57 17
18 26 18
56 82 30
71 76 6
22 62 45
81 83 8
35 78 0
59 80 55
82 83 27
83 84 9
16 61 22
25 37 21
23 35 35
43 82 24
15 23 25
24 24 47
68 82 51
70 79 44
70 77 52
1 14 13
5 40 15
19 59 52
16 31 38
40 46 49
80 81 59
2 27 8
9 25 50
82 82 42
65 79 43
51 80 5
22 82 27
52 52 14
20 81 52
46 49 43
63 67 3
72 74 58
78 80 50
27 34 30
70 83 52
21 46 41
7 54 13
21 54 22
68 73 13
33 33 8
60 69 46
40 42 44
57 77 36
43 45 5
79 79 13
42 83 60
60 79 43
47 75 28
53 57 23
14 71 30
24 63 22
47 70 26
21 49 39
38 56 40
4 75 26
64 67 13
20 43 44
14 82 27
13 52 31
67 77 17
13 42 14
65 70 52
35 72 4
53 80 33
30 63 59
9 31 18
36 80 10
32 76 30
56 84 48
53 59 31
46 74 4
72 79 15
40 55 2
55 60 14
13 27 38
4 37 57
42 72 54
55 59 14
2 23 19
7 28 33
23 78 20
42 69 47
76 82 57
72 80 39
4 58 55
19 33 44
79 82 16
74 79 50
31 51 21
57 67 46
51 76 25
56 66 44
62 62 0
39 76 20
26 73 18
13 79 46
19 36 49
57 65 54
67 75 0
36 69 29
33 35 47
45 61 26
66 71 12
38 75 46
26 36 12
36 71 18
28 28 23
33 59 49
58 76 56
19 43 48
19 61 37
8 54 48
32 42 35
37 70 0
19 23 5
34 82 31
5 36 39
31 58 16
