60 180
161
102
141
100
196
115
140
184
115
173
119
193
185
119
182
163
112
139
104
175
116
133
195
125
162
180
131
186
156
149
196
171
161
143
129
171
107
152
189
159
199
113
141
151
155
154
160
165
199
179
141
132
113
162
162
106
177
135
106
158
0 1 59
1 2 17
2 3 41
0 4 43
3 5 60
4 6 26
4 7 11
5 8 0
7 9 0
7 10 4
4 11 8
11 12 3
8 13 17
11 14 56
12 15 46
1 16 54
16 17 8
2 18 13
1 19 13
7 20 22
15 21 26
17 22 58
8 23 54
10 24 24
11 25 18
19 26 14
12 27 30
11 28 58
10 29 18
12 30 12
27 31 47
8 32 13
18 33 58
13 34 14
4 35 30
18 36 13
10 37 9
2 38 55
14 39 5
2 40 30
35 41 56
21 42 30
40 43 42
7 44 25
28 45 9
16 46 13
40 47 4
23 48 19
30 49 56
14 50 11
13 51 60
14 52 36
7 53 52
47 54 26
38 55 24
41 56 56
49 57 45
42 58 46
0 59 42
34 48 6
20 50 39
21 23 11
21 40 57
10 16 47
40 41 2
43 57 14
25 31 1
57 57 17
54 58 24
4 30 50
31 58 52
0 6 30
10 41 2
46 54 28
1 25 4
10 54 53
11 21 41
15 40 8
7 37 9
34 49 37
10 10 25
35 52 28
53 53 22
23 57 32
52 59 14
38 57 31
56 59 17
16 55 50
9 17 57
39 51 30
37 44 43
57 58 4
53 55 28
45 55 43
4 56 60
25 59 37
54 56 56
51 51 29
10 21 53
15 47 16
19 29 2
47 48 47
6 41 36
57 59 28
51 52 35
42 50 34
46 57 13
2 6 49
56 57 21
14 31 21
7 34 1
4 22 54
27 48 25
30 41 9
42 51 27
7 7 44
52 55 54
33 39 6
16 19 55
54 59 58
41 53 43
27 42 46
58 59 5
44 53 56
41 42 17
55 56 17
23 47 51
31 39 17
23 31 18
40 59 30
42 47 6
16 39 20
8 21 45
11 40 8
55 58 0
32 39 55
19 25 9
50 56 36
26 41 22
19 38 35
33 36 24
49 54 25
56 58 47
5 26 51
36 48 44
10 44 1
9 25 52
39 52 13
35 45 15
43 54 52
23 29 38
37 51 49
34 57 59
9 19 8
35 53 42
14 21 43
10 34 43
20 21 20
44 59 5
36 42 14
34 56 19
28 44 52
6 36 43
14 16 3
47 49 58
11 27 50
15 43 52
1 36 13
18 43 22
3 3 13
16 24 8
2 12 46
33 53 44
10 20 36
11 34 5
12 24 13
35 39 60
55 59 43
16 42 28
6 40 23
