280 1400
195
171
199
117
130
184
167
189
152
152
191
178
135
182
157
166
107
164
106
159
140
177
138
137
103
199
118
100
127
139
103
109
132
113
147
145
102
178
121
169
109
134
187
145
103
146
126
153
120
101
135
195
105
192
143
200
148
170
129
169
147
134
121
109
149
156
124
102
139
189
186
160
182
132
147
180
194
154
186
191
151
131
134
105
161
137
109
116
129
107
110
115
125
141
133
108
153
189
136
108
142
158
157
123
118
115
200
196
194
104
126
154
141
173
183
126
107
127
184
140
130
182
128
114
148
144
150
168
112
152
156
100
172
169
170
142
149
198
166
148
142
116
153
103
188
102
139
193
154
159
118
117
139
141
108
167
115
133
103
176
115
146
182
144
168
196
111
164
192
160
199
128
111
193
174
110
167
192
170
126
146
160
126
116
153
195
124
102
166
175
161
179
114
123
148
152
140
155
153
106
124
132
172
129
181
142
170
112
172
159
157
168
114
183
199
130
151
105
112
140
170
112
191
137
132
141
165
177
119
144
104
120
174
145
196
189
172
134
170
121
168
174
197
115
158
186
111
141
197
100
196
122
175
100
138
130
182
178
190
109
187
161
112
135
146
196
151
182
173
132
200
180
169
101
159
124
144
107
109
145
0 1 19
1 2 6
0 3 40
2 4 32
2 5 47
5 6 44
3 7 56
0 8 52
6 9 41
2 10 38
4 11 24
2 12 14
8 13 56
1 14 19
14 15 13
4 16 31
9 17 29
6 18 58
16 19 51
10 20 18
4 21 28
5 22 57
15 23 27
5 24 57
13 25 19
22 26 54
8 27 24
22 28 54
26 29 22
17 30 40
1 31 6
7 32 37
5 33 60
25 34 0
32 35 45
23 36 31
0 37 54
16 38 29
4 39 5
30 40 49
37 41 57
26 42 17
31 43 29
18 44 24
43 45 35
33 46 21
2 47 1
40 48 20
27 49 23
6 50 42
27 51 42
0 52 36
11 53 14
24 54 45
17 55 13
50 56 46
45 57 55
45 58 9
48 59 38
32 60 4
27 61 10
27 62 7
57 63 52
30 64 53
21 65 11
27 66 47
58 67 36
59 68 45
9 69 57
31 70 23
53 71 24
13 72 5
43 73 37
0 74 60
55 75 17
44 76 56
11 77 30
36 78 48
74 79 4
16 80 50
32 81 32
15 82 10
59 83 52
20 84 14
52 85 27
17 86 5
7 87 56
46 88 28
59 89 21
22 90 0
86 91 50
55 92 28
12 93 41
72 94 33
42 95 27
10 96 30
44 97 36
93 98 44
91 99 57
12 100 12
48 101 51
95 102 35
27 103 8
5 104 30
65 105 39
58 106 12
37 107 13
38 108 37
62 109 56
90 110 7
99 111 30
21 112 0
79 113 36
83 114 37
35 115 28
51 116 21
64 117 38
41 118 42
26 119 45
73 120 6
6 121 60
43 122 51
85 123 6
116 124 56
108 125 35
109 126 59
109 127 46
12 128 27
6 129 21
122 130 35
15 131 14
58 132 15
131 133 11
35 134 39
95 135 33
6 136 35
110 137 22
93 138 0
79 139 33
97 140 29
136 141 10
33 142 30
71 143 6
50 144 24
44 145 1
27 146 29
125 147 46
121 148 48
141 149 2
117 150 25
20 151 29
67 152 35
68 153 59
93 154 53
152 155 19
48 156 48
62 157 42
66 158 57
14 159 33
40 160 39
71 161 54
134 162 41
99 163 59
55 164 39
86 165 49
0 166 16
102 167 22
121 168 13
166 169 44
97 170 59
158 171 39
58 172 53
90 173 36
90 174 30
169 175 38
99 176 49
150 177 47
162 178 4
94 179 46
62 180 17
90 181 37
31 182 43
67 183 60
7 184 3
5 185 28
71 186 49
133 187 14
146 188 35
60 189 38
22 190 48
186 191 2
2 192 17
5 193 37
190 194 1
11 195 12
148 196 9
75 197 42
171 198 47
187 199 17
136 200 28
196 201 46
76 202 15
4 203 21
158 204 22
53 205 56
198 206 32
109 207 59
116 208 23
119 209 2
174 210 0
87 211 53
113 212 6
32 213 40
17 214 4
43 215 53
54 216 44
28 217 46
101 218 25
19 219 3
138 220 22
165 221 52
137 222 58
158 223 60
190 224 56
61 225 7
31 226 12
37 227 59
97 228 24
64 229 20
210 230 18
97 231 7
167 232 59
137 233 19
116 234 40
125 235 41
120 236 50
89 237 11
12 238 59
41 239 37
98 240 12
156 241 18
92 242 7
239 243 43
36 244 36
97 245 55
36 246 29
240 247 51
163 248 27
82 249 0
153 250 10
20 251 24
134 252 60
17 253 51
192 254 59
138 255 38
98 256 48
44 257 2
188 258 2
174 259 57
60 260 17
184 261 22
0 262 16
199 263 53
175 264 4
180 265 11
96 266 37
253 267 15
26 268 43
33 269 36
145 270 26
152 271 30
170 272 22
198 273 35
244 274 40
177 275 34
154 276 37
137 277 4
106 278 54
60 279 20
80 195 42
169 220 54
184 215 9
272 274 52
89 212 15
112 171 51
89 119 7
56 104 42
194 201 14
155 215 28
113 222 49
128 278 47
125 204 43
113 166 59
269 276 56
40 259 54
149 179 43
233 249 13
153 259 13
116 148 40
165 238 45
44 143 43
106 267 30
252 267 32
134 171 58
14 135 9
167 268 38
151 165 40
136 203 5
276 279 22
224 226 14
182 226 22
114 236 22
246 267 9
207 278 15
246 272 18
34 262 18
250 253 47
185 218 23
81 130 0
225 279 27
273 279 1
199 249 59
110 236 23
174 245 23
96 248 33
275 276 44
135 158 35
72 89 46
5 62 52
151 215 54
196 255 49
191 233 18
21 50 37
58 156 5
151 194 58
179 250 51
146 151 51
210 232 54
14 138 46
172 214 29
251 262 15
244 277 27
274 274 44
246 276 13
171 230 60
209 230 50
21 167 26
2 113 54
224 246 29
105 276 24
131 278 40
19 66 49
87 174 3
130 149 41
37 279 32
111 160 21
87 129 38
134 194 24
89 114 57
4 26 25
236 237 40
26 126 26
5 25 11
123 202 43
40 187 55
169 269 28
71 252 39
40 143 36
241 257 12
128 134 37
215 243 33
188 275 53
83 275 4
198 226 36
146 263 27
76 132 41
56 174 35
91 158 50
44 256 23
266 275 4
108 210 27
226 264 18
170 208 39
15 49 29
42 216 48
122 222 37
11 18 2
1 150 32
134 203 13
116 186 2
222 275 16
23 213 8
71 202 13
70 141 23
116 162 33
249 269 5
120 166 33
231 276 14
119 256 16
224 236 50
236 256 10
57 118 8
81 192 39
197 197 13
68 124 17
105 278 22
151 153 35
116 125 4
180 248 33
28 186 34
122 258 31
194 264 32
57 212 52
9 161 44
230 264 54
67 245 25
64 273 29
125 143 36
173 236 33
153 241 43
260 260 3
233 274 7
20 244 55
156 256 0
16 18 43
197 248 2
211 232 56
80 247 46
7 161 36
138 245 30
11 40 1
73 250 51
37 242 56
102 235 23
208 242 4
229 229 31
138 183 36
9 97 35
164 198 49
125 151 17
258 262 45
193 266 36
58 219 38
24 64 13
123 263 20
65 190 58
139 202 23
145 225 40
126 160 40
184 193 33
152 153 47
87 111 33
245 260 37
206 262 26
174 179 57
158 224 5
113 178 11
231 278 34
35 213 54
224 269 17
232 235 40
210 267 13
47 85 52
136 140 27
39 158 27
208 238 14
269 278 7
66 71 5
191 232 7
154 224 55
99 260 35
23 45 23
211 214 22
116 206 44
10 86 51
174 267 19
17 267 0
154 213 17
190 238 22
262 279 58
211 272 31
28 272 15
48 262 47
227 236 32
271 279 36
118 247 47
85 202 42
3 17 24
103 158 20
158 233 23
203 272 2
48 205 32
78 202 23
64 95 21
168 225 33
39 187 11
207 275 24
172 204 20
8 203 51
153 227 54
146 260 59
165 167 27
6 274 40
112 268 42
236 251 5
35 278 5
37 153 56
48 141 49
234 248 23
119 240 34
105 240 25
198 234 19
46 247 9
81 123 47
65 269 42
218 263 35
64 128 52
82 197 18
100 247 49
265 269 43
242 258 5
202 264 22
232 256 12
68 137 41
149 279 8
229 261 13
166 222 35
55 63 29
250 262 29
21 122 41
233 263 49
90 196 11
70 202 49
121 186 32
183 225 27
153 260 56
163 169 9
253 277 49
93 102 53
156 159 48
102 207 39
122 243 31
130 146 39
275 277 35
194 232 23
7 11 48
235 270 5
56 125 36
141 230 57
98 165 45
133 218 15
164 195 9
222 262 47
84 238 18
15 265 7
41 56 2
163 255 55
252 253 53
149 270 55
90 162 31
224 252 33
247 256 32
27 97 14
169 214 16
157 247 31
242 271 42
123 126 50
151 183 56
112 140 58
168 189 45
239 246 1
263 279 18
45 196 35
181 233 46
221 250 4
172 172 39
268 279 45
206 245 31
28 125 13
94 276 20
71 234 48
23 238 27
226 262 14
174 256 29
3 172 13
258 271 48
219 251 14
67 70 23
74 242 54
116 145 42
202 274 34
227 266 29
215 269 26
18 103 28
30 191 54
246 278 12
183 191 30
39 241 17
107 229 3
123 170 51
69 174 25
25 123 53
198 237 26
21 265 19
102 108 12
133 143 31
116 132 58
129 175 58
192 215 23
104 114 41
93 218 6
206 222 2
149 209 38
51 210 38
184 255 44
180 254 10
3 230 0
273 278 3
178 241 47
261 272 59
245 274 46
195 229 29
175 233 57
44 90 6
58 251 7
125 208 33
63 218 47
116 216 31
126 174 54
270 279 25
227 229 16
198 256 6
8 43 11
267 276 59
27 55 46
249 261 35
169 171 50
176 247 49
216 267 42
194 213 3
172 191 8
272 273 56
205 212 35
140 269 7
115 199 50
185 191 0
251 273 6
149 180 35
62 120 13
77 192 43
170 255 19
151 263 9
162 266 4
140 154 13
143 267 55
42 149 31
216 216 57
137 206 51
234 253 39
39 184 39
261 269 32
76 269 42
213 240 30
213 216 3
117 224 10
97 129 39
58 167 54
83 267 19
26 251 10
30 238 4
238 254 12
115 275 42
119 183 36
82 228 17
80 244 51
234 263 24
75 176 57
129 248 33
256 276 5
242 264 31
119 171 7
257 267 5
8 129 42
184 256 8
181 216 3
211 228 30
103 109 27
138 196 6
47 205 58
162 246 46
64 245 37
241 251 25
18 53 15
87 261 25
100 152 57
195 259 54
239 254 48
170 263 44
248 277 59
211 234 50
196 220 55
59 115 54
165 226 36
20 234 53
212 250 30
141 219 51
23 233 2
111 227 31
21 133 4
169 216 13
115 212 29
129 178 32
215 275 27
193 253 54
182 224 56
3 166 34
73 196 16
106 227 28
83 151 5
135 187 17
64 214 10
143 158 58
59 78 54
79 117 14
129 262 1
252 263 21
125 261 11
62 185 29
192 245 44
276 277 27
72 117 15
188 190 9
221 273 31
241 269 40
277 279 10
84 276 6
229 245 54
191 205 57
45 249 42
259 276 6
208 215 56
167 252 0
88 101 17
162 217 18
173 239 21
8 65 43
139 236 49
181 272 57
184 194 46
264 264 10
209 214 30
144 156 52
48 200 3
180 204 4
111 260 43
69 105 46
32 250 55
48 119 4
10 131 59
273 274 12
212 271 49
81 144 53
163 209 17
94 130 59
192 226 27
116 266 24
27 34 27
133 240 2
227 232 9
130 266 34
6 273 2
104 243 19
114 153 56
169 184 40
80 200 52
13 112 40
227 274 20
253 276 7
204 246 37
63 207 13
156 195 39
185 206 54
1 153 29
204 206 56
225 272 50
91 132 33
59 179 2
98 131 34
62 184 41
83 167 42
83 170 12
64 196 26
226 232 30
189 192 30
260 266 46
51 184 10
89 197 14
156 179 59
271 272 60
14 50 58
268 275 12
22 269 37
74 248 37
194 229 23
231 234 45
70 262 54
142 279 55
139 151 41
79 244 59
200 253 16
1 229 14
128 261 10
154 223 10
188 238 26
228 262 54
81 239 7
40 68 0
177 253 32
81 231 37
57 208 9
23 54 9
190 260 5
204 272 44
59 180 17
105 164 22
269 269 60
51 131 32
5 279 6
29 231 41
160 221 10
52 205 29
179 195 27
224 234 33
14 251 26
28 99 36
34 256 11
144 158 47
108 194 11
28 134 60
157 239 44
143 146 44
181 214 57
196 278 23
11 90 56
54 229 14
5 39 41
155 200 7
44 188 32
53 217 25
152 240 12
127 182 9
137 183 53
134 156 39
99 129 20
238 271 18
121 134 12
65 86 2
138 141 24
16 235 60
20 247 33
167 251 3
157 269 38
223 254 9
153 252 37
51 119 16
203 215 7
180 211 39
268 270 36
101 162 28
1 194 18
220 262 6
192 275 57
257 257 10
40 99 19
91 222 22
134 163 29
147 167 35
111 262 12
29 59 42
207 252 9
261 264 48
95 155 26
133 173 51
143 171 22
111 279 21
36 207 26
28 118 31
8 142 13
111 156 34
43 82 13
178 204 37
132 174 55
0 194 3
249 256 13
127 175 12
18 140 15
147 230 8
177 279 8
262 268 36
212 229 10
89 155 27
50 240 51
180 182 13
60 155 30
159 277 17
57 246 0
10 272 10
45 258 10
197 201 14
141 276 11
134 225 45
256 258 40
32 93 48
26 241 40
83 253 50
142 185 20
248 278 5
117 261 56
52 175 20
194 278 40
255 268 2
52 279 30
20 276 19
59 228 55
23 118 29
169 197 21
217 238 16
200 272 49
256 265 17
119 250 52
170 215 42
157 262 11
270 274 57
113 188 51
123 261 12
106 235 4
8 175 43
32 101 32
180 268 21
8 61 13
278 278 12
173 276 20
66 114 18
187 262 48
253 269 22
10 57 35
129 134 27
266 276 4
98 130 23
218 270 59
181 203 32
206 229 44
228 274 21
91 116 15
34 193 24
152 165 36
176 274 5
162 188 35
102 266 46
154 264 9
82 183 31
241 279 25
25 222 19
130 197 37
252 275 39
123 219 50
117 277 8
273 273 44
87 272 47
42 176 2
72 223 21
121 183 6
173 198 47
93 242 32
245 263 46
265 279 19
205 208 58
259 273 9
234 244 59
192 241 46
35 70 55
163 174 43
116 201 27
51 162 34
249 270 13
181 239 12
83 83 24
52 257 36
163 223 39
6 265 38
102 192 37
231 243 44
234 250 44
183 189 42
234 275 45
262 276 60
188 208 3
85 166 8
98 170 33
1 159 16
20 125 32
27 106 47
5 253 44
24 177 34
40 46 31
210 210 53
75 213 14
27 104 60
106 130 58
116 157 27
61 190 33
161 196 50
80 270 49
230 251 49
265 272 21
134 169 60
73 254 39
4 197 47
165 166 35
77 236 38
130 220 37
103 276 45
34 246 31
85 253 48
27 143 6
267 279 59
63 182 56
124 213 58
145 221 5
170 240 34
215 261 27
171 177 4
203 278 43
2 234 25
140 221 11
149 214 11
53 68 25
217 227 57
96 190 47
232 267 44
239 269 48
239 261 1
186 208 9
15 183 49
139 213 36
218 235 34
100 110 6
217 254 45
257 273 3
240 245 50
102 219 27
263 269 42
128 140 23
97 217 8
174 192 40
127 147 17
181 235 23
232 233 55
125 267 24
181 245 36
143 182 33
87 203 55
61 213 17
173 257 47
231 248 13
86 252 12
51 178 6
276 278 55
176 263 29
53 202 46
143 248 30
171 275 33
71 79 55
167 185 5
168 202 20
25 139 49
93 188 2
194 198 22
61 62 44
154 193 16
230 239 0
143 260 32
149 225 27
167 192 12
201 261 26
168 226 3
83 276 32
187 198 22
221 249 2
60 83 40
239 239 1
238 256 25
261 265 35
117 185 39
5 213 11
111 115 43
162 166 52
237 264 20
97 147 55
233 269 1
26 257 51
9 263 51
193 275 7
35 166 58
20 76 24
14 197 1
70 93 35
17 19 35
249 258 16
124 130 4
23 187 60
126 205 52
159 209 21
189 234 34
137 157 20
223 251 47
18 108 27
92 258 13
28 149 16
75 147 30
86 251 33
259 274 43
150 247 39
83 90 24
202 238 7
30 227 20
108 256 17
235 244 42
49 152 45
271 277 14
146 269 60
214 263 1
160 160 13
6 236 7
249 274 23
278 279 57
90 150 19
246 271 24
43 171 7
94 114 47
227 233 13
242 259 43
245 279 24
124 200 49
65 233 47
194 271 31
232 279 42
235 253 35
3 27 9
169 265 16
66 272 52
179 202 12
141 210 7
164 201 15
224 253 59
207 279 55
120 255 27
186 239 10
259 265 50
139 198 6
146 167 56
217 232 3
134 218 34
78 177 45
180 263 30
257 279 19
103 134 18
24 170 23
77 108 22
0 232 45
41 226 53
238 279 18
57 202 35
143 161 45
56 99 58
277 277 0
256 261 26
158 252 22
79 141 27
165 215 54
139 178 35
134 275 2
105 105 17
221 224 35
150 257 47
269 273 57
18 45 38
254 270 30
112 195 20
252 269 55
221 235 49
199 226 40
111 159 48
130 193 47
130 187 22
96 166 25
68 272 38
95 259 3
99 246 13
169 262 16
257 271 38
234 276 23
19 205 8
46 106 38
128 241 11
199 215 35
234 242 50
237 248 9
199 213 55
153 180 46
272 277 5
36 109 22
20 228 40
99 230 46
244 252 33
43 208 9
166 225 41
54 219 10
258 277 40
26 221 50
185 197 39
58 114 7
13 22 52
139 206 20
227 279 58
109 124 46
72 142 52
102 222 22
203 254 34
219 239 47
37 235 34
122 244 55
27 91 35
88 220 10
145 152 2
229 263 22
247 261 55
113 252 15
188 232 43
12 176 46
251 279 55
199 207 16
90 118 8
166 178 40
35 77 4
109 184 27
190 210 20
198 213 58
109 195 52
107 107 37
238 258 37
271 276 17
85 131 50
102 258 23
34 130 10
164 174 49
104 153 29
119 191 51
21 108 5
170 229 19
209 274 7
187 212 50
5 257 0
183 227 10
102 240 47
272 278 50
88 141 31
103 138 16
139 201 40
222 239 52
202 209 18
23 75 43
100 105 20
33 66 40
26 188 16
198 199 59
258 272 32
140 194 46
80 99 41
140 252 8
232 236 23
263 270 49
66 92 20
254 254 45
120 143 21
215 241 54
210 213 20
179 266 42
170 200 46
7 194 13
20 197 2
87 109 57
168 229 54
159 180 45
182 193 16
274 275 58
269 271 10
2 90 12
195 216 35
52 98 15
170 239 32
199 216 20
79 108 11
152 229 15
4 220 52
128 176 36
37 264 1
255 261 4
108 224 5
90 166 24
209 255 34
273 277 44
123 177 2
29 246 3
17 182 3
100 157 43
202 278 43
272 279 11
21 144 10
277 278 51
62 139 48
58 79 7
244 275 47
237 242 53
37 149 8
171 224 58
137 146 20
261 262 33
185 277 23
198 251 38
111 124 20
248 272 45
161 277 5
100 166 31
173 262 17
234 258 31
101 147 27
54 112 33
275 275 14
91 249 43
258 264 27
14 261 52
80 274 38
108 216 14
263 266 11
270 271 23
156 274 15
136 259 39
136 184 59
68 116 49
190 275 38
53 255 28
160 217 9
71 231 22
139 193 33
125 197 6
119 174 37
152 219 56
59 252 31
45 206 60
138 159 14
156 238 48
238 268 8
14 192 43
205 271 32
214 217 25
205 243 49
168 234 3
242 246 44
181 224 2
213 249 19
159 175 54
12 156 17
15 31 8
198 250 15
61 91 56
138 165 20
231 242 55
145 191 49
171 242 27
16 180 9
60 239 50
128 199 9
189 276 50
11 37 32
262 271 55
150 184 23
128 242 0
245 270 7
144 230 15
172 186 35
256 273 10
121 184 1
155 201 37
246 269 50
104 165 54
94 94 60
245 268 25
50 80 56
97 158 32
