130 650
179
118
190
144
157
140
190
150
150
154
175
181
150
170
143
115
127
146
133
132
177
111
189
193
114
186
145
109
169
193
161
131
148
117
117
193
119
196
145
119
189
140
100
148
163
109
198
146
131
121
137
175
178
100
130
156
182
115
174
115
146
181
130
144
101
157
183
194
184
115
103
147
175
118
143
129
196
127
166
118
174
183
103
131
170
143
158
192
168
102
100
181
147
125
135
131
102
162
198
108
192
179
125
142
193
127
164
188
180
189
186
138
162
155
120
103
116
101
124
129
193
127
187
120
198
108
131
198
165
159
0 1 46
1 2 45
2 3 21
1 4 2
0 5 6
5 6 44
1 7 15
6 8 15
7 9 5
8 10 26
1 11 54
1 12 37
7 13 56
5 14 34
8 15 51
3 16 7
1 17 30
6 18 14
14 19 35
16 20 38
9 21 51
10 22 45
13 23 6
1 24 0
2 25 57
14 26 39
9 27 10
15 28 6
17 29 55
23 30 11
22 31 39
19 32 8
24 33 44
2 34 18
20 35 7
14 36 5
27 37 55
1 38 47
25 39 15
33 40 37
8 41 10
41 42 39
34 43 7
26 44 18
18 45 50
38 46 24
23 47 55
21 48 28
26 49 32
14 50 5
6 51 2
45 52 40
19 53 50
52 54 49
49 55 32
33 56 41
53 57 60
6 58 35
35 59 24
55 60 7
32 61 17
23 62 56
23 63 24
58 64 57
49 65 53
9 66 10
53 67 20
56 68 54
19 69 13
35 70 39
18 71 21
51 72 30
20 73 6
70 74 24
67 75 39
41 76 2
6 77 42
54 78 33
65 79 21
54 80 56
51 81 29
49 82 29
41 83 44
8 84 10
7 85 44
4 86 26
79 87 28
74 88 49
22 89 29
24 90 57
77 91 13
14 92 28
22 93 49
73 94 5
61 95 22
45 96 42
47 97 33
21 98 10
41 99 45
64 100 45
38 101 57
64 102 19
39 103 51
45 104 37
104 105 46
77 106 5
26 107 16
40 108 57
27 109 32
105 110 43
69 111 53
97 112 42
98 113 46
76 114 14
37 115 9
52 116 1
104 117 29
21 118 32
19 119 0
46 120 19
115 121 9
44 122 46
23 123 12
97 124 16
60 125 53
26 126 10
57 127 20
98 128 60
89 129 29
49 80 13
3 33 28
109 128 50
3 119 3
23 55 51
28 105 13
51 71 11
53 74 28
26 100 28
70 79 34
36 112 44
7 45 13
5 61 37
21 58 1
47 78 57
116 122 45
91 103 24
110 127 23
25 105 1
3 35 38
93 104 48
127 127 35
54 106 50
66 94 33
45 127 39
126 128 57
5 30 27
28 96 23
29 94 36
86 117 40
117 123 56
114 127 37
106 119 5
125 126 11
46 85 10
5 84 27
25 76 40
80 103 45
28 34 50
96 129 35
9 41 24
107 109 41
70 82 6
59 74 4
85 89 45
111 120 8
51 99 59
56 71 53
32 129 24
102 118 17
127 129 38
21 56 17
119 127 38
122 127 54
48 113 26
93 125 23
114 125 31
75 119 33
57 100 23
14 89 0
19 110 60
109 124 36
65 92 5
8 89 22
45 113 6
38 114 55
88 117 53
58 60 58
27 92 57
76 84 3
68 100 32
10 55 45
59 92 3
71 115 52
11 67 34
14 68 29
33 68 42
58 100 33
73 75 46
94 97 26
40 84 23
77 126 59
69 94 26
24 100 2
73 121 60
93 109 1
6 117 50
18 34 51
80 93 54
128 128 31
85 101 11
67 93 0
36 114 13
125 129 18
58 70 17
20 33 14
41 60 14
84 96 35
14 43 13
64 79 25
124 129 12
44 93 31
78 90 22
112 122 27
26 31 57
116 126 43
45 80 53
73 119 44
27 110 38
66 113 4
108 126 42
21 41 59
20 126 52
91 112 32
51 110 34
99 123 1
31 32 27
4 7 57
72 89 3
62 76 39
66 69 29
107 127 46
90 125 21
61 115 43
55 68 21
107 114 40
50 81 25
26 62 22
66 73 7
118 121 49
38 82 52
23 70 31
117 129 50
116 125 17
84 122 4
1 102 26
83 104 15
14 33 30
101 128 27
117 118 16
118 120 48
4 108 10
17 94 55
89 97 38
53 72 4
55 66 11
56 128 55
50 60 6
9 123 20
124 124 55
110 124 38
71 84 44
20 70 24
30 62 6
95 118 16
72 96 7
109 117 31
68 74 37
76 118 46
59 59 26
91 105 34
2 122 25
112 120 56
90 113 9
90 98 24
97 102 51
84 94 29
42 45 9
14 53 54
71 87 22
29 90 35
25 49 47
14 81 35
47 88 41
72 129 27
68 122 47
115 129 40
29 93 31
50 95 2
95 119 8
103 122 53
36 126 56
92 93 10
103 116 49
37 63 7
17 123 31
119 119 42
49 115 22
104 111 4
50 74 18
86 121 46
92 122 0
123 126 29
31 66 11
120 121 59
31 126 51
62 78 28
107 107 18
13 38 19
69 101 2
60 71 35
39 114 27
12 98 31
70 89 41
107 122 37
98 102 41
113 129 19
38 79 2
99 118 10
0 80 49
7 120 46
91 119 26
10 60 42
4 64 11
109 122 50
91 99 17
45 82 60
48 97 7
81 119 36
92 116 4
51 116 30
110 126 29
94 99 16
84 109 24
95 99 10
121 122 24
91 117 22
75 95 42
11 63 22
103 115 32
36 76 18
12 29 15
77 117 6
60 122 24
40 54 44
81 86 19
121 127 21
28 40 14
33 103 45
76 110 27
78 112 59
117 127 0
57 99 51
46 47 29
55 95 35
58 86 6
101 124 36
12 43 56
119 125 33
43 78 23
101 107 8
19 72 29
40 118 38
37 72 34
62 98 40
85 111 40
104 128 48
109 126 35
67 72 30
5 89 5
30 87 39
107 124 9
62 75 2
93 110 15
104 110 19
45 87 53
54 115 41
3 106 12
123 129 58
34 34 51
65 83 3
82 97 3
100 116 30
34 108 16
55 104 35
89 126 18
90 97 18
87 100 32
36 49 53
110 125 6
51 112 12
78 82 28
12 128 19
73 118 5
47 96 4
7 112 44
9 85 11
9 55 28
40 123 30
58 115 11
69 84 22
91 102 56
102 127 18
17 31 13
63 90 5
115 125 9
67 129 46
67 128 26
24 37 3
64 111 18
98 129 12
124 127 57
39 68 10
118 122 39
16 75 9
77 120 20
77 108 36
99 115 57
72 88 40
44 65 7
118 126 30
23 107 24
9 76 15
30 67 20
67 111 47
125 127 22
41 126 24
5 126 30
120 129 16
50 111 29
71 82 5
20 64 27
120 123 3
57 115 59
106 124 37
98 116 7
77 92 47
31 97 41
53 63 39
67 69 32
20 102 53
34 104 28
113 126 9
9 53 27
53 128 24
105 127 58
28 36 50
49 118 2
27 116 42
75 112 59
122 124 58
65 123 31
94 126 7
9 20 12
74 117 40
101 108 37
16 50 13
98 117 37
89 95 17
1 118 20
17 79 21
24 70 8
49 127 13
36 53 3
9 32 9
101 115 17
69 106 23
97 116 52
6 49 32
102 104 46
20 85 50
81 110 12
29 97 23
103 110 4
81 81 32
2 12 23
96 114 38
53 126 42
9 61 7
107 123 14
89 128 54
31 62 38
89 93 36
102 117 4
104 107 8
77 95 58
25 65 56
79 112 12
100 126 5
38 52 43
55 125 4
102 102 2
105 116 20
36 42 0
126 127 28
17 59 46
21 89 26
92 110 1
73 74 43
118 124 46
85 87 54
9 33 21
117 120 24
41 80 23
78 105 10
28 63 32
128 129 47
41 70 37
11 72 6
48 120 59
37 105 37
37 117 1
86 119 50
60 78 30
86 94 19
110 118 39
95 102 0
45 99 4
0 109 4
24 53 22
108 109 33
35 71 32
98 121 26
9 22 12
18 49 15
54 61 2
14 91 35
98 101 46
82 129 9
83 100 39
50 110 12
42 84 44
15 50 15
79 83 40
90 104 51
41 85 30
30 124 23
64 98 34
114 117 59
65 90 25
41 115 44
78 125 0
120 122 5
44 52 26
116 117 13
78 115 58
68 117 37
113 116 22
47 85 14
17 22 49
126 129 40
106 108 0
43 94 10
15 72 5
119 124 18
126 126 47
16 108 28
11 55 27
53 83 50
56 77 52
48 125 47
72 83 20
18 67 8
87 117 46
32 83 16
85 103 54
29 96 49
114 115 20
124 125 14
67 77 52
36 82 33
4 92 30
59 111 12
104 112 5
75 125 31
111 113 57
110 122 60
20 31 25
39 92 49
5 59 27
25 84 53
50 101 21
47 89 12
6 32 9
116 120 37
125 128 43
98 107 21
43 74 55
61 65 17
38 97 19
97 107 50
78 114 39
94 106 16
32 89 19
21 110 55
12 74 35
10 28 46
87 101 60
33 50 9
83 123 51
32 44 8
80 102 21
104 116 42
106 115 52
82 109 43
37 82 8
20 48 54
62 129 34
92 119 7
27 125 1
105 115 5
67 124 16
85 118 19
90 110 41
62 112 32
85 98 4
112 126 29
29 128 0
27 103 8
71 78 33
106 109 10
100 128 17
33 41 13
17 81 58
30 98 47
19 45 44
6 12 47
88 124 33
38 73 23
76 101 45
88 93 6
