130 650
179
109
159
165
140
114
184
200
175
134
165
118
112
154
200
173
112
132
183
145
137
125
169
114
154
123
156
164
143
120
159
197
172
116
155
107
128
181
162
100
195
109
139
200
185
120
139
158
142
149
156
176
104
126
110
149
105
140
117
121
170
192
142
139
129
180
128
187
200
155
131
117
110
103
135
192
172
121
177
158
153
173
150
138
182
170
168
152
142
152
180
138
112
197
145
134
179
156
103
122
134
178
101
146
157
133
102
186
198
117
159
104
171
141
124
109
108
103
175
118
122
196
122
190
121
196
161
156
198
114
0 1 38
0 2 39
0 3 53
1 4 23
0 5 53
2 6 34
6 7 57
6 8 43
8 9 20
6 10 44
0 11 49
6 12 44
10 13 55
2 14 14
11 15 1
5 16 31
14 17 30
3 18 0
17 19 22
1 20 48
8 21 23
11 22 23
13 23 35
16 24 25
13 25 15
1 26 18
8 27 2
21 28 52
23 29 41
2 30 56
15 31 33
5 32 29
25 33 26
11 34 24
21 35 25
16 36 55
8 37 10
3 38 51
32 39 29
13 40 20
15 41 36
21 42 17
14 43 15
35 44 23
43 45 27
44 46 49
12 47 32
16 48 58
12 49 13
38 50 3
29 51 60
41 52 30
35 53 54
6 54 36
33 55 57
14 56 11
56 57 6
31 58 51
7 59 41
23 60 1
44 61 15
32 62 40
29 63 9
53 64 38
6 65 37
0 66 46
35 67 60
9 68 33
47 69 21
32 70 9
9 71 58
5 72 31
0 73 8
42 74 55
12 75 5
13 76 41
9 77 6
27 78 18
27 79 8
63 80 36
12 81 60
71 82 18
8 83 47
20 84 35
49 85 9
31 86 34
76 87 7
53 88 25
41 89 52
66 90 10
23 91 19
51 92 37
64 93 51
28 94 18
53 95 38
63 96 56
43 97 14
26 98 41
60 99 48
37 100 29
55 101 21
28 102 48
92 103 60
16 104 58
17 105 18
41 106 41
69 107 22
0 108 50
45 109 41
22 110 53
60 111 30
81 112 36
64 113 7
71 114 46
41 115 19
88 116 34
18 117 15
2 118 5
69 119 50
105 120 7
74 121 5
33 122 58
94 123 58
64 124 18
99 125 41
55 126 19
78 127 51
54 128 21
10 129 33
46 64 48
21 49 0
75 88 30
124 126 40
21 45 48
115 115 14
41 90 28
120 124 49
99 107 33
14 80 50
100 121 4
30 46 57
103 113 53
86 128 24
45 105 48
92 129 6
21 72 14
67 115 25
80 86 53
102 112 54
120 126 42
72 105 42
19 102 6
34 36 28
27 54 25
59 120 17
97 126 47
78 128 17
118 128 23
85 100 51
64 111 34
12 88 43
21 48 42
14 109 19
16 88 1
55 107 21
117 124 23
64 65 42
112 114 35
116 121 31
125 128 33
46 59 33
111 125 58
88 126 36
108 118 0
41 49 15
52 128 37
90 119 29
116 124 53
85 87 42
66 86 58
70 87 41
89 122 49
45 121 36
8 31 11
126 128 42
29 128 10
104 119 26
123 124 39
30 127 25
78 89 27
5 126 60
99 117 16
69 73 34
6 105 25
79 114 11
85 114 13
32 107 23
1 128 2
43 82 28
87 106 34
59 67 3
63 87 9
17 78 56
98 104 2
11 42 32
46 97 26
76 103 28
28 77 60
16 51 24
9 109 22
13 104 35
59 121 49
97 121 35
83 88 26
72 107 20
5 22 10
115 124 8
45 93 40
119 123 57
61 70 45
127 129 4
45 111 42
12 114 28
45 45 59
56 87 13
79 79 20
81 82 1
102 128 48
96 112 55
36 68 9
103 103 30
121 129 28
96 97 19
52 103 28
6 56 48
11 74 57
48 52 0
56 128 18
110 123 14
103 122 35
104 107 23
40 89 41
90 97 40
87 128 55
33 61 20
10 115 21
79 98 34
0 55 11
91 128 45
90 129 44
99 106 7
61 80 41
93 112 1
117 118 33
77 103 57
24 40 38
16 95 25
16 16 26
12 73 12
40 76 59
93 111 47
68 69 7
80 113 15
85 90 50
98 122 37
96 118 57
105 114 23
42 55 4
6 48 17
10 51 18
71 129 8
71 111 0
77 127 45
85 126 31
128 128 28
45 65 1
29 91 59
105 117 52
90 103 51
36 117 23
16 120 35
47 117 17
120 122 0
23 116 44
81 81 44
98 112 17
50 82 3
98 98 35
56 67 48
116 120 22
9 74 39
21 33 58
18 20 51
33 33 5
120 121 24
10 114 1
68 101 51
43 120 27
9 51 2
62 73 59
63 99 47
61 98 18
41 100 44
107 129 5
91 105 50
85 125 22
7 14 20
107 117 52
99 121 23
83 96 28
10 93 0
33 110 28
82 110 8
76 107 56
28 30 36
84 123 14
10 79 24
12 46 10
95 119 38
87 91 22
93 126 20
15 29 50
100 126 23
51 119 35
8 106 56
31 76 43
50 66 57
14 93 7
116 125 58
38 65 35
83 93 37
11 103 31
71 99 8
72 90 2
35 58 5
94 100 49
27 88 22
12 22 36
53 101 56
109 123 38
65 71 49
56 112 0
85 116 45
46 126 35
7 28 38
22 109 28
103 112 17
119 120 14
51 63 45
110 116 40
92 96 48
92 115 10
114 126 21
43 81 56
11 123 23
108 125 16
36 99 28
105 108 4
24 98 17
66 67 42
112 124 52
83 129 17
40 77 47
126 126 44
103 129 1
81 100 40
66 69 10
104 114 3
58 59 2
45 73 37
42 123 40
59 70 5
69 71 17
113 115 42
52 102 12
12 78 33
76 117 31
17 22 21
78 80 42
8 128 2
44 67 58
90 105 19
5 121 3
27 109 16
125 125 15
46 56 19
1 42 2
6 16 4
58 97 49
62 82 51
114 115 15
0 54 33
105 105 7
10 83 14
51 89 13
95 121 54
85 110 38
122 123 19
23 35 18
74 75 55
93 124 3
5 50 58
72 115 7
27 90 11
14 107 50
123 129 56
74 78 39
35 35 6
47 110 40
87 118 21
63 86 37
122 126 13
94 114 42
56 122 27
92 126 26
26 55 19
9 120 13
84 89 15
100 125 8
8 77 16
92 92 28
98 103 56
43 101 7
119 122 39
66 105 4
74 117 59
63 77 6
77 121 46
110 122 27
26 105 3
100 114 27
105 124 57
87 104 26
53 106 29
84 106 50
55 100 41
62 105 31
114 125 41
34 34 37
48 56 32
72 121 38
127 128 51
11 84 16
76 98 43
12 19 14
48 90 59
18 59 45
100 112 27
49 87 36
94 117 0
62 97 19
94 98 24
98 109 49
63 71 3
71 81 37
19 23 13
51 105 17
49 64 5
54 113 4
119 121 24
90 118 3
0 99 16
67 79 44
52 121 12
65 67 6
2 70 34
28 38 11
57 126 51
54 57 17
109 112 5
60 125 18
62 106 44
70 81 3
9 87 33
107 115 44
105 118 58
117 125 37
99 104 4
42 70 39
100 124 4
34 43 51
80 116 5
37 128 34
12 124 35
68 118 30
53 68 43
2 24 21
54 111 53
1 101 7
67 68 16
13 41 8
37 53 50
16 65 26
35 65 4
81 89 58
39 77 24
57 114 5
49 70 52
6 101 18
32 113 25
99 111 29
121 123 38
85 120 23
1 119 17
100 129 21
5 104 28
106 129 48
67 128 13
15 48 59
97 119 0
77 107 18
73 81 12
67 81 31
10 26 15
2 105 46
4 101 15
29 33 44
21 127 14
85 117 36
7 84 27
95 128 30
44 74 10
4 108 20
101 121 26
6 14 52
32 101 34
122 125 21
14 117 57
35 56 43
80 88 5
47 77 59
93 106 30
18 67 16
49 90 18
75 82 38
112 129 19
96 107 19
30 50 22
128 129 39
9 76 56
113 120 15
61 103 55
48 66 59
49 129 7
73 109 27
15 18 10
54 87 34
27 114 47
37 107 1
9 39 34
111 118 49
26 45 52
48 85 16
115 121 30
42 45 40
2 90 48
42 102 47
21 85 4
89 124 23
19 95 1
120 125 21
61 111 35
27 61 38
56 108 2
109 127 55
40 99 58
48 78 5
112 128 17
28 109 3
98 101 42
5 118 46
22 90 13
108 119 29
57 108 3
115 120 54
55 106 37
71 109 38
91 116 38
30 129 40
82 128 60
102 120 49
39 107 55
24 126 60
111 121 7
22 89 16
98 117 3
50 126 5
89 107 19
45 118 46
43 61 52
65 94 50
6 43 12
31 100 11
96 116 34
45 99 59
84 122 19
50 71 60
29 41 49
41 95 13
79 122 17
86 113 7
79 115 34
69 101 39
116 117 23
34 103 32
0 94 9
88 123 26
4 102 52
34 54 15
96 104 57
7 83 26
36 75 4
0 102 0
90 107 36
5 59 54
26 111 12
17 54 49
59 76 48
81 84 21
112 117 13
67 105 15
91 98 49
56 119 53
0 57 2
69 97 41
95 107 29
87 125 12
114 121 7
106 117 7
45 116 55
15 85 7
45 46 34
86 111 37
79 88 8
108 111 26
72 79 25
40 121 7
86 123 57
36 43 15
117 129 5
80 114 0
87 103 16
113 118 26
113 121 52
28 87 6
31 122 39
36 64 58
64 77 23
116 126 3
60 126 29
