50 150
161
178
105
180
112
141
146
135
192
193
129
122
122
134
193
105
195
188
189
163
122
119
114
137
156
177
186
131
182
189
198
172
137
178
125
156
198
100
172
145
160
109
170
200
133
144
185
154
188
151
0 1 45
1 2 14
0 3 9
3 4 16
4 5 17
1 6 58
6 7 25
4 8 51
7 9 26
8 10 37
8 11 15
1 12 32
0 13 29
1 14 12
12 15 34
7 16 7
7 17 13
15 18 43
16 19 53
7 20 54
17 21 18
12 22 46
18 23 40
9 24 23
22 25 35
8 26 16
18 27 43
8 28 37
11 29 45
13 30 3
29 31 22
30 32 21
19 33 7
32 34 44
9 35 20
12 36 57
29 37 10
29 38 20
19 39 2
23 40 40
28 41 22
25 42 12
17 43 21
7 44 45
4 45 43
1 46 6
2 47 49
30 48 14
11 49 9
2 37 19
48 49 2
10 36 16
40 48 50
43 44 36
20 22 56
11 25 13
45 49 17
31 42 33
44 48 27
16 47 56
29 44 25
2 23 55
7 47 24
39 44 33
5 20 57
33 47 59
0 18 13
38 42 57
24 46 24
15 25 14
17 35 25
39 45 46
12 17 53
27 44 20
33 44 53
5 49 60
23 43 5
1 25 42
48 48 24
17 25 12
32 46 8
10 41 3
3 36 51
1 15 32
40 44 58
38 44 40
21 45 51
18 40 24
27 35 25
19 24 60
35 45 4
11 37 18
11 26 41
31 37 47
8 19 42
3 7 57
9 46 12
45 46 48
15 22 13
38 49 30
15 33 54
46 46 3
40 47 5
18 45 45
38 47 59
16 38 29
14 46 9
12 13 17
21 25 28
33 34 47
14 40 53
34 48 7
8 22 11
9 33 2
16 30 32
29 47 40
19 40 35
27 43 30
11 47 55
23 33 41
27 42 42
44 45 28
29 35 7
24 38 18
40 43 20
39 49 3
22 38 29
37 41 37
38 40 56
32 43 1
43 47 10
17 49 0
20 38 6
31 34 25
12 21 25
22 34 45
44 46 32
36 39 43
22 40 5
28 30 56
25 48 29
25 35 60
10 15 18
32 39 20
5 30 19
36 36 56
36 48 16
39 47 55
30 41 33
41 47 60
