180 900
110
123
140
191
104
128
143
126
153
116
107
107
187
194
104
184
120
147
146
186
169
143
121
182
159
179
192
192
152
186
146
121
116
110
178
164
119
159
130
152
129
162
173
142
144
149
189
160
143
148
132
149
200
149
122
177
115
190
150
155
113
120
179
108
197
121
166
111
195
162
169
106
190
112
185
163
159
180
105
196
161
146
166
180
186
198
160
107
192
111
121
150
137
191
165
186
169
115
176
107
127
137
156
104
111
103
169
137
174
121
133
103
154
158
144
150
199
118
143
152
168
137
171
108
165
181
169
173
194
144
145
154
200
101
108
104
179
138
138
115
170
118
136
137
183
155
106
124
195
121
172
138
185
192
174
114
161
169
136
118
171
139
186
135
169
159
129
194
187
108
128
100
177
108
146
155
120
123
149
164
0 1 15
0 2 20
1 3 17
3 4 18
0 5 16
5 6 45
1 7 34
1 8 41
5 9 5
4 10 4
10 11 48
0 12 36
11 13 15
4 14 52
11 15 37
11 16 8
6 17 16
1 18 0
10 19 57
14 20 7
0 21 18
2 22 10
13 23 54
13 24 22
23 25 54
16 26 48
23 27 38
10 28 5
12 29 13
7 30 23
9 31 8
11 32 39
8 33 18
31 34 17
16 35 18
25 36 57
13 37 60
22 38 35
29 39 48
35 40 53
13 41 21
13 42 58
35 43 27
32 44 10
22 45 17
20 46 45
1 47 38
40 48 20
3 49 44
46 50 46
45 51 37
3 52 31
51 53 48
0 54 42
41 55 37
33 56 56
23 57 24
56 58 57
46 59 12
43 60 32
42 61 21
61 62 0
53 63 0
43 64 11
20 65 28
18 66 49
15 67 28
13 68 6
62 69 37
55 70 13
62 71 14
3 72 22
1 73 44
2 74 8
35 75 51
65 76 51
18 77 28
6 78 56
42 79 8
32 80 33
0 81 6
11 82 56
65 83 60
46 84 28
56 85 47
44 86 7
49 87 5
60 88 12
68 89 56
14 90 30
80 91 52
70 92 5
10 93 29
66 94 50
3 95 53
59 96 33
50 97 18
43 98 27
41 99 28
26 100 30
91 101 13
30 102 52
36 103 31
49 104 0
73 105 0
81 106 16
21 107 15
16 108 50
33 109 28
22 110 59
14 111 41
49 112 23
11 113 6
39 114 44
56 115 8
61 116 55
89 117 47
57 118 3
108 119 14
20 120 13
107 121 6
77 122 25
107 123 34
15 124 22
55 125 0
25 126 12
46 127 3
56 128 40
56 129 23
128 130 16
52 131 21
117 132 36
132 133 40
101 134 42
14 135 11
116 136 22
42 137 29
89 138 16
84 139 50
121 140 50
37 141 5
19 142 19
92 143 58
37 144 41
123 145 24
100 146 5
46 147 8
64 148 35
41 149 13
5 150 58
80 151 2
46 152 30
100 153 37
49 154 24
127 155 0
138 156 46
139 157 15
42 158 35
155 159 30
73 160 48
112 161 10
136 162 48
140 163 27
61 164 24
34 165 44
68 166 7
61 167 19
155 168 18
34 169 50
165 170 27
34 171 28
119 172 36
115 173 59
143 174 13
116 175 0
146 176 20
141 177 60
43 178 2
148 179 20
60 120 9
113 164 1
113 146 2
27 73 47
55 171 53
19 150 47
73 100 36
10 148 22
25 61 40
94 144 27
9 89 0
21 51 15
12 95 31
70 89 22
39 64 48
117 117 22
53 116 44
167 170 15
76 140 57
19 57 38
98 136 45
47 109 44
107 107 35
174 178 59
164 175 53
6 124 5
176 176 27
133 172 27
159 161 43
161 163 12
89 113 19
41 165 31
154 173 27
137 176 23
19 124 13
152 154 53
102 115 29
157 174 21
17 142 39
168 176 34
128 146 34
176 177 17
64 84 8
29 120 27
19 159 45
96 157 26
65 81 7
34 83 5
126 131 38
102 148 11
138 165 34
35 45 52
173 176 46
111 146 34
83 153 2
60 173 60
53 148 7
167 179 47
93 133 39
23 108 55
123 154 52
139 174 58
175 177 23
29 145 13
51 100 36
155 176 36
142 151 43
53 137 20
46 125 2
83 147 25
169 169 28
37 131 0
101 109 32
82 155 32
68 111 8
144 177 19
91 126 32
80 148 40
137 170 60
76 80 27
164 177 60
21 121 32
80 97 8
110 164 22
27 109 14
54 130 54
176 179 0
124 141 48
81 166 0
15 17 28
33 147 5
48 139 48
111 173 60
10 63 17
8 144 40
112 121 2
130 172 27
125 149 9
31 111 35
51 65 19
25 138 24
74 152 27
94 101 55
173 178 59
136 139 19
53 170 53
22 27 22
150 171 0
53 154 1
64 142 43
153 179 20
57 89 34
89 95 58
23 86 16
69 103 24
95 130 60
76 120 55
44 117 42
28 136 26
138 168 24
109 168 27
102 163 35
84 111 36
163 178 51
159 175 35
131 165 38
126 171 50
132 160 34
152 170 28
107 166 23
160 166 3
28 29 54
106 176 13
144 150 44
76 155 44
36 142 7
75 164 3
163 168 28
115 163 36
107 172 49
39 162 13
56 113 59
139 164 52
108 162 14
127 142 44
65 158 47
21 141 2
137 167 12
10 91 44
98 103 51
30 164 15
67 76 2
157 166 60
121 147 27
110 163 29
130 161 45
81 124 40
126 174 8
0 137 6
124 151 58
16 41 17
162 168 29
13 94 60
12 152 30
31 102 59
76 142 40
70 77 44
137 140 34
27 145 37
41 76 54
4 87 50
83 161 17
40 97 27
79 177 52
7 94 25
156 161 9
15 103 26
110 134 50
137 172 31
170 178 9
19 82 21
97 178 27
32 140 12
0 85 59
160 175 50
54 127 9
81 176 26
79 162 39
124 160 48
37 166 5
70 167 22
48 129 23
86 100 47
141 168 2
77 110 26
69 140 10
71 90 15
151 170 21
142 160 11
15 44 60
83 179 49
117 131 7
21 158 34
121 122 28
77 92 22
8 29 49
112 127 17
21 21 58
11 21 45
49 81 21
20 53 7
147 179 57
1 5 6
142 169 48
124 134 52
89 121 34
85 148 1
177 179 36
178 178 0
55 163 24
75 137 46
65 110 19
69 148 6
102 139 0
83 116 8
138 163 31
105 128 48
108 165 10
123 137 9
1 176 30
83 144 3
75 97 25
27 102 20
155 157 2
91 138 14
162 170 38
40 76 56
36 46 44
15 147 45
174 176 53
31 68 1
56 91 21
23 114 51
16 161 41
122 172 46
60 110 0
146 163 31
145 176 57
73 165 57
50 65 4
36 104 55
49 63 49
41 121 8
116 121 26
62 123 52
104 111 2
102 170 29
57 133 28
27 78 18
76 173 36
171 175 58
100 172 42
60 123 10
152 164 52
9 51 60
112 145 46
30 91 27
44 137 41
7 19 50
177 178 36
77 98 44
36 179 22
160 176 1
87 152 4
74 167 59
76 102 38
96 159 28
127 166 13
147 171 24
106 164 15
142 142 35
107 117 9
138 142 3
89 130 32
169 174 11
53 70 51
71 93 60
76 99 33
138 159 13
95 117 37
1 110 40
52 114 56
84 97 51
8 21 20
63 116 32
165 178 55
114 167 7
61 120 42
169 178 27
93 132 24
61 93 27
5 130 3
90 120 29
97 156 50
105 154 12
118 128 23
79 101 44
105 105 3
151 172 39
72 166 24
14 66 39
38 162 43
84 161 31
43 172 31
141 148 52
127 132 27
51 133 19
61 142 36
60 87 15
5 56 44
4 66 37
11 91 27
134 137 7
74 97 22
23 116 37
56 106 24
149 157 8
150 153 6
159 176 2
86 146 32
28 74 18
134 165 11
44 71 49
158 169 14
20 61 57
168 175 13
160 170 44
113 155 6
57 61 56
24 135 36
62 122 21
118 151 9
136 148 36
76 103 11
61 122 5
67 109 10
35 160 3
105 111 24
178 179 17
169 175 23
131 154 10
166 172 7
121 168 31
83 176 31
12 136 33
23 94 39
160 165 39
162 169 36
116 159 9
100 154 6
156 157 1
163 174 14
105 177 37
1 114 33
21 117 33
82 154 11
138 151 43
34 75 17
56 179 11
14 143 25
135 148 50
122 149 51
127 163 1
110 136 57
83 113 45
102 122 52
170 176 46
32 54 25
102 175 19
94 126 11
12 54 17
23 78 45
89 110 2
68 96 3
84 134 43
15 70 32
18 128 35
67 73 44
144 173 39
104 128 31
167 169 27
59 130 13
49 136 60
78 142 47
75 175 14
85 134 13
91 99 57
6 74 21
106 117 58
83 174 52
34 104 34
95 142 37
111 123 25
16 110 46
36 54 4
98 107 40
74 88 51
41 97 0
171 179 0
127 150 33
27 126 31
114 149 39
6 137 47
70 101 2
142 168 6
109 135 27
72 127 8
33 40 20
6 105 32
77 127 48
162 167 4
144 174 25
54 61 48
143 157 52
104 146 8
9 68 33
117 147 32
25 70 45
81 153 30
173 175 60
86 89 52
152 175 2
68 139 58
126 148 46
62 63 10
78 149 52
89 128 52
168 172 55
134 134 44
47 155 2
45 115 15
32 89 50
158 158 59
131 141 7
128 150 49
18 110 23
121 145 0
103 160 35
123 136 28
52 153 41
11 38 43
91 169 4
159 163 21
73 102 19
109 122 7
148 170 58
155 177 29
29 142 28
170 171 51
161 167 41
78 151 9
153 153 19
150 152 29
103 118 31
130 144 55
28 91 24
31 174 54
23 26 51
159 170 1
128 137 37
98 118 18
132 144 51
94 149 11
81 112 14
39 121 52
171 173 60
123 174 15
42 62 28
97 138 52
170 175 6
82 105 24
126 141 26
163 179 52
163 173 25
174 177 14
27 162 50
1 30 1
76 85 54
128 178 45
102 133 60
101 179 24
79 155 60
90 114 26
95 129 45
8 119 36
72 136 27
138 166 6
104 178 32
1 142 56
68 173 29
134 135 20
8 166 22
130 176 51
37 56 57
32 142 43
119 131 25
154 176 41
120 171 25
22 170 1
104 150 11
14 89 12
98 168 9
9 105 15
153 177 42
121 176 50
86 105 42
22 85 26
41 56 21
140 142 26
73 158 24
94 131 46
115 159 53
157 162 30
73 92 18
112 147 50
78 144 11
0 25 23
175 175 24
45 146 21
101 106 27
104 148 44
113 153 41
125 161 50
18 145 41
65 103 33
127 148 49
94 99 58
162 179 60
165 169 18
28 92 28
30 83 27
134 159 45
153 174 46
137 150 33
2 82 3
82 117 3
137 169 59
128 131 60
145 154 60
118 169 47
40 108 54
56 140 3
114 150 39
150 163 46
7 75 3
17 131 38
90 172 3
38 96 28
89 134 45
44 49 3
95 113 20
4 178 40
78 171 0
100 126 17
55 151 16
28 168 40
29 116 51
162 175 9
93 111 35
160 161 57
105 134 33
152 157 58
71 144 45
47 146 15
140 167 39
96 117 35
61 108 58
93 114 3
34 149 24
128 136 58
54 140 35
54 76 55
71 95 4
117 163 46
125 169 48
143 172 41
50 156 39
18 63 59
15 77 22
90 108 0
84 160 35
48 98 14
138 174 48
20 79 36
103 121 33
17 122 32
42 92 19
7 145 57
101 108 46
20 175 47
140 176 0
85 169 40
42 128 0
34 154 46
135 179 49
15 145 3
124 161 14
149 160 41
11 93 48
147 167 13
144 169 2
33 46 37
73 76 3
103 113 27
93 175 44
88 132 59
86 103 12
175 179 12
141 163 27
54 65 60
22 82 49
52 172 22
83 89 11
91 142 40
100 165 38
61 70 27
6 111 8
81 159 18
81 179 0
85 90 39
110 159 39
50 177 44
149 169 55
2 57 38
35 86 7
35 87 44
140 159 14
11 139 9
152 161 25
13 51 19
10 83 14
20 145 46
172 179 25
37 73 1
87 132 9
38 125 57
99 122 18
62 133 38
48 107 48
117 156 56
15 111 27
150 166 4
46 69 2
88 158 30
5 31 3
147 168 46
87 173 8
15 29 16
152 177 6
23 172 24
78 98 35
146 151 27
17 175 38
142 162 13
92 144 32
20 129 60
87 156 38
5 151 14
132 151 1
109 179 45
90 117 18
47 173 6
82 143 49
69 138 42
89 173 19
91 179 17
42 49 17
145 145 17
154 154 8
43 127 3
142 178 16
64 88 58
41 143 24
177 177 41
70 141 24
109 110 42
135 173 10
91 175 5
30 107 15
156 159 15
152 173 34
166 169 43
134 157 41
3 11 31
106 119 38
124 165 44
156 160 50
56 71 26
47 95 19
108 173 36
57 171 26
64 143 53
26 29 52
24 48 7
104 105 55
166 168 25
67 107 56
27 56 25
115 161 48
83 112 20
65 100 31
142 167 35
117 126 5
46 108 42
136 154 50
77 167 9
142 174 48
45 81 24
63 133 35
140 164 24
95 160 34
