130 650
112
102
151
101
158
192
103
118
169
194
161
174
125
101
164
134
125
108
101
107
155
183
194
114
101
145
189
167
155
171
166
133
167
152
177
162
133
158
111
124
144
168
157
145
154
122
181
123
175
200
168
106
191
148
171
135
134
200
118
137
132
194
141
154
112
176
125
107
185
169
180
105
170
182
127
172
144
175
112
139
183
135
143
184
146
156
172
106
185
138
109
131
183
149
117
124
151
142
185
180
105
181
175
168
163
182
153
160
143
165
139
104
179
116
114
190
164
163
191
151
166
157
148
181
150
102
173
180
165
115
0 1 0
0 2 54
0 3 16
0 4 21
0 5 31
4 6 4
4 7 51
6 8 19
7 9 37
5 10 50
4 11 4
6 12 21
2 13 57
9 14 16
3 15 32
0 16 22
1 17 28
13 18 47
10 19 60
19 20 19
15 21 45
13 22 24
1 23 5
19 24 8
1 25 20
11 26 19
22 27 26
19 28 37
23 29 22
18 30 47
5 31 57
16 32 24
24 33 20
25 34 3
31 35 35
27 36 27
28 37 25
36 38 40
21 39 49
25 40 9
38 41 20
39 42 20
30 43 53
28 44 6
18 45 37
21 46 34
44 47 42
31 48 29
48 49 8
19 50 9
12 51 7
26 52 59
29 53 46
36 54 17
12 55 44
31 56 42
23 57 50
12 58 4
30 59 53
0 60 22
5 61 25
4 62 29
12 63 56
3 64 34
0 65 27
32 66 60
21 67 0
6 68 35
43 69 56
53 70 36
36 71 5
71 72 28
44 73 2
30 74 29
71 75 46
65 76 43
6 77 53
29 78 1
33 79 52
68 80 36
47 81 31
3 82 47
25 83 40
72 84 17
10 85 56
21 86 11
69 87 9
67 88 36
8 89 41
44 90 31
21 91 4
83 92 12
35 93 45
18 94 40
70 95 51
72 96 15
86 97 11
55 98 9
0 99 40
23 100 18
39 101 8
86 102 27
77 103 31
80 104 54
68 105 41
43 106 59
48 107 5
28 108 14
24 109 17
8 110 25
89 111 41
49 112 53
37 113 4
102 114 11
109 115 47
104 116 57
31 117 52
55 118 24
49 119 19
55 120 44
106 121 20
68 122 19
89 123 42
41 124 13
84 125 15
96 126 52
8 127 17
58 128 15
5 129 19
54 98 4
113 119 26
41 113 31
27 30 49
42 102 59
105 110 12
70 88 38
47 108 48
18 32 17
43 122 5
29 116 2
89 104 45
75 129 7
18 33 15
75 84 30
0 34 38
82 128 0
30 122 40
85 121 15
100 120 7
12 78 21
25 59 7
38 53 24
68 129 3
50 89 59
34 119 44
20 124 38
56 77 9
94 113 4
71 83 16
88 97 38
61 125 25
18 127 54
97 124 53
108 127 25
52 79 37
99 123 11
118 123 52
110 121 23
47 106 44
41 102 5
92 115 57
110 119 26
2 124 4
56 121 14
107 110 55
43 57 38
117 125 43
115 126 27
128 128 27
121 123 56
60 101 30
41 94 18
17 107 28
119 129 55
19 101 45
35 96 6
10 16 50
61 89 47
112 112 8
37 41 3
49 68 45
12 39 43
16 60 57
113 125 27
75 108 22
87 100 11
110 115 6
81 118 45
14 25 18
31 74 29
63 95 11
65 78 6
80 110 17
112 129 51
97 103 21
69 83 4
98 99 50
75 75 21
73 99 25
68 104 16
44 95 7
83 120 30
33 86 48
104 104 13
124 128 49
51 106 6
17 54 22
37 66 14
19 111 38
62 126 35
95 118 29
10 17 30
63 68 58
29 84 49
42 119 43
26 116 16
3 26 57
47 127 13
55 88 5
69 123 38
42 83 49
10 96 21
37 119 28
32 109 43
77 122 36
51 58 0
101 112 11
92 120 31
115 115 27
98 121 23
73 94 52
64 128 22
110 127 43
47 102 35
76 108 10
68 74 23
30 119 49
69 129 3
2 17 52
98 116 36
115 119 54
42 91 45
5 103 59
45 102 10
53 126 10
22 35 5
71 112 38
84 105 43
47 117 6
4 55 27
25 33 18
124 127 56
117 128 49
71 84 4
97 122 18
120 125 28
126 128 4
12 69 13
113 123 57
32 77 10
125 129 40
8 42 8
11 118 6
7 77 39
13 114 22
59 114 60
55 105 44
119 121 12
25 63 30
110 112 26
63 71 13
105 111 25
71 76 8
28 54 7
17 52 15
16 103 8
102 106 10
39 59 10
15 34 31
59 91 28
98 109 35
105 112 36
79 94 21
12 44 38
114 122 24
50 93 3
60 79 38
86 124 48
31 82 46
22 31 30
93 129 46
2 68 50
50 69 51
102 123 28
102 119 58
103 112 60
69 80 48
6 63 28
97 108 20
56 62 46
115 125 14
7 42 2
109 129 29
109 117 32
3 120 44
51 102 12
54 84 46
102 110 45
46 63 55
18 113 44
7 117 7
64 119 47
48 95 0
7 107 42
82 84 53
88 108 4
22 52 58
51 66 48
33 83 45
68 86 51
52 71 54
119 125 52
67 75 44
107 109 39
53 107 51
44 72 26
70 128 49
3 127 58
86 106 31
103 124 23
36 109 53
9 53 5
80 105 51
88 98 38
80 127 0
76 88 56
35 94 13
32 86 51
93 115 59
43 65 50
43 93 20
123 125 18
27 126 22
93 109 1
35 75 57
86 121 33
54 61 45
48 109 49
87 129 53
26 123 16
67 118 29
125 126 6
121 127 52
32 51 14
57 111 34
73 119 43
92 118 24
7 80 22
73 91 31
92 123 59
39 107 26
36 69 18
60 125 25
0 111 19
18 67 45
122 124 50
15 64 22
34 98 12
80 106 15
92 104 19
34 37 54
53 74 3
12 87 49
58 82 37
41 128 26
90 98 43
79 128 56
59 120 19
58 91 5
75 105 39
126 126 50
108 111 11
76 81 29
76 85 23
7 118 36
74 104 50
110 128 10
8 109 25
39 96 42
19 97 56
113 124 31
59 90 24
39 79 38
35 78 41
33 117 49
3 55 37
96 103 32
22 99 42
106 122 18
122 122 7
67 70 22
51 108 42
87 123 1
94 97 2
28 105 51
108 117 43
36 59 42
118 128 27
75 107 57
116 126 10
15 65 60
7 63 52
12 91 40
71 98 54
113 128 56
2 123 55
81 116 0
8 10 9
60 61 10
22 94 23
60 100 14
58 92 43
12 49 5
30 118 56
58 90 22
27 33 60
98 104 38
47 71 10
126 127 53
0 49 11
69 82 46
29 107 60
102 115 25
93 108 49
72 87 34
65 68 8
92 105 42
113 116 3
68 70 20
40 50 48
117 126 27
82 83 17
97 125 54
72 120 11
42 52 42
114 125 58
23 47 40
19 108 13
81 122 2
92 116 19
38 111 30
106 112 12
21 96 46
84 97 58
127 128 42
74 110 31
113 113 31
46 64 41
87 102 47
51 125 46
112 123 2
59 128 11
117 121 44
66 84 25
111 121 26
57 123 23
20 65 39
10 64 43
62 62 26
59 112 5
66 93 54
125 127 1
66 107 11
3 105 28
114 124 23
64 67 26
33 68 7
53 60 34
8 38 15
100 105 23
63 88 27
113 120 22
1 43 41
71 103 56
1 66 32
86 125 26
122 128 28
116 121 31
107 128 48
5 13 3
15 69 36
71 88 30
58 63 49
29 57 3
4 8 49
13 98 20
52 78 3
120 127 33
85 110 30
44 56 14
95 124 24
102 113 38
89 92 24
98 127 13
85 100 32
8 84 24
66 85 43
108 119 15
98 113 11
16 72 30
94 123 41
15 36 11
32 68 1
42 48 8
77 125 8
109 120 55
79 115 32
90 113 56
30 120 28
109 125 26
57 92 36
33 35 47
72 124 44
94 104 14
120 120 9
71 126 50
97 100 1
26 95 20
2 70 44
66 88 2
32 70 31
68 82 28
67 95 21
58 94 39
0 86 38
25 104 42
17 106 51
115 129 17
69 75 13
114 118 10
38 44 36
28 72 10
114 119 38
61 82 54
91 106 31
21 81 23
123 128 13
13 43 23
37 47 42
126 129 38
22 129 31
54 82 17
119 128 33
84 116 31
2 104 37
66 121 58
69 101 20
120 124 23
8 21 1
115 117 48
89 129 3
58 85 12
103 105 45
5 74 47
106 109 14
38 73 8
109 116 51
121 126 59
78 118 19
45 97 33
123 123 34
113 126 24
60 86 10
23 75 44
72 80 24
65 67 9
83 93 43
59 126 51
107 116 50
15 119 15
80 112 10
28 89 16
33 91 20
117 123 51
76 84 33
17 71 16
87 106 43
124 126 8
71 108 19
35 87 14
74 109 45
57 100 23
20 21 46
33 41 1
78 79 32
25 108 19
31 103 20
32 118 18
107 112 37
91 122 52
8 23 26
116 128 10
118 124 52
21 119 32
66 109 32
22 83 3
84 86 37
33 97 24
88 127 23
52 76 51
42 82 21
1 72 5
76 99 30
90 129 17
69 107 41
85 102 13
65 92 60
66 87 33
0 89 3
29 95 3
6 129 51
103 127 51
35 58 40
65 95 51
90 122 46
96 114 54
125 128 25
53 113 49
45 50 6
93 106 35
20 47 60
9 18 26
120 128 60
35 85 50
81 129 58
4 24 16
98 123 10
17 74 14
38 99 39
23 116 13
