210 1050
196
173
155
133
132
153
194
159
189
130
163
196
186
145
131
170
135
154
176
109
129
121
182
148
111
184
139
115
200
196
112
182
170
185
166
185
198
136
187
112
119
189
198
139
152
138
194
140
176
124
162
191
198
188
191
193
119
170
118
112
151
193
141
164
171
195
143
164
142
129
105
111
140
160
148
199
125
148
178
166
168
104
146
110
113
197
170
146
164
112
195
152
130
123
131
129
114
149
111
151
170
196
155
106
160
158
178
173
120
124
200
188
175
128
169
200
136
116
149
185
110
177
186
135
153
199
167
168
181
165
139
200
182
189
110
142
124
108
140
132
139
161
181
147
175
171
190
171
151
130
172
176
125
151
138
127
134
136
114
161
128
102
155
106
143
146
172
159
189
163
117
178
136
146
173
117
154
126
132
184
187
197
144
190
128
128
139
188
187
183
123
194
112
129
139
150
110
157
130
115
158
113
185
146
142
111
138
192
185
171
0 1 28
0 2 49
2 3 35
0 4 45
1 5 2
0 6 12
1 7 37
0 8 13
2 9 42
9 10 5
3 11 2
9 12 13
11 13 50
10 14 27
12 15 20
11 16 57
11 17 28
3 18 29
6 19 16
1 20 41
13 21 51
13 22 35
19 23 1
12 24 35
10 25 33
22 26 53
15 27 60
2 28 3
16 29 40
22 30 23
3 31 1
14 32 60
7 33 5
27 34 41
29 35 55
29 36 43
7 37 30
8 38 40
15 39 30
2 40 6
3 41 46
24 42 32
37 43 44
36 44 57
1 45 3
19 46 54
6 47 40
8 48 32
34 49 48
20 50 20
21 51 12
5 52 54
16 53 49
33 54 59
9 55 14
20 56 34
51 57 13
31 58 24
39 59 44
24 60 24
32 61 13
17 62 36
20 63 16
32 64 55
8 65 30
45 66 49
24 67 14
38 68 32
43 69 30
45 70 7
14 71 4
33 72 15
72 73 5
38 74 58
8 75 4
46 76 44
34 77 4
27 78 15
38 79 5
44 80 26
20 81 43
17 82 8
15 83 21
36 84 15
64 85 28
15 86 5
66 87 33
32 88 48
60 89 26
83 90 3
39 91 26
35 92 30
25 93 50
80 94 0
38 95 54
37 96 15
2 97 23
61 98 36
57 99 36
24 100 4
94 101 58
69 102 7
95 103 25
54 104 37
22 105 36
96 106 2
68 107 17
24 108 29
17 109 60
38 110 38
102 111 47
93 112 36
39 113 22
33 114 33
72 115 3
27 116 2
47 117 24
33 118 20
104 119 19
41 120 9
89 121 46
31 122 59
24 123 31
27 124 54
13 125 14
14 126 7
81 127 14
115 128 3
84 129 59
5 130 1
18 131 32
102 132 52
68 133 13
74 134 3
103 135 3
6 136 2
71 137 57
81 138 53
16 139 2
47 140 23
78 141 40
21 142 37
117 143 41
62 144 41
18 145 29
29 146 52
74 147 44
81 148 47
136 149 18
14 150 17
21 151 37
21 152 8
119 153 36
131 154 14
86 155 17
61 156 44
89 157 51
42 158 48
29 159 18
14 160 5
8 161 18
4 162 14
73 163 6
15 164 50
163 165 28
32 166 35
129 167 7
103 168 39
121 169 6
136 170 54
129 171 19
132 172 33
105 173 23
163 174 29
57 175 13
67 176 38
70 177 6
33 178 37
32 179 0
145 180 19
128 181 46
149 182 15
140 183 3
104 184 22
46 185 47
74 186 22
33 187 45
100 188 8
184 189 57
133 190 16
149 191 36
39 192 24
15 193 15
4 194 30
168 195 30
190 196 22
21 197 60
187 198 41
110 199 36
173 200 54
8 201 0
120 202 12
145 203 0
169 204 53
69 205 42
147 206 31
184 207 54
61 208 8
152 209 20
155 184 40
113 188 24
182 188 19
54 163 21
17 173 38
49 83 42
26 150 50
192 207 5
112 132 8
98 136 15
115 134 27
171 172 47
87 128 10
180 206 17
144 176 5
204 205 13
66 189 51
91 119 44
188 207 39
15 139 7
200 207 56
88 162 16
8 169 30
33 96 56
149 176 41
17 189 23
154 200 5
163 202 11
164 187 59
143 143 6
29 132 55
28 132 52
62 69 29
7 29 1
14 204 42
114 188 14
106 195 46
147 181 23
154 202 10
14 201 8
130 205 48
65 158 11
41 62 31
95 101 43
96 157 30
34 167 21
128 200 3
42 81 51
25 53 2
83 206 4
12 153 10
70 171 14
135 140 2
122 172 32
201 208 1
89 148 57
144 159 26
196 205 43
16 43 13
18 56 9
146 148 6
85 102 14
103 150 24
135 174 34
175 184 24
122 197 35
195 200 26
143 150 29
108 193 21
83 192 0
165 168 40
169 194 56
95 154 22
207 209 46
72 206 43
3 157 58
40 189 24
44 60 47
42 144 35
142 168 23
8 39 58
78 82 57
198 202 3
6 154 46
185 202 12
93 169 44
4 145 31
106 146 43
123 128 58
3 28 19
200 204 50
185 186 46
61 185 52
165 207 8
172 191 32
202 206 16
97 169 58
172 173 21
18 124 55
147 209 32
137 158 24
2 147 26
68 154 35
151 197 28
154 156 41
152 152 33
89 97 28
17 205 34
4 184 19
52 71 20
96 167 58
178 193 27
168 177 25
30 45 35
19 165 55
120 155 38
146 179 17
189 207 15
201 205 40
90 172 59
201 204 12
119 160 24
153 195 36
2 123 47
202 204 15
141 205 12
74 86 9
208 209 56
117 203 57
58 206 30
0 137 52
101 160 3
179 191 14
122 146 44
127 152 10
146 204 13
203 204 23
54 58 46
149 198 4
5 18 13
16 150 21
141 191 9
4 180 57
188 195 7
163 204 36
182 203 30
10 207 14
15 188 22
60 141 30
23 147 22
70 120 7
96 149 21
25 151 40
5 44 43
118 186 49
87 122 60
31 35 45
36 130 46
44 71 34
194 205 54
194 204 57
156 177 48
203 205 7
71 162 7
108 138 27
96 177 45
66 95 12
180 185 34
66 67 19
121 139 16
139 189 48
17 156 3
22 168 60
208 208 59
10 120 41
46 71 57
193 208 9
74 96 49
62 100 31
84 140 58
104 152 0
43 61 2
84 118 20
61 159 58
165 195 30
182 207 23
165 190 6
8 46 37
160 185 11
174 200 22
180 183 56
63 88 0
16 163 41
8 192 19
0 62 3
1 165 28
45 106 12
91 132 18
170 181 18
73 152 47
138 175 24
89 153 20
128 162 46
155 159 21
113 144 23
87 135 23
25 208 21
172 208 16
99 163 49
24 152 29
161 190 36
117 187 60
60 111 32
113 124 49
153 182 31
184 185 44
33 140 4
169 178 58
82 95 11
174 188 8
73 177 59
140 156 5
100 162 42
93 106 19
69 95 39
11 206 3
166 176 37
194 198 10
153 188 5
64 142 26
60 107 26
172 174 12
66 126 44
66 93 45
41 128 16
149 201 18
149 209 10
87 110 0
117 122 56
131 150 20
119 203 27
76 126 15
185 191 36
79 180 15
48 94 52
195 197 38
206 207 28
92 155 24
1 118 46
101 201 13
195 206 16
131 173 28
26 27 41
54 191 38
21 173 57
170 175 16
151 155 60
127 149 1
52 80 42
167 168 40
52 118 7
104 200 27
7 207 35
52 202 54
139 171 37
44 90 13
133 154 9
199 208 21
68 168 53
192 202 9
38 46 5
177 184 36
186 200 32
119 172 60
163 186 46
181 185 51
94 109 33
156 173 21
139 158 38
114 147 2
84 126 15
11 163 41
177 189 23
82 185 48
145 191 55
17 203 55
79 194 39
131 143 43
179 196 31
66 181 51
8 27 32
173 178 60
159 202 53
97 175 9
18 190 14
199 200 59
91 125 58
38 89 50
61 184 38
109 109 28
89 181 17
144 152 44
133 158 21
153 158 41
78 94 4
196 196 13
86 181 7
144 158 30
130 147 53
204 207 58
36 172 55
185 208 27
140 175 51
63 117 56
172 178 7
175 192 58
89 172 21
101 135 27
54 60 54
83 170 43
50 66 8
186 196 28
113 117 20
115 163 23
144 203 41
190 190 23
107 155 11
50 147 13
157 193 42
16 38 50
136 182 22
22 152 30
62 126 19
31 139 10
172 184 18
65 128 2
185 201 48
8 180 3
4 15 32
119 128 3
38 159 28
181 186 29
140 170 10
190 205 4
45 172 23
139 185 11
95 139 26
25 199 32
89 93 39
110 137 51
111 167 36
190 199 5
16 54 45
119 196 2
3 42 47
47 176 39
197 204 2
50 63 1
80 152 32
77 192 34
75 150 7
206 209 47
139 202 4
123 143 42
68 164 0
56 82 3
149 163 36
111 137 34
72 166 8
74 110 49
72 163 1
106 172 28
38 101 22
90 178 60
82 133 20
137 196 26
153 207 59
108 137 34
138 180 25
90 147 30
191 208 4
90 99 38
7 170 24
157 201 56
118 164 3
83 142 44
79 205 42
19 128 42
14 207 5
71 208 0
90 116 39
29 180 10
46 161 2
159 182 40
96 203 20
45 157 21
23 145 52
9 157 8
89 98 26
39 116 12
127 195 47
22 121 12
136 167 41
43 44 1
25 147 28
188 206 5
180 199 13
153 161 47
64 149 40
132 153 47
111 187 10
106 163 30
59 92 55
17 33 33
153 201 35
33 147 48
170 190 48
11 183 9
172 181 42
36 131 12
73 115 3
197 203 47
138 147 35
160 204 44
81 157 9
187 202 43
133 209 53
5 108 30
55 114 1
25 136 45
81 87 42
42 119 44
24 202 36
10 117 39
137 162 40
197 209 31
93 154 2
145 197 13
40 119 15
29 195 25
107 152 13
99 164 52
164 189 21
198 209 45
176 209 0
67 77 10
184 194 54
61 190 60
35 93 21
127 197 0
154 198 60
150 199 43
98 113 6
178 206 48
95 111 33
72 171 42
23 75 17
156 170 28
186 204 1
175 185 7
197 201 44
128 187 51
169 200 47
181 201 40
50 160 49
159 205 33
123 129 51
100 106 34
109 129 50
137 185 37
61 191 60
57 185 35
94 170 12
108 134 56
100 135 40
167 194 0
174 198 5
91 154 20
162 193 41
10 54 58
114 118 33
47 74 10
130 181 57
114 209 9
59 198 22
20 208 46
156 160 48
48 89 51
149 203 5
118 192 21
149 152 24
130 165 60
74 103 59
46 183 10
54 118 13
33 196 47
189 196 37
102 153 2
192 198 2
80 130 46
42 87 13
167 200 32
140 188 17
172 177 22
9 150 34
131 159 60
52 168 43
177 202 54
136 156 45
126 171 48
85 173 9
73 146 52
28 55 50
124 153 43
110 155 18
31 96 25
3 120 9
94 195 29
206 208 19
93 122 16
70 74 1
79 135 30
169 185 21
37 165 60
13 106 28
23 41 3
38 58 31
191 202 12
128 143 32
74 153 17
41 126 52
124 195 37
172 198 32
82 202 5
39 39 17
149 178 4
87 96 21
68 132 5
113 146 9
70 152 21
118 177 45
168 209 23
144 163 22
109 116 15
167 192 20
133 180 35
188 193 60
78 88 1
152 174 1
7 67 51
185 194 49
21 183 51
14 116 22
37 190 12
98 194 28
153 180 6
178 194 10
52 91 0
137 179 43
10 101 44
62 195 33
176 186 9
0 111 18
54 107 55
1 112 41
74 136 38
63 77 2
156 204 49
48 207 56
149 188 29
109 182 9
100 159 12
87 183 18
37 161 56
149 193 46
142 200 50
51 209 33
82 142 25
66 209 23
77 93 52
38 97 21
15 87 0
35 115 13
175 193 40
186 190 0
134 156 11
118 199 36
119 119 55
109 209 1
205 205 37
13 188 29
72 108 43
116 198 23
132 143 50
75 188 31
47 164 57
150 191 3
19 82 9
140 159 18
62 163 31
52 81 4
187 200 42
191 205 12
69 176 53
61 178 35
151 153 25
98 122 51
150 173 50
47 113 40
20 207 56
80 150 30
139 209 32
125 188 4
47 81 53
117 154 42
66 182 60
81 91 46
121 134 44
124 169 38
62 81 22
200 208 3
160 170 35
60 85 32
80 192 33
180 193 2
92 144 32
181 191 4
1 173 10
186 207 13
22 195 38
129 147 31
157 209 20
46 154 50
93 98 52
150 156 37
133 149 32
142 158 22
15 179 9
56 102 11
52 86 43
52 169 22
161 178 10
141 160 35
76 179 13
3 164 40
49 54 56
124 131 17
166 192 60
174 193 30
31 108 33
3 63 6
174 190 45
163 181 18
126 193 34
131 199 25
102 163 33
110 206 14
96 173 35
90 134 12
36 116 26
184 208 19
127 159 26
27 94 49
119 187 4
74 102 46
120 187 5
67 193 52
15 101 13
74 133 16
18 108 31
97 139 57
106 114 59
144 154 35
149 187 59
194 196 33
97 209 33
64 203 56
188 205 47
184 193 55
115 115 20
195 204 27
93 138 14
146 209 38
77 201 59
166 203 45
3 183 58
120 145 15
178 208 14
159 160 2
146 180 28
37 82 59
9 88 43
144 166 11
153 177 9
167 173 4
172 203 19
79 208 49
6 127 26
183 186 42
156 179 12
115 207 45
176 179 23
150 185 32
89 105 34
33 51 3
30 74 39
83 161 19
147 152 54
175 180 60
179 193 60
98 198 5
163 195 30
60 83 7
150 193 1
111 157 58
16 133 6
153 191 3
99 153 9
157 164 12
86 91 15
8 179 50
139 203 41
64 65 57
5 104 52
78 199 52
144 157 49
30 51 14
201 209 32
8 181 54
45 62 11
145 187 57
196 206 26
6 66 59
90 150 27
69 168 54
67 164 7
124 191 44
146 188 57
155 192 25
119 147 9
92 139 9
50 121 13
44 117 39
19 126 51
68 176 0
176 208 18
64 84 48
45 134 9
47 156 52
36 74 3
35 125 35
40 101 30
21 140 11
1 147 5
43 148 35
77 166 3
31 208 38
143 149 49
12 129 25
34 198 42
141 144 50
66 112 34
5 153 29
200 202 55
67 175 44
30 182 51
67 145 34
182 191 27
55 79 32
7 129 50
137 141 59
112 207 39
129 202 9
109 185 30
139 195 31
8 62 4
118 185 45
171 196 15
19 203 41
167 204 37
110 178 36
130 131 36
45 165 1
1 94 36
77 206 34
69 193 51
133 173 36
12 196 59
89 103 3
203 208 18
143 176 13
103 128 51
37 170 25
59 146 4
8 94 47
47 158 38
202 202 23
130 199 37
124 164 31
55 148 9
145 184 58
144 145 0
14 43 33
204 209 37
46 149 41
70 89 9
52 146 17
63 119 6
159 193 40
145 155 41
155 187 13
178 178 40
136 205 41
78 100 8
13 110 46
13 89 0
83 175 24
154 155 4
169 196 40
68 135 55
84 137 8
54 114 4
176 189 43
76 191 27
161 197 2
77 112 38
93 119 43
176 195 7
10 75 53
12 175 33
22 164 56
77 92 35
153 175 19
71 129 37
59 190 29
107 194 51
44 54 9
79 91 5
77 134 14
112 182 38
46 177 12
