120 600
195
171
199
117
130
184
167
189
152
152
191
178
135
182
157
166
107
164
106
159
140
177
138
137
103
199
118
100
127
139
103
109
132
113
147
145
102
178
121
169
109
134
187
145
103
146
126
153
120
101
135
195
105
192
143
200
148
170
129
169
147
134
121
109
149
156
124
102
139
189
186
160
182
132
147
180
194
154
186
191
151
131
134
105
161
137
109
116
129
107
110
115
125
141
133
108
153
189
136
108
142
158
157
123
118
115
200
196
194
104
126
154
141
173
183
126
107
127
184
140
0 1 29
0 2 58
1 3 25
3 4 31
1 5 11
4 6 48
6 7 27
6 8 44
4 9 43
4 10 21
2 11 37
3 12 43
10 13 53
13 14 27
4 15 59
1 16 35
3 17 34
1 18 22
1 19 19
6 20 29
13 21 28
5 22 33
17 23 52
18 24 18
11 25 44
3 26 44
22 27 3
8 28 47
10 29 0
9 30 29
26 31 28
19 32 45
14 33 12
10 34 6
2 35 44
18 36 11
23 37 21
3 38 12
19 39 42
17 40 7
29 41 56
40 42 16
41 43 1
10 44 4
4 45 5
16 46 8
9 47 29
33 48 5
24 49 7
2 50 30
21 51 53
33 52 2
42 53 10
52 54 28
34 55 59
51 56 55
40 57 39
56 58 59
47 59 31
9 60 57
16 61 56
9 62 50
15 63 28
11 64 21
29 65 12
43 66 36
34 67 29
53 68 60
7 69 21
36 70 23
15 71 15
15 72 38
8 73 42
28 74 11
49 75 29
55 76 32
75 77 4
1 78 13
64 79 34
3 80 41
59 81 19
71 82 6
27 83 40
66 84 32
62 85 47
45 86 44
45 87 56
16 88 52
79 89 41
42 90 38
5 91 24
34 92 14
30 93 56
77 94 19
24 95 13
20 96 31
50 97 29
44 98 58
28 99 51
10 100 18
58 101 28
7 102 57
30 103 27
45 104 57
48 105 19
50 106 54
96 107 24
14 108 54
71 109 22
17 110 40
52 111 6
87 112 37
31 113 60
59 114 0
37 115 45
7 116 31
92 117 54
8 118 29
20 119 5
50 110 57
103 114 33
113 117 24
8 92 32
88 105 1
101 104 30
2 114 42
7 20 16
20 20 14
22 60 60
29 63 46
50 54 50
18 37 38
53 63 7
24 55 15
15 119 11
50 80 9
13 89 45
110 116 25
9 16 24
32 96 14
117 119 60
43 110 23
44 88 30
39 60 56
47 72 50
72 88 56
83 106 52
64 68 33
88 90 5
115 119 59
67 92 21
11 81 34
61 86 28
62 92 7
82 82 27
5 14 43
17 90 44
79 112 48
10 22 51
43 90 12
95 114 30
53 107 43
31 59 13
114 115 13
93 112 7
21 39 45
43 85 36
57 92 25
51 109 21
24 36 54
20 111 45
26 64 1
19 53 51
6 115 40
35 45 35
0 88 18
39 103 27
83 95 35
55 112 14
62 82 18
96 98 39
33 83 44
28 66 22
52 117 6
95 118 29
13 59 56
94 97 6
25 79 54
42 108 29
13 61 6
33 65 2
58 113 45
43 118 35
4 88 14
57 66 19
73 102 3
109 110 57
11 54 16
77 115 54
78 83 7
83 113 39
17 82 32
15 19 22
77 113 49
99 111 59
46 100 36
87 108 36
22 112 45
76 102 49
106 106 46
17 84 57
38 99 43
24 34 6
36 59 28
77 104 9
50 86 35
37 105 15
96 96 2
43 44 53
59 107 1
47 54 46
88 108 42
95 113 54
118 119 28
42 59 49
81 81 21
102 102 9
21 77 32
86 88 2
2 33 36
31 110 6
80 84 46
103 106 53
59 103 27
18 69 25
116 116 12
93 116 52
12 89 19
110 118 56
8 76 24
112 117 59
86 93 24
80 112 18
49 50 1
92 111 19
100 116 42
45 100 50
3 98 58
97 105 37
46 109 41
3 68 7
68 116 58
36 44 55
118 118 53
42 48 27
66 87 24
95 102 20
4 61 59
107 117 54
59 73 2
42 115 50
111 114 17
46 85 18
93 108 53
49 90 39
106 115 37
12 103 18
114 116 43
16 62 22
51 75 25
88 102 34
51 64 6
103 112 54
99 119 12
67 70 42
107 112 54
21 22 9
94 114 52
29 80 15
21 23 51
13 27 7
79 90 42
104 119 14
8 17 28
48 103 49
51 97 55
64 70 47
86 119 43
97 117 59
103 116 56
45 99 54
89 111 43
29 98 13
69 96 13
101 119 40
90 92 41
81 106 45
25 51 43
113 116 30
72 87 32
59 77 58
23 33 9
54 80 40
44 87 5
9 77 22
105 107 14
62 76 22
25 59 22
60 97 9
9 92 15
89 119 18
20 93 47
69 101 23
66 99 0
116 118 27
52 103 1
51 91 23
3 52 23
98 114 33
65 81 44
115 118 35
98 111 46
52 86 52
71 119 54
82 111 18
34 96 37
11 85 5
70 71 58
56 91 51
70 75 51
97 107 54
46 114 46
23 55 29
78 94 15
77 109 27
12 72 44
38 86 13
84 108 50
22 77 26
99 101 54
4 18 29
24 80 24
30 33 40
81 101 49
35 46 3
11 62 41
84 92 32
57 60 21
102 115 50
90 102 38
51 84 24
57 102 57
90 106 25
56 72 26
72 85 11
31 100 43
81 105 55
39 43 28
57 115 39
18 97 36
21 55 12
47 76 37
39 85 33
65 86 53
89 116 4
28 104 36
102 107 27
80 92 41
101 101 35
52 83 50
56 76 23
61 70 4
2 64 27
34 80 18
79 83 39
85 89 29
2 60 48
91 101 37
52 94 2
50 66 32
1 45 16
113 119 8
59 99 13
79 93 23
17 45 33
111 112 5
79 111 33
76 117 14
98 109 16
56 108 50
3 14 10
83 97 8
110 113 39
2 112 13
95 111 17
60 118 22
60 80 35
8 24 33
83 84 34
8 22 32
89 114 52
68 101 44
87 96 54
93 94 25
52 113 29
29 78 36
35 57 33
113 118 43
25 60 7
25 69 55
43 49 0
6 50 43
40 69 56
40 87 46
46 60 36
6 23 1
104 107 51
87 109 56
84 91 23
98 108 4
51 96 31
40 75 36
92 107 35
107 113 49
44 50 17
104 112 45
15 82 36
58 81 38
62 90 13
50 91 20
107 107 58
8 62 23
72 104 40
98 110 40
13 16 47
3 66 33
77 117 26
73 109 57
37 112 5
98 116 11
114 117 34
89 98 54
59 60 40
100 107 13
10 24 52
38 100 27
91 102 27
71 113 14
101 114 7
95 116 5
70 96 7
94 94 55
80 82 27
64 103 35
96 119 23
53 101 22
67 102 44
58 96 51
50 119 19
6 103 0
85 116 17
75 78 22
42 95 58
102 106 31
83 111 47
48 48 32
88 114 36
64 87 47
27 102 42
32 116 24
6 73 20
37 90 23
28 110 2
80 101 32
6 84 23
22 99 21
37 39 33
66 111 11
91 91 24
111 118 51
20 36 54
35 75 59
54 71 27
109 113 40
33 36 42
79 98 5
34 40 5
8 70 56
83 115 49
65 93 23
29 73 34
13 30 25
72 80 24
66 78 19
25 57 9
40 96 47
47 109 42
27 103 35
105 112 52
59 74 18
106 111 49
40 104 43
27 38 22
77 108 12
37 75 41
7 91 8
91 103 13
57 113 35
45 53 29
23 96 29
84 97 41
109 112 11
101 109 27
84 100 56
81 109 53
86 99 48
10 103 39
94 113 31
94 106 39
85 97 35
64 84 23
22 66 5
59 110 36
69 92 57
62 83 45
16 50 15
54 117 9
108 112 47
93 96 18
16 100 7
78 112 2
44 63 55
1 44 53
79 105 55
64 92 31
41 99 33
63 75 32
28 52 14
61 83 16
21 60 31
117 117 50
110 112 56
78 106 58
90 93 45
13 81 1
66 86 35
16 38 46
20 73 4
64 71 45
77 96 31
28 29 13
106 109 27
11 35 14
75 105 29
29 29 13
6 111 48
103 113 23
101 111 42
106 110 34
0 46 29
29 31 26
61 72 28
24 75 54
44 117 30
28 87 17
51 72 3
85 88 51
49 63 25
9 83 53
35 109 26
9 105 19
79 82 12
10 99 31
36 92 58
63 106 58
79 101 23
103 110 41
73 76 6
49 60 2
25 96 38
61 89 10
2 18 0
25 85 3
94 117 47
61 80 59
25 34 46
105 114 29
74 117 57
86 110 6
10 89 7
23 93 33
0 8 31
46 84 54
105 109 25
63 96 16
42 93 11
86 101 59
4 83 46
5 21 35
61 118 50
