230 1150
127
187
137
159
130
133
153
187
133
112
104
186
160
150
136
148
109
101
138
150
161
105
133
148
150
139
175
143
141
127
200
107
113
179
189
175
155
114
155
164
154
140
198
148
112
133
143
142
177
123
138
164
193
110
102
119
196
186
151
180
161
121
111
200
138
136
181
155
137
101
143
100
119
169
164
137
111
106
140
170
176
178
162
153
118
124
162
102
112
172
136
164
156
117
152
114
104
142
149
136
162
156
108
165
114
127
110
124
197
128
173
187
158
179
190
140
126
165
185
118
157
118
133
154
163
184
108
185
111
196
131
184
150
193
115
193
195
193
111
105
177
160
172
132
128
118
197
120
139
156
192
139
113
103
126
137
190
149
198
167
108
118
179
196
164
136
164
100
161
126
106
136
182
149
192
174
106
124
139
182
125
158
168
181
198
161
167
126
155
189
113
171
182
137
119
170
121
170
131
102
191
158
200
104
167
123
170
190
149
103
131
162
181
146
145
129
169
189
179
140
150
178
175
104
134
152
119
108
198
190
0 1 50
1 2 21
1 3 3
3 4 2
2 5 47
5 6 55
4 7 0
1 8 57
4 9 53
9 10 60
1 11 30
4 12 56
0 13 29
7 14 44
5 15 49
15 16 28
6 17 58
2 18 0
11 19 29
11 20 30
17 21 48
15 22 6
19 23 17
22 24 32
13 25 35
13 26 39
0 27 56
8 28 11
17 29 3
28 30 6
28 31 42
2 32 37
18 33 56
12 34 34
12 35 26
34 36 40
6 37 31
10 38 6
20 39 7
21 40 40
23 41 42
16 42 45
38 43 2
22 44 18
33 45 50
45 46 55
17 47 20
37 48 29
8 49 4
29 50 46
15 51 45
0 52 18
29 53 10
23 54 5
53 55 45
54 56 13
30 57 47
5 58 42
45 59 15
34 60 3
3 61 42
14 62 43
5 63 12
32 64 8
6 65 12
4 66 1
24 67 53
17 68 39
2 69 3
54 70 10
14 71 10
68 72 28
19 73 51
8 74 26
58 75 17
5 76 60
57 77 37
50 78 59
77 79 53
5 80 49
73 81 55
75 82 6
73 83 51
34 84 59
7 85 10
24 86 35
66 87 59
66 88 60
75 89 29
61 90 45
28 91 43
86 92 51
84 93 56
32 94 6
58 95 17
54 96 4
13 97 59
71 98 8
16 99 31
45 100 7
40 101 30
96 102 60
38 103 1
90 104 49
78 105 13
21 106 17
61 107 34
66 108 37
92 109 13
49 110 35
17 111 14
11 112 23
100 113 56
67 114 4
77 115 54
87 116 41
49 117 5
112 118 59
16 119 21
104 120 9
112 121 0
46 122 29
110 123 29
84 124 23
69 125 46
112 126 14
42 127 23
117 128 17
30 129 44
113 130 16
96 131 57
39 132 31
84 133 38
48 134 32
15 135 56
64 136 18
85 137 10
110 138 32
10 139 48
50 140 3
121 141 14
38 142 55
94 143 46
9 144 30
30 145 1
47 146 7
79 147 51
47 148 45
39 149 15
23 150 49
125 151 20
143 152 2
152 153 40
112 154 38
96 155 37
146 156 4
150 157 49
18 158 57
68 159 26
65 160 24
68 161 44
29 162 48
62 163 21
15 164 35
78 165 7
15 166 57
59 167 43
56 168 51
96 169 37
115 170 53
85 171 21
144 172 29
140 173 9
84 174 54
103 175 42
168 176 2
89 177 59
159 178 24
59 179 20
34 180 51
1 181 53
25 182 21
29 183 48
180 184 4
166 185 12
99 186 41
27 187 32
60 188 38
183 189 12
118 190 19
21 191 24
120 192 58
157 193 51
28 194 38
89 195 6
129 196 43
165 197 22
181 198 19
108 199 4
131 200 29
72 201 55
125 202 14
66 203 52
180 204 28
105 205 6
159 206 48
116 207 15
71 208 24
49 209 10
78 210 16
146 211 2
82 212 19
71 213 19
119 214 9
93 215 31
81 216 19
32 217 9
14 218 16
31 219 28
48 220 6
187 221 3
195 222 31
148 223 41
171 224 47
169 225 56
93 226 11
171 227 36
193 228 40
117 229 17
3 163 44
30 180 19
9 27 54
167 197 10
43 144 11
121 164 49
0 23 6
42 44 36
141 164 33
54 92 49
125 165 44
93 224 30
216 229 27
75 113 53
207 215 40
173 208 34
121 161 37
1 99 55
105 146 7
181 214 20
227 227 41
55 207 21
26 177 32
123 222 27
100 118 56
90 153 34
18 44 36
222 225 7
26 79 39
26 228 55
95 184 37
66 69 30
69 131 23
130 220 15
149 213 1
34 72 57
95 133 55
20 154 28
196 223 4
203 210 40
186 214 50
139 176 53
145 197 50
172 189 26
12 217 22
223 223 21
27 216 42
51 184 21
59 215 38
56 121 33
188 194 50
79 168 19
50 123 24
161 214 52
134 167 12
71 154 56
157 227 53
5 96 5
46 54 49
25 32 24
213 217 10
157 212 12
192 204 37
86 161 27
173 207 32
175 229 42
24 87 12
37 131 4
4 169 58
69 115 30
58 104 53
124 162 42
67 228 42
87 94 20
161 218 45
15 147 39
171 178 6
211 219 28
162 168 20
3 48 42
215 228 47
214 215 11
201 216 20
120 149 48
118 158 28
228 229 2
42 67 9
97 101 13
219 227 54
54 127 27
210 220 52
82 116 42
24 84 20
95 193 15
146 195 49
206 213 38
68 110 31
197 212 26
108 145 46
141 142 19
13 178 48
181 200 14
75 210 30
10 127 41
27 210 31
223 226 33
150 218 51
175 205 40
51 160 47
201 224 21
31 132 54
203 211 47
199 227 20
203 212 33
184 185 14
172 174 12
130 158 53
159 192 3
205 215 45
23 184 49
149 157 38
208 213 24
226 226 26
165 206 14
48 141 30
37 172 13
100 138 32
125 126 54
24 171 1
73 174 10
30 169 24
64 214 20
205 217 26
6 54 11
49 53 46
159 225 54
117 173 4
149 149 30
212 214 19
70 150 43
159 228 26
217 224 18
125 180 30
151 195 44
10 133 17
215 217 22
192 221 3
137 138 34
206 211 44
116 175 42
200 206 35
159 194 37
159 167 41
22 199 58
15 217 7
224 226 14
151 199 7
188 191 1
16 64 16
132 191 19
177 196 51
186 191 2
98 107 12
67 225 34
20 52 23
137 155 47
181 203 49
18 125 42
41 108 8
68 77 26
110 182 13
119 192 24
117 182 4
104 208 57
189 216 4
68 227 17
83 122 53
198 229 43
50 80 13
4 191 5
154 207 10
2 176 23
200 209 6
90 124 38
78 112 25
37 192 40
105 129 30
162 166 17
98 208 10
32 182 32
134 215 36
14 166 51
186 213 27
71 122 59
186 194 16
56 125 44
99 195 32
108 155 55
177 189 21
62 134 18
5 45 42
131 158 32
104 204 4
101 138 51
47 170 46
109 121 26
40 50 36
106 220 35
179 197 19
105 112 23
142 159 21
163 183 35
192 196 10
127 204 45
206 216 14
14 153 8
115 208 36
60 127 55
196 209 50
173 210 24
18 118 19
134 210 41
101 154 39
222 227 42
185 220 1
104 148 40
68 152 30
193 202 53
221 226 31
134 170 37
92 153 43
22 82 37
199 207 13
95 178 9
97 103 27
141 185 20
194 219 2
192 206 12
39 140 32
8 158 43
134 196 11
8 101 34
91 208 43
143 197 2
220 227 41
111 145 16
7 12 12
200 202 30
59 91 14
43 209 19
85 145 42
172 191 41
109 148 43
42 141 43
169 186 21
210 212 54
147 191 49
75 182 7
158 197 7
71 74 37
7 45 18
20 180 7
35 42 17
105 186 13
214 223 42
152 227 15
106 176 53
132 197 54
137 178 33
84 168 20
165 219 9
5 31 47
60 209 44
105 147 22
7 74 54
76 123 47
203 225 0
103 208 44
211 228 7
94 150 5
76 82 3
175 192 25
74 107 24
198 214 23
154 161 43
83 144 26
32 141 19
158 166 23
202 210 2
157 202 60
101 148 28
128 141 4
126 180 7
113 178 46
143 184 23
176 226 9
51 223 17
182 229 25
155 167 3
17 124 51
27 136 42
205 225 44
36 218 9
121 142 27
131 205 26
199 203 53
195 206 40
45 60 36
100 153 60
84 132 46
219 221 57
80 179 19
97 166 17
21 108 58
74 78 51
195 204 14
161 226 13
58 224 10
187 226 29
51 201 51
47 219 34
12 94 39
19 166 35
133 214 15
73 166 52
179 204 38
69 214 42
154 228 17
3 110 47
131 182 42
115 116 60
204 204 43
184 209 18
192 216 35
144 209 23
195 195 45
201 225 31
64 66 35
97 105 33
105 144 39
182 185 36
66 213 42
101 156 20
47 110 41
138 224 57
43 70 21
163 210 9
147 202 48
2 185 55
147 213 33
24 181 38
182 206 56
44 208 35
17 171 36
198 208 22
126 204 23
127 157 33
102 162 55
209 221 42
212 218 1
181 227 5
197 199 55
46 103 16
218 228 33
223 225 11
173 222 49
127 167 46
63 119 8
170 216 27
179 187 13
208 210 27
74 121 37
56 141 60
84 177 31
54 181 48
157 200 55
86 133 18
33 129 2
142 226 34
51 149 32
148 178 57
28 224 40
0 60 56
53 102 51
53 154 18
83 224 11
77 203 42
6 136 7
29 196 4
42 107 51
183 196 23
145 218 48
173 220 22
55 77 27
131 150 26
221 221 30
221 228 35
153 218 46
155 218 19
163 223 25
90 152 38
192 210 30
17 56 12
211 222 26
90 191 33
44 112 19
101 169 20
28 220 16
152 170 39
71 216 1
47 77 59
129 129 13
141 208 40
95 138 56
171 185 19
59 93 34
68 132 20
134 140 9
222 229 18
165 207 5
225 226 53
138 183 33
66 132 36
173 189 40
38 222 44
113 129 31
105 135 29
204 210 42
186 200 29
193 215 16
152 163 17
178 197 14
134 211 39
132 169 5
42 51 33
38 70 37
36 195 22
170 229 55
13 81 36
114 195 54
132 168 15
42 46 9
37 52 23
21 118 11
12 113 9
138 205 56
226 229 45
109 180 38
88 187 46
50 198 5
107 191 7
183 195 4
108 173 3
214 229 29
77 148 29
160 214 42
111 182 2
207 218 48
13 14 44
29 96 14
83 158 37
109 137 43
65 132 48
21 49 21
194 225 11
73 179 36
161 201 42
68 97 54
60 169 12
35 40 46
85 157 3
197 214 36
32 224 11
65 91 22
214 214 57
78 108 48
215 220 13
89 104 30
85 220 24
175 200 9
102 109 55
158 205 21
189 224 11
171 213 15
207 221 43
130 224 46
207 217 24
101 113 36
225 227 25
124 146 4
57 172 9
88 215 31
112 205 18
102 218 25
135 149 6
113 167 40
36 138 13
8 55 56
185 201 34
61 112 56
96 210 28
89 126 47
10 122 17
214 227 15
197 200 2
69 188 19
42 225 3
119 164 25
48 110 54
3 199 14
88 156 40
25 208 50
98 179 29
67 206 37
101 119 51
195 212 8
96 140 27
100 110 27
176 179 9
101 222 14
174 227 30
46 144 49
151 165 47
203 223 42
174 183 24
85 126 33
212 224 25
72 164 58
77 216 22
151 210 2
153 181 60
50 50 60
1 27 33
144 167 53
22 225 55
0 169 26
11 67 54
58 135 45
187 192 59
164 214 9
146 178 28
190 200 23
151 224 7
53 212 51
126 129 11
115 128 10
182 195 37
157 208 31
219 224 30
91 130 45
182 218 15
181 196 44
17 20 60
94 149 4
94 127 41
42 132 56
18 67 24
193 217 6
141 184 9
73 194 5
53 111 45
8 175 0
220 226 24
64 74 36
175 227 58
130 208 34
43 215 44
180 216 12
40 77 27
27 164 50
32 110 3
55 118 49
31 216 2
95 192 38
85 163 1
27 206 32
142 205 15
35 85 55
26 42 14
88 209 20
96 154 30
72 199 9
186 202 35
103 201 50
71 97 24
38 114 46
25 91 16
6 90 51
129 167 55
51 195 20
122 156 25
205 209 59
182 228 44
194 211 3
157 228 50
211 223 56
203 228 1
57 178 56
13 42 10
14 113 16
201 220 54
39 115 41
159 201 32
180 203 30
68 204 6
199 205 60
83 89 15
167 169 18
158 162 26
221 222 24
212 227 57
115 217 15
148 190 27
81 188 11
58 70 59
11 26 42
112 222 33
144 212 54
4 225 33
48 48 49
134 155 8
197 225 37
81 109 30
14 144 24
133 218 18
109 135 53
29 108 45
95 191 21
105 149 30
134 145 44
143 146 16
74 223 14
158 191 49
15 58 5
155 190 47
167 175 42
1 80 50
110 196 59
39 155 28
9 137 20
130 149 43
66 167 33
28 192 6
2 174 32
194 199 46
106 142 7
53 226 16
202 216 39
45 194 41
126 207 3
133 177 37
17 61 21
193 229 19
22 30 9
73 124 28
10 161 39
21 171 3
64 153 31
104 161 51
109 215 47
191 225 39
167 220 1
174 195 14
148 218 5
192 209 29
7 98 50
5 177 56
127 210 24
122 128 10
199 213 21
70 92 28
104 117 21
223 229 27
49 61 15
103 194 54
114 151 23
92 196 40
226 228 45
108 165 44
41 71 52
178 203 21
73 144 55
107 219 19
211 227 10
89 202 9
219 226 2
75 207 6
144 174 40
42 199 42
105 176 3
87 192 25
181 229 36
105 185 39
96 183 17
215 221 32
210 217 29
70 90 30
79 102 39
220 229 4
173 181 28
125 170 41
31 42 29
138 215 39
177 199 37
60 81 47
77 136 2
38 224 60
180 223 16
12 196 5
46 149 25
79 120 47
28 141 27
51 187 59
18 195 47
44 51 49
212 220 41
130 190 42
225 229 57
94 189 41
15 62 22
116 179 4
15 115 50
97 208 32
174 187 51
99 141 57
17 211 48
127 202 54
211 217 43
188 202 25
17 165 27
88 102 20
211 229 13
82 131 37
98 146 34
54 139 56
52 203 18
176 199 55
94 120 4
75 128 8
64 159 10
162 197 39
148 202 2
159 173 14
176 205 49
28 145 34
22 96 1
125 152 0
14 222 51
28 208 11
9 61 57
202 220 37
127 127 10
43 216 53
120 131 10
199 223 42
10 208 12
46 168 52
80 85 15
114 137 4
14 108 55
131 225 8
60 131 23
149 184 41
146 168 51
70 112 29
38 208 43
52 115 6
23 117 12
121 227 25
147 227 46
121 218 43
87 146 24
127 176 56
183 198 57
115 164 44
142 214 58
170 213 40
179 212 51
186 221 36
202 202 27
61 207 37
90 123 34
9 116 15
123 196 46
29 219 51
17 218 4
68 99 51
60 114 9
50 190 53
125 186 54
133 181 40
211 218 48
201 229 32
200 207 15
184 222 7
111 124 52
54 159 60
210 223 2
84 181 31
162 209 25
121 193 17
67 139 33
153 204 20
75 178 32
202 208 42
71 155 15
227 229 46
56 143 19
31 153 31
144 200 52
167 190 55
107 218 29
213 220 16
49 168 40
49 173 48
92 148 33
138 200 4
119 146 5
200 225 54
109 124 33
16 137 52
27 68 22
106 121 41
201 206 6
188 211 51
22 160 60
26 145 24
39 195 16
3 223 54
35 190 58
187 202 40
24 62 27
143 208 53
60 184 51
204 215 18
49 57 32
160 167 52
126 212 41
220 228 21
128 163 20
27 183 7
186 229 29
60 130 7
109 209 3
92 117 43
193 220 21
92 202 60
196 204 29
110 197 19
124 160 6
8 21 16
91 153 31
173 186 34
16 98 48
5 36 25
4 28 52
4 32 53
185 222 47
19 98 52
71 119 31
45 224 52
80 106 3
142 155 51
9 75 15
13 170 16
69 99 55
27 33 34
172 179 25
201 212 36
45 141 36
8 61 43
210 222 32
64 175 57
119 167 5
166 188 37
37 190 58
20 187 34
105 183 40
7 94 15
20 47 21
208 209 36
171 171 26
162 191 1
46 70 1
63 209 37
157 188 41
182 220 48
25 36 54
29 171 57
91 197 0
54 189 53
19 118 55
125 193 51
35 49 42
175 184 7
48 128 58
120 124 48
124 191 11
60 155 42
171 215 30
152 184 10
24 127 4
140 197 14
23 58 36
14 36 47
75 143 54
94 222 59
193 221 39
193 223 11
99 209 35
64 215 0
25 97 52
44 81 9
38 164 36
208 214 9
26 137 51
58 145 24
165 228 21
89 211 58
185 189 7
28 72 38
