65 195
111
134
195
186
122
122
177
148
132
114
189
155
175
138
189
130
130
185
199
157
132
139
150
103
161
160
101
152
184
181
157
195
130
115
158
122
172
133
145
114
133
113
111
151
172
130
114
135
153
177
141
110
199
153
190
142
163
165
196
194
195
135
120
134
191
0 1 1
0 2 0
1 3 18
2 4 34
2 5 3
1 6 34
2 7 30
7 8 36
4 9 39
9 10 35
0 11 28
11 12 39
11 13 53
8 14 5
3 15 3
6 16 18
2 17 40
10 18 12
5 19 27
8 20 38
4 21 15
8 22 40
7 23 27
4 24 7
0 25 28
22 26 7
22 27 29
0 28 25
6 29 16
27 30 18
2 31 17
0 32 29
18 33 60
23 34 1
24 35 22
9 36 54
11 37 19
19 38 2
3 39 15
33 40 13
10 41 12
33 42 48
20 43 21
20 44 52
12 45 4
25 46 3
14 47 45
36 48 12
20 49 17
18 50 15
13 51 23
10 52 51
32 53 56
43 54 28
44 55 49
1 56 49
46 57 15
54 58 52
47 59 47
12 60 46
27 61 51
31 62 20
27 63 56
49 64 31
54 56 56
1 32 42
56 58 47
39 43 57
31 34 53
25 25 0
55 60 3
7 11 29
44 51 21
14 28 7
16 32 4
52 56 2
26 55 27
33 50 55
13 50 47
19 54 41
11 48 46
6 13 57
5 46 7
21 54 23
6 47 46
57 60 29
35 52 12
38 60 1
29 38 36
19 53 2
6 51 22
14 43 29
40 52 29
32 54 25
3 29 17
7 54 14
35 49 48
45 54 55
34 42 42
62 62 1
21 33 14
63 63 51
32 50 46
44 62 21
30 45 54
32 63 55
37 47 10
9 62 32
53 58 46
57 61 38
42 56 19
3 49 34
43 48 28
49 57 9
6 7 1
26 41 6
44 58 29
44 49 49
18 48 6
28 55 5
9 58 40
17 22 59
23 30 11
43 57 29
29 31 47
47 49 43
10 38 57
50 64 22
25 34 32
36 37 8
21 37 19
15 44 43
14 39 13
22 23 45
50 59 8
24 26 39
54 61 3
53 62 24
28 51 40
56 64 48
15 34 26
58 62 52
39 60 7
52 53 47
35 43 9
19 57 58
0 14 49
20 42 33
24 48 41
3 33 17
7 24 54
33 57 9
19 58 8
45 45 40
40 43 7
23 29 1
61 64 14
32 33 52
60 62 19
10 12 29
28 64 56
46 51 15
13 52 9
52 57 41
12 48 18
13 35 28
3 38 42
48 58 26
35 59 46
39 64 5
54 62 16
12 33 24
36 57 17
29 40 3
24 33 7
63 64 17
10 36 4
6 55 59
58 59 19
41 41 57
22 34 0
27 60 53
53 60 17
37 38 57
61 63 52
15 35 55
1 10 25
22 42 28
48 50 47
52 60 46
18 64 26
22 55 34
23 40 50
31 33 8
15 51 50
