290 1450
162
180
129
197
114
109
173
139
195
172
100
140
173
198
167
108
122
178
157
147
145
163
157
148
164
162
106
146
154
178
105
144
108
148
110
130
193
125
104
189
103
165
114
194
183
135
185
141
109
174
150
195
111
166
130
106
124
144
151
197
123
124
109
114
121
199
112
109
156
115
192
190
180
147
156
117
118
160
176
185
172
141
154
199
149
110
166
157
121
192
165
158
160
170
158
105
143
129
130
194
200
159
182
186
154
109
161
199
175
176
153
188
166
154
179
120
181
191
133
152
134
181
159
144
124
192
121
143
180
163
101
142
116
140
163
100
126
100
159
152
125
110
176
190
185
111
109
179
196
160
132
174
102
127
165
182
112
142
156
198
186
178
167
185
153
158
135
180
175
195
196
107
193
131
149
179
180
125
186
183
106
127
106
168
163
195
153
106
104
102
118
182
181
184
180
160
166
113
130
192
141
186
192
108
137
151
154
123
150
170
186
138
148
134
175
148
193
181
180
106
179
113
115
154
131
102
188
195
164
188
144
130
192
166
135
172
145
195
126
162
137
175
186
149
117
141
120
164
134
105
160
132
149
105
132
179
120
190
194
167
163
174
195
111
128
171
140
133
105
116
200
145
181
161
110
133
111
178
139
131
130
195
111
180
183
157
113
191
195
137
0 1 13
0 2 5
1 3 49
0 4 16
4 5 15
4 6 17
0 7 35
2 8 19
8 9 57
9 10 60
2 11 28
9 12 20
5 13 55
3 14 39
10 15 3
10 16 14
6 17 16
5 18 56
9 19 54
18 20 35
0 21 29
20 22 58
14 23 43
0 24 1
17 25 7
5 26 31
18 27 32
23 28 6
19 29 52
19 30 37
27 31 54
17 32 59
13 33 7
17 34 34
9 35 37
6 36 24
22 37 28
8 38 56
4 39 35
14 40 48
14 41 26
9 42 48
10 43 36
31 44 21
9 45 54
0 46 33
22 47 5
36 48 53
45 49 41
29 50 26
46 51 11
24 52 49
47 53 49
20 54 60
42 55 33
24 56 26
2 57 10
13 58 48
7 59 2
23 60 55
49 61 20
8 62 60
26 63 40
30 64 52
38 65 26
34 66 4
39 67 7
43 68 19
8 69 44
62 70 22
60 71 8
6 72 47
30 73 42
67 74 41
60 75 7
65 76 10
33 77 28
57 78 28
40 79 15
34 80 21
23 81 60
20 82 10
77 83 12
27 84 30
29 85 4
22 86 54
66 87 41
84 88 2
86 89 40
75 90 34
49 91 47
15 92 11
39 93 21
4 94 45
66 95 24
66 96 40
96 97 8
36 98 35
18 99 23
74 100 51
58 101 18
59 102 3
84 103 38
5 104 36
70 105 11
46 106 36
30 107 58
60 108 39
37 109 32
102 110 41
89 111 26
48 112 1
100 113 40
87 114 53
60 115 8
83 116 26
36 117 19
79 118 16
22 119 16
60 120 28
70 121 19
0 122 9
121 123 53
86 124 14
100 125 33
88 126 50
49 127 28
27 128 47
109 129 15
97 130 8
103 131 31
83 132 40
32 133 22
56 134 32
14 135 10
45 136 17
81 137 26
100 138 13
135 139 17
81 140 6
62 141 4
111 142 22
120 143 6
63 144 39
91 145 14
79 146 42
81 147 22
67 148 46
143 149 7
103 150 4
123 151 44
3 152 23
31 153 32
106 154 49
84 155 53
6 156 31
121 157 46
146 158 38
23 159 23
125 160 35
124 161 41
32 162 4
33 163 27
83 164 15
11 165 23
127 166 7
59 167 7
164 168 45
110 169 11
41 170 13
26 171 16
34 172 3
138 173 38
142 174 23
10 175 55
163 176 1
46 177 57
6 178 18
56 179 32
81 180 3
51 181 44
58 182 13
135 183 15
113 184 20
55 185 27
149 186 54
162 187 24
162 188 49
75 189 18
9 190 46
16 191 41
79 192 18
1 193 22
182 194 32
112 195 17
123 196 34
71 197 4
114 198 41
172 199 54
100 200 24
43 201 56
172 202 15
81 203 32
192 204 36
30 205 3
177 206 58
201 207 4
86 208 22
127 209 19
41 210 16
129 211 52
27 212 13
170 213 23
16 214 26
212 215 32
172 216 55
78 217 34
113 218 25
91 219 39
85 220 51
35 221 48
134 222 8
183 223 3
173 224 9
121 225 39
64 226 42
153 227 43
169 228 56
148 229 54
66 230 23
218 231 57
157 232 31
7 233 1
217 234 41
95 235 37
26 236 14
123 237 44
228 238 7
99 239 47
7 240 33
223 241 44
110 242 0
196 243 51
23 244 6
36 245 52
153 246 50
212 247 24
213 248 4
96 249 17
99 250 4
221 251 8
182 252 31
233 253 3
66 254 44
24 255 28
7 256 19
186 257 30
208 258 47
86 259 37
141 260 8
68 261 32
111 262 9
257 263 22
139 264 27
60 265 17
190 266 1
213 267 52
217 268 39
115 269 5
86 270 2
89 271 54
185 272 6
254 273 32
272 274 53
34 275 3
144 276 36
40 277 7
263 278 60
181 279 2
226 280 22
57 281 41
155 282 47
23 283 12
214 284 5
47 285 17
269 286 17
73 287 47
67 288 3
122 289 30
285 285 29
108 108 48
104 238 35
152 285 46
24 288 14
226 257 10
19 86 27
188 212 28
36 102 18
166 282 20
49 110 43
127 195 35
209 239 16
90 233 44
160 223 5
0 164 26
163 268 6
86 216 12
37 119 12
99 202 20
169 204 49
75 112 10
100 187 18
224 260 23
98 138 10
174 179 28
18 23 21
244 289 22
132 238 51
253 274 15
180 269 53
38 144 6
127 205 50
104 248 51
258 258 10
58 254 16
11 221 4
203 267 22
161 178 29
21 89 30
135 138 54
240 287 13
100 163 27
7 14 40
280 283 10
84 285 54
98 100 1
202 281 54
189 262 21
115 174 10
193 220 42
194 254 49
248 270 42
218 248 24
207 264 29
157 269 41
69 82 2
250 257 12
105 108 15
195 268 27
271 285 56
285 289 54
146 204 47
189 192 35
255 271 18
191 260 55
187 206 2
187 188 5
204 259 12
230 260 52
98 254 23
266 274 43
255 285 25
114 219 55
65 110 14
236 284 22
126 220 32
225 271 38
69 185 32
62 281 7
91 184 40
268 281 38
256 284 38
195 256 11
281 283 55
187 252 24
271 276 54
180 209 38
30 139 1
77 188 57
44 86 45
228 267 20
238 285 19
197 271 29
145 211 24
158 202 5
69 125 8
54 89 55
143 284 8
113 161 57
93 255 33
142 156 47
221 249 4
108 123 2
67 156 55
53 232 25
184 264 13
272 280 27
210 227 46
105 114 12
182 288 37
1 287 2
49 274 11
45 93 0
74 232 47
68 218 14
229 260 6
66 191 30
153 250 31
29 63 15
241 242 16
281 289 4
50 212 44
32 216 29
168 225 54
45 78 0
260 286 23
156 221 3
90 132 50
29 81 35
35 201 18
171 230 11
43 215 28
94 234 24
74 266 54
235 289 43
31 166 47
255 256 57
210 263 60
274 276 16
84 283 24
259 280 15
147 231 44
222 227 28
268 275 13
87 278 25
204 227 59
108 119 37
210 265 11
38 127 30
212 228 46
81 287 50
46 148 48
23 66 43
2 245 25
33 41 9
81 170 36
114 270 34
147 202 48
270 281 40
188 238 18
242 259 60
66 69 35
1 35 9
177 183 37
125 247 52
279 288 22
154 279 3
47 160 2
236 253 3
122 240 42
114 154 44
89 155 14
232 240 28
138 259 30
71 259 20
0 199 5
259 286 24
121 202 51
74 150 52
205 225 5
180 235 36
201 205 42
204 277 56
130 181 4
99 205 57
162 250 22
225 266 24
142 224 11
158 195 56
35 284 16
105 237 25
276 285 1
35 129 18
87 161 57
269 271 43
150 263 45
137 220 9
149 246 34
161 265 27
195 223 45
210 246 56
22 273 45
117 177 27
138 144 55
160 289 56
89 269 59
85 274 28
99 138 35
113 135 20
281 288 24
255 267 14
57 142 60
155 217 26
279 286 39
181 227 16
47 154 26
125 171 26
205 220 49
10 130 34
282 285 60
191 258 33
229 280 1
275 281 26
226 286 1
130 266 26
236 288 50
104 178 31
254 271 4
266 282 49
229 258 0
166 188 33
108 257 37
79 148 48
1 243 47
220 261 29
210 217 51
196 261 39
4 124 18
89 280 4
133 152 1
223 232 28
139 155 16
84 94 52
59 147 15
137 191 57
56 240 9
181 213 49
158 211 24
135 235 0
25 282 41
241 255 3
168 173 49
228 276 50
163 188 43
139 258 35
7 260 16
228 232 32
241 259 19
160 212 20
200 260 24
165 255 0
264 282 25
5 262 51
48 61 41
47 102 6
252 268 24
274 288 58
154 264 47
6 89 4
155 231 26
241 258 11
1 242 14
29 160 28
156 200 34
170 214 15
267 277 42
284 287 4
166 201 5
16 137 46
168 218 45
16 199 47
178 202 11
93 252 36
235 241 50
195 204 19
54 210 37
146 226 57
45 140 55
262 274 21
197 208 30
283 286 1
13 202 35
133 180 56
279 282 45
228 264 2
47 92 23
4 140 22
162 274 48
236 240 32
251 256 22
49 97 11
80 230 57
235 252 40
173 233 52
123 170 19
267 285 46
0 198 29
24 157 27
216 245 59
196 240 33
21 68 14
49 207 25
120 258 4
250 282 10
56 182 13
18 246 37
78 222 5
287 288 15
214 256 45
12 94 38
111 170 19
200 280 58
196 222 51
137 141 58
111 143 3
59 247 44
65 213 41
108 219 32
90 166 29
77 77 38
276 284 5
197 237 35
0 239 52
20 26 45
55 79 35
73 198 59
11 172 25
164 202 42
2 186 28
212 248 2
276 282 41
284 289 46
61 127 14
85 89 32
186 235 55
57 132 16
226 254 60
233 241 29
201 253 38
55 220 44
183 256 1
239 264 36
242 279 23
273 284 50
121 217 23
28 214 21
239 257 28
106 141 8
236 249 49
224 257 59
148 177 2
116 133 40
121 259 11
93 270 15
144 157 15
231 243 33
123 267 12
249 281 13
166 197 22
249 269 21
36 268 13
247 258 31
179 211 14
37 86 7
140 177 31
263 265 10
34 231 13
170 256 20
279 287 7
215 221 58
172 229 25
27 88 28
45 105 10
220 273 52
116 253 48
233 243 4
178 267 7
136 200 57
161 257 31
152 228 29
282 286 42
155 240 14
272 285 18
199 206 5
125 156 17
34 225 22
160 205 33
94 189 20
267 283 38
204 238 11
237 276 36
253 289 52
178 280 5
104 122 34
113 210 11
230 237 6
121 221 4
199 251 28
172 237 29
133 270 39
198 245 28
150 151 15
158 163 51
24 217 30
41 238 56
270 289 42
226 267 30
69 254 5
155 224 39
50 274 7
237 265 60
178 248 44
100 165 37
165 281 29
40 212 36
130 136 59
92 267 33
138 202 50
268 280 44
60 263 29
152 243 40
149 216 50
194 248 60
182 276 30
113 121 36
283 287 36
208 278 7
19 231 36
98 117 36
285 288 57
192 274 55
104 207 2
208 280 54
277 283 39
281 287 6
278 283 26
91 163 28
52 225 22
239 242 17
161 193 47
20 174 1
10 155 56
78 218 11
277 277 11
224 249 42
41 63 9
50 160 16
203 257 57
62 196 11
83 148 54
73 262 44
233 264 14
281 286 20
232 239 28
96 201 52
211 251 15
78 117 45
252 264 7
277 287 41
208 235 40
61 269 35
228 249 46
114 265 32
185 266 54
219 262 54
145 154 53
217 261 47
158 185 2
145 271 0
196 253 24
96 128 12
144 286 22
163 238 52
245 277 34
201 212 27
206 232 29
288 289 28
261 281 59
224 284 19
51 217 36
131 200 3
240 246 50
5 94 57
41 124 9
12 282 13
171 173 15
235 245 35
230 253 45
214 244 11
270 283 40
208 279 47
79 211 51
103 141 45
264 288 6
124 287 56
90 273 7
271 277 10
114 170 25
48 202 12
214 270 21
93 175 46
25 31 4
174 256 56
57 263 52
128 179 49
192 279 4
277 286 30
274 279 56
148 187 12
217 222 60
112 252 50
135 259 53
42 133 42
115 243 50
105 265 50
228 239 26
203 243 18
119 227 50
235 264 34
176 269 30
6 284 2
91 289 50
80 283 30
111 272 52
140 268 38
250 274 9
62 67 45
133 271 34
29 70 36
9 276 0
266 283 42
251 263 21
104 215 17
162 220 52
103 185 54
35 118 42
252 266 47
58 68 31
249 289 2
179 247 60
72 149 27
39 129 43
96 184 7
47 188 3
162 202 59
233 236 9
19 115 27
138 193 0
102 147 30
87 240 7
212 286 28
71 278 54
131 238 46
27 33 59
58 250 58
51 264 4
103 138 8
204 221 32
162 239 38
60 153 43
245 259 21
18 223 52
264 286 35
189 277 55
13 285 44
105 271 48
256 285 4
47 70 0
170 232 45
4 27 1
232 278 34
214 229 10
200 238 36
190 240 14
219 221 24
190 232 48
220 239 40
70 189 54
271 284 48
183 259 9
51 60 2
122 225 22
49 154 39
228 271 53
243 255 43
33 34 3
104 145 58
160 234 17
267 270 17
146 168 2
6 76 15
144 266 17
282 284 30
269 280 12
35 59 32
87 90 10
191 266 25
129 263 39
151 170 0
242 287 25
3 254 36
70 133 0
90 105 24
77 120 6
198 203 1
8 265 50
103 231 56
76 214 35
77 193 32
126 167 50
250 266 28
197 217 16
247 266 32
139 267 14
121 281 29
203 210 57
186 229 33
192 246 19
109 269 13
55 115 23
183 183 55
211 281 2
20 267 33
273 282 46
230 285 8
96 267 44
258 273 25
234 260 46
107 249 41
77 212 26
181 239 23
67 123 4
79 129 60
95 287 46
32 155 55
186 210 32
191 282 17
6 272 4
68 70 29
11 22 59
234 261 43
131 250 51
87 180 16
138 267 33
180 181 23
276 281 45
165 178 2
34 137 29
46 97 35
130 206 17
224 250 60
26 46 52
89 135 54
249 288 15
33 102 23
9 32 32
58 168 47
171 251 54
122 185 35
238 272 27
255 281 27
203 229 58
237 251 0
69 289 43
109 206 49
17 144 11
266 279 54
103 219 41
15 27 49
147 154 52
222 279 18
196 280 31
278 282 34
149 166 30
146 288 53
122 168 32
212 238 16
74 214 28
273 273 3
7 274 46
70 71 12
115 252 37
172 246 3
17 121 56
86 284 3
135 246 16
261 284 36
4 180 59
192 231 23
17 142 29
209 248 7
31 253 8
243 277 56
151 180 14
204 244 55
16 125 41
214 285 5
263 270 54
261 261 53
4 233 50
148 178 46
35 109 58
223 264 47
137 262 25
272 284 3
214 234 26
73 202 19
227 234 21
3 275 14
178 194 46
177 219 60
156 250 34
90 226 46
124 170 46
279 285 39
54 71 59
235 261 8
31 195 43
105 206 39
89 285 36
46 63 44
197 218 49
214 274 58
273 278 54
282 288 3
237 248 6
191 237 57
248 286 26
176 185 13
82 100 17
230 245 44
20 83 43
9 83 50
210 235 19
45 74 23
31 114 33
58 179 30
26 108 51
157 190 46
198 202 36
164 210 40
208 276 18
92 227 3
23 130 46
153 204 6
31 162 31
95 236 20
167 174 44
116 268 8
71 165 18
198 281 22
219 284 18
113 148 46
203 276 59
124 257 58
57 243 18
144 237 27
130 215 60
66 243 3
223 238 25
91 150 35
235 253 54
160 282 6
152 258 54
78 146 32
192 286 22
111 121 60
128 188 31
250 256 41
61 105 14
99 141 13
136 273 8
200 267 19
283 288 4
206 227 1
175 236 35
145 250 23
144 176 30
38 82 6
114 131 40
49 201 24
213 265 24
26 229 60
85 104 59
90 133 37
266 271 38
115 116 29
29 37 49
196 223 18
246 259 59
57 198 39
250 252 47
106 149 41
149 248 53
72 98 0
254 259 31
59 87 24
53 119 46
239 262 4
129 176 45
177 252 21
205 269 4
44 277 15
172 181 27
98 247 14
264 275 38
83 274 60
106 229 7
156 252 27
208 269 5
224 286 6
232 268 38
248 273 18
217 229 13
187 261 31
240 241 25
28 52 26
278 281 2
235 240 6
114 155 23
27 86 2
64 267 35
270 280 27
114 192 16
7 36 44
66 126 44
204 229 5
173 251 53
263 268 5
150 181 48
68 108 24
107 117 49
205 260 59
227 275 3
128 274 39
1 184 18
251 284 7
190 207 36
183 263 8
7 58 44
106 220 40
97 149 52
265 278 6
29 136 8
57 231 16
24 83 19
156 262 43
19 74 34
216 236 58
52 62 38
46 279 32
155 226 34
236 260 14
239 251 37
78 281 37
64 282 6
5 20 10
1 92 58
286 286 15
257 284 46
179 257 33
125 210 3
19 79 33
95 272 27
81 257 4
202 234 57
168 258 24
247 269 31
162 246 24
274 284 54
199 202 9
266 276 15
242 281 8
211 211 44
202 269 1
31 163 28
74 289 54
171 267 42
173 286 9
232 255 31
224 242 7
61 132 30
59 69 52
134 163 6
26 158 54
165 194 42
161 277 54
79 124 38
255 257 48
93 232 16
24 66 22
271 286 46
138 265 11
7 137 20
114 191 44
30 170 56
41 154 32
235 235 12
138 228 55
46 100 5
226 236 28
20 130 54
51 272 40
89 116 40
261 271 19
110 138 24
136 203 4
258 280 51
148 238 45
74 287 53
271 283 37
187 257 48
182 242 28
190 203 24
196 226 18
82 177 3
191 210 27
232 241 5
192 281 57
153 212 36
248 248 43
190 237 43
110 215 15
104 165 3
69 272 3
142 166 46
73 207 57
3 45 14
281 284 37
204 260 49
224 226 43
106 273 45
111 141 26
162 235 49
200 246 51
153 180 15
120 219 59
96 194 46
39 274 4
96 226 58
93 150 7
150 218 3
252 256 30
210 234 15
22 261 8
10 86 21
245 266 31
101 278 29
194 259 36
157 282 17
97 174 8
120 255 25
164 179 46
112 147 45
84 281 60
55 95 39
237 283 14
280 284 58
24 278 7
141 196 3
80 156 2
126 204 3
42 287 54
135 240 8
115 117 56
167 199 34
263 286 24
29 260 12
79 244 11
287 287 8
176 190 7
204 234 39
167 218 16
78 191 53
189 216 2
283 283 41
204 256 57
168 220 9
251 289 40
238 260 14
184 192 47
245 262 60
239 249 42
123 153 6
239 269 36
22 92 47
49 55 58
210 268 59
135 247 20
243 266 7
194 249 54
54 62 33
199 250 36
199 285 14
182 189 44
162 259 55
234 252 29
9 205 25
264 270 28
278 284 33
188 267 38
216 227 54
78 270 28
93 109 2
261 263 47
119 190 24
85 258 22
34 190 33
47 52 40
232 246 53
126 176 43
144 240 25
128 132 17
244 267 25
14 146 57
141 257 1
115 280 15
133 208 45
67 75 36
203 217 49
6 152 47
270 275 26
242 242 22
205 209 60
256 287 36
213 245 3
142 226 48
59 236 50
94 154 6
8 109 39
206 268 23
93 185 55
168 259 47
173 190 22
6 279 52
22 189 13
113 191 32
55 153 24
159 263 28
82 152 28
231 256 52
114 280 54
206 282 48
163 289 0
236 241 16
37 206 10
45 79 52
170 219 5
128 235 22
240 245 37
35 180 42
215 276 20
163 211 27
239 252 26
117 168 51
48 172 52
102 172 46
112 198 18
15 155 35
159 260 59
21 264 12
125 265 54
148 282 51
227 261 45
181 185 16
260 287 11
242 282 2
36 113 55
19 207 58
42 130 57
36 227 22
245 279 26
200 207 49
80 159 15
32 199 60
194 211 24
263 288 38
7 115 60
225 233 49
114 226 52
252 270 36
228 274 12
170 265 35
244 276 14
50 198 21
70 277 17
129 253 6
262 281 40
119 240 35
14 152 10
106 189 49
194 258 14
66 94 4
59 244 40
174 190 44
102 200 1
183 224 23
201 262 20
233 247 16
9 119 7
1 119 39
28 70 28
217 284 46
53 108 7
236 264 19
242 269 25
241 263 1
276 288 49
38 83 52
121 138 36
230 268 40
60 144 0
207 284 8
109 248 10
82 245 29
152 218 0
50 163 39
52 243 49
154 265 59
53 75 24
230 271 41
283 285 44
273 277 38
127 279 47
239 287 43
41 123 34
67 145 1
134 235 53
115 213 9
9 88 50
187 249 18
163 182 29
4 141 10
195 279 59
21 286 22
161 278 49
209 237 52
192 257 54
71 211 31
138 278 20
201 269 60
113 157 2
123 263 26
15 167 35
104 223 13
9 53 40
125 250 13
23 73 25
174 203 50
158 286 48
