250 1250
179
109
159
165
140
114
184
200
175
134
165
118
112
154
200
173
112
132
183
145
137
125
169
114
154
123
156
164
143
120
159
197
172
116
155
107
128
181
162
100
195
109
139
200
185
120
139
158
142
149
156
176
104
126
110
149
105
140
117
121
170
192
142
139
129
180
128
187
200
155
131
117
110
103
135
192
172
121
177
158
153
173
150
138
182
170
168
152
142
152
180
138
112
197
145
134
179
156
103
122
134
178
101
146
157
133
102
186
198
117
159
104
171
141
124
109
108
103
175
118
122
196
122
190
121
196
161
156
198
114
154
171
166
131
103
188
108
154
167
142
132
186
145
185
129
141
200
175
106
196
152
175
130
139
118
104
106
122
152
112
190
123
161
145
148
169
137
152
148
179
139
143
131
105
194
199
167
125
142
200
113
162
175
196
196
128
146
198
196
125
154
171
180
157
159
105
189
118
130
154
183
150
121
127
106
148
146
107
151
171
113
142
198
179
106
107
171
143
197
139
160
131
152
162
181
128
138
188
164
103
169
144
152
164
194
131
122
102
143
172
125
142
136
150
191
139
134
114
140
113
0 1 15
0 2 40
2 3 9
1 4 38
1 5 37
0 6 46
4 7 60
1 8 33
8 9 21
2 10 9
1 11 58
5 12 31
7 13 8
4 14 55
12 15 5
5 16 41
11 17 6
3 18 18
11 19 8
3 20 36
9 21 60
17 22 18
3 23 47
20 24 35
19 25 9
25 26 34
1 27 7
25 28 25
8 29 52
6 30 10
24 31 19
27 32 37
28 33 51
14 34 18
33 35 38
27 36 56
9 37 14
28 38 41
0 39 48
37 40 29
16 41 21
40 42 48
16 43 60
28 44 58
2 45 18
43 46 41
40 47 22
24 48 50
27 49 41
2 50 53
39 51 30
33 52 36
30 53 7
11 54 46
21 55 19
0 56 34
3 57 15
38 58 5
10 59 50
45 60 7
19 61 5
15 62 58
55 63 58
8 64 18
64 65 41
7 66 19
3 67 51
6 68 21
40 69 33
46 70 13
47 71 48
69 72 39
13 73 50
49 74 30
6 75 43
74 76 20
6 77 48
72 78 42
17 79 51
7 80 28
17 81 9
66 82 3
78 83 33
66 84 46
16 85 31
73 86 4
32 87 44
10 88 54
5 89 53
15 90 30
74 91 26
37 92 41
19 93 2
13 94 6
24 95 6
72 96 6
43 97 25
85 98 25
7 99 48
94 100 45
56 101 54
85 102 4
98 103 52
97 104 42
43 105 8
42 106 30
42 107 28
8 108 2
30 109 18
109 110 17
28 111 39
106 112 31
41 113 17
47 114 53
25 115 14
52 116 51
57 117 3
76 118 14
112 119 43
80 120 6
92 121 29
59 122 19
21 123 38
102 124 38
40 125 21
69 126 44
43 127 19
61 128 42
39 129 56
93 130 60
59 131 31
131 132 34
55 133 8
43 134 33
2 135 43
72 136 6
15 137 36
108 138 1
128 139 18
17 140 15
54 141 19
3 142 11
93 143 29
42 144 32
47 145 31
12 146 42
96 147 18
69 148 12
4 149 41
47 150 31
5 151 25
28 152 36
55 153 23
18 154 0
63 155 42
16 156 28
84 157 47
85 158 26
145 159 8
137 160 14
6 161 25
133 162 18
158 163 4
155 164 60
58 165 30
123 166 32
121 167 34
82 168 27
154 169 32
108 170 11
145 171 41
13 172 55
143 173 23
72 174 38
120 175 10
52 176 28
127 177 23
2 178 40
12 179 0
165 180 46
12 181 22
25 182 9
178 183 44
6 184 5
180 185 2
5 186 50
85 187 60
65 188 26
144 189 15
149 190 34
179 191 60
112 192 58
137 193 33
103 194 22
80 195 49
176 196 7
103 197 49
48 198 46
181 199 41
58 200 26
42 201 4
107 202 40
17 203 10
12 204 59
93 205 25
11 206 40
94 207 30
52 208 5
34 209 45
195 210 37
19 211 31
169 212 42
141 213 11
134 214 56
2 215 28
11 216 15
211 217 18
58 218 13
86 219 12
25 220 36
154 221 1
217 222 39
117 223 17
122 224 55
18 225 38
78 226 3
188 227 30
167 228 56
111 229 40
118 230 19
134 231 1
206 232 21
97 233 48
168 234 29
202 235 18
142 236 0
131 237 28
189 238 4
44 239 14
10 240 24
178 241 13
45 242 23
221 243 32
115 244 49
191 245 40
104 246 3
37 247 50
96 248 20
93 249 13
136 197 34
96 103 11
208 221 45
57 66 44
195 204 7
187 245 41
132 139 1
96 107 33
77 85 57
162 200 38
157 173 25
64 64 26
177 247 12
85 196 59
12 147 47
200 215 7
74 169 15
97 201 50
107 224 37
150 220 57
222 235 23
195 219 4
222 232 17
241 243 18
44 221 8
179 211 0
218 240 45
79 237 31
155 158 28
15 245 1
164 237 59
144 249 52
108 125 51
237 243 23
100 138 35
134 183 17
36 214 0
119 186 44
105 158 44
77 228 17
116 204 3
119 126 35
206 213 48
131 170 22
42 109 39
240 245 58
114 172 51
27 179 5
63 78 24
223 246 1
113 208 51
34 84 27
207 224 2
144 240 46
209 239 59
57 148 47
25 212 18
188 203 44
5 113 5
67 153 50
82 101 22
31 56 20
164 222 52
116 160 55
75 216 23
161 206 28
25 78 0
216 230 28
115 212 8
169 200 56
31 186 36
237 244 14
55 154 24
21 25 10
104 249 38
234 249 22
48 216 5
156 204 20
165 234 50
210 239 35
119 208 56
97 178 43
41 180 57
215 228 7
128 219 58
146 241 35
173 177 37
77 184 31
161 232 8
33 63 2
92 197 5
91 247 49
183 185 22
180 240 49
183 249 36
59 159 56
85 222 38
56 223 49
134 186 0
31 68 45
85 186 35
70 70 38
235 244 28
133 151 17
80 143 13
176 210 14
180 225 45
161 218 40
68 220 48
227 240 10
105 240 21
142 243 56
218 218 23
117 170 16
159 231 28
78 212 4
111 161 17
78 187 42
13 39 39
235 235 52
170 199 17
157 233 47
57 88 44
154 165 1
36 62 40
168 221 10
146 234 3
187 242 2
120 128 37
111 128 40
203 229 5
195 201 17
215 227 42
84 208 39
31 207 12
237 242 33
37 201 31
155 171 9
74 245 21
216 216 42
218 242 2
176 201 58
45 200 19
50 166 3
6 229 32
156 233 16
152 190 7
194 229 15
146 202 57
193 224 19
100 243 2
117 218 4
178 217 49
47 55 51
33 51 15
6 78 33
159 191 7
19 47 14
243 244 13
95 156 54
82 110 38
212 217 19
200 224 18
152 237 55
96 125 3
32 183 58
132 207 7
33 197 11
146 183 50
78 90 56
107 167 39
107 154 6
71 185 40
36 122 21
183 186 60
39 142 37
32 232 13
25 99 42
59 228 27
8 66 26
245 249 19
72 144 13
222 245 15
178 197 8
153 196 2
38 153 16
5 240 28
182 187 56
220 228 40
202 242 7
35 62 39
174 233 4
101 113 59
225 228 6
86 178 46
230 242 27
164 231 3
229 231 27
21 218 57
69 123 26
20 205 29
66 134 50
185 201 8
82 169 41
155 223 31
9 247 41
157 220 37
237 248 32
18 67 38
220 245 51
32 50 16
52 200 43
231 245 14
87 195 59
189 234 45
247 247 27
142 207 36
184 247 60
220 249 0
197 228 19
16 200 24
206 225 49
42 99 3
152 232 37
247 248 13
0 35 17
73 136 5
81 167 4
50 241 24
242 243 0
105 128 3
75 84 16
202 214 44
92 172 48
229 229 12
68 226 6
80 184 34
235 239 11
24 36 51
96 101 17
163 181 5
60 235 18
89 123 44
139 177 3
36 154 33
23 186 44
9 75 58
198 232 37
105 195 4
130 242 59
191 229 34
111 129 39
223 235 4
109 211 51
128 210 5
208 245 34
87 246 35
158 182 30
227 227 43
143 244 21
180 237 53
238 245 7
88 134 16
8 40 60
223 233 8
154 212 50
148 161 26
38 59 4
45 122 58
54 127 24
201 224 5
64 175 52
105 188 18
95 203 25
30 58 29
13 219 38
167 178 40
136 237 23
163 168 21
2 100 28
178 249 48
88 140 13
195 223 59
205 209 0
138 235 24
179 231 18
121 198 12
199 207 31
58 98 15
131 175 46
49 236 15
165 220 30
146 191 44
171 211 14
232 237 36
190 231 27
206 215 30
212 220 10
175 234 20
146 216 26
21 130 52
161 214 34
80 241 21
182 241 57
62 143 43
173 248 5
110 151 59
72 219 30
138 176 38
22 81 18
246 248 38
70 123 19
60 73 19
232 248 29
207 233 22
206 211 39
178 248 58
18 26 20
138 159 56
128 143 15
169 199 55
195 208 59
85 123 7
142 151 27
6 193 10
72 211 34
126 159 47
244 245 1
114 159 34
135 171 49
224 243 52
39 54 16
28 103 30
84 217 40
32 38 48
117 138 47
171 229 4
53 79 23
124 239 1
9 198 21
193 225 35
111 207 38
185 233 2
184 217 55
133 156 58
219 223 5
80 163 16
205 248 17
199 229 3
83 235 42
239 243 46
19 57 13
54 121 29
174 181 3
13 189 54
106 190 37
182 218 38
136 223 8
13 131 38
111 199 40
204 231 12
196 212 60
210 248 49
78 176 55
207 241 60
70 189 42
87 183 7
73 179 16
80 205 3
144 168 52
137 178 5
236 245 19
153 180 46
79 136 52
177 232 11
173 239 50
84 249 12
226 235 11
138 156 34
243 248 59
123 132 19
158 191 60
107 143 49
173 228 13
70 179 17
65 197 42
5 51 7
97 235 34
117 121 39
146 249 23
49 244 32
3 32 9
208 243 26
10 12 52
19 177 15
105 221 57
187 233 26
162 193 4
138 242 0
222 223 36
47 147 54
53 212 12
233 239 49
173 175 48
9 156 21
133 228 13
226 249 15
193 203 49
74 193 53
30 147 2
66 143 41
155 182 29
132 167 12
53 135 30
189 195 7
25 189 7
78 131 55
54 56 7
3 244 34
122 167 37
76 208 8
92 156 0
60 107 26
102 189 25
49 121 7
245 247 57
33 169 15
198 236 5
170 244 0
51 191 16
227 232 26
212 223 41
176 237 52
229 239 39
174 244 58
226 227 23
4 9 5
125 223 19
95 96 3
66 212 29
227 247 16
112 249 27
213 221 55
142 192 2
136 160 38
138 232 27
18 85 34
170 227 28
23 230 26
35 111 3
244 247 18
200 203 22
67 231 20
176 195 17
83 160 25
149 149 25
242 248 30
189 242 19
233 241 41
140 163 31
220 220 32
11 95 58
160 203 1
130 201 17
69 75 12
104 146 4
52 233 58
128 247 43
170 183 34
246 249 19
28 179 9
233 243 11
55 171 29
79 137 52
38 131 36
54 106 4
210 249 10
11 40 19
188 226 17
75 192 55
155 243 14
198 208 11
229 248 22
165 246 0
213 219 27
195 215 51
233 238 11
118 172 43
128 200 25
180 217 50
158 160 57
2 244 49
58 103 32
33 166 1
71 237 12
87 223 16
52 168 36
63 201 35
138 248 35
36 125 24
37 151 36
110 114 21
66 244 37
36 121 17
212 246 24
131 190 48
196 231 39
45 108 32
174 206 36
103 137 56
151 156 45
116 195 27
92 208 15
10 104 58
242 242 34
193 230 11
106 238 36
238 247 32
95 121 38
115 237 30
113 216 36
45 119 36
30 243 54
109 184 58
50 59 16
152 247 49
176 200 0
10 232 53
10 182 9
161 188 11
236 244 60
96 171 39
33 152 46
96 172 6
169 181 55
231 249 54
76 158 20
30 50 18
94 127 54
234 234 7
245 246 38
121 135 2
48 73 44
76 153 2
155 232 36
163 237 0
13 19 57
241 248 6
234 244 13
175 178 54
156 181 24
181 245 34
233 244 50
21 149 21
148 205 17
221 240 37
104 175 34
239 241 13
239 240 54
191 231 32
115 180 26
50 154 12
129 180 54
232 247 40
212 213 31
48 154 5
193 219 43
227 231 0
41 217 60
132 161 58
70 101 21
6 234 4
238 241 34
41 228 37
67 163 13
183 219 24
67 144 45
75 193 48
147 182 6
112 173 34
108 184 46
9 221 25
14 70 37
232 244 9
211 230 48
246 246 26
79 221 20
132 200 43
152 240 14
54 217 56
159 236 21
211 219 55
38 149 46
31 65 7
205 225 31
213 244 48
67 170 32
102 117 29
89 163 16
116 129 13
90 195 56
146 190 4
220 222 10
78 95 23
60 74 1
193 205 29
158 227 46
137 165 6
0 32 14
78 175 3
41 187 8
12 209 58
215 243 59
38 245 15
179 196 14
164 245 53
198 202 28
239 245 18
77 194 53
14 102 56
239 239 16
105 125 14
231 243 11
218 247 9
34 179 6
125 181 46
58 132 13
181 231 48
3 204 23
70 114 7
134 220 33
153 178 31
13 195 18
186 187 35
213 215 22
201 211 19
108 199 44
62 112 32
141 195 23
104 136 26
14 108 9
241 241 8
13 134 31
189 224 51
187 237 29
71 126 45
207 229 42
231 240 55
202 245 36
127 214 29
152 175 60
132 160 37
224 246 49
215 233 49
32 131 25
82 135 40
123 147 43
232 242 35
234 239 27
26 231 46
217 239 5
188 238 5
195 218 37
136 221 59
104 185 24
61 205 59
179 204 43
51 65 32
33 185 28
65 191 53
209 229 52
122 127 57
6 134 37
34 151 1
214 226 6
205 236 37
77 96 10
219 232 18
164 217 3
41 142 55
131 181 11
176 202 51
148 224 43
83 93 1
211 231 9
185 215 52
125 183 54
25 65 27
163 243 52
51 228 25
170 208 41
157 212 1
175 212 15
136 146 45
155 221 2
221 246 12
16 54 39
34 129 19
178 236 43
200 220 36
29 73 4
15 109 21
187 210 58
75 78 10
232 239 27
239 249 19
64 115 54
109 126 42
184 244 50
175 239 0
160 215 57
147 192 4
6 156 51
12 102 49
195 234 20
175 211 58
217 223 33
73 220 52
111 173 6
29 63 43
129 130 8
211 226 15
206 237 57
25 154 31
83 211 21
171 232 30
63 220 27
194 203 41
152 172 2
15 26 33
177 180 0
148 229 53
70 81 57
51 102 30
207 226 51
84 241 22
69 135 22
62 86 2
156 193 59
120 133 45
52 240 52
37 183 8
236 241 47
150 243 20
109 191 31
54 74 44
7 90 5
123 169 30
20 68 48
175 188 23
198 215 41
103 193 35
45 61 18
80 239 11
52 198 20
202 232 48
230 240 24
75 95 26
99 107 10
66 234 46
11 99 7
35 248 7
41 146 42
128 221 41
3 192 60
173 198 21
86 141 8
29 249 15
214 246 6
225 238 51
23 225 27
121 150 7
214 247 4
154 214 56
142 186 46
176 219 31
165 169 38
102 214 25
84 244 40
52 142 6
106 170 59
215 242 8
171 187 42
14 179 34
13 89 7
191 234 13
165 172 42
109 212 52
104 234 30
82 203 37
60 198 22
235 245 59
89 136 24
60 146 35
19 27 14
111 224 14
69 151 35
45 78 34
196 209 23
171 174 11
169 170 43
169 238 26
64 120 59
127 137 13
26 30 16
69 114 21
123 173 15
170 203 44
53 57 6
127 145 18
89 211 38
42 216 3
62 72 40
175 226 46
108 245 56
219 244 58
135 143 56
164 218 60
62 227 42
49 231 11
10 70 41
146 228 51
8 163 54
73 135 1
189 208 20
105 178 44
180 220 51
37 166 51
10 200 42
109 208 38
190 246 47
174 214 28
121 157 46
94 179 10
166 172 27
60 189 56
44 154 55
214 235 5
138 158 17
93 122 51
60 104 19
190 198 28
132 210 34
241 245 58
60 145 35
136 153 11
43 227 53
168 189 20
14 141 8
52 59 23
181 244 29
107 184 15
178 195 28
56 162 30
158 158 33
66 150 56
164 165 16
171 228 6
119 218 20
188 198 13
115 179 11
148 187 19
66 245 50
153 195 26
113 147 46
105 193 50
155 248 43
26 129 18
146 175 23
127 148 37
60 85 4
45 225 5
166 194 16
53 156 51
79 127 43
79 232 59
177 185 25
34 185 38
85 109 28
116 215 27
27 143 50
85 168 58
196 236 8
84 97 51
169 242 60
42 249 45
5 74 7
202 248 28
218 236 22
140 231 15
140 222 30
128 169 9
31 211 31
78 178 23
211 213 35
42 191 21
37 145 27
107 228 4
177 178 15
10 218 24
42 64 47
83 179 55
81 193 29
170 219 33
118 195 54
242 249 11
136 231 3
214 231 43
14 23 50
134 224 46
40 147 33
22 34 38
71 216 31
188 206 53
102 229 54
74 196 40
120 176 46
240 240 18
57 208 53
160 169 27
76 97 55
39 104 45
108 124 46
99 177 33
100 179 22
45 84 6
132 224 26
33 107 55
28 154 36
216 221 21
13 57 55
167 227 0
175 199 49
152 153 5
99 161 15
109 132 14
137 195 3
108 191 40
139 232 25
136 159 41
87 135 38
132 249 47
126 184 46
99 147 36
43 150 8
78 219 20
173 187 16
111 194 50
55 156 60
42 248 26
187 219 52
203 222 14
63 244 18
48 117 24
42 110 38
17 161 52
160 183 57
26 204 21
203 245 2
60 191 21
49 85 31
1 98 14
128 196 31
225 244 47
227 229 1
171 249 4
212 243 7
187 213 33
238 249 1
58 173 50
96 166 29
216 243 54
104 118 42
182 236 9
40 92 33
107 141 4
188 236 28
40 53 8
85 233 40
208 236 36
213 242 7
135 242 14
71 222 8
83 97 48
125 161 33
238 243 52
185 205 47
14 27 46
92 180 51
47 127 31
54 182 44
23 207 60
16 40 58
99 219 55
201 205 59
83 154 39
135 220 42
164 180 36
149 238 58
93 134 31
160 186 36
