30 90
179
118
190
144
157
140
190
150
150
154
175
181
150
170
143
115
127
146
133
132
177
111
189
193
114
186
145
109
169
193
0 1 11
1 2 0
2 3 22
3 4 22
1 5 56
1 6 25
6 7 50
4 8 9
4 9 18
8 10 37
10 11 59
0 12 53
4 13 21
5 14 26
6 15 31
7 16 19
11 17 9
8 18 38
5 19 46
0 20 17
18 21 5
5 22 52
14 23 60
20 24 53
19 25 16
9 26 57
18 27 39
1 28 1
12 29 30
13 20 34
27 29 16
13 19 30
12 23 46
14 15 4
7 25 46
23 24 60
11 19 24
4 4 8
22 23 49
1 4 5
17 17 58
23 25 53
4 6 42
27 28 45
24 29 46
4 22 54
18 18 15
5 24 29
15 18 54
1 3 11
4 24 34
13 14 58
5 17 9
16 18 38
26 28 9
6 10 6
17 25 14
28 28 39
9 16 21
17 28 55
20 26 8
1 27 59
13 21 40
8 14 47
2 12 59
2 18 18
8 24 43
19 22 5
4 23 50
2 28 55
5 9 41
9 14 53
5 10 24
7 27 17
3 18 56
11 22 24
15 21 53
1 18 4
10 25 21
13 16 24
15 29 42
21 22 42
0 17 38
3 12 56
9 23 13
24 25 44
18 20 7
15 24 28
25 27 29
2 29 52
