100 300
162
180
129
197
114
109
173
139
195
172
100
140
173
198
167
108
122
178
157
147
145
163
157
148
164
162
106
146
154
178
105
144
108
148
110
130
193
125
104
189
103
165
114
194
183
135
185
141
109
174
150
195
111
166
130
106
124
144
151
197
123
124
109
114
121
199
112
109
156
115
192
190
180
147
156
117
118
160
176
185
172
141
154
199
149
110
166
157
121
192
165
158
160
170
158
105
143
129
130
194
0 1 41
1 2 42
2 3 27
1 4 11
2 5 4
5 6 46
5 7 44
0 8 45
6 9 26
3 10 55
0 11 39
2 12 55
2 13 48
4 14 21
6 15 21
9 16 54
3 17 33
16 18 12
14 19 22
15 20 35
1 21 48
1 22 0
12 23 25
19 24 11
1 25 40
25 26 41
0 27 27
22 28 24
12 29 42
4 30 18
21 31 4
16 32 31
12 33 7
16 34 31
32 35 34
19 36 12
34 37 25
15 38 18
33 39 33
8 40 11
38 41 49
5 42 53
32 43 28
12 44 20
3 45 1
19 46 20
10 47 0
42 48 30
4 49 34
43 50 50
37 51 6
10 52 0
6 53 58
0 54 50
41 55 24
0 56 44
45 57 49
46 58 58
30 59 2
26 60 54
31 61 27
11 62 25
42 63 41
41 64 47
20 65 1
9 66 58
20 67 47
47 68 56
43 69 44
15 70 34
6 71 25
12 72 45
11 73 12
29 74 3
34 75 20
20 76 40
33 77 46
67 78 15
5 79 40
74 80 41
16 81 40
30 82 60
15 83 2
55 84 3
63 85 57
29 86 54
41 87 2
56 88 11
16 89 6
72 90 14
65 91 41
71 92 42
69 93 55
75 94 47
39 95 6
59 96 13
19 97 5
44 98 49
77 99 16
59 91 17
7 39 8
96 98 57
26 61 19
18 59 20
66 93 12
60 85 3
28 80 19
84 88 56
32 91 6
69 94 29
33 71 36
50 85 1
6 98 56
28 97 32
90 92 16
49 77 37
40 89 5
27 47 7
46 89 42
93 95 24
24 27 34
31 57 30
72 81 48
78 88 52
55 78 54
54 72 37
54 59 53
69 82 17
16 95 11
97 98 17
80 93 60
92 95 7
8 20 10
8 95 15
16 30 55
29 97 49
38 46 40
98 99 9
38 93 4
34 51 31
76 99 44
35 49 60
55 99 47
33 44 53
49 64 7
36 55 2
29 84 28
69 83 16
45 79 60
77 93 52
40 52 30
51 53 60
57 79 41
27 87 39
81 89 34
66 88 21
79 96 21
39 84 1
26 79 40
12 14 32
7 10 23
18 46 6
61 82 3
47 53 20
13 49 11
28 56 1
10 71 39
33 99 40
83 86 26
8 86 44
72 89 53
39 47 10
73 75 19
63 71 24
76 97 28
96 96 38
47 74 53
76 85 6
93 96 50
7 64 59
57 62 15
46 93 34
53 84 40
83 84 21
75 95 10
68 76 13
61 67 13
7 23 36
81 94 4
8 39 39
71 88 39
5 31 22
75 84 54
73 82 4
97 97 42
51 61 32
85 86 10
24 78 31
69 74 6
74 74 23
47 84 31
6 69 4
95 98 27
45 56 23
44 95 45
73 74 45
23 76 1
52 99 16
53 71 23
75 78 23
40 41 48
28 95 57
28 39 30
36 60 3
36 78 38
57 83 15
15 68 1
73 90 54
17 50 5
53 74 18
66 66 53
71 73 18
88 99 44
31 58 17
19 35 4
49 60 41
15 98 1
43 90 56
85 99 37
71 94 36
66 91 49
2 29 4
84 84 14
73 87 16
71 87 51
44 75 23
50 92 55
65 97 55
91 98 43
81 93 39
22 59 41
1 58 8
8 94 18
30 77 39
58 71 34
14 31 56
67 91 22
36 66 57
86 95 13
14 59 41
46 77 19
97 99 44
33 76 37
7 34 33
49 70 45
76 80 51
7 28 23
4 56 50
60 97 46
15 36 17
3 79 45
66 98 31
56 56 44
15 26 28
36 91 44
65 71 47
46 62 11
59 69 0
0 50 27
7 58 19
89 93 52
48 76 27
34 82 2
78 95 32
50 59 36
78 90 40
24 49 2
1 98 53
94 99 47
50 77 50
86 94 17
62 71 30
9 47 3
67 81 48
66 97 29
20 86 48
24 48 35
20 85 46
11 14 14
31 45 10
4 69 27
68 68 28
29 70 20
34 46 43
27 28 35
17 28 44
38 57 5
19 83 26
94 97 6
44 46 12
