300 1500
144
139
145
132
103
177
164
124
135
177
155
115
145
162
150
199
190
118
178
177
124
171
183
193
105
119
148
168
166
174
142
186
164
175
118
194
172
197
164
147
175
134
116
145
187
136
172
183
166
104
135
117
120
101
182
163
163
105
105
133
161
175
168
165
187
101
122
164
193
175
126
147
194
149
168
120
110
132
160
175
153
127
193
127
109
118
147
194
175
177
146
199
168
166
183
193
121
169
189
136
113
135
106
179
140
115
180
132
110
145
113
136
137
197
151
163
151
157
144
130
195
173
176
148
113
120
127
190
159
188
120
171
111
192
189
155
124
200
117
173
104
196
155
166
190
171
199
151
146
152
145
194
159
153
192
151
169
185
130
109
164
144
149
153
165
200
115
130
155
174
136
142
147
199
198
185
126
156
118
118
132
121
173
150
110
127
116
126
187
110
129
140
117
178
177
142
181
181
176
136
182
120
130
126
184
142
144
149
125
148
110
118
197
164
194
134
173
109
127
107
184
193
189
163
187
103
157
181
109
187
123
103
108
129
148
161
134
119
127
183
136
103
157
112
179
135
193
167
175
106
157
103
134
189
140
111
103
197
131
161
185
172
162
133
128
199
143
183
128
159
199
155
143
142
176
124
159
189
130
101
179
188
147
176
172
200
189
145
200
188
111
157
163
126
122
114
171
145
117
110
0 1 36
1 2 17
1 3 14
3 4 60
2 5 55
5 6 59
0 7 45
3 8 10
0 9 2
5 10 47
3 11 41
3 12 44
9 13 45
7 14 13
6 15 17
12 16 42
3 17 22
3 18 13
12 19 52
10 20 39
19 21 15
2 22 7
1 23 43
2 24 43
21 25 5
10 26 20
6 27 55
24 28 56
4 29 59
24 30 53
12 31 58
10 32 43
15 33 36
11 34 29
29 35 26
12 36 22
19 37 46
5 38 57
19 39 31
14 40 7
18 41 33
31 42 55
28 43 13
39 44 10
37 45 36
11 46 27
27 47 27
12 48 28
2 49 48
20 50 4
30 51 6
34 52 15
50 53 14
25 54 20
22 55 45
20 56 49
45 57 59
22 58 12
19 59 24
47 60 6
54 61 47
57 62 18
15 63 7
38 64 54
30 65 50
29 66 47
52 67 31
67 68 54
33 69 9
40 70 39
30 71 5
54 72 60
1 73 26
56 74 38
31 75 21
10 76 32
42 77 57
71 78 45
47 79 33
78 80 44
80 81 57
19 82 55
79 83 17
39 84 29
50 85 7
84 86 35
4 87 0
31 88 19
16 89 40
29 90 31
32 91 26
51 92 17
82 93 46
79 94 37
93 95 38
39 96 32
47 97 34
68 98 36
76 99 6
24 100 35
40 101 58
10 102 58
21 103 22
69 104 35
1 105 19
20 106 0
78 107 36
11 108 22
94 109 34
29 110 22
34 111 36
79 112 38
71 113 38
21 114 33
20 115 14
76 116 40
45 117 16
83 118 13
29 119 37
1 120 42
97 121 60
103 122 33
84 123 17
118 124 48
90 125 52
91 126 57
56 127 18
12 128 40
23 129 6
109 130 14
75 131 31
72 132 33
3 133 24
77 134 60
58 135 36
5 136 53
3 137 17
47 138 31
98 139 22
3 140 45
41 141 47
121 142 11
19 143 7
93 144 23
121 145 15
100 146 3
27 147 28
69 148 48
100 149 45
95 150 28
44 151 30
103 152 45
146 153 16
19 154 8
108 155 36
94 156 53
29 157 28
124 158 9
53 159 45
40 160 35
123 161 4
117 162 59
61 163 22
22 164 36
123 165 59
9 166 17
71 167 48
14 168 48
127 169 13
9 170 0
42 171 53
57 172 56
56 173 21
71 174 6
174 175 41
68 176 52
39 177 56
82 178 4
44 179 5
63 180 15
42 181 51
41 182 54
34 183 38
7 184 27
163 185 10
140 186 9
48 187 56
15 188 42
171 189 55
178 190 9
28 191 56
106 192 42
101 193 26
60 194 55
58 195 48
163 196 49
67 197 31
97 198 4
102 199 25
58 200 16
45 201 33
119 202 51
192 203 23
30 204 50
190 205 16
91 206 3
87 207 56
3 208 15
69 209 31
105 210 52
33 211 31
209 212 40
88 213 34
140 214 23
43 215 46
189 216 19
6 217 3
108 218 21
8 219 33
12 220 55
66 221 26
86 222 53
31 223 31
118 224 29
120 225 21
198 226 52
178 227 24
72 228 10
86 229 23
192 230 25
223 231 41
122 232 20
138 233 1
29 234 33
73 235 50
98 236 32
103 237 59
149 238 44
107 239 6
21 240 17
159 241 10
124 242 43
19 243 37
150 244 52
49 245 22
180 246 21
99 247 45
222 248 52
146 249 15
132 250 46
157 251 3
202 252 23
225 253 26
229 254 3
198 255 59
74 256 12
244 257 29
179 258 38
141 259 15
187 260 13
180 261 6
238 262 3
217 263 35
31 264 57
51 265 4
134 266 37
107 267 56
208 268 24
25 269 20
65 270 41
121 271 38
56 272 24
13 273 42
166 274 50
242 275 31
96 276 30
125 277 19
159 278 17
9 279 38
111 280 53
15 281 55
220 282 21
80 283 24
125 284 48
150 285 40
139 286 29
227 287 37
152 288 59
12 289 25
100 290 43
96 291 38
0 292 30
14 293 57
43 294 10
83 295 9
208 296 33
44 297 59
16 298 47
25 299 44
236 256 16
2 94 11
97 236 52
185 274 40
94 196 16
146 161 36
178 273 9
179 294 32
15 132 28
121 133 32
58 161 45
159 223 60
211 260 33
44 68 48
216 248 60
224 237 49
13 248 12
221 240 57
100 250 50
96 240 20
114 169 46
24 46 33
298 298 23
119 246 46
228 294 0
75 144 2
37 52 11
101 266 43
261 289 2
49 283 47
55 178 40
266 271 7
147 225 45
79 152 35
258 294 39
6 137 15
297 299 8
202 234 54
53 117 59
17 114 56
57 214 38
45 166 3
151 199 14
264 289 35
177 252 60
205 282 10
256 273 20
144 145 25
90 130 7
245 252 42
246 288 30
137 271 59
187 289 4
80 247 25
223 297 50
6 153 51
58 96 39
187 217 26
284 285 25
5 50 33
140 209 27
257 292 53
67 294 51
132 219 41
276 291 2
259 290 3
78 284 2
270 271 41
278 278 17
201 255 21
185 296 52
40 108 13
76 146 26
249 272 49
2 289 32
146 298 51
242 268 9
281 288 11
126 242 28
95 139 46
145 217 35
172 272 53
232 265 28
255 276 35
72 140 24
0 2 59
90 168 45
268 293 9
13 18 25
3 228 15
24 278 56
197 230 51
147 280 42
268 286 7
85 124 10
221 264 50
236 271 58
165 273 47
247 255 44
29 131 28
239 278 52
81 196 55
244 289 42
130 198 35
59 264 22
50 76 18
8 282 28
257 264 14
186 293 35
206 298 44
193 196 23
66 257 22
1 180 57
237 245 51
292 299 16
222 287 8
12 29 13
268 298 1
180 227 6
161 179 26
24 216 15
174 177 48
138 265 11
129 256 45
150 157 22
265 287 24
170 274 37
155 164 3
45 115 0
44 261 11
252 290 1
245 250 56
192 222 52
97 202 16
237 237 1
111 119 4
29 207 40
58 231 24
85 234 10
257 287 16
208 208 26
210 269 9
210 257 30
241 243 16
171 228 57
270 270 7
165 298 9
71 224 26
92 142 57
121 284 48
259 289 6
261 263 49
281 285 2
269 297 22
86 117 14
161 195 17
162 259 43
94 254 6
271 294 28
236 288 1
214 292 59
175 278 57
26 279 29
102 280 6
79 191 12
238 287 20
68 181 0
194 254 44
109 168 6
70 195 57
134 227 29
31 124 31
47 255 40
149 234 19
143 281 23
41 293 10
118 241 49
24 246 52
171 174 47
181 233 14
157 237 31
184 216 58
59 276 50
121 154 18
165 201 28
121 214 33
216 289 5
127 248 13
277 291 20
211 289 44
228 286 26
284 297 4
27 156 17
191 263 60
170 289 31
112 153 30
270 287 53
55 211 39
227 283 37
283 293 14
196 235 24
24 151 60
158 292 59
246 250 3
11 162 35
113 221 34
249 262 13
92 119 19
136 273 47
1 94 9
131 218 50
4 169 4
289 296 53
47 297 3
66 89 51
105 266 24
9 144 40
58 101 1
81 204 6
61 142 37
286 291 7
26 187 57
97 243 6
23 51 20
77 248 50
262 273 54
240 249 41
289 289 44
208 248 32
245 259 44
177 221 11
185 186 7
175 299 7
118 201 43
241 293 10
215 267 34
177 231 6
38 156 7
24 266 6
108 258 24
177 262 13
101 215 55
68 218 11
99 266 13
234 234 13
139 248 42
255 273 45
1 147 47
211 229 20
221 243 44
167 262 50
206 278 1
26 222 27
112 188 49
190 282 14
60 247 56
143 153 14
8 289 23
122 178 7
49 144 0
71 73 37
132 299 35
235 282 27
229 294 10
169 209 23
150 184 47
178 244 56
139 216 0
4 47 37
72 264 17
127 226 55
115 251 1
105 185 0
269 278 55
218 298 14
263 285 47
228 261 7
38 211 47
189 194 26
116 142 16
141 252 4
101 130 9
54 124 49
102 218 26
61 199 8
201 272 3
58 95 58
52 178 8
104 264 50
235 261 3
4 145 47
140 221 56
90 170 2
288 298 52
83 163 33
73 202 38
32 229 14
7 66 42
75 259 53
110 130 34
222 224 45
105 211 55
186 276 54
139 272 21
128 289 54
291 291 28
248 251 31
169 236 45
78 236 1
37 90 59
58 169 4
284 294 24
245 273 25
166 173 28
204 239 12
172 263 9
210 274 46
155 278 45
262 275 43
209 213 25
132 265 17
120 272 13
135 262 46
244 246 53
156 285 60
289 292 21
51 91 27
281 289 38
267 286 4
216 231 49
90 245 2
292 293 11
34 70 2
208 289 39
32 62 13
254 263 34
152 163 25
73 297 48
164 195 56
197 283 57
25 158 38
195 285 36
80 235 18
54 181 42
6 276 10
158 297 58
94 167 37
134 143 46
287 290 4
34 125 38
6 14 17
292 298 13
226 246 41
50 262 11
62 104 8
208 239 47
55 110 41
236 296 43
58 206 45
144 267 37
8 123 59
114 249 8
8 253 18
54 156 41
226 296 27
231 252 4
259 260 44
93 115 55
163 287 23
279 289 16
265 280 48
216 274 31
153 173 14
147 182 50
1 187 3
292 292 10
139 291 57
189 224 51
121 153 60
143 163 19
120 286 42
294 299 4
292 294 8
47 258 31
165 290 13
256 288 37
215 272 6
214 230 58
253 260 29
231 290 8
38 192 47
122 266 23
33 63 7
181 190 3
106 254 58
141 150 51
297 297 45
123 140 51
286 290 45
287 296 3
20 148 40
13 216 13
1 182 5
119 233 26
157 254 4
108 242 46
79 169 9
38 120 46
127 268 48
264 268 15
273 297 59
92 241 9
55 282 43
49 271 34
60 67 38
165 259 40
133 256 16
72 232 27
46 257 60
100 123 59
69 280 4
0 127 50
258 290 34
15 237 12
82 216 48
157 159 21
25 296 40
158 286 11
123 281 60
244 296 49
118 281 41
38 72 6
235 276 2
148 298 57
254 287 60
10 165 38
14 143 50
93 176 20
113 294 0
119 161 44
101 131 33
279 297 43
239 247 40
149 298 13
18 95 28
155 199 9
161 175 52
148 184 24
59 177 53
194 245 25
43 214 10
220 253 58
131 289 43
49 79 14
230 257 21
131 263 7
153 219 31
279 280 17
236 266 2
276 287 23
212 249 39
295 298 44
64 268 39
90 129 43
139 266 41
229 262 57
74 297 31
138 267 21
287 287 45
209 274 33
42 174 38
128 285 49
133 200 10
131 257 40
201 283 12
167 179 8
163 294 17
208 287 21
150 221 56
173 200 17
60 168 28
117 212 30
72 172 56
65 81 58
140 251 44
114 131 2
106 170 16
22 77 51
158 279 56
6 165 10
162 217 3
157 293 40
4 167 32
233 240 6
10 68 7
119 289 53
268 273 1
15 180 32
215 290 43
283 291 2
211 242 20
247 291 45
54 134 40
36 201 41
128 268 24
210 283 42
77 96 54
213 245 49
70 288 26
33 131 23
145 280 20
206 295 32
262 284 46
125 206 30
205 238 23
287 295 6
275 293 14
275 294 46
218 233 26
141 146 42
172 192 8
7 69 36
146 229 22
12 245 17
124 248 16
10 213 15
147 226 32
140 287 14
265 288 33
108 260 33
167 219 4
78 179 17
24 254 20
156 236 37
126 272 7
86 124 32
49 63 44
147 272 55
38 126 10
127 173 28
136 210 35
164 169 10
183 267 26
242 281 38
103 247 27
213 288 20
213 233 30
98 224 33
208 219 16
195 227 2
162 258 9
85 130 5
90 113 42
152 258 33
195 274 28
27 118 25
115 244 10
225 231 57
51 151 30
78 240 7
215 232 4
151 274 55
219 285 25
186 251 42
74 103 17
205 264 30
47 266 38
243 262 49
118 260 49
164 212 2
193 193 38
127 271 2
152 254 31
11 285 6
139 164 21
19 162 25
21 223 54
229 250 40
193 216 56
126 205 22
122 276 39
24 129 51
274 274 26
101 298 19
212 241 19
201 297 39
169 258 58
24 176 53
94 260 36
127 247 19
236 284 56
85 259 56
209 290 42
51 107 0
256 257 49
219 284 5
188 214 31
270 294 55
175 286 11
85 229 58
170 198 45
262 267 51
132 184 26
259 279 11
39 69 60
246 260 2
231 243 32
82 84 52
115 137 33
63 297 0
257 291 31
40 102 6
177 271 32
17 74 25
45 172 15
117 257 6
202 249 34
276 280 29
262 293 50
221 281 17
93 150 54
173 220 35
51 196 7
70 83 33
138 201 40
233 292 12
130 194 16
1 28 23
263 288 10
102 291 10
278 280 3
98 231 7
131 160 3
74 277 29
127 285 9
118 262 18
49 82 32
227 273 6
132 235 48
161 185 9
227 234 2
10 35 59
122 275 43
274 282 1
111 245 40
131 188 18
247 274 29
229 259 1
66 117 13
75 87 15
86 227 52
222 254 28
116 242 44
292 297 13
66 157 32
175 201 42
181 223 5
140 153 43
247 273 20
172 211 54
161 194 48
22 134 60
194 281 51
164 200 8
198 210 39
262 282 24
22 250 28
172 182 46
256 296 51
290 299 59
195 215 17
239 249 54
33 36 41
198 280 1
125 205 8
156 284 38
289 291 32
188 227 8
212 228 55
195 297 58
51 284 12
254 266 43
225 227 43
277 286 57
259 276 27
274 293 56
109 284 32
61 155 41
184 247 49
45 91 3
152 162 8
56 78 31
166 281 5
197 269 46
168 217 50
50 253 2
168 280 5
159 251 57
132 142 59
216 236 15
36 40 22
83 138 35
238 243 14
248 263 58
110 242 57
62 197 47
200 214 8
186 294 48
38 158 6
232 239 18
89 224 8
19 212 15
1 158 54
251 255 22
30 224 58
74 110 8
177 206 43
58 74 26
40 181 8
278 294 6
148 151 8
169 217 57
5 154 28
29 200 31
267 281 45
283 289 6
163 192 6
251 251 50
5 274 32
35 176 11
251 270 30
20 128 53
277 277 13
210 268 60
260 267 21
164 254 17
87 219 6
12 109 5
196 257 6
79 193 52
233 286 28
90 190 54
140 266 60
154 164 29
118 123 35
162 162 36
184 289 36
195 237 44
136 226 13
171 293 26
137 139 11
92 192 51
217 273 58
150 166 48
77 224 40
157 158 57
10 189 32
222 278 43
132 259 57
87 206 32
230 271 46
84 198 38
119 272 24
179 208 55
107 233 6
228 289 41
22 208 14
62 275 51
181 218 1
16 289 28
201 281 50
203 260 24
230 249 11
15 253 13
47 240 54
80 263 11
294 297 34
1 274 9
28 194 11
7 31 40
237 265 4
180 279 51
196 219 10
253 273 34
32 181 27
290 291 58
6 210 1
269 284 11
238 279 16
220 276 4
110 239 30
54 209 5
269 288 30
154 277 58
250 287 39
52 162 52
98 250 47
45 235 24
290 293 30
139 206 54
236 274 21
178 231 31
204 280 57
57 177 37
156 231 21
94 257 2
245 296 53
126 236 48
177 260 31
94 197 39
120 275 39
49 241 2
71 289 34
124 184 58
252 272 38
205 256 44
45 250 54
285 285 26
18 63 14
9 200 10
225 295 37
169 190 17
10 40 21
95 133 22
256 259 2
254 284 26
63 94 14
251 256 18
242 246 0
246 285 18
55 142 50
65 80 25
173 202 11
115 245 36
77 235 4
78 136 37
72 252 0
164 249 39
75 103 54
52 292 48
211 259 23
155 188 23
166 205 4
123 203 3
214 255 19
176 243 38
192 228 47
168 239 55
251 295 22
89 194 25
37 238 31
4 231 12
285 290 38
228 293 5
36 86 15
173 272 48
146 267 0
133 175 55
11 167 6
196 205 41
250 260 22
203 280 22
208 278 8
64 165 30
235 279 44
70 131 50
140 190 2
203 273 60
131 250 55
25 176 3
94 190 53
195 197 34
165 168 31
204 214 20
260 281 12
228 252 15
168 176 49
1 140 39
172 258 31
236 294 39
175 195 60
8 135 40
262 299 45
52 155 32
254 257 0
33 99 44
63 69 17
267 272 54
295 297 19
130 293 13
232 248 53
290 296 27
112 183 23
267 274 9
127 256 30
227 284 16
64 200 5
282 287 18
24 271 41
237 289 53
36 139 30
47 215 33
154 190 34
111 168 6
15 50 20
224 251 19
72 283 27
149 258 23
185 254 7
12 35 53
269 270 3
85 145 58
58 128 44
127 154 40
213 273 11
211 265 36
246 256 16
126 178 1
223 256 39
205 276 29
21 49 11
128 283 56
177 247 56
122 285 0
68 70 12
89 195 17
136 239 10
193 264 45
150 156 41
24 251 55
134 251 9
133 209 55
92 285 35
216 288 21
0 229 3
181 287 3
143 214 5
161 226 2
182 277 11
194 291 36
74 186 49
180 283 40
99 213 10
119 225 27
235 237 39
286 296 36
266 299 58
105 202 19
186 271 40
112 255 34
20 123 41
295 296 27
84 191 34
51 202 52
75 296 7
85 163 42
193 195 34
41 140 37
214 241 25
186 230 42
40 66 11
201 299 31
143 160 35
225 269 13
61 185 44
82 138 4
117 221 15
68 110 46
242 244 2
102 212 29
113 125 12
288 299 12
187 220 4
32 40 17
12 213 55
280 295 10
8 45 13
147 191 11
37 42 55
57 247 20
163 198 42
279 283 7
142 241 16
70 81 32
239 274 52
285 293 57
104 116 42
227 240 38
100 135 20
221 278 42
99 239 57
66 227 32
161 288 23
50 266 24
195 220 54
199 216 6
90 263 15
192 219 28
113 191 22
99 195 45
97 224 42
127 275 19
88 179 4
152 274 55
291 296 33
90 95 41
223 271 8
243 264 13
234 277 18
241 292 8
112 265 7
13 202 2
240 289 38
124 269 16
60 274 33
183 194 10
268 278 41
189 208 12
39 161 11
203 235 6
13 279 59
74 119 21
34 264 52
140 199 25
69 78 5
61 100 46
290 295 41
203 250 51
50 251 26
59 211 21
190 237 44
25 275 39
32 96 47
47 53 18
120 284 26
43 298 6
16 29 13
230 255 33
18 29 42
254 293 44
198 245 14
163 194 50
118 222 53
2 21 48
19 291 57
130 218 59
71 210 17
42 243 35
156 158 55
242 272 32
177 293 1
90 110 17
278 287 10
9 135 50
28 51 8
229 249 6
257 283 54
224 261 11
218 283 25
124 194 27
68 107 12
0 105 1
172 220 16
60 298 48
249 261 59
12 164 57
62 178 11
140 253 25
136 213 22
26 284 29
208 269 41
248 252 56
148 200 22
287 294 47
163 218 31
221 239 42
123 254 3
140 170 26
31 132 21
199 217 47
190 220 54
121 247 31
163 199 47
296 299 31
41 108 6
125 241 18
9 159 40
68 234 18
114 150 59
267 291 21
144 201 49
161 286 54
221 223 6
277 292 35
147 267 26
56 146 59
256 295 40
89 126 48
144 182 51
246 298 56
99 207 7
139 269 49
52 160 20
167 224 27
248 275 49
84 161 2
103 284 52
171 229 52
214 281 11
293 296 56
136 185 24
84 105 49
236 268 6
195 251 5
0 5 5
65 166 53
250 291 1
293 298 17
17 273 9
0 269 3
55 128 47
44 217 53
109 162 53
62 186 55
0 288 6
105 232 49
228 263 38
294 298 30
92 225 20
119 204 39
231 234 5
171 192 47
102 245 41
295 295 34
179 264 51
3 27 46
86 115 6
220 251 41
218 236 41
24 29 21
137 213 42
178 193 42
113 187 39
28 38 4
185 284 7
82 123 3
82 169 4
257 298 3
227 272 41
131 295 55
92 101 16
241 275 53
3 268 40
204 221 22
262 280 22
228 267 30
19 203 9
223 240 56
120 152 29
31 178 21
5 169 50
83 289 39
25 196 4
116 260 16
119 286 60
241 297 30
98 129 0
258 299 38
47 89 16
104 120 7
24 61 23
261 285 18
222 283 58
207 281 37
62 129 42
128 257 2
93 269 44
225 277 17
64 271 22
237 277 9
280 291 56
122 248 42
49 208 55
153 296 48
71 90 2
238 268 48
255 288 5
110 223 18
76 214 41
165 255 13
230 289 50
16 249 1
5 205 55
56 208 54
201 214 0
58 209 59
221 288 24
142 191 56
62 203 47
241 254 39
137 176 19
