160 800
196
173
155
133
132
153
194
159
189
130
163
196
186
145
131
170
135
154
176
109
129
121
182
148
111
184
139
115
200
196
112
182
170
185
166
185
198
136
187
112
119
189
198
139
152
138
194
140
176
124
162
191
198
188
191
193
119
170
118
112
151
193
141
164
171
195
143
164
142
129
105
111
140
160
148
199
125
148
178
166
168
104
146
110
113
197
170
146
164
112
195
152
130
123
131
129
114
149
111
151
170
196
155
106
160
158
178
173
120
124
200
188
175
128
169
200
136
116
149
185
110
177
186
135
153
199
167
168
181
165
139
200
182
189
110
142
124
108
140
132
139
161
181
147
175
171
190
171
151
130
172
176
125
151
138
127
134
136
114
161
0 1 57
1 2 29
1 3 54
1 4 10
0 5 4
2 6 33
2 7 23
4 8 51
0 9 17
1 10 17
10 11 50
3 12 13
9 13 15
11 14 1
10 15 50
9 16 44
1 17 56
7 18 23
14 19 13
18 20 0
15 21 41
16 22 18
22 23 46
16 24 8
9 25 13
1 26 28
15 27 49
4 28 35
19 29 45
1 30 2
27 31 12
4 32 37
32 33 13
7 34 42
14 35 5
1 36 2
21 37 13
1 38 50
20 39 27
12 40 20
22 41 57
30 42 28
0 43 29
18 44 16
26 45 41
31 46 51
16 47 35
2 48 1
45 49 35
10 50 33
10 51 53
30 52 60
18 53 3
42 54 40
42 55 23
31 56 1
53 57 60
15 58 5
54 59 41
4 60 55
18 61 43
34 62 30
15 63 40
62 64 30
52 65 6
47 66 46
62 67 32
41 68 44
30 69 57
1 70 3
64 71 54
26 72 40
51 73 32
61 74 48
70 75 20
67 76 12
32 77 54
30 78 49
19 79 59
69 80 14
26 81 34
8 82 13
8 83 24
63 84 44
44 85 24
44 86 13
86 87 36
40 88 16
73 89 55
43 90 30
45 91 49
40 92 14
78 93 32
18 94 30
75 95 7
2 96 4
83 97 15
42 98 5
72 99 58
58 100 4
34 101 44
2 102 4
102 103 15
86 104 5
9 105 26
95 106 43
66 107 8
19 108 21
101 109 15
64 110 28
18 111 5
14 112 33
97 113 48
52 114 26
103 115 3
69 116 26
2 117 30
10 118 50
34 119 0
88 120 54
86 121 15
84 122 23
18 123 36
39 124 36
49 125 4
122 126 58
1 127 7
44 128 25
37 129 37
47 130 36
3 131 2
93 132 17
26 133 29
7 134 60
98 135 38
100 136 47
86 137 36
18 138 22
40 139 33
32 140 3
38 141 2
72 142 24
0 143 20
105 144 19
136 145 9
53 146 46
11 147 59
7 148 31
36 149 54
88 150 14
11 151 7
39 152 14
3 153 3
4 154 59
110 155 1
6 156 32
136 157 52
50 158 13
118 159 3
39 113 2
56 108 36
20 87 2
129 144 18
81 121 37
139 149 44
34 78 29
85 121 48
156 157 47
150 155 29
158 158 37
7 28 19
112 120 14
117 138 42
53 145 51
139 147 38
68 148 5
59 90 37
104 124 6
45 50 40
109 143 35
5 123 57
24 31 6
124 139 2
19 139 33
48 119 4
147 153 13
122 143 9
92 113 37
37 100 44
103 125 46
22 104 15
135 152 22
155 159 60
52 54 45
11 71 56
67 149 16
112 151 42
36 63 15
114 131 55
30 68 22
73 158 0
128 145 36
36 57 34
16 21 12
136 156 22
128 153 42
74 134 17
146 158 8
102 125 54
96 115 40
14 23 24
69 75 19
22 131 21
114 127 38
141 157 42
85 151 5
74 86 8
133 151 15
158 159 27
9 11 47
90 94 10
106 150 17
148 150 5
26 99 13
133 143 38
135 154 51
1 110 44
133 136 39
45 129 7
62 151 56
87 131 16
131 148 30
104 156 56
25 132 41
23 55 23
69 129 5
112 142 11
51 93 59
109 127 6
84 145 55
26 156 52
146 149 29
13 105 37
113 141 1
82 144 42
156 158 14
145 155 23
121 143 10
136 151 8
66 67 48
27 115 11
71 153 31
69 136 43
123 124 30
77 98 21
27 40 3
35 47 51
100 118 2
16 60 4
119 129 10
29 83 14
76 147 2
125 133 32
124 131 1
134 153 57
58 127 26
61 122 43
35 150 13
21 83 9
41 71 6
84 92 14
47 93 24
41 101 34
13 43 24
18 119 35
25 150 26
146 156 29
124 149 21
3 66 0
110 143 40
128 144 56
63 76 22
64 156 46
47 79 43
83 86 58
22 127 24
104 150 35
154 154 23
46 91 58
53 88 57
96 112 3
61 68 46
71 84 12
150 151 44
137 138 31
152 152 43
11 155 58
121 149 19
130 151 46
32 133 8
34 51 32
149 159 16
104 142 58
141 142 21
44 50 55
127 135 32
27 81 24
135 155 26
96 154 35
69 74 28
13 22 41
123 151 33
108 147 28
85 88 34
124 132 19
37 46 20
113 151 58
99 132 27
142 151 25
38 125 35
130 143 55
47 120 38
149 156 17
30 130 15
131 136 40
84 90 59
119 146 12
48 89 24
74 147 36
112 121 47
26 80 15
46 95 12
102 144 9
141 147 56
2 59 57
129 138 30
34 87 52
93 117 3
32 106 14
108 112 44
144 153 10
114 142 13
120 148 23
80 128 46
108 118 4
144 146 13
99 102 21
150 152 9
109 136 57
0 152 36
105 117 30
74 107 14
98 100 22
74 95 30
33 90 22
121 141 7
10 63 21
109 152 40
55 109 43
29 46 49
40 99 60
99 114 45
116 138 46
85 157 34
48 139 54
97 116 57
24 63 48
41 64 7
97 127 7
118 157 45
80 157 12
62 87 34
85 155 19
147 149 16
75 114 48
151 151 3
34 100 60
17 118 59
48 158 41
54 103 57
100 135 9
18 32 49
85 99 31
137 159 58
51 83 0
85 123 2
52 86 20
93 111 30
76 101 23
12 35 6
121 137 11
98 108 22
119 136 56
112 140 0
81 83 41
59 142 19
31 39 3
63 95 28
1 101 12
69 117 18
48 155 18
55 151 47
95 97 24
116 158 20
137 142 21
89 90 23
38 98 23
146 148 21
5 95 16
16 50 49
52 90 29
82 123 36
93 154 60
66 73 32
111 141 49
56 83 44
37 42 4
16 69 58
78 132 37
143 154 11
91 156 8
146 153 59
43 141 21
30 86 5
104 126 42
65 67 24
30 147 19
63 117 39
116 133 3
56 66 37
4 112 10
145 153 5
51 54 26
145 147 26
78 84 12
155 156 44
8 131 45
77 157 16
151 156 18
117 143 10
115 129 0
14 137 56
155 157 20
64 74 27
123 143 15
115 131 36
11 132 15
93 123 38
89 126 28
70 113 24
45 135 46
70 118 13
91 147 16
24 132 28
152 153 41
12 157 38
56 89 57
85 120 16
17 121 60
86 95 45
143 153 1
15 92 39
70 154 42
39 131 40
30 58 7
58 156 11
141 159 27
40 80 35
76 78 37
104 120 13
84 85 9
109 142 21
99 155 53
12 154 9
27 69 5
94 101 36
152 158 32
60 105 60
149 153 46
27 156 51
144 147 33
7 136 38
134 152 36
53 114 2
103 133 15
14 84 41
73 76 23
117 141 48
90 116 55
115 116 55
68 152 39
17 50 43
84 101 31
31 125 51
17 71 32
89 122 60
20 154 9
72 116 14
148 152 59
56 65 58
107 140 50
82 149 38
70 157 28
33 130 17
76 114 21
126 132 44
89 114 21
107 124 41
57 106 4
149 155 13
74 123 7
115 123 30
45 92 53
23 124 58
39 139 27
9 118 51
116 139 37
80 124 56
6 40 42
123 127 7
106 157 58
37 47 21
10 91 27
36 123 43
78 144 8
64 122 28
65 73 41
131 134 23
151 154 11
28 109 13
8 56 42
92 98 50
29 56 22
85 131 30
75 89 19
106 112 10
130 156 18
46 109 2
105 121 48
96 136 3
38 151 32
100 116 3
99 101 28
134 146 10
20 152 23
119 156 11
24 77 26
144 156 32
153 156 39
129 130 51
105 139 36
130 139 5
98 154 45
32 149 2
149 149 47
91 127 39
153 159 2
104 125 1
139 145 32
26 95 34
30 125 7
79 151 47
132 138 4
44 122 42
123 159 3
132 143 36
77 130 34
138 150 8
33 104 49
10 71 1
108 122 28
57 142 22
34 56 60
105 114 20
65 153 26
29 150 59
101 142 34
99 151 25
132 145 30
100 121 4
1 97 38
23 98 24
125 127 56
84 126 3
154 159 44
154 156 42
145 148 5
58 117 0
74 108 39
72 91 10
21 30 2
70 78 40
131 132 20
68 71 21
152 156 52
120 132 8
10 25 26
83 129 12
124 147 26
3 22 12
81 84 41
36 106 1
53 151 28
136 152 5
139 158 13
76 150 47
59 93 40
36 103 47
150 156 10
17 35 30
150 153 55
58 134 33
67 91 48
33 157 48
77 142 9
107 154 42
27 99 12
100 101 3
21 149 47
80 153 35
132 148 44
97 155 9
48 142 43
39 93 53
120 143 30
1 108 1
105 156 45
44 158 42
108 141 44
75 103 36
141 145 39
45 109 40
121 133 31
107 143 2
109 137 13
43 106 15
104 153 25
64 142 13
131 138 21
84 159 45
93 93 0
70 115 10
36 144 54
103 113 60
118 127 21
141 146 0
35 140 60
40 149 43
52 103 6
75 147 48
38 91 33
44 81 42
68 136 17
133 147 28
66 136 1
74 143 2
43 69 7
70 87 51
18 154 16
70 106 47
47 154 40
91 109 13
127 143 33
63 120 51
4 146 34
132 139 50
16 102 37
44 150 60
136 148 12
141 141 56
111 131 40
133 133 0
103 151 5
77 126 20
102 143 41
108 144 58
133 137 33
97 122 14
70 74 10
20 131 57
43 57 9
104 147 22
45 108 46
35 60 48
88 111 51
128 142 21
21 100 24
64 83 60
153 154 59
14 33 19
33 148 13
130 158 47
38 97 37
61 103 2
64 70 2
130 140 46
127 152 31
80 149 13
153 157 16
49 84 32
12 42 17
101 150 22
76 115 34
122 136 4
46 56 60
74 154 43
146 151 54
76 102 45
76 121 48
16 135 9
53 132 52
23 28 50
10 155 43
148 153 18
58 109 9
12 118 19
125 159 16
119 137 1
57 138 30
101 106 21
33 132 60
54 67 28
94 123 3
26 38 31
28 33 12
57 81 32
128 159 17
23 92 52
39 122 37
140 152 32
153 153 5
140 159 17
141 149 4
142 157 21
24 112 5
128 156 9
76 89 50
102 114 21
88 151 45
136 141 23
28 47 22
103 114 20
44 126 35
10 19 60
51 154 1
6 104 1
82 90 51
91 98 49
139 154 51
96 98 22
133 149 12
153 158 28
126 131 6
30 48 10
46 156 43
28 99 44
78 103 33
147 156 4
44 66 9
36 59 18
6 115 55
70 132 2
40 70 38
1 12 2
81 96 49
56 119 56
92 149 29
76 133 9
109 139 12
22 101 56
148 157 46
12 159 33
80 108 25
67 108 23
8 100 52
129 157 21
119 153 46
137 157 36
105 130 13
27 38 40
151 158 0
119 139 11
40 89 36
124 141 55
57 108 21
105 134 1
61 91 37
51 128 22
74 129 29
130 136 43
102 112 23
14 69 50
32 72 31
38 120 9
75 94 18
99 103 31
42 67 4
90 95 42
45 110 12
2 148 53
