160 800
145
125
164
106
139
197
170
197
190
195
179
126
137
123
179
188
114
171
115
136
193
153
131
193
100
164
112
106
157
142
155
160
154
181
196
137
181
118
163
196
139
116
184
102
193
141
156
147
165
104
125
145
192
179
170
170
187
190
173
200
118
179
132
129
118
160
185
139
198
102
189
124
114
140
152
149
190
174
131
137
178
119
178
186
105
157
154
137
125
116
104
187
143
173
129
106
165
176
150
151
120
176
153
121
187
146
113
181
134
140
139
137
154
147
131
123
161
142
108
197
149
131
127
129
170
135
186
139
163
158
128
154
144
121
149
138
188
149
112
100
167
163
164
180
136
157
157
102
158
193
125
196
171
101
136
175
113
138
147
103
0 1 17
1 2 32
0 3 31
1 4 55
3 5 9
2 6 28
5 7 44
1 8 34
1 9 17
9 10 52
3 11 37
7 12 49
7 13 21
2 14 13
8 15 22
5 16 15
7 17 10
4 18 50
3 19 37
15 20 60
3 21 31
12 22 37
13 23 60
2 24 57
15 25 45
14 26 26
14 27 39
10 28 30
4 29 34
13 30 41
30 31 39
9 32 45
5 33 56
30 34 36
8 35 0
20 36 55
32 37 14
32 38 59
7 39 7
12 40 45
23 41 9
24 42 16
40 43 19
13 44 13
10 45 47
1 46 9
27 47 6
19 48 39
32 49 1
40 50 2
0 51 58
48 52 19
15 53 52
51 54 37
36 55 13
19 56 14
12 57 34
39 58 12
10 59 51
8 60 59
57 61 0
6 62 54
7 63 48
15 64 40
3 65 56
29 66 58
21 67 0
15 68 51
31 69 28
1 70 56
11 71 50
23 72 24
29 73 37
39 74 38
45 75 37
69 76 29
71 77 55
6 78 55
60 79 46
34 80 11
69 81 22
5 82 37
49 83 42
50 84 56
28 85 56
33 86 12
72 87 41
60 88 19
49 89 42
0 90 23
5 91 48
48 92 34
10 93 33
36 94 56
29 95 9
34 96 43
48 97 25
38 98 49
18 99 49
11 100 43
51 101 40
56 102 53
55 103 12
74 104 29
89 105 42
83 106 55
16 107 25
81 108 27
22 109 21
75 110 16
106 111 37
31 112 51
49 113 3
96 114 42
60 115 49
45 116 59
1 117 51
39 118 29
53 119 49
109 120 48
71 121 47
106 122 38
108 123 50
40 124 28
14 125 1
2 126 3
12 127 18
20 128 42
2 129 55
48 130 25
34 131 45
61 132 37
4 133 28
68 134 22
110 135 20
114 136 1
32 137 9
82 138 16
3 139 53
6 140 30
91 141 51
57 142 49
18 143 10
80 144 46
63 145 55
79 146 1
133 147 32
49 148 20
77 149 24
119 150 3
114 151 23
138 152 5
52 153 22
145 154 6
36 155 60
36 156 7
19 157 23
108 158 3
57 159 19
73 77 15
22 146 53
17 51 58
107 159 56
108 148 39
87 93 47
36 137 9
108 153 53
140 145 38
158 158 2
119 140 23
49 117 49
5 116 18
22 54 35
63 135 35
21 35 32
99 151 31
148 152 58
101 137 40
121 159 51
101 111 32
80 95 40
49 94 28
39 61 8
129 158 1
29 35 43
120 151 20
156 156 35
49 106 10
77 77 14
122 147 17
38 41 22
105 158 51
62 140 39
130 130 58
103 122 3
17 115 41
83 126 53
122 146 14
122 136 14
76 83 12
14 134 36
148 153 32
126 132 2
96 149 43
9 142 39
36 111 10
21 109 9
75 144 9
78 113 53
14 44 2
22 81 22
73 99 4
78 114 52
105 135 20
58 146 49
94 97 14
120 122 23
61 123 55
16 59 37
151 151 59
142 150 28
105 117 11
74 154 49
151 157 31
84 105 48
98 144 53
36 141 28
113 121 32
91 122 35
143 143 54
97 115 48
143 148 44
114 150 35
107 148 30
154 155 33
27 41 38
151 152 54
53 85 33
93 96 54
6 132 32
52 122 47
97 107 2
92 133 3
153 158 51
65 65 59
140 154 49
68 113 8
141 149 23
100 143 35
32 77 39
118 159 29
99 124 17
43 54 43
61 79 49
147 155 8
4 104 38
99 125 36
40 46 33
114 141 37
120 130 20
125 154 46
30 30 16
152 153 53
50 112 60
27 100 49
91 156 56
154 156 36
15 122 39
6 124 1
5 10 7
84 147 57
131 147 50
11 90 47
7 159 12
51 109 21
14 118 8
11 57 17
54 154 5
28 155 23
29 123 31
60 72 20
132 136 43
62 153 7
10 77 8
97 101 38
95 102 40
120 154 51
45 57 10
109 128 14
12 61 6
85 115 33
41 43 39
7 122 35
144 154 15
17 80 47
22 49 41
42 140 38
146 150 60
56 107 45
120 131 49
99 121 59
112 131 1
130 150 42
4 10 56
49 135 58
12 136 45
19 24 47
67 74 53
20 117 46
25 78 49
13 91 49
154 158 20
53 155 4
62 69 0
82 102 38
34 112 3
94 117 40
67 132 27
134 155 55
97 126 47
84 100 20
15 15 18
15 70 32
74 117 32
71 153 8
9 92 52
108 135 3
16 31 38
115 126 28
33 46 53
51 135 0
89 156 30
53 106 21
84 132 6
34 35 31
94 129 14
5 134 7
35 123 28
92 153 56
73 90 6
51 123 57
14 17 31
33 34 2
97 136 19
27 61 40
102 102 44
1 78 38
46 46 13
113 150 43
144 149 42
7 61 48
137 137 46
152 157 13
120 149 1
147 156 44
6 27 23
157 158 19
19 57 24
9 60 49
15 18 50
37 72 47
116 143 38
40 146 17
77 114 30
146 147 53
18 21 8
31 39 56
68 75 37
138 148 13
57 123 2
65 90 28
100 158 30
119 155 10
146 157 41
65 134 47
105 149 54
12 107 35
48 116 12
11 124 54
7 137 54
120 133 1
40 54 17
16 108 28
22 116 46
92 114 57
147 150 50
123 128 34
35 136 17
101 103 36
9 69 37
27 33 7
18 109 30
6 77 40
9 80 29
99 120 60
86 158 14
95 98 14
17 139 6
74 106 11
111 114 49
133 135 0
74 91 15
65 108 44
9 128 3
72 122 48
145 155 54
107 109 54
104 104 47
31 85 39
28 63 49
39 155 58
15 99 55
42 141 45
151 154 13
51 80 5
154 154 31
77 158 7
32 83 18
85 149 40
46 154 27
62 156 43
36 100 56
0 80 25
66 138 56
149 151 39
34 100 16
15 149 12
130 144 50
38 95 14
68 131 45
71 149 7
62 81 23
19 100 39
73 106 1
124 131 42
109 129 51
137 139 28
43 146 52
122 130 3
103 147 29
87 120 36
129 157 13
107 112 36
112 150 2
122 143 47
33 88 36
113 128 18
97 100 18
107 144 17
3 69 48
47 130 58
7 103 9
116 137 11
20 54 59
72 152 27
85 124 29
40 140 46
156 158 6
139 149 45
26 145 60
19 91 54
85 150 47
142 155 36
43 118 33
109 150 8
77 80 24
138 151 54
133 140 21
82 151 12
27 66 15
76 76 8
98 158 7
47 108 59
47 153 38
7 15 2
67 103 45
83 87 10
94 96 16
99 116 55
35 71 60
13 49 53
109 142 34
53 53 60
16 138 38
31 146 25
4 58 38
102 152 13
5 144 4
90 126 56
102 159 27
110 114 36
94 131 39
70 80 36
106 148 44
140 151 34
13 57 41
117 145 10
77 141 46
114 152 41
21 130 19
112 113 28
98 143 17
20 59 0
126 130 42
2 20 53
19 114 5
63 134 5
2 134 45
102 114 2
134 137 59
127 143 3
29 77 25
81 105 37
41 128 21
70 83 30
43 113 6
36 46 0
81 113 27
122 152 56
71 156 44
101 142 36
8 63 2
115 159 33
137 145 20
145 146 55
50 61 10
97 134 1
17 62 60
130 158 37
25 155 57
134 144 44
22 86 52
4 35 40
54 151 15
5 39 9
55 143 33
6 14 19
133 141 58
105 119 9
24 65 48
97 145 49
141 147 0
87 101 8
55 130 12
144 155 49
140 159 29
18 120 22
122 154 54
45 53 52
30 90 55
69 103 53
100 146 42
29 42 26
142 142 60
99 104 24
63 113 13
140 157 5
34 49 41
104 108 37
156 159 22
54 78 11
102 129 18
20 67 26
78 142 25
59 129 0
23 134 5
87 89 6
96 99 35
99 108 48
11 23 35
79 127 42
109 159 1
53 111 23
100 149 42
71 90 34
77 152 5
82 136 59
72 139 14
133 157 54
103 158 16
42 105 26
36 153 29
141 156 9
83 120 52
131 155 53
91 131 8
39 142 21
118 152 4
104 109 49
59 111 15
97 132 29
0 55 55
128 153 50
43 97 29
74 114 17
75 109 48
19 34 5
74 156 3
109 133 53
108 120 14
151 159 46
66 156 38
41 112 3
77 101 30
22 80 51
60 98 8
31 98 12
115 128 17
32 114 3
117 147 27
150 159 56
152 154 30
28 89 7
93 108 50
111 113 17
93 123 24
7 133 42
24 152 22
56 104 29
112 152 32
51 95 49
146 151 47
107 142 9
61 83 3
139 146 43
59 79 11
80 139 59
47 129 48
0 21 5
84 109 14
21 31 59
46 95 1
25 65 8
155 159 49
74 88 52
36 142 37
111 155 4
144 148 56
69 150 45
70 81 27
1 60 25
97 140 58
65 104 45
77 142 57
77 102 44
46 132 17
136 147 38
102 117 49
17 151 10
15 103 57
66 150 59
35 106 42
130 139 55
70 108 55
11 31 11
57 93 29
55 65 35
90 159 36
121 128 19
111 128 19
69 91 35
67 126 42
98 139 0
78 108 1
43 110 60
39 145 59
44 58 17
45 79 32
34 81 34
114 157 15
41 148 19
59 132 54
72 136 17
59 150 48
47 159 60
36 127 11
139 159 46
106 142 4
45 152 10
73 125 8
15 56 42
112 139 48
101 112 5
68 133 1
144 147 46
115 158 46
135 156 5
105 106 58
125 145 38
84 152 57
83 109 30
17 19 21
87 96 9
105 148 22
132 159 24
50 140 48
118 129 20
111 119 20
27 95 5
39 132 35
36 99 29
80 109 40
30 51 0
19 69 11
97 114 23
127 138 2
48 136 49
28 149 34
3 70 53
24 30 47
4 71 47
7 120 43
32 138 12
59 73 47
31 141 33
37 59 42
93 143 51
77 84 31
79 117 4
110 123 43
137 158 40
147 149 24
60 147 7
55 123 60
64 155 13
63 107 30
69 159 38
85 100 41
121 123 57
28 102 6
20 110 29
77 147 57
120 120 16
114 145 60
132 132 17
90 140 36
22 77 25
55 120 28
140 153 58
49 124 32
115 149 41
83 139 40
57 72 26
63 123 38
139 151 15
77 117 26
65 148 17
135 157 34
71 117 20
51 139 19
25 64 49
13 147 45
40 85 16
145 159 23
150 158 57
138 155 0
47 123 23
34 152 9
97 122 5
101 132 43
28 93 57
3 55 25
65 121 11
153 155 37
158 159 57
58 151 33
151 156 55
114 133 12
23 149 42
19 64 35
129 145 8
66 126 60
12 157 19
110 143 16
137 138 38
24 139 15
86 147 38
155 157 30
10 94 53
4 75 49
42 102 5
52 109 7
147 154 2
137 157 32
7 54 25
70 85 38
41 147 20
96 102 18
150 150 56
29 47 55
68 112 43
17 40 53
7 20 21
81 98 3
46 69 47
109 117 54
73 145 6
25 32 18
82 106 22
60 99 56
