85 255
144
139
145
132
103
177
164
124
135
177
155
115
145
162
150
199
190
118
178
177
124
171
183
193
105
119
148
168
166
174
142
186
164
175
118
194
172
197
164
147
175
134
116
145
187
136
172
183
166
104
135
117
120
101
182
163
163
105
105
133
161
175
168
165
187
101
122
164
193
175
126
147
194
149
168
120
110
132
160
175
153
127
193
127
109
0 1 30
0 2 36
1 3 44
0 4 19
3 5 41
1 6 56
6 7 59
5 8 44
7 9 10
5 10 33
10 11 58
4 12 12
3 13 47
8 14 40
5 15 17
14 16 12
8 17 50
13 18 59
13 19 33
11 20 30
7 21 4
0 22 37
18 23 23
10 24 4
23 25 29
3 26 51
20 27 49
3 28 17
1 29 20
11 30 6
13 31 32
19 32 24
15 33 44
6 34 16
32 35 6
5 36 30
5 37 19
37 38 9
0 39 48
12 40 6
7 41 12
5 42 4
0 43 53
15 44 34
16 45 52
35 46 47
21 47 49
11 48 35
30 49 1
25 50 42
23 51 7
13 52 5
50 53 57
24 54 57
36 55 38
53 56 15
42 57 22
0 58 35
20 59 6
23 60 8
20 61 54
49 62 5
27 63 41
31 64 26
50 65 15
46 66 50
14 67 47
46 68 31
65 69 15
21 70 26
34 71 9
39 72 9
3 73 0
70 74 12
73 75 38
47 76 57
67 77 47
0 78 26
62 79 39
21 80 48
29 81 27
49 82 12
50 83 6
12 84 33
46 58 33
59 77 18
72 80 21
37 60 47
6 9 46
38 84 59
12 15 46
60 73 42
81 83 51
7 17 20
7 49 9
30 79 58
37 81 12
51 51 0
5 6 44
40 63 36
14 51 54
14 26 60
55 73 46
41 58 45
77 83 21
82 82 47
1 33 53
49 76 45
48 56 14
62 67 42
8 73 5
79 82 52
51 67 34
60 64 7
72 78 43
12 18 5
74 77 1
70 73 56
52 60 3
47 57 58
3 68 57
68 78 29
61 66 19
21 49 46
28 63 6
60 76 7
50 51 29
21 34 13
29 53 48
20 77 27
65 67 13
9 53 48
23 75 44
83 83 15
62 80 18
20 64 45
12 17 31
39 51 12
54 75 42
71 84 47
28 49 43
1 79 54
10 41 29
76 78 31
59 74 13
14 27 39
40 42 8
55 55 26
73 83 59
53 65 32
82 84 33
78 82 43
15 35 55
35 37 15
59 70 7
9 51 48
10 71 19
60 74 26
18 50 47
18 67 37
23 29 33
32 34 34
26 43 60
39 39 35
0 49 19
34 44 22
79 83 26
14 58 0
78 78 41
43 78 34
18 80 35
72 73 38
79 80 5
59 82 14
58 58 13
75 77 43
48 83 60
13 54 42
70 82 6
73 74 18
25 78 18
62 81 14
19 29 45
71 73 24
3 14 2
69 76 11
57 82 22
7 29 45
5 39 11
45 54 59
36 48 15
38 83 57
43 49 48
77 82 48
78 79 45
52 57 8
5 23 57
32 48 28
10 36 49
47 50 35
44 78 6
11 50 22
60 68 7
80 83 17
79 84 17
29 39 44
4 46 56
29 38 24
33 44 41
27 44 32
41 63 4
16 75 7
31 41 27
3 81 1
53 53 56
53 57 49
75 76 9
54 56 55
2 24 26
2 58 20
66 67 49
79 79 18
46 59 25
2 42 25
71 72 51
59 60 37
2 80 16
41 69 8
61 70 15
23 31 23
54 67 7
3 4 23
30 35 26
16 34 3
20 23 25
68 80 55
28 42 29
12 36 31
39 84 59
6 54 52
16 32 49
7 37 23
58 80 45
44 58 20
62 75 8
1 18 50
33 69 34
23 26 43
70 76 10
18 74 59
35 45 52
34 46 21
40 79 45
21 76 46
16 21 33
