55 165
145
125
164
106
139
197
170
197
190
195
179
126
137
123
179
188
114
171
115
136
193
153
131
193
100
164
112
106
157
142
155
160
154
181
196
137
181
118
163
196
139
116
184
102
193
141
156
147
165
104
125
145
192
179
170
0 1 33
0 2 11
2 3 33
0 4 57
2 5 14
2 6 3
2 7 57
1 8 20
1 9 17
3 10 5
8 11 56
5 12 56
2 13 53
11 14 26
14 15 30
3 16 55
12 17 48
5 18 16
1 19 25
14 20 25
14 21 42
2 22 26
15 23 25
11 24 7
3 25 2
24 26 31
3 27 11
1 28 11
8 29 29
12 30 54
2 31 8
5 32 50
19 33 30
21 34 19
6 35 28
33 36 58
5 37 58
24 38 37
15 39 29
29 40 13
10 41 26
39 42 14
26 43 49
43 44 23
37 45 22
18 46 5
29 47 27
39 48 60
10 49 46
1 50 30
10 51 59
24 52 51
3 53 21
24 54 49
39 46 31
13 18 9
16 25 39
22 30 34
15 31 46
35 44 37
2 30 27
1 26 13
50 53 56
42 54 10
19 23 60
5 27 49
7 23 60
21 35 19
5 45 26
34 35 41
7 25 34
22 48 39
26 28 45
25 25 47
29 53 0
3 46 8
44 47 12
30 32 9
44 49 11
42 53 13
47 48 35
0 17 6
33 40 27
34 45 2
6 38 1
6 46 14
21 24 34
36 53 51
6 24 24
4 16 54
14 16 50
36 37 56
16 16 13
39 50 51
21 54 19
49 50 50
31 36 17
5 29 38
19 24 50
25 50 55
41 41 4
10 29 11
12 39 46
51 53 38
40 43 12
33 51 32
10 38 42
36 51 18
29 34 34
26 32 21
4 9 9
33 42 49
0 6 40
8 10 4
51 51 29
50 50 1
6 45 25
37 41 10
42 43 16
23 52 27
18 32 3
4 33 39
2 42 59
39 54 4
24 36 49
1 27 57
49 51 38
24 45 15
39 39 1
10 42 29
51 52 42
6 40 17
42 51 45
48 48 23
22 25 22
2 48 10
12 51 9
20 21 55
21 36 30
16 53 26
46 46 1
1 24 55
20 35 24
6 49 5
34 44 24
52 53 32
36 52 3
38 46 55
40 47 53
32 36 58
11 47 56
42 44 47
12 37 53
23 32 38
32 34 2
47 49 23
25 42 49
47 51 18
13 21 35
39 53 35
48 51 32
6 28 31
1 23 58
8 22 40
46 54 51
