85 255
112
102
151
101
158
192
103
118
169
194
161
174
125
101
164
134
125
108
101
107
155
183
194
114
101
145
189
167
155
171
166
133
167
152
177
162
133
158
111
124
144
168
157
145
154
122
181
123
175
200
168
106
191
148
171
135
134
200
118
137
132
194
141
154
112
176
125
107
185
169
180
105
170
182
127
172
144
175
112
139
183
135
143
184
146
0 1 42
1 2 8
0 3 16
0 4 50
1 5 31
1 6 51
5 7 39
2 8 19
5 9 46
1 10 59
9 11 18
0 12 39
1 13 22
2 14 40
5 15 53
6 16 4
4 17 8
9 18 5
11 19 7
0 20 37
4 21 32
19 22 42
16 23 26
10 24 17
4 25 52
19 26 36
21 27 37
11 28 2
15 29 35
15 30 44
2 31 34
27 32 8
20 33 52
31 34 10
5 35 19
12 36 24
35 37 25
29 38 41
36 39 16
39 40 4
29 41 57
34 42 25
35 43 6
21 44 50
30 45 56
18 46 33
42 47 13
41 48 43
37 49 45
36 50 57
36 51 57
27 52 54
46 53 56
24 54 8
25 55 33
51 56 1
35 57 42
18 58 5
30 59 35
56 60 28
49 61 9
12 62 2
2 63 13
24 64 57
50 65 41
50 66 44
30 67 38
5 68 5
20 69 9
11 70 47
55 71 7
62 72 42
7 73 38
52 74 44
14 75 3
43 76 36
21 77 3
54 78 19
63 79 52
32 80 2
10 81 34
26 82 17
40 83 27
12 84 5
24 80 2
37 56 27
56 71 15
9 15 35
74 82 10
12 45 5
23 23 57
14 66 29
18 83 52
25 42 53
55 79 50
13 35 36
64 75 14
28 66 40
31 75 18
4 23 11
83 83 57
81 84 41
46 64 54
82 82 12
11 51 30
49 81 51
59 77 31
43 75 9
13 23 8
13 48 8
31 60 55
10 71 54
64 79 45
3 54 5
2 45 15
15 51 25
4 49 9
22 64 4
20 72 51
23 65 57
48 70 11
44 76 19
56 61 48
1 84 19
32 35 56
2 12 15
45 82 5
75 83 15
30 65 10
24 41 4
23 57 26
41 55 31
45 68 49
66 69 59
15 20 12
25 43 38
32 47 48
57 71 17
67 80 5
29 36 2
23 46 45
39 67 7
45 52 15
54 74 30
33 67 38
79 83 0
75 77 40
10 31 15
13 75 7
0 65 21
2 65 24
65 68 3
47 76 59
49 50 44
41 79 38
38 39 9
34 59 4
5 82 16
52 61 38
61 80 25
39 60 54
46 67 53
51 74 25
37 52 37
12 53 11
37 54 52
77 84 23
59 80 44
80 81 5
32 42 26
65 67 4
59 82 14
50 77 55
43 60 38
45 56 43
37 45 27
65 75 27
25 72 56
66 82 30
68 84 18
8 40 55
58 71 45
8 36 6
31 79 50
7 35 47
43 67 8
58 65 3
22 23 45
12 38 43
25 57 57
51 52 22
12 71 11
35 80 6
30 44 45
53 56 18
52 62 29
45 64 11
29 61 6
53 59 17
1 36 51
25 58 21
6 72 4
26 62 50
54 56 21
27 47 21
26 66 16
47 72 7
44 61 30
33 56 48
8 12 13
13 41 49
18 74 6
44 48 22
10 54 14
1 3 38
29 69 35
65 73 29
28 56 30
69 80 58
35 73 49
42 42 43
50 55 16
33 73 57
20 39 13
25 28 5
54 79 38
60 62 49
31 49 54
34 53 28
5 44 43
14 28 36
54 72 0
41 83 31
76 82 27
14 24 23
28 49 52
43 83 22
35 82 43
56 73 35
31 63 10
8 9 23
57 66 49
60 83 3
62 64 52
50 61 36
34 68 54
45 70 45
74 80 59
33 53 10
23 54 10
43 80 5
33 64 43
2 72 6
43 52 27
64 72 18
