160 800
146
194
120
123
140
166
197
101
193
174
151
110
188
186
153
192
143
161
117
120
116
197
174
103
108
183
133
121
129
131
164
132
124
152
180
178
176
143
128
139
183
137
129
197
142
133
122
134
119
127
153
141
184
175
151
163
158
191
196
143
122
137
152
149
140
133
171
100
100
142
108
176
172
167
152
134
120
168
122
179
161
125
123
124
158
150
114
166
160
188
155
123
148
120
126
127
126
102
191
194
148
180
150
104
128
188
192
157
161
194
112
171
153
135
117
197
190
166
174
140
196
125
117
150
174
156
102
138
198
171
112
154
154
107
123
138
163
160
187
185
198
108
126
156
123
125
142
181
155
164
179
119
157
178
200
135
132
140
123
155
0 1 44
0 2 30
0 3 31
0 4 47
1 5 29
5 6 17
0 7 4
5 8 35
7 9 35
8 10 39
1 11 60
7 12 17
2 13 23
13 14 8
5 15 29
12 16 48
8 17 45
10 18 0
11 19 11
16 20 53
1 21 16
4 22 41
6 23 44
20 24 2
5 25 53
25 26 45
11 27 59
4 28 60
21 29 11
14 30 13
8 31 59
8 32 19
32 33 59
6 34 50
23 35 6
13 36 4
13 37 48
23 38 49
32 39 3
27 40 7
9 41 12
13 42 55
26 43 20
32 44 9
42 45 14
36 46 21
30 47 12
20 48 40
14 49 15
14 50 11
47 51 35
12 52 40
30 53 14
4 54 5
3 55 8
19 56 44
10 57 29
50 58 4
3 59 57
9 60 12
47 61 22
3 62 17
17 63 47
59 64 36
2 65 15
59 66 1
30 67 37
40 68 43
34 69 45
59 70 20
46 71 18
71 72 49
62 73 12
58 74 5
19 75 43
47 76 10
60 77 19
30 78 46
16 79 52
61 80 6
56 81 28
56 82 53
63 83 39
36 84 42
4 85 2
43 86 32
78 87 54
17 88 40
26 89 14
56 90 13
69 91 32
49 92 11
33 93 5
63 94 26
56 95 35
61 96 17
93 97 47
30 98 24
64 99 43
50 100 59
75 101 29
56 102 40
68 103 59
29 104 10
40 105 32
103 106 15
60 107 33
12 108 27
37 109 15
43 110 2
60 111 1
69 112 48
7 113 37
53 114 23
71 115 39
91 116 39
66 117 26
72 118 9
39 119 9
106 120 39
11 121 55
118 122 56
105 123 34
5 124 11
32 125 55
13 126 12
88 127 50
29 128 23
26 129 36
104 130 37
14 131 24
117 132 48
22 133 22
113 134 21
55 135 40
38 136 52
18 137 13
131 138 51
91 139 22
22 140 42
21 141 21
140 142 3
117 143 39
77 144 51
127 145 37
7 146 44
36 147 37
42 148 23
107 149 59
28 150 14
17 151 39
62 152 51
51 153 45
6 154 30
94 155 35
32 156 9
22 157 39
118 158 31
108 159 26
111 141 27
15 46 16
34 38 31
44 157 30
121 126 1
143 159 19
90 155 31
113 123 55
80 121 49
14 157 6
19 62 40
125 149 14
28 137 49
17 128 17
157 159 34
121 151 30
30 51 1
114 137 18
13 52 17
78 155 56
36 157 53
156 156 17
32 88 54
101 103 28
114 136 9
129 139 40
60 69 3
25 25 49
93 131 40
135 135 4
92 98 34
109 115 32
156 157 10
114 131 54
86 104 9
77 140 46
141 148 39
24 106 32
60 71 31
57 98 51
104 141 41
56 133 30
78 114 27
6 99 4
120 128 34
30 102 12
123 137 54
79 91 54
144 158 42
3 82 2
57 139 54
48 112 24
77 117 38
14 86 18
73 132 16
129 146 24
40 136 38
99 152 20
2 19 29
152 158 38
23 93 23
70 155 25
78 142 20
134 157 55
116 139 7
69 132 2
1 72 30
122 141 55
113 149 5
17 24 50
16 120 39
28 40 4
90 101 36
79 105 25
72 104 25
25 121 6
152 153 18
107 150 41
29 53 20
56 105 7
48 57 7
104 131 43
29 36 7
36 48 42
4 151 29
4 76 22
76 111 2
69 73 32
21 45 43
76 98 44
99 139 46
130 156 50
6 71 60
150 150 19
30 151 2
111 111 20
76 104 17
104 152 45
52 152 35
93 151 14
16 27 17
29 79 49
134 144 38
113 118 48
147 156 59
131 148 37
33 49 39
13 117 59
121 152 11
98 114 29
12 142 2
106 114 34
5 14 8
23 153 6
33 106 38
108 120 16
59 95 46
106 136 41
30 134 48
69 144 26
37 51 37
17 159 25
146 155 38
42 130 15
9 122 15
74 102 20
57 66 20
48 55 26
12 89 17
115 124 22
125 138 28
5 118 11
128 129 21
108 125 60
149 153 36
42 91 33
112 125 16
0 41 59
9 128 16
120 132 6
96 157 48
42 56 10
12 95 35
49 58 37
49 157 47
105 155 14
74 89 11
80 103 46
88 109 58
127 127 55
143 149 57
89 117 0
144 157 9
80 126 13
40 83 35
16 48 13
141 146 49
3 134 34
12 70 23
36 76 10
21 33 52
98 146 20
133 138 59
124 140 52
95 107 22
49 64 5
83 146 12
85 140 2
25 66 59
125 136 22
95 155 13
42 144 46
149 158 2
31 132 10
58 155 44
128 158 42
107 153 11
23 136 34
104 127 59
62 88 30
132 148 15
1 142 43
155 158 6
79 115 56
148 154 45
40 51 33
0 144 40
139 150 51
57 72 26
112 122 37
128 136 42
99 158 52
44 121 44
99 138 44
18 67 45
40 79 6
6 140 36
139 140 36
154 158 21
147 159 30
136 143 22
137 137 47
71 81 7
16 56 24
55 124 56
117 156 5
144 152 48
123 124 48
17 113 26
61 105 41
5 21 49
97 139 51
47 148 15
84 142 52
4 59 36
38 101 56
109 150 32
30 90 33
50 103 20
28 115 58
107 147 11
118 144 25
26 94 34
82 99 3
116 120 46
32 95 50
110 152 58
37 92 25
46 49 16
100 151 21
46 138 18
20 27 5
33 51 28
37 63 54
6 111 7
103 158 1
26 123 10
137 143 9
125 140 7
89 153 54
25 48 25
147 153 37
116 152 21
7 105 15
28 58 16
114 142 12
11 105 41
119 121 47
86 87 30
108 147 42
155 156 2
89 98 29
77 132 13
6 102 26
138 140 25
91 141 45
70 106 6
153 157 4
74 155 7
145 149 47
1 111 34
90 132 40
92 95 33
75 76 58
112 149 44
34 139 58
97 101 44
114 121 31
53 157 5
134 154 36
112 135 49
126 153 21
6 151 5
125 125 34
35 57 33
128 153 8
47 111 54
4 141 29
6 62 55
21 100 9
123 143 32
105 140 39
92 94 25
36 112 15
84 97 23
94 130 14
12 149 46
39 101 4
104 144 13
139 144 33
46 125 27
123 142 6
153 159 55
155 159 58
12 140 54
119 148 33
61 69 16
114 116 17
31 44 59
44 83 27
131 140 26
91 122 45
17 158 10
96 144 56
10 73 55
5 94 51
116 125 19
133 137 40
14 123 54
18 101 27
125 130 48
142 146 14
3 118 28
70 127 52
11 111 23
83 119 23
91 148 38
9 142 45
76 117 9
35 155 22
38 114 38
63 123 4
45 138 45
151 154 34
149 157 18
43 64 30
7 142 26
38 123 40
108 113 53
109 126 43
1 97 8
115 138 12
157 157 30
15 37 34
142 143 39
25 41 32
130 153 56
102 134 37
59 148 29
17 133 57
122 122 12
40 154 45
110 153 23
114 122 57
78 93 33
14 23 18
141 156 25
49 81 34
64 110 49
140 153 50
128 149 4
45 56 59
58 112 29
130 155 21
64 103 46
77 153 16
34 144 48
114 135 7
115 136 47
116 122 40
128 159 56
42 96 30
102 146 29
58 124 42
2 30 13
133 134 60
131 147 32
100 112 56
56 158 32
137 157 18
75 122 37
32 146 50
81 137 47
93 153 19
103 125 1
32 116 44
54 123 12
95 104 9
110 123 1
76 121 57
26 125 4
95 128 28
6 96 4
13 110 44
134 136 33
35 128 7
39 143 53
96 133 45
46 124 49
89 127 54
120 122 27
88 130 42
79 119 25
98 120 44
84 141 9
95 119 34
12 93 39
97 108 33
51 129 11
4 14 50
67 138 52
58 114 11
3 32 19
38 70 34
106 146 13
146 148 28
119 149 58
45 108 22
147 158 18
83 136 41
44 115 48
3 125 33
143 143 34
111 121 40
137 139 48
54 88 10
86 159 40
156 159 51
54 114 59
60 138 60
62 93 18
51 115 9
146 159 14
69 143 38
26 71 55
117 146 9
148 149 30
89 111 50
124 147 30
150 159 30
148 153 10
89 121 21
129 155 14
114 147 38
11 14 54
142 155 59
34 100 33
104 156 35
75 152 1
41 122 50
39 155 13
137 156 26
72 76 8
70 137 19
8 72 0
79 143 6
25 102 43
102 129 30
121 128 39
21 154 17
142 150 59
63 69 45
3 120 51
43 85 15
93 105 16
17 45 44
69 134 39
141 154 46
88 104 41
112 133 52
93 152 37
68 100 15
116 146 5
16 84 33
92 100 28
140 148 37
134 137 27
65 157 54
102 151 34
46 96 54
128 128 37
4 52 39
50 133 8
70 82 36
158 159 31
62 102 59
77 138 2
44 152 30
33 89 17
86 149 8
41 150 59
47 72 27
10 128 25
51 127 6
9 31 4
25 131 55
99 151 7
41 90 20
128 133 59
153 155 18
17 50 21
10 125 31
55 140 52
152 159 20
28 130 46
105 154 24
81 111 52
111 113 31
61 144 18
94 134 55
76 108 26
22 33 39
145 145 3
131 154 59
22 92 34
93 135 38
154 154 34
97 106 17
19 156 39
41 115 4
121 146 36
107 155 38
55 143 30
92 154 6
51 96 48
69 76 46
111 138 53
38 61 57
111 112 33
64 76 58
107 141 53
19 122 18
33 76 50
31 31 12
125 132 17
132 133 27
118 147 18
107 135 54
128 157 57
158 158 57
4 136 23
154 157 52
78 154 1
17 46 46
127 147 34
37 75 59
117 153 33
62 98 39
24 28 5
81 93 17
45 112 57
137 151 32
49 103 19
19 32 51
31 158 33
50 136 31
70 97 3
108 138 57
117 151 38
156 158 49
115 130 31
94 146 19
49 71 36
24 93 1
105 142 25
147 151 33
43 56 45
79 142 36
47 53 12
63 133 22
126 137 19
151 158 13
26 90 53
50 123 11
87 101 12
147 152 38
62 116 33
5 33 32
4 154 40
151 152 31
142 154 38
26 73 28
87 138 46
0 109 23
152 152 48
108 133 32
74 148 22
58 105 35
12 85 35
126 141 35
99 145 58
8 42 20
130 146 38
68 85 1
93 150 17
127 152 40
66 66 60
119 122 30
68 114 0
54 142 5
123 135 17
122 125 8
1 156 0
67 155 9
112 150 4
9 119 53
149 150 15
27 112 0
21 26 35
128 130 38
84 114 19
83 86 31
108 141 54
133 139 30
112 127 27
41 123 46
138 139 13
108 111 6
66 155 32
15 60 31
78 127 31
91 130 12
18 115 51
100 131 48
15 157 7
3 22 2
40 104 16
120 156 38
22 117 14
50 140 6
108 154 30
16 16 25
66 156 6
9 141 28
127 131 31
99 133 43
107 139 56
47 63 6
43 114 48
12 101 49
29 133 53
58 158 29
59 129 11
122 151 52
25 132 34
107 118 46
25 124 16
63 68 17
3 136 47
64 73 28
116 145 52
