140 700
179
118
190
144
157
140
190
150
150
154
175
181
150
170
143
115
127
146
133
132
177
111
189
193
114
186
145
109
169
193
161
131
148
117
117
193
119
196
145
119
189
140
100
148
163
109
198
146
131
121
137
175
178
100
130
156
182
115
174
115
146
181
130
144
101
157
183
194
184
115
103
147
175
118
143
129
196
127
166
118
174
183
103
131
170
143
158
192
168
102
100
181
147
125
135
131
102
162
198
108
192
179
125
142
193
127
164
188
180
189
186
138
162
155
120
103
116
101
124
129
193
127
187
120
198
108
131
198
165
159
166
112
110
170
197
146
186
157
160
181
0 1 44
0 2 15
0 3 15
3 4 5
3 5 26
0 6 54
4 7 37
2 8 56
0 9 34
8 10 51
2 11 7
0 12 30
2 13 14
2 14 35
6 15 38
11 16 51
8 17 45
8 18 6
8 19 0
12 20 57
10 21 39
3 22 10
8 23 6
8 24 55
13 25 11
24 26 39
13 27 8
21 28 44
18 29 18
10 30 7
17 31 5
28 32 55
8 33 47
0 34 15
28 35 37
5 36 10
6 37 39
8 38 7
24 39 18
18 40 50
3 41 24
32 42 55
4 43 28
12 44 32
44 45 5
40 46 2
43 47 40
21 48 50
15 49 49
29 50 32
25 51 41
39 52 60
35 53 35
24 54 24
50 55 7
18 56 17
8 57 56
8 58 24
16 59 57
9 60 53
23 61 10
43 62 20
22 63 54
29 64 13
60 65 39
43 66 21
15 67 30
37 68 6
63 69 24
2 70 39
61 71 2
59 72 42
14 73 33
22 74 21
9 75 56
58 76 29
50 77 29
22 78 44
30 79 10
2 80 44
57 81 26
17 82 28
63 83 49
82 84 29
64 85 57
36 86 13
17 87 28
55 88 49
39 89 5
16 90 22
80 91 42
26 92 33
82 93 10
88 94 45
94 95 45
6 96 57
39 97 19
80 98 51
57 99 37
9 100 46
76 101 5
5 102 16
57 103 57
55 104 32
35 105 43
94 106 53
99 107 42
96 108 46
108 109 14
77 110 9
101 111 1
46 112 29
8 113 32
40 114 0
61 115 19
32 116 9
74 117 46
84 118 12
34 119 16
105 120 53
84 121 10
57 122 20
25 123 60
14 124 29
24 125 26
6 126 13
82 127 34
110 128 29
3 129 50
129 130 10
84 131 39
52 132 51
77 133 38
29 134 1
80 135 11
49 136 41
4 137 27
19 138 28
32 139 41
91 113 44
20 21 37
112 125 1
138 139 57
57 66 45
28 131 24
81 109 23
56 73 1
74 105 38
26 113 48
63 79 35
5 127 50
124 136 33
108 120 39
121 126 57
64 67 27
62 106 23
76 136 54
115 132 36
31 51 40
126 134 56
104 129 37
136 137 5
108 117 11
35 116 10
100 114 27
73 88 40
49 94 45
85 91 50
122 129 35
49 91 24
92 103 41
90 92 6
14 14 4
7 124 45
7 54 8
29 121 59
111 138 53
8 37 24
113 137 17
104 130 38
7 16 17
34 113 38
39 104 54
26 43 26
29 135 23
111 112 31
37 65 33
59 68 23
9 23 0
58 109 60
16 66 36
31 134 5
80 137 22
99 113 6
13 14 55
129 132 53
13 21 58
132 133 57
97 120 3
4 12 32
15 45 45
133 133 3
67 120 52
93 113 34
123 130 29
48 120 42
42 84 33
2 64 46
70 107 26
88 110 23
25 118 26
80 126 2
23 41 60
125 134 1
80 87 50
75 98 51
90 103 54
19 94 31
44 69 11
33 83 0
125 127 13
1 38 18
94 134 17
25 88 14
69 93 14
88 132 35
11 99 13
31 31 25
43 69 12
98 117 31
43 121 22
71 108 27
69 73 57
31 128 43
56 99 53
15 54 44
107 128 38
67 132 4
109 122 42
35 80 59
83 90 52
89 125 32
3 17 34
26 136 1
34 130 27
46 81 57
72 137 3
55 103 39
28 127 29
63 93 46
136 139 21
2 56 43
24 100 21
85 103 40
45 81 25
69 88 22
7 13 7
5 77 49
54 132 52
4 65 31
74 85 50
128 139 17
21 130 4
62 94 26
55 102 15
133 138 30
43 116 27
37 120 16
132 138 48
135 137 10
88 104 55
130 131 38
1 136 4
37 72 11
80 90 55
134 134 6
110 115 20
106 110 55
71 75 38
51 87 24
69 111 6
114 115 16
33 45 7
4 49 32
106 137 31
39 118 37
5 20 46
33 111 26
59 70 34
63 72 25
51 135 56
64 111 9
73 99 24
54 124 51
77 99 29
35 130 9
11 90 54
28 65 35
63 108 47
63 121 35
11 35 41
10 65 27
47 132 47
23 67 40
4 63 31
21 82 2
55 64 8
97 125 53
39 117 56
48 119 10
59 99 49
112 113 7
112 114 31
115 123 42
47 113 22
112 119 4
42 64 18
45 98 46
101 106 0
106 139 29
53 109 11
124 125 59
78 88 51
130 134 28
123 126 18
87 106 19
76 125 57
9 53 2
63 110 27
51 127 23
84 99 41
60 102 37
108 112 41
68 96 19
46 137 2
41 73 10
31 91 49
103 121 46
46 114 21
129 138 26
69 89 42
38 116 11
18 84 50
128 130 17
19 75 60
53 125 7
67 92 36
99 134 4
117 127 30
5 86 29
116 121 16
70 73 24
91 102 10
112 117 22
49 129 42
61 125 22
84 89 32
108 128 18
8 85 15
72 132 6
39 73 24
97 105 44
51 123 19
78 124 21
10 60 14
105 124 45
52 78 59
20 70 0
66 135 51
64 69 29
106 111 35
131 132 6
24 36 13
86 131 36
85 92 56
99 105 33
107 109 23
62 67 18
9 126 8
71 118 29
123 136 38
117 124 34
61 133 40
63 116 40
71 109 48
90 97 35
57 129 30
53 89 5
47 110 39
40 84 9
103 130 2
3 66 15
3 81 36
77 95 60
38 39 36
113 125 43
131 138 19
82 126 53
5 10 41
66 75 12
47 49 58
81 115 51
93 132 3
91 109 3
84 108 60
31 41 30
84 102 16
136 138 35
80 130 18
105 127 18
53 126 47
10 95 53
99 116 6
137 137 12
19 32 28
110 112 19
77 83 5
20 127 4
11 101 11
137 139 28
125 133 30
102 136 54
40 137 11
95 125 22
32 97 56
54 120 49
109 110 13
130 130 5
82 89 9
102 111 15
99 129 46
38 117 26
25 97 3
31 43 18
6 79 12
59 59 10
0 28 39
14 67 9
101 110 20
92 101 36
104 127 57
87 134 40
21 100 7
55 61 30
122 128 15
96 137 20
48 138 47
36 138 22
83 97 24
29 139 30
23 113 16
3 79 29
85 104 5
26 30 27
26 54 39
42 47 3
128 129 59
27 41 37
84 86 7
62 89 47
130 135 41
115 137 39
60 63 32
77 113 53
20 114 28
106 119 9
100 138 27
24 120 24
26 39 58
29 49 50
130 139 2
50 100 42
85 122 59
77 77 37
39 70 58
21 70 31
74 118 7
58 116 17
46 69 26
109 131 12
82 83 40
91 128 37
75 106 13
24 123 37
138 138 17
83 107 20
107 110 21
112 132 8
83 104 13
52 91 3
28 34 9
7 92 52
98 123 32
20 74 46
70 135 50
81 90 12
110 110 23
39 77 4
83 103 32
13 39 23
21 73 38
62 131 16
78 111 42
113 120 7
103 132 14
23 72 38
113 122 4
78 99 8
78 118 58
27 132 56
82 92 12
28 54 28
91 134 5
120 134 43
89 114 4
64 68 2
19 72 20
123 135 0
84 97 28
17 89 46
11 126 26
84 93 43
74 86 46
86 133 54
93 135 24
104 124 23
46 125 10
51 89 32
87 127 47
59 95 37
39 84 6
91 137 59
125 139 37
132 139 1
57 65 50
132 134 30
92 104 19
6 106 39
109 119 0
44 108 4
30 139 4
62 63 22
24 49 33
126 137 32
97 128 15
61 94 2
41 103 35
23 46 46
21 78 9
121 131 39
7 98 12
20 125 30
42 80 44
90 110 15
54 94 51
25 131 8
108 123 30
88 130 23
23 114 34
100 111 59
120 135 25
119 132 44
49 109 0
55 87 5
79 80 13
59 102 58
43 91 37
89 109 22
101 117 14
72 118 49
84 95 40
108 134 0
53 104 10
110 118 18
1 34 18
77 89 22
73 79 39
117 117 47
18 86 28
108 127 27
9 37 50
59 100 52
20 95 20
61 134 8
112 112 46
44 57 16
97 100 54
85 136 49
124 133 14
124 138 52
46 92 33
37 51 30
35 108 12
69 131 31
115 120 10
72 104 60
7 90 25
5 53 49
102 104 27
58 66 53
126 127 21
113 132 12
21 123 7
33 118 9
37 47 15
12 112 37
34 95 59
23 33 43
103 104 21
116 126 39
90 122 55
127 133 17
49 90 19
13 29 50
131 139 39
29 86 16
40 123 19
79 119 55
115 124 52
100 132 35
4 102 46
100 131 18
16 114 9
78 100 51
78 106 8
122 124 21
81 110 42
70 79 52
6 21 43
64 78 38
10 54 8
69 74 54
121 136 13
91 136 47
99 137 7
2 86 1
119 137 5
115 134 16
133 136 19
0 20 41
90 102 32
13 37 4
2 34 29
45 119 0
109 136 8
4 92 33
33 62 10
56 126 17
98 121 13
57 120 44
107 135 47
22 94 33
96 103 23
63 68 6
31 126 28
79 95 4
33 38 7
34 116 8
14 55 14
55 114 29
4 103 34
2 47 14
102 131 33
97 109 7
20 80 18
45 60 29
29 99 56
49 131 3
57 70 15
72 100 18
66 81 28
121 133 57
89 116 13
101 134 3
80 96 34
44 79 2
85 113 40
11 53 39
29 124 7
88 131 15
64 96 45
58 136 55
45 114 40
41 45 4
125 128 17
60 136 8
20 28 7
5 85 6
128 133 35
107 134 48
29 101 12
108 130 34
104 138 4
120 137 19
85 115 12
71 139 33
66 132 24
101 127 47
63 81 41
47 75 13
