20 60
128
164
124
154
148
127
187
107
112
110
153
133
148
129
121
194
120
139
192
122
0 1 10
1 2 6
2 3 48
1 4 46
1 5 60
2 6 47
6 7 14
1 8 38
1 9 18
2 10 24
8 11 18
2 12 1
8 13 50
10 14 48
7 15 21
12 16 11
10 17 44
0 18 35
16 19 39
3 4 49
2 9 7
14 17 53
0 6 15
0 11 40
9 16 34
17 18 32
3 19 30
0 14 18
10 12 28
0 9 51
2 5 60
9 13 25
10 16 52
11 17 11
4 19 55
5 10 36
0 3 4
13 15 60
16 17 60
16 18 32
14 18 59
9 15 32
6 16 42
15 19 31
15 17 60
5 19 29
4 5 52
4 13 26
0 13 23
6 12 0
9 10 31
11 12 13
16 16 46
7 13 19
18 18 30
7 8 29
5 9 56
17 17 42
13 14 17
12 13 43
