35 105
179
109
159
165
140
114
184
200
175
134
165
118
112
154
200
173
112
132
183
145
137
125
169
114
154
123
156
164
143
120
159
197
172
116
155
0 1 32
0 2 15
0 3 46
3 4 43
1 5 17
3 6 32
4 7 31
4 8 3
6 9 2
8 10 34
7 11 41
9 12 57
10 13 45
2 14 27
9 15 8
9 16 0
11 17 6
1 18 17
7 19 53
4 20 60
13 21 15
18 22 2
22 23 19
22 24 54
24 25 42
12 26 0
2 27 32
11 28 28
2 29 48
24 30 40
16 31 57
13 32 55
32 33 59
4 34 47
33 34 0
0 13 13
25 34 46
18 19 60
24 33 9
22 27 54
11 24 7
31 33 3
12 16 21
30 32 39
8 23 18
15 20 53
8 33 4
23 23 43
19 19 49
28 30 38
21 30 14
20 25 6
13 22 30
31 32 16
29 33 48
1 8 19
6 23 35
27 30 45
8 21 18
5 29 2
16 22 41
25 30 26
18 29 25
10 25 44
20 21 51
15 29 25
25 28 36
14 15 28
30 33 23
29 30 1
13 33 32
0 27 20
9 22 3
10 28 47
10 16 54
13 24 11
14 28 20
5 34 41
1 19 43
24 34 5
15 24 37
3 31 56
26 32 33
9 23 3
19 29 58
7 23 31
28 31 55
18 27 34
23 24 6
28 32 1
9 26 36
31 34 12
17 30 47
28 33 30
32 34 34
5 20 46
23 25 53
3 13 37
9 33 38
8 30 41
8 29 27
12 13 21
22 31 41
22 33 58
16 19 52
