240 1200
196
173
155
133
132
153
194
159
189
130
163
196
186
145
131
170
135
154
176
109
129
121
182
148
111
184
139
115
200
196
112
182
170
185
166
185
198
136
187
112
119
189
198
139
152
138
194
140
176
124
162
191
198
188
191
193
119
170
118
112
151
193
141
164
171
195
143
164
142
129
105
111
140
160
148
199
125
148
178
166
168
104
146
110
113
197
170
146
164
112
195
152
130
123
131
129
114
149
111
151
170
196
155
106
160
158
178
173
120
124
200
188
175
128
169
200
136
116
149
185
110
177
186
135
153
199
167
168
181
165
139
200
182
189
110
142
124
108
140
132
139
161
181
147
175
171
190
171
151
130
172
176
125
151
138
127
134
136
114
161
128
102
155
106
143
146
172
159
189
163
117
178
136
146
173
117
154
126
132
184
187
197
144
190
128
128
139
188
187
183
123
194
112
129
139
150
110
157
130
115
158
113
185
146
142
111
138
192
185
171
141
113
114
123
104
100
150
106
180
173
107
182
122
137
129
154
155
181
164
153
195
158
112
162
186
191
199
176
161
183
0 1 57
0 2 28
0 3 29
2 4 16
1 5 41
1 6 51
2 7 35
2 8 1
0 9 35
0 10 33
5 11 53
6 12 60
6 13 3
2 14 40
7 15 23
7 16 1
16 17 60
13 18 5
0 19 41
4 20 55
5 21 43
6 22 30
1 23 40
6 24 30
2 25 6
19 26 46
12 27 32
25 28 44
3 29 57
1 30 3
24 31 54
18 32 40
17 33 32
21 34 48
25 35 20
15 36 12
14 37 54
4 38 49
6 39 59
29 40 14
23 41 34
18 42 13
42 43 24
19 44 44
9 45 24
28 46 13
42 47 36
8 48 16
32 49 55
43 50 30
0 51 49
4 52 14
22 53 32
10 54 30
15 55 7
26 56 4
45 57 15
0 58 5
13 59 58
38 60 4
55 61 44
48 62 4
54 63 15
6 64 5
49 65 26
17 66 43
0 67 8
23 68 21
60 69 15
54 70 28
31 71 5
30 72 33
15 73 48
20 74 26
23 75 3
49 76 26
70 77 30
10 78 50
24 79 0
8 80 54
4 81 15
16 82 23
70 83 36
75 84 36
34 85 4
8 86 58
27 87 7
68 88 25
50 89 37
67 90 36
12 91 2
73 92 17
78 93 29
11 94 60
63 95 38
60 96 47
41 97 36
80 98 22
87 99 33
32 100 3
90 101 2
92 102 24
21 103 20
73 104 19
11 105 9
1 106 46
99 107 59
15 108 31
44 109 54
38 110 14
5 111 7
55 112 14
52 113 3
54 114 59
85 115 1
14 116 32
39 117 52
84 118 13
51 119 3
88 120 3
29 121 2
36 122 57
27 123 53
57 124 2
42 125 23
6 126 40
13 127 37
13 128 41
8 129 41
73 130 29
11 131 52
101 132 44
11 133 47
46 134 18
89 135 17
76 136 37
70 137 8
110 138 36
113 139 14
26 140 17
97 141 44
1 142 51
111 143 48
68 144 18
49 145 5
125 146 18
76 147 14
84 148 6
24 149 50
58 150 28
107 151 35
141 152 7
7 153 39
129 154 6
31 155 54
141 156 19
52 157 33
22 158 23
73 159 29
47 160 13
36 161 38
79 162 6
24 163 37
85 164 0
115 165 19
111 166 46
51 167 15
116 168 3
94 169 22
121 170 47
128 171 22
128 172 45
58 173 8
31 174 57
113 175 16
95 176 36
15 177 24
73 178 15
95 179 30
78 180 30
76 181 22
11 182 60
91 183 41
97 184 36
38 185 54
53 186 0
53 187 12
157 188 0
112 189 53
104 190 42
29 191 31
124 192 54
178 193 8
136 194 20
64 195 58
185 196 40
136 197 53
170 198 27
21 199 19
24 200 43
18 201 13
25 202 38
92 203 12
44 204 51
96 205 50
163 206 26
88 207 8
89 208 8
19 209 34
49 210 23
55 211 27
179 212 37
89 213 21
127 214 10
72 215 26
98 216 20
36 217 5
200 218 2
88 219 18
154 220 38
157 221 57
145 222 33
207 223 44
141 224 31
49 225 50
98 226 7
108 227 3
12 228 0
109 229 16
91 230 12
45 231 8
112 232 56
2 233 27
130 234 0
6 235 23
188 236 11
132 237 29
195 238 11
139 239 31
113 156 6
171 235 55
113 121 52
4 55 29
131 179 37
73 201 1
238 238 42
229 232 14
110 147 46
167 239 23
183 190 10
185 224 8
181 212 48
231 236 11
59 215 31
189 236 43
165 166 30
152 197 21
64 222 3
12 111 51
236 238 2
136 228 4
83 175 10
167 198 14
198 227 2
88 130 32
19 168 1
87 105 57
85 126 26
7 121 43
159 216 13
12 194 9
211 236 6
6 118 14
6 18 24
18 78 34
80 94 24
158 229 35
8 194 26
132 188 29
34 53 21
36 51 0
157 212 40
52 148 56
156 204 22
200 236 46
176 218 43
75 100 58
220 229 24
63 195 47
119 209 35
180 222 23
40 225 58
190 208 57
24 184 3
168 220 46
59 85 12
6 199 44
61 159 31
52 208 43
208 208 58
49 204 19
182 204 50
192 225 46
185 203 52
129 198 8
119 134 32
152 228 16
133 198 58
207 207 21
181 224 55
12 131 32
9 91 24
34 91 26
45 140 35
120 210 28
220 234 41
183 232 33
60 87 28
16 209 34
60 68 19
0 201 20
152 177 58
205 225 27
106 219 25
84 123 35
152 217 55
159 203 38
34 171 17
120 120 15
140 209 40
112 186 59
225 234 12
75 227 24
126 225 36
210 237 47
40 138 15
59 97 12
103 196 9
198 205 56
181 210 57
6 156 30
100 167 52
8 139 3
151 233 14
181 189 44
101 107 10
160 218 13
155 183 23
2 160 46
215 221 4
26 130 13
165 225 21
135 227 9
195 234 57
39 121 7
176 200 36
140 197 30
54 71 14
112 204 22
53 76 30
130 144 22
110 130 7
109 214 21
173 234 40
194 222 43
225 236 49
87 125 60
37 148 45
152 218 46
114 237 34
180 211 54
235 236 57
155 194 48
158 168 7
205 221 7
112 190 27
22 209 45
202 205 12
160 185 34
65 110 19
62 169 16
29 207 48
116 214 3
121 236 60
91 202 59
94 132 41
221 231 57
198 203 9
101 109 49
156 194 31
11 211 58
158 170 0
170 173 2
201 220 20
113 236 58
107 200 30
200 217 23
21 76 6
12 152 37
35 90 11
151 224 22
163 164 56
113 234 0
59 174 41
154 214 19
128 218 3
167 199 28
33 145 12
172 196 18
10 121 18
185 231 47
214 229 24
113 200 20
211 235 46
131 132 21
65 128 23
105 213 23
67 160 21
197 233 16
62 178 49
23 178 36
229 231 60
230 231 32
234 238 30
217 218 49
210 239 31
80 83 44
126 224 4
135 155 58
166 214 37
12 217 11
66 218 8
118 155 59
188 234 21
202 232 5
191 206 42
45 72 24
78 199 19
174 209 39
130 169 3
118 166 37
112 196 10
17 221 5
33 162 26
22 223 26
83 93 12
66 132 44
18 57 45
228 232 16
126 227 18
142 239 10
111 113 0
185 219 56
126 226 20
213 229 27
219 226 36
36 78 15
77 208 52
49 141 38
206 217 28
31 239 24
78 114 46
237 237 13
175 181 16
103 216 28
8 81 41
180 197 38
108 149 57
90 125 16
14 197 60
171 172 45
13 109 1
36 196 39
27 81 42
174 233 40
84 86 7
160 176 11
163 189 27
224 232 35
50 86 54
120 168 13
123 149 9
169 187 21
59 181 53
191 218 9
141 146 5
63 163 36
89 201 32
212 237 60
206 216 46
188 216 51
149 184 33
109 132 21
23 115 38
132 194 36
123 228 2
68 146 15
110 142 41
24 51 23
51 176 48
212 238 55
196 222 55
119 221 39
179 233 43
111 173 31
147 166 51
204 237 32
207 222 60
9 46 53
58 178 9
217 232 14
111 217 59
39 95 58
7 214 50
144 169 38
170 197 28
143 191 17
218 222 21
146 204 44
123 202 21
71 90 41
196 212 4
22 44 13
125 183 7
116 190 30
126 223 53
163 223 58
176 198 55
220 233 27
161 222 51
183 238 37
118 146 56
201 228 42
219 234 7
189 192 58
124 199 21
180 201 27
57 162 54
126 161 43
216 226 28
175 203 20
206 218 23
205 233 41
158 166 23
168 180 11
0 177 13
0 184 42
149 228 50
67 105 22
148 214 30
199 214 19
85 237 10
83 132 18
236 237 2
183 223 48
197 231 3
93 168 32
30 46 3
53 177 28
185 205 29
40 180 10
188 215 4
184 204 23
81 132 11
231 239 26
176 188 32
62 126 39
32 167 51
23 94 36
148 173 5
114 134 45
125 210 2
132 216 47
206 233 39
7 30 2
172 189 1
63 84 32
23 54 34
211 238 7
203 214 47
108 162 4
63 194 42
199 219 0
22 100 3
187 189 36
228 230 34
19 114 8
46 52 49
234 235 1
119 163 28
193 204 22
28 59 20
119 205 26
95 152 59
117 140 34
19 74 25
101 118 30
22 189 4
126 213 38
56 217 24
9 102 56
3 202 3
219 230 44
194 224 42
159 190 42
218 229 5
189 197 0
58 114 39
102 161 10
10 231 2
179 207 40
70 193 20
101 201 21
106 224 52
216 220 8
49 192 26
177 209 12
172 199 47
88 107 26
51 121 12
182 201 41
194 226 1
194 219 28
167 234 5
161 179 13
167 196 47
54 167 40
159 171 47
57 217 10
203 212 30
191 231 55
50 172 33
213 231 35
86 177 48
16 60 48
33 148 9
226 235 12
197 237 3
5 170 47
106 143 35
162 238 44
157 227 9
145 221 43
16 176 53
52 118 1
160 191 45
145 208 42
66 149 44
20 98 36
76 91 39
139 169 31
41 186 2
215 237 13
174 183 15
191 205 25
53 184 13
190 206 52
127 153 21
36 131 45
39 173 0
65 230 10
140 164 54
42 67 60
187 203 21
92 189 0
132 184 60
62 175 43
31 199 6
136 156 48
207 235 33
77 101 42
48 124 17
63 68 28
30 216 1
78 235 2
26 203 7
227 231 44
168 221 51
119 208 16
10 176 47
172 187 40
106 140 49
40 97 13
22 65 33
114 192 51
177 219 50
162 218 37
122 154 60
151 153 35
14 124 12
25 175 56
38 211 40
178 216 0
72 192 5
72 72 20
230 239 41
11 124 58
19 186 33
103 123 14
0 124 10
77 144 57
81 233 9
179 206 22
166 234 46
9 101 51
96 151 5
2 194 21
116 118 24
226 231 60
25 26 59
223 234 19
133 224 10
91 223 13
29 168 47
102 115 37
109 205 2
146 184 2
38 56 46
164 195 31
110 209 13
184 223 16
135 179 32
61 203 17
219 225 22
30 232 4
165 172 60
33 166 43
184 203 54
171 176 45
80 213 48
192 215 9
121 153 52
124 191 50
212 223 43
127 150 18
188 188 25
193 195 9
233 236 29
11 40 19
224 229 16
199 217 1
215 220 30
193 238 21
182 230 60
167 223 28
105 146 3
123 163 31
7 32 12
93 101 32
70 149 17
176 220 52
210 233 37
172 216 32
236 236 5
57 183 17
187 217 4
183 216 21
39 59 5
157 204 9
99 130 50
94 140 21
231 231 45
42 215 23
36 115 22
99 110 15
214 235 20
141 155 35
94 239 60
118 140 1
67 167 1
171 194 51
225 229 49
191 192 51
37 202 22
168 211 12
10 196 28
84 207 6
227 232 10
6 219 0
40 107 29
163 216 43
215 231 44
57 186 33
220 223 4
81 144 18
13 195 55
8 127 41
52 210 38
141 200 2
120 144 49
197 208 56
169 186 29
232 233 9
168 213 12
80 151 18
114 211 56
205 226 46
177 205 50
115 157 33
152 172 25
103 236 23
121 221 52
97 99 21
48 231 0
110 122 46
52 80 36
72 236 13
150 223 40
180 184 0
15 104 11
62 215 36
38 87 55
33 157 21
136 218 1
199 235 37
11 175 22
180 203 29
5 196 43
65 121 23
93 203 50
8 56 31
189 217 57
57 221 3
6 198 9
120 199 18
235 237 31
56 199 4
136 173 42
88 178 12
62 228 53
182 213 35
224 225 25
33 55 51
11 62 50
80 219 40
100 227 56
195 220 30
16 236 32
178 223 4
66 145 53
76 237 42
144 164 60
118 222 46
118 161 44
155 210 38
85 189 51
184 235 22
20 108 3
87 97 35
193 234 32
12 202 33
59 175 52
168 175 2
143 222 32
10 20 4
181 228 10
95 139 45
39 48 13
110 223 38
148 233 31
65 168 20
34 168 50
172 188 52
167 167 37
69 188 32
152 192 22
25 89 9
15 58 11
39 92 43
110 176 45
137 202 10
149 161 35
141 175 13
66 104 40
181 227 56
127 181 17
54 140 60
178 213 30
69 171 33
34 223 6
187 208 45
142 211 18
107 188 34
170 226 25
163 226 33
84 228 14
33 210 20
8 171 35
167 205 12
159 233 26
49 153 26
155 238 49
164 235 31
136 239 22
26 71 4
63 156 46
81 148 5
186 210 52
89 183 13
57 147 16
67 150 31
25 116 57
125 195 59
47 122 35
208 211 59
94 216 33
184 198 8
109 134 33
111 236 47
92 137 56
111 137 47
30 165 55
12 31 20
34 207 27
133 144 38
107 231 59
110 191 45
70 189 58
162 163 15
141 147 14
98 118 2
133 143 59
214 231 43
77 196 11
99 126 9
54 54 4
191 213 19
152 193 49
202 221 26
65 88 42
162 191 12
118 237 43
86 94 45
192 213 23
180 185 54
33 65 32
162 185 34
204 210 3
118 226 39
9 236 19
209 223 54
203 204 60
127 158 60
112 212 5
60 173 30
160 203 7
31 136 44
55 83 1
123 232 58
105 128 6
155 203 3
138 204 9
155 163 12
214 227 15
113 124 50
173 202 41
186 198 24
221 222 52
26 167 52
80 143 49
119 217 14
35 116 32
201 226 54
196 224 11
149 191 57
71 105 47
58 236 26
183 225 59
22 140 54
160 179 18
123 233 7
223 224 44
21 102 57
134 176 25
114 212 9
157 220 9
43 156 13
193 214 39
53 95 51
84 234 0
137 164 18
17 110 48
110 154 9
194 220 52
59 108 3
19 100 35
216 217 30
148 209 11
226 239 5
4 68 35
169 203 3
155 221 38
185 200 49
116 221 25
151 198 42
161 195 50
196 210 34
222 235 29
30 122 55
1 124 44
95 162 51
0 193 34
196 229 27
160 169 32
224 236 50
67 69 59
232 237 39
151 213 9
149 223 30
42 44 31
8 44 4
62 111 45
138 232 15
147 199 41
142 168 36
72 193 36
138 201 1
175 231 36
26 155 34
231 232 51
124 197 36
64 226 59
165 204 3
135 224 18
139 141 13
61 74 51
73 143 25
194 237 4
107 122 47
159 213 23
120 189 37
221 237 9
183 204 58
229 235 33
134 184 45
95 111 37
153 234 41
105 234 9
177 202 17
42 191 6
83 111 40
9 156 41
169 197 40
212 221 41
75 163 8
112 221 46
117 199 0
59 86 49
181 191 24
90 215 4
111 239 40
203 228 55
100 210 60
39 138 4
169 176 43
227 230 27
166 172 2
167 200 38
197 219 7
84 149 53
34 185 33
60 106 56
196 198 35
18 214 19
34 215 14
155 211 37
159 165 29
78 128 9
88 168 5
20 34 14
129 130 38
180 187 12
48 55 50
13 63 19
80 109 5
146 155 22
136 188 16
91 180 59
191 200 37
95 156 18
141 231 55
190 229 52
63 113 7
38 63 31
78 220 51
140 231 49
175 225 1
230 232 59
55 173 35
125 184 30
199 231 24
151 154 29
216 227 39
226 234 57
28 58 55
220 238 44
22 86 41
169 169 3
222 225 43
205 235 25
146 156 6
164 216 45
100 223 4
37 112 8
81 239 22
223 236 1
130 207 9
90 151 10
93 237 7
202 231 14
96 179 26
119 120 27
58 135 36
182 211 3
87 222 32
146 186 48
149 222 55
220 224 28
37 117 34
57 61 33
173 194 51
93 141 0
234 239 52
210 236 9
122 141 56
191 199 35
9 152 58
218 218 33
105 118 22
52 73 21
196 214 30
15 157 52
209 219 17
210 214 23
71 124 45
76 189 58
167 176 20
112 145 12
161 164 10
77 182 3
224 230 22
94 117 35
104 183 17
172 230 11
19 68 59
124 234 43
47 181 46
110 181 8
87 103 34
77 122 35
16 205 10
36 67 53
23 33 35
64 223 5
18 155 1
76 93 18
142 160 37
105 230 11
52 70 25
68 150 26
46 223 22
146 152 21
159 175 39
57 157 11
130 135 50
22 161 60
61 237 37
6 102 22
51 92 34
15 37 40
50 130 45
222 231 16
29 101 22
160 194 36
215 235 53
92 115 21
57 120 41
7 187 12
84 111 47
37 199 35
43 168 39
166 181 0
78 131 34
104 131 36
195 196 58
14 54 60
88 195 23
174 218 38
174 239 5
151 215 46
15 117 21
199 199 12
219 227 22
34 87 31
16 220 57
69 150 32
53 148 50
126 135 14
28 78 55
114 175 2
