40 120
128
164
124
154
148
127
187
107
112
110
153
133
148
129
121
194
120
139
192
122
124
135
162
171
151
121
150
103
139
156
110
147
127
184
169
200
106
189
103
127
0 1 18
0 2 1
2 3 50
0 4 48
2 5 21
2 6 11
2 7 44
6 8 35
2 9 39
2 10 7
7 11 49
8 12 4
4 13 1
0 14 53
10 15 28
7 16 9
8 17 40
1 18 16
17 19 18
11 20 32
19 21 57
10 22 5
11 23 18
3 24 32
19 25 32
21 26 51
5 27 26
25 28 16
5 29 25
29 30 49
10 31 22
11 32 11
10 33 54
2 34 55
19 35 36
10 36 60
2 37 27
32 38 4
37 39 16
35 37 60
38 38 32
12 29 32
15 25 42
33 34 31
30 37 60
15 19 0
6 16 29
5 39 48
36 37 52
3 27 26
32 37 23
35 38 0
1 34 31
2 11 14
22 23 13
27 39 46
1 7 19
26 26 30
36 36 29
34 39 43
32 35 56
12 27 18
37 37 42
8 25 17
4 9 43
18 36 49
23 39 10
28 35 53
25 30 50
33 37 54
23 30 12
30 36 58
5 21 56
24 29 51
12 14 8
33 36 27
14 20 36
14 34 32
32 34 30
1 27 18
6 15 45
15 23 15
34 37 39
25 33 43
38 39 40
33 39 15
22 24 10
18 28 38
24 37 55
30 32 18
10 11 45
31 34 43
10 35 47
31 32 10
29 39 22
0 6 2
4 4 46
0 7 30
30 35 39
2 4 56
35 35 54
26 28 40
14 30 43
31 39 17
18 20 31
30 39 48
7 35 6
17 29 27
29 32 11
6 34 19
13 38 38
15 34 54
10 32 22
9 28 15
9 39 16
31 31 10
29 29 55
22 36 15
2 12 39
11 28 53
