170 850
179
109
159
165
140
114
184
200
175
134
165
118
112
154
200
173
112
132
183
145
137
125
169
114
154
123
156
164
143
120
159
197
172
116
155
107
128
181
162
100
195
109
139
200
185
120
139
158
142
149
156
176
104
126
110
149
105
140
117
121
170
192
142
139
129
180
128
187
200
155
131
117
110
103
135
192
172
121
177
158
153
173
150
138
182
170
168
152
142
152
180
138
112
197
145
134
179
156
103
122
134
178
101
146
157
133
102
186
198
117
159
104
171
141
124
109
108
103
175
118
122
196
122
190
121
196
161
156
198
114
154
171
166
131
103
188
108
154
167
142
132
186
145
185
129
141
200
175
106
196
152
175
130
139
118
104
106
122
152
112
190
123
161
145
148
169
137
152
148
179
0 1 23
1 2 23
0 3 35
0 4 25
3 5 15
3 6 18
6 7 2
1 8 52
5 9 41
2 10 56
5 11 33
9 12 29
9 13 26
13 14 24
6 15 25
0 16 55
15 17 10
5 18 51
13 19 29
13 20 20
2 21 36
15 22 17
11 23 15
23 24 23
13 25 27
6 26 49
25 27 32
12 28 58
4 29 13
18 30 3
7 31 60
9 32 30
12 33 54
26 34 36
18 35 57
30 36 11
15 37 6
29 38 51
30 39 41
3 40 1
21 41 15
34 42 40
6 43 9
13 44 38
41 45 37
30 46 46
0 47 60
9 48 33
13 49 21
32 50 9
41 51 58
41 52 31
14 53 8
38 54 55
47 55 5
29 56 41
31 57 6
51 58 18
19 59 8
3 60 36
12 61 60
59 62 18
36 63 47
52 64 35
49 65 9
23 66 34
30 67 7
65 68 25
43 69 52
16 70 10
23 71 19
67 72 37
32 73 51
14 74 18
73 75 38
31 76 56
39 77 14
44 78 41
78 79 48
37 80 29
28 81 21
12 82 48
30 83 60
68 84 58
2 85 18
77 86 41
25 87 22
72 88 50
80 89 41
12 90 53
29 91 30
57 92 36
75 93 7
11 94 46
31 95 19
64 96 34
22 97 15
68 98 5
52 99 50
65 100 7
17 101 5
37 102 58
35 103 58
8 104 18
14 105 41
89 106 19
78 107 51
66 108 21
71 109 33
96 110 13
69 111 48
13 112 39
104 113 50
13 114 30
91 115 43
42 116 20
58 117 48
26 118 42
115 119 51
87 120 28
75 121 9
22 122 3
119 123 33
54 124 46
71 125 31
45 126 4
7 127 44
58 128 54
86 129 53
125 130 30
112 131 26
129 132 41
0 133 2
1 134 6
24 135 6
128 136 6
94 137 25
23 138 25
42 139 48
94 140 45
105 141 54
131 142 4
21 143 52
1 144 42
138 145 8
32 146 30
15 147 28
124 148 2
136 149 18
19 150 17
95 151 39
98 152 31
133 153 17
63 154 53
35 155 14
52 156 51
18 157 3
42 158 14
75 159 43
0 160 6
74 161 29
121 162 19
35 163 38
102 164 38
135 165 21
45 166 44
131 167 19
85 168 42
27 169 56
22 35 31
162 167 33
13 169 33
48 91 58
121 138 36
114 152 0
14 119 15
101 129 37
32 125 29
54 112 53
91 108 42
44 150 58
71 85 41
122 135 49
8 22 36
66 103 11
133 147 42
84 120 10
28 57 26
32 41 39
75 132 25
62 69 27
102 145 60
27 168 16
16 45 34
15 83 25
150 159 11
140 169 13
161 168 23
91 132 2
130 130 28
133 140 34
107 123 0
40 126 3
101 114 9
155 158 56
78 84 2
40 160 32
18 97 26
101 158 28
82 93 24
134 135 22
141 149 35
39 49 49
126 150 35
65 122 26
161 166 20
146 159 10
151 159 8
56 64 40
62 134 57
144 144 45
162 168 42
160 164 28
142 160 28
154 155 59
166 169 13
110 155 20
57 157 1
102 128 48
2 76 55
162 162 9
112 150 30
36 43 28
46 161 19
53 65 28
149 157 48
46 163 57
54 110 0
83 123 18
31 135 14
140 162 35
103 136 23
133 152 41
29 156 40
149 165 55
40 168 20
2 131 21
73 120 34
105 160 11
50 105 45
144 169 44
43 44 7
142 144 41
161 163 1
40 67 33
98 123 57
100 114 38
83 126 25
164 164 26
40 49 12
81 107 59
33 152 47
92 141 7
12 69 15
104 139 50
73 139 37
121 137 57
114 127 23
74 87 4
158 164 17
23 109 18
54 131 8
129 137 0
148 162 45
81 160 31
163 169 28
134 143 1
89 148 59
86 161 52
96 161 51
18 53 23
34 84 35
48 115 17
132 146 0
106 141 44
131 146 44
34 56 17
94 102 3
16 120 35
123 168 48
107 160 22
78 117 39
68 165 58
79 109 51
93 165 5
74 155 24
89 139 1
152 165 51
80 150 2
113 143 46
10 117 59
96 164 47
59 66 18
131 149 44
41 134 5
76 165 50
12 119 22
29 159 20
60 144 52
46 92 55
35 166 23
165 165 28
143 169 0
62 92 28
36 120 8
90 149 56
19 126 36
82 151 14
52 133 24
157 160 10
62 93 38
28 159 22
103 103 5
104 144 20
40 54 50
14 148 23
83 113 35
164 168 56
101 131 43
99 103 57
47 145 58
80 137 35
28 132 37
81 131 31
153 168 8
159 168 2
116 135 5
47 104 49
117 156 22
101 143 49
100 108 36
47 132 56
23 142 38
167 167 49
89 112 0
124 161 45
130 166 35
142 166 38
89 122 28
111 155 17
39 107 13
65 87 14
12 103 45
150 156 40
2 126 48
14 37 10
35 40 21
136 167 56
166 166 23
118 159 16
133 160 28
140 158 4
31 81 17
25 113 42
116 148 39
74 92 52
147 169 17
75 107 47
5 22 44
61 99 1
151 166 40
36 105 10
63 85 3
120 131 2
144 149 40
76 149 5
113 152 17
90 122 42
69 109 39
146 148 12
38 120 33
123 133 31
116 126 9
143 148 21
18 120 42
1 142 2
68 145 58
117 145 19
5 40 32
80 131 16
87 118 7
30 65 15
60 72 19
31 58 2
45 81 4
104 155 49
4 58 51
123 169 15
26 98 33
108 143 7
20 93 14
96 100 13
105 156 54
102 118 38
33 84 19
70 144 18
132 133 55
142 157 3
73 148 58
145 153 7
88 168 11
4 51 50
33 79 56
106 158 39
25 95 6
112 151 40
131 148 21
2 60 60
32 103 37
145 164 13
123 132 42
155 166 27
38 118 26
66 95 19
55 82 13
72 165 15
0 15 8
100 162 2
44 153 16
34 118 28
133 163 56
134 154 40
132 138 7
84 154 39
108 161 4
119 139 59
106 125 59
87 105 6
158 166 46
6 118 27
23 46 3
4 86 27
78 140 57
95 120 29
37 160 50
73 129 8
26 41 41
15 68 31
144 159 41
43 63 37
11 39 32
126 151 38
79 88 51
19 48 16
106 154 43
13 34 14
21 138 59
83 103 45
117 162 27
4 139 60
9 129 0
4 19 19
24 40 24
103 121 49
122 131 3
34 163 13
69 92 17
45 49 5
33 94 4
100 101 24
38 119 0
122 134 3
73 147 16
23 98 44
4 130 48
7 67 12
91 140 6
120 154 34
7 99 24
29 120 11
65 103 51
19 47 5
46 105 18
93 120 44
92 103 3
159 160 33
163 168 44
35 73 58
60 90 37
1 160 4
138 146 59
27 72 34
93 143 39
82 128 4
106 115 51
18 68 5
97 139 34
73 119 35
19 87 30
124 124 43
11 127 21
85 92 53
34 113 7
100 164 16
90 94 60
97 148 8
19 129 50
162 169 26
7 154 4
23 129 58
89 102 24
3 77 5
3 74 52
154 157 18
94 107 25
109 126 29
63 131 40
90 165 23
126 155 17
167 169 21
8 70 28
112 143 48
78 134 13
9 157 59
13 106 0
85 128 24
100 100 18
107 118 12
86 163 31
118 130 15
60 129 46
144 153 15
144 168 30
154 167 36
114 163 27
0 129 55
92 157 30
15 26 10
125 139 20
42 144 26
26 58 52
81 134 34
89 159 21
92 145 57
115 141 43
38 102 5
13 24 59
109 147 30
136 164 38
34 83 16
74 120 38
62 115 19
66 128 29
145 165 22
97 110 39
114 120 58
47 48 20
123 131 56
151 165 15
128 132 59
153 164 7
62 71 27
135 158 10
30 55 34
95 101 47
99 106 1
151 158 34
126 127 49
143 150 52
0 41 16
59 134 30
105 164 40
143 152 48
47 164 47
92 151 4
76 76 23
39 133 1
146 155 21
62 163 35
22 94 38
70 148 2
111 141 55
1 128 58
49 120 5
89 149 16
101 168 17
97 156 3
32 157 42
77 158 46
12 58 13
104 115 29
17 169 3
44 130 54
70 146 37
69 127 38
76 107 8
137 158 40
69 77 12
146 168 60
138 144 49
46 108 55
58 120 60
123 134 42
121 169 7
63 108 16
89 151 3
88 158 52
104 164 5
116 167 19
87 119 46
64 65 52
89 156 50
91 166 12
106 163 11
7 23 34
87 121 59
122 154 19
103 127 60
79 167 49
30 92 13
90 159 17
24 89 42
147 163 7
96 105 34
61 153 39
103 137 23
27 69 32
165 169 9
106 121 26
104 160 52
122 142 15
26 162 26
57 168 4
12 132 0
150 167 36
104 132 54
78 167 12
60 148 49
1 121 48
40 132 21
156 167 13
146 169 15
66 151 49
4 81 53
29 41 2
70 71 41
147 166 29
67 137 12
47 85 30
152 167 7
85 109 7
102 139 55
39 126 7
10 156 34
25 42 37
8 56 8
64 116 0
139 146 26
84 101 25
108 123 7
84 131 57
156 159 15
92 156 5
118 168 0
10 50 16
152 157 41
133 142 6
13 67 39
124 136 58
90 115 23
145 160 5
86 125 19
58 166 3
36 156 29
133 164 16
26 31 27
8 63 55
73 141 2
41 98 38
53 138 27
132 147 28
114 121 26
0 71 3
128 149 18
79 163 22
60 96 20
124 157 17
131 136 25
46 137 25
1 111 30
147 157 19
116 162 41
149 162 31
99 166 32
85 110 58
21 104 1
49 87 17
67 101 12
148 160 4
143 162 58
13 129 43
20 153 34
123 164 19
75 83 31
125 156 9
144 164 11
57 124 29
92 126 52
45 137 36
62 142 4
134 153 10
57 152 31
159 159 19
102 108 17
149 168 55
48 90 14
56 150 11
9 14 22
62 96 0
12 65 27
84 91 11
66 156 43
117 126 25
36 169 50
82 168 57
56 76 49
41 110 32
74 85 1
27 76 12
110 132 16
72 160 36
17 104 35
25 48 36
130 134 21
156 156 37
112 157 17
24 98 24
166 167 27
114 159 48
43 106 34
109 109 39
131 150 32
60 102 36
121 155 56
14 59 27
97 125 15
1 127 58
30 40 38
102 154 34
150 151 11
67 146 36
133 135 32
157 166 0
27 99 38
130 152 30
64 74 36
98 133 36
45 133 54
68 113 58
65 109 16
68 135 49
80 106 0
131 155 53
141 152 9
117 169 24
4 113 11
18 26 60
14 137 39
85 85 35
5 136 6
95 107 55
155 168 54
137 138 20
56 162 18
56 161 54
101 135 7
47 66 38
41 55 2
80 141 44
120 123 2
107 148 0
2 35 57
156 165 6
159 169 13
106 113 54
58 65 37
72 75 24
86 147 34
147 153 50
81 168 17
7 68 37
28 101 34
106 119 13
117 135 54
44 72 32
39 136 26
89 134 12
154 158 54
124 137 40
108 145 31
67 161 5
96 115 43
58 133 0
25 112 60
13 132 58
3 106 21
52 54 4
167 168 37
83 129 24
12 74 45
30 78 48
35 101 3
140 159 6
18 93 34
61 116 46
138 160 25
70 154 37
117 140 48
165 167 26
103 169 20
85 155 43
106 108 14
55 161 56
48 134 21
72 141 55
81 164 46
105 165 7
130 145 31
164 165 48
131 159 32
21 49 29
84 106 16
168 169 13
86 115 56
0 58 4
92 101 21
104 124 10
41 144 23
3 21 1
97 102 29
75 138 46
6 140 6
20 102 14
113 164 3
67 157 8
132 163 58
130 153 59
31 120 15
136 165 53
92 96 28
