20 60
146
194
120
123
140
166
197
101
193
174
151
110
188
186
153
192
143
161
117
120
0 1 37
1 2 48
1 3 19
0 4 54
2 5 20
4 6 2
2 7 32
1 8 52
3 9 32
9 10 59
4 11 36
4 12 29
10 13 50
12 14 22
11 15 7
7 16 33
12 17 6
7 18 56
7 19 60
15 17 18
5 10 2
12 16 13
8 18 11
11 19 35
11 13 48
15 18 27
15 19 15
7 7 59
16 17 40
8 12 32
3 14 33
2 19 45
9 19 18
16 19 30
6 10 14
12 15 47
17 18 43
1 5 5
4 19 50
11 11 11
5 11 46
5 7 60
5 18 47
1 17 50
3 13 2
12 12 0
2 10 35
1 11 44
3 15 60
15 15 40
7 9 8
14 18 55
6 14 45
9 12 53
14 16 38
18 19 31
3 16 45
5 8 16
10 10 25
2 11 19
