20 60
194
194
110
122
112
190
167
167
173
153
143
130
147
137
172
120
198
125
120
188
0 1 9
0 2 27
2 3 7
1 4 19
2 5 44
4 6 3
0 7 57
2 8 46
6 9 1
8 10 3
7 11 44
10 12 56
0 13 34
11 14 25
14 15 10
10 16 35
15 17 46
6 18 1
16 19 7
6 13 60
0 3 30
15 16 60
17 18 28
1 19 49
7 9 15
11 11 34
2 9 39
8 16 32
13 14 0
5 11 3
8 18 38
3 16 13
1 9 50
9 15 33
3 18 0
16 17 49
4 5 39
10 10 36
14 14 55
17 17 25
9 13 35
13 15 3
0 0 18
0 5 10
5 6 6
1 17 8
6 17 54
3 12 34
18 18 6
4 10 33
14 17 0
10 13 15
13 17 34
9 11 46
3 3 20
9 14 7
6 16 30
6 7 29
14 19 51
6 10 27
