60 180
112
111
182
147
175
184
177
170
111
112
136
136
163
117
107
176
140
122
152
196
161
169
112
126
162
107
177
178
115
109
168
168
143
187
139
147
123
106
195
144
138
165
185
194
133
112
106
111
164
172
150
172
163
156
192
142
110
175
140
131
0 1 14
0 2 30
1 3 12
3 4 58
1 5 12
2 6 31
6 7 55
0 8 23
7 9 25
4 10 46
8 11 53
10 12 5
9 13 20
2 14 20
8 15 55
1 16 50
13 17 36
13 18 49
14 19 0
6 20 2
8 21 49
6 22 19
0 23 54
14 24 42
6 25 16
25 26 50
11 27 55
4 28 37
2 29 45
12 30 44
20 31 36
11 32 34
24 33 53
15 34 22
26 35 15
21 36 9
6 37 59
32 38 44
38 39 0
22 40 45
21 41 17
41 42 9
36 43 52
23 44 22
32 45 33
9 46 10
34 47 13
4 48 58
33 49 38
11 50 21
43 51 59
36 52 28
4 53 0
5 54 12
54 55 8
17 56 12
55 57 44
51 58 36
39 59 44
47 48 40
3 36 15
21 29 37
37 41 56
53 53 3
45 53 32
42 46 18
5 47 33
0 56 35
50 57 55
55 58 5
40 50 1
5 12 47
11 55 4
34 55 25
38 54 9
17 43 2
34 38 44
54 59 38
33 34 12
46 53 37
56 57 37
55 55 1
19 55 21
39 54 46
13 47 43
23 40 58
21 40 11
6 38 27
36 45 25
58 58 0
27 31 57
12 50 28
2 19 27
31 42 56
29 35 14
22 37 39
2 15 54
14 36 3
9 9 55
28 40 3
17 21 47
52 59 36
4 32 40
49 50 39
22 51 3
56 59 42
4 9 0
54 54 31
48 49 2
3 40 60
58 59 1
17 57 15
7 54 9
16 29 44
15 43 5
18 24 23
5 33 12
10 46 31
13 45 17
12 26 27
11 36 26
15 19 53
4 34 30
25 34 28
7 10 54
36 50 51
30 52 3
43 45 12
20 30 21
57 57 27
51 52 12
2 8 52
1 1 44
26 29 0
28 49 53
46 47 53
28 56 46
23 43 35
21 34 18
51 59 49
43 53 54
42 54 51
32 49 34
54 56 14
40 46 50
7 7 14
15 21 30
33 45 52
13 22 16
34 48 19
57 59 3
27 34 58
38 50 16
7 49 16
2 30 43
4 40 34
9 11 43
51 56 26
43 57 53
25 44 38
26 33 47
39 53 57
39 45 37
37 43 33
47 52 59
43 52 46
25 48 58
47 50 6
11 51 59
14 33 4
41 41 36
24 38 6
50 56 8
49 54 46
2 25 26
49 53 25
8 39 57
52 57 29
4 55 42
52 56 34
