270 1350
195
196
168
138
113
159
160
137
176
132
114
148
198
166
146
190
125
115
122
172
100
191
118
159
109
102
163
189
168
167
101
108
156
113
151
160
145
163
138
184
114
137
159
197
124
123
101
164
165
129
119
129
199
184
123
126
172
161
173
174
137
178
200
104
110
179
170
196
155
162
114
130
184
184
173
175
170
147
197
130
163
188
182
112
106
130
152
143
104
156
191
106
191
146
142
111
128
149
143
122
119
157
133
161
149
121
172
194
178
200
200
120
149
159
186
133
133
129
134
129
160
150
164
184
139
131
180
126
179
106
143
159
194
130
143
151
172
195
139
109
160
188
129
118
191
194
168
106
147
158
105
196
176
189
117
152
186
158
151
155
145
149
130
102
149
132
188
182
143
126
102
115
197
121
200
142
187
158
155
137
186
192
147
166
108
195
196
198
127
182
170
175
148
197
116
178
148
129
175
188
107
111
186
184
123
132
119
100
161
114
194
165
114
198
121
112
109
164
145
106
160
179
166
120
133
180
142
160
142
134
166
111
156
124
191
138
199
107
180
181
132
106
108
182
131
131
135
152
126
128
198
180
100
128
145
182
143
166
151
118
110
182
198
159
164
120
128
198
174
149
0 1 10
0 2 5
1 3 15
0 4 4
1 5 8
3 6 59
4 7 31
1 8 26
7 9 18
1 10 26
5 11 12
10 12 47
4 13 53
6 14 6
14 15 1
7 16 32
12 17 54
9 18 30
4 19 44
9 20 25
19 21 36
9 22 38
11 23 59
10 24 4
16 25 34
9 26 42
6 27 39
22 28 57
19 29 60
19 30 1
22 31 18
6 32 52
17 33 1
10 34 45
5 35 12
22 36 40
31 37 41
23 38 51
16 39 8
6 40 55
37 41 6
14 42 48
9 43 51
5 44 37
44 45 0
16 46 29
18 47 5
18 48 5
37 49 15
5 50 24
9 51 15
21 52 15
39 53 5
16 54 23
15 55 29
6 56 51
7 57 6
20 58 36
56 59 49
13 60 1
15 61 20
11 62 0
9 63 30
36 64 18
39 65 37
31 66 54
57 67 3
46 68 56
28 69 40
48 70 28
33 71 15
24 72 14
36 73 50
62 74 1
41 75 20
59 76 45
46 77 2
46 78 53
50 79 15
77 80 12
48 81 43
34 82 14
24 83 54
13 84 25
72 85 33
18 86 55
53 87 52
24 88 13
19 89 14
31 90 31
27 91 9
86 92 40
48 93 41
88 94 12
70 95 58
17 96 45
54 97 17
44 98 20
40 99 26
50 100 17
1 101 14
38 102 3
10 103 7
43 104 11
48 105 60
38 106 3
19 107 59
84 108 43
82 109 38
97 110 28
42 111 4
22 112 21
6 113 37
32 114 12
79 115 1
37 116 24
1 117 6
112 118 35
57 119 43
57 120 16
81 121 18
63 122 16
38 123 44
97 124 38
54 125 3
43 126 34
12 127 21
97 128 56
75 129 36
68 130 42
4 131 41
113 132 24
26 133 3
32 134 29
96 135 35
1 136 39
22 137 2
37 138 34
111 139 2
52 140 59
79 141 40
80 142 5
133 143 42
119 144 34
124 145 49
51 146 3
125 147 37
7 148 60
68 149 31
119 150 58
25 151 57
35 152 7
87 153 28
60 154 28
18 155 34
125 156 16
77 157 46
37 158 10
137 159 35
70 160 36
14 161 50
120 162 1
36 163 23
104 164 20
111 165 26
106 166 16
119 167 36
167 168 17
72 169 57
154 170 4
94 171 51
58 172 40
37 173 2
35 174 12
108 175 31
8 176 10
15 177 36
8 178 28
161 179 47
56 180 4
167 181 22
2 182 31
41 183 28
50 184 7
3 185 43
1 186 12
149 187 29
43 188 43
85 189 37
69 190 52
87 191 56
173 192 18
55 193 57
88 194 53
178 195 9
144 196 10
86 197 13
54 198 26
102 199 44
121 200 41
194 201 37
167 202 5
125 203 14
62 204 3
33 205 42
135 206 58
82 207 24
189 208 60
77 209 50
176 210 26
89 211 7
22 212 43
187 213 14
194 214 27
3 215 59
134 216 51
55 217 9
54 218 59
31 219 52
6 220 31
57 221 36
69 222 20
210 223 30
65 224 40
77 225 9
113 226 48
151 227 21
145 228 33
219 229 11
118 230 25
126 231 35
103 232 49
230 233 47
184 234 34
64 235 58
184 236 32
82 237 13
150 238 44
106 239 27
183 240 59
237 241 45
214 242 51
175 243 56
51 244 36
172 245 48
231 246 21
5 247 32
199 248 19
12 249 25
129 250 14
136 251 12
201 252 41
129 253 2
244 254 57
35 255 27
41 256 0
84 257 34
117 258 38
25 259 41
159 260 13
110 261 25
158 262 32
210 263 0
36 264 11
196 265 6
210 266 25
192 267 60
99 268 59
203 269 32
130 191 45
61 105 35
219 252 42
128 178 3
83 83 52
128 225 23
227 234 8
124 238 43
240 249 14
171 174 52
250 264 46
84 143 7
197 252 16
261 267 51
188 236 44
166 166 55
175 258 60
265 267 54
60 181 28
157 233 8
182 250 6
251 263 3
212 227 0
105 111 40
172 232 42
250 261 44
171 190 17
145 227 58
267 267 9
181 211 5
103 264 35
198 248 46
68 263 13
246 268 43
187 230 55
6 224 39
23 193 48
257 269 9
11 187 3
151 253 0
172 225 24
201 236 35
88 231 13
167 204 21
72 225 35
78 155 49
134 200 8
162 168 13
5 254 45
159 218 20
113 211 55
121 185 56
148 248 5
18 143 10
85 192 7
251 264 36
144 154 30
113 144 2
190 191 4
261 268 40
74 155 3
17 153 50
34 49 34
41 221 8
26 113 60
89 184 4
109 162 55
242 245 46
139 263 19
80 268 38
80 202 51
111 124 7
6 238 49
233 266 30
261 264 59
203 228 43
154 258 56
233 267 26
116 117 36
160 268 21
140 157 4
193 194 54
11 224 32
3 45 1
231 266 47
262 269 28
32 252 2
240 240 36
97 201 24
131 167 24
55 64 23
168 172 8
190 216 26
35 146 27
171 241 35
72 80 2
70 149 54
37 122 13
50 188 23
247 254 11
227 230 31
54 238 46
256 262 33
192 217 9
198 243 36
7 238 13
12 91 49
18 179 0
73 86 44
13 188 8
9 57 42
123 133 2
243 268 51
44 49 33
76 186 8
113 124 54
242 263 52
232 257 28
3 106 19
139 251 10
266 268 55
35 211 33
39 133 32
167 209 45
135 258 10
180 223 24
67 146 53
138 187 39
107 122 58
104 260 37
189 234 41
46 175 22
176 234 2
55 224 18
89 248 6
96 228 16
239 257 38
187 239 17
251 252 37
168 221 40
159 243 39
137 213 49
16 19 52
178 193 57
100 143 19
26 225 16
206 267 33
2 189 47
93 246 28
133 148 52
107 115 24
36 146 34
245 256 10
105 170 57
265 265 48
166 182 25
55 170 9
238 251 44
232 248 16
144 213 56
92 96 33
188 241 59
15 218 36
220 255 48
6 64 58
151 160 23
68 116 34
228 245 46
16 86 3
79 265 37
206 238 59
96 107 4
62 200 48
214 247 40
207 264 22
136 228 11
227 248 43
143 191 13
185 244 48
19 158 9
156 221 46
107 265 31
196 208 26
226 268 13
92 268 5
111 182 40
90 103 44
247 253 19
220 261 16
102 193 2
139 240 2
97 236 44
29 140 30
11 252 39
45 174 44
62 177 32
30 186 28
57 238 23
244 256 9
85 197 8
153 265 48
68 136 26
149 201 57
218 266 49
130 246 35
187 234 1
157 197 47
190 190 23
179 206 46
15 171 18
117 191 35
31 169 24
225 243 49
247 259 37
87 237 35
53 153 29
187 197 14
58 199 7
0 120 28
32 60 52
33 188 15
93 203 17
127 167 14
30 59 59
136 150 9
243 260 20
114 202 20
219 230 48
54 201 10
143 242 26
153 224 19
34 152 3
90 225 20
267 269 24
255 258 46
186 225 55
65 162 55
243 244 46
223 241 55
184 238 44
24 252 23
129 256 47
183 257 11
164 190 9
93 195 17
170 242 44
42 268 10
130 257 17
0 255 5
90 146 33
70 250 39
207 208 39
114 124 48
52 154 36
23 69 53
93 133 33
196 249 56
215 268 39
251 255 56
22 192 28
9 93 48
177 223 53
130 130 54
0 260 58
206 259 54
234 242 19
127 255 27
51 243 48
240 246 52
102 213 57
197 220 40
38 227 31
250 263 14
163 209 44
74 167 55
254 266 12
36 186 14
53 53 28
174 224 25
248 269 10
111 201 19
123 216 41
268 268 54
69 196 34
21 80 8
41 236 33
181 227 52
240 263 43
231 237 57
86 86 9
136 250 39
167 229 53
185 212 57
101 237 47
0 18 37
102 113 56
162 211 49
170 263 0
22 210 60
111 253 46
95 156 43
3 36 35
169 212 44
121 222 9
244 246 16
91 168 26
41 83 34
251 267 43
156 184 49
187 260 40
54 180 32
47 143 6
247 267 5
133 249 7
84 249 35
231 259 19
179 239 31
48 232 10
153 203 22
185 210 13
166 181 5
188 218 58
69 135 15
38 266 2
164 187 59
119 192 0
102 155 10
166 202 5
106 224 29
178 232 39
251 256 0
142 217 6
183 205 40
64 116 42
154 230 19
81 263 21
169 216 37
224 231 14
98 241 20
47 224 52
53 81 43
136 184 42
104 240 5
241 269 27
55 211 30
220 235 59
202 264 20
217 240 39
35 128 21
42 94 59
92 158 21
253 256 51
35 149 25
181 232 1
98 210 19
195 205 49
248 268 37
71 170 6
246 250 14
32 187 50
235 240 27
41 213 51
94 140 23
258 264 53
88 183 48
51 199 21
155 218 17
174 183 46
142 212 57
204 228 7
206 226 44
185 219 4
38 107 7
147 148 47
84 175 14
267 268 12
242 249 6
204 225 38
166 267 24
102 215 49
47 69 6
196 258 59
186 217 31
185 185 33
252 264 7
62 127 50
184 189 38
50 113 27
148 170 45
72 183 6
4 159 3
12 117 11
209 261 37
195 220 17
218 268 59
265 266 3
169 229 19
92 241 24
260 269 12
179 224 41
263 268 12
73 181 9
224 248 52
115 173 25
53 144 45
204 269 23
109 231 25
235 249 57
230 243 22
86 140 12
2 141 10
153 259 2
43 218 24
145 255 47
16 37 37
224 227 19
234 246 41
64 243 57
254 267 48
2 39 15
52 233 53
7 146 17
243 269 9
30 107 14
50 135 43
76 266 44
72 142 22
190 214 23
188 225 33
194 212 32
179 242 47
143 143 19
56 105 41
54 240 7
235 253 20
118 249 13
59 167 53
39 177 13
10 184 38
193 227 30
232 263 16
50 193 34
3 103 7
50 269 59
261 261 52
22 202 23
28 31 53
130 179 27
178 184 37
0 208 36
228 264 46
245 259 4
80 92 3
217 242 58
64 154 24
148 166 53
11 54 24
218 251 26
146 210 55
195 221 18
206 206 23
212 267 45
74 147 27
90 182 23
196 269 24
138 257 9
4 90 56
34 173 14
253 258 18
25 241 48
8 255 21
245 260 38
223 240 17
262 263 47
16 77 42
52 147 32
138 207 26
86 262 40
85 242 50
52 69 12
81 225 47
62 216 46
68 120 57
90 259 16
103 138 40
107 140 17
126 126 33
12 156 21
150 252 16
209 221 43
34 199 42
246 261 28
25 196 3
187 187 55
59 185 23
17 39 60
225 248 60
179 236 14
61 167 35
126 257 59
158 241 2
159 252 39
211 225 5
37 55 23
115 161 29
263 269 7
64 196 44
188 221 60
266 266 19
219 223 12
164 221 10
137 209 58
25 146 1
261 269 54
185 196 31
49 225 51
144 163 50
88 164 31
176 226 36
166 239 12
132 148 45
161 262 4
147 186 9
171 175 13
101 226 26
150 170 26
223 242 18
248 253 20
191 245 47
210 235 34
179 238 39
136 206 9
123 221 19
189 259 54
152 173 42
241 248 24
265 268 44
42 201 59
41 61 25
24 169 42
83 212 38
258 269 29
175 194 36
174 234 2
266 269 58
226 246 50
165 266 8
156 197 44
200 261 27
145 235 44
60 172 49
37 141 6
37 180 39
211 266 2
146 226 55
256 268 22
106 196 55
34 105 27
252 260 47
12 20 45
16 190 57
139 172 14
5 135 44
73 130 34
114 150 20
184 240 31
3 80 52
11 32 37
196 264 27
136 161 27
80 215 30
146 231 25
219 236 0
35 239 43
37 166 22
179 210 23
182 187 3
3 152 54
78 264 22
85 252 21
175 197 48
223 231 39
54 251 47
33 44 47
159 248 53
90 167 29
103 132 6
173 245 42
116 243 51
258 265 34
149 150 28
170 174 36
94 233 60
190 192 23
236 261 18
103 109 30
90 181 28
89 250 11
230 235 30
182 211 11
96 215 9
19 154 19
207 217 5
116 219 32
210 262 23
168 215 54
235 246 0
158 159 1
76 187 45
182 227 26
38 73 48
113 154 43
192 236 40
8 220 20
30 31 3
4 240 60
250 250 18
221 258 22
16 123 9
196 220 9
93 198 57
50 156 47
246 253 8
222 227 55
180 199 18
247 251 45
152 260 8
130 224 2
135 225 55
16 197 16
191 264 41
229 257 2
203 248 7
79 106 60
68 126 1
78 160 4
128 152 20
123 183 29
106 232 48
28 264 58
99 114 29
14 231 8
193 243 0
179 227 7
109 161 25
212 257 40
113 155 56
125 223 0
184 200 52
58 95 36
205 223 0
170 217 53
3 153 7
223 259 48
149 260 30
222 245 60
30 81 9
15 193 0
235 266 41
182 234 57
110 239 31
124 185 37
25 97 23
149 173 20
134 227 29
244 251 31
202 245 25
185 252 23
216 260 41
158 210 53
43 90 46
34 57 25
116 203 37
202 219 33
116 202 25
25 170 44
88 95 29
118 234 55
112 137 22
87 222 32
0 196 56
73 266 16
169 211 57
2 42 19
246 262 37
111 265 36
257 266 45
73 241 37
162 203 23
57 197 43
214 218 13
95 193 36
223 257 51
53 237 2
174 257 10
99 213 45
231 242 13
88 189 24
54 266 45
114 142 60
4 258 34
216 238 41
140 232 6
132 249 7
146 249 1
179 247 32
199 205 26
60 165 3
74 85 10
155 259 55
54 209 51
144 166 12
13 74 24
237 268 6
253 267 12
34 55 13
239 244 56
197 262 47
263 263 7
138 186 58
147 207 19
217 225 25
257 261 13
18 128 6
177 204 12
264 265 40
104 133 14
217 260 41
262 262 18
231 264 44
31 203 1
82 239 18
61 248 11
217 230 36
27 160 42
106 235 6
128 251 7
243 257 7
155 241 54
238 245 52
219 238 1
154 187 59
179 231 9
19 25 49
76 208 32
68 174 37
14 241 31
70 91 40
255 259 2
185 192 40
48 102 10
123 220 54
84 244 54
170 211 31
209 218 59
90 232 53
156 224 9
108 172 29
30 67 35
28 222 34
154 251 60
88 159 52
1 23 20
187 237 1
128 162 51
77 82 53
0 31 55
154 208 46
141 166 35
90 116 27
100 244 2
48 61 42
204 205 9
29 169 22
226 232 33
190 268 36
50 94 60
125 257 28
126 170 31
211 257 22
24 217 37
180 240 25
41 143 22
244 267 52
178 210 40
182 242 13
227 269 41
60 237 25
113 208 34
19 243 11
40 243 2
129 242 15
165 181 16
103 204 17
74 253 17
252 254 45
68 92 60
182 186 37
188 200 50
130 176 38
22 226 37
181 194 30
19 95 31
257 262 6
113 237 4
132 187 56
254 268 25
136 172 29
26 244 26
239 252 54
147 210 26
117 184 13
89 227 16
59 204 51
255 265 22
176 253 24
148 213 4
229 266 27
51 116 59
211 233 20
91 228 50
141 193 0
157 203 0
46 51 49
164 257 43
236 269 17
60 249 18
59 236 37
78 129 25
233 245 36
246 263 26
213 239 13
99 159 3
266 267 3
6 193 3
170 182 56
190 244 4
17 120 24
73 259 55
20 47 8
140 269 10
139 163 26
135 175 24
0 52 26
59 252 37
164 246 50
130 194 30
122 163 34
242 253 58
135 154 27
35 254 28
199 221 55
182 245 41
254 256 7
51 267 13
268 269 1
207 246 22
56 170 36
120 262 31
122 135 49
127 217 3
116 235 39
77 122 32
14 215 54
183 228 33
15 187 20
257 267 40
83 266 18
247 252 19
211 259 50
136 233 12
141 183 40
38 182 58
96 156 10
17 165 11
71 265 35
212 230 22
212 223 22
145 237 51
109 246 40
52 206 35
51 140 44
5 101 40
88 110 45
121 267 32
158 247 44
194 209 28
105 219 15
33 177 5
99 131 23
123 226 53
159 161 22
157 202 31
251 258 27
175 181 26
206 236 31
248 250 26
6 132 13
0 181 36
69 90 23
134 182 42
250 259 40
70 227 13
135 232 27
118 209 14
36 129 1
14 226 38
43 246 12
130 182 21
222 233 28
233 257 53
43 250 11
88 257 16
198 231 50
164 171 16
93 219 2
200 232 14
169 233 24
13 75 4
112 195 20
17 154 9
50 198 38
195 268 57
114 123 56
157 175 5
213 265 47
28 242 32
100 189 57
228 240 53
45 214 23
232 255 41
179 194 55
223 258 55
193 213 3
204 226 26
97 142 39
253 266 13
216 229 20
254 264 24
173 185 41
251 259 57
193 245 34
16 192 58
47 110 38
24 181 35
47 78 11
17 140 38
155 161 10
79 267 26
65 195 9
91 245 22
128 241 50
142 194 37
233 264 39
155 242 2
119 181 19
137 244 36
124 148 23
11 69 44
178 213 29
32 154 7
67 143 36
202 241 44
91 221 2
144 249 11
15 197 22
53 65 59
153 217 51
185 205 43
3 214 51
19 122 46
106 163 12
153 247 0
186 198 12
227 245 2
78 78 0
198 213 35
31 265 29
239 263 15
262 264 35
135 163 5
90 249 34
7 235 15
142 144 3
174 238 53
91 201 27
152 238 57
126 183 20
195 260 33
193 269 56
234 254 55
154 205 3
17 177 40
15 36 55
33 93 13
185 246 16
101 144 20
22 194 24
125 171 31
248 260 32
177 213 18
137 178 56
188 235 56
214 243 27
241 250 51
151 229 38
113 140 20
206 234 21
170 229 46
129 232 16
41 194 4
218 264 10
75 218 45
237 259 30
19 60 7
220 220 24
15 251 60
5 249 24
79 161 59
215 266 59
126 251 18
103 249 26
18 170 55
216 227 6
59 99 26
15 250 3
37 229 44
83 170 7
164 180 46
51 78 36
93 211 0
241 252 48
178 214 34
100 198 52
67 240 47
180 260 53
23 213 7
75 246 14
157 170 21
203 255 32
37 47 1
172 257 42
240 261 38
134 161 0
185 239 60
145 167 22
89 244 6
256 260 32
131 265 29
20 228 44
190 258 56
148 182 4
133 178 52
212 264 60
239 240 54
29 190 48
212 218 21
4 172 2
4 244 11
243 250 35
211 254 44
132 253 4
207 242 42
66 215 4
103 195 41
79 250 5
125 134 15
122 122 19
24 42 26
58 241 38
84 225 35
227 244 25
122 213 12
78 201 17
52 99 26
8 43 54
224 247 34
91 132 36
190 254 12
77 245 49
163 249 55
