290 1450
196
173
155
133
132
153
194
159
189
130
163
196
186
145
131
170
135
154
176
109
129
121
182
148
111
184
139
115
200
196
112
182
170
185
166
185
198
136
187
112
119
189
198
139
152
138
194
140
176
124
162
191
198
188
191
193
119
170
118
112
151
193
141
164
171
195
143
164
142
129
105
111
140
160
148
199
125
148
178
166
168
104
146
110
113
197
170
146
164
112
195
152
130
123
131
129
114
149
111
151
170
196
155
106
160
158
178
173
120
124
200
188
175
128
169
200
136
116
149
185
110
177
186
135
153
199
167
168
181
165
139
200
182
189
110
142
124
108
140
132
139
161
181
147
175
171
190
171
151
130
172
176
125
151
138
127
134
136
114
161
128
102
155
106
143
146
172
159
189
163
117
178
136
146
173
117
154
126
132
184
187
197
144
190
128
128
139
188
187
183
123
194
112
129
139
150
110
157
130
115
158
113
185
146
142
111
138
192
185
171
141
113
114
123
104
100
150
106
180
173
107
182
122
137
129
154
155
181
164
153
195
158
112
162
186
191
199
176
161
183
112
110
187
185
164
172
182
164
180
120
188
127
171
121
113
125
135
191
140
138
191
181
107
139
174
130
107
121
136
166
167
107
112
139
165
126
146
155
128
192
175
195
154
101
165
189
158
171
120
116
0 1 46
0 2 32
2 3 44
0 4 57
1 5 3
3 6 54
4 7 40
0 8 32
8 9 48
0 10 20
3 11 12
5 12 54
4 13 49
7 14 59
9 15 14
4 16 34
7 17 13
5 18 24
15 19 44
4 20 24
1 21 13
7 22 36
19 23 16
16 24 55
18 25 30
19 26 49
22 27 14
26 28 32
1 29 30
5 30 7
9 31 4
17 32 15
32 33 5
8 34 58
8 35 4
2 36 44
11 37 4
7 38 15
21 39 5
4 40 26
6 41 43
11 42 8
34 43 21
40 44 15
19 45 28
13 46 5
36 47 33
24 48 48
13 49 26
23 50 3
32 51 26
15 52 30
10 53 50
10 54 0
23 55 54
53 56 15
3 57 23
1 58 36
31 59 36
24 60 4
48 61 58
11 62 7
48 63 25
38 64 37
47 65 36
42 66 2
44 67 17
60 68 29
48 69 60
68 70 38
49 71 47
45 72 36
24 73 22
39 74 33
57 75 3
15 76 2
65 77 24
39 78 20
68 79 19
1 80 9
71 81 46
43 82 59
67 83 31
51 84 54
48 85 14
16 86 7
68 87 14
11 88 3
34 89 59
15 90 1
58 91 32
26 92 52
3 93 13
16 94 3
33 95 3
38 96 2
86 97 57
95 98 53
30 99 2
67 100 23
18 101 40
97 102 37
24 103 41
46 104 41
73 105 29
7 106 52
28 107 44
93 108 47
30 109 18
74 110 17
61 111 37
69 112 8
112 113 36
33 114 14
6 115 17
5 116 44
25 117 51
98 118 48
33 119 18
14 120 5
57 121 18
34 122 14
63 123 6
59 124 50
108 125 28
104 126 35
19 127 7
15 128 39
61 129 6
126 130 54
39 131 19
96 132 33
131 133 23
25 134 29
2 135 13
123 136 38
99 137 6
13 138 37
31 139 0
105 140 19
100 141 46
77 142 15
101 143 3
56 144 22
21 145 47
118 146 22
143 147 45
96 148 8
72 149 57
13 150 16
85 151 36
103 152 24
12 153 15
44 154 30
33 155 30
106 156 22
11 157 60
53 158 41
36 159 36
93 160 54
149 161 0
154 162 12
64 163 0
157 164 53
164 165 42
151 166 31
39 167 54
21 168 8
51 169 20
99 170 58
113 171 40
79 172 53
18 173 27
4 174 19
99 175 43
77 176 13
114 177 38
128 178 12
54 179 51
16 180 50
171 181 26
104 182 8
19 183 8
47 184 34
119 185 23
123 186 27
99 187 37
138 188 21
139 189 10
42 190 26
153 191 20
107 192 5
163 193 2
128 194 18
159 195 38
7 196 57
83 197 33
133 198 44
105 199 31
149 200 50
44 201 7
159 202 3
152 203 0
203 204 16
46 205 12
4 206 8
166 207 56
119 208 27
23 209 0
156 210 23
31 211 11
202 212 29
111 213 11
178 214 31
58 215 3
207 216 6
184 217 23
144 218 45
104 219 52
215 220 58
114 221 40
182 222 37
104 223 1
50 224 29
213 225 42
187 226 26
57 227 56
52 228 46
42 229 30
188 230 27
190 231 10
42 232 30
126 233 12
228 234 48
3 235 53
64 236 0
72 237 31
174 238 21
203 239 21
182 240 30
177 241 31
158 242 29
242 243 3
173 244 19
233 245 58
181 246 2
139 247 40
229 248 45
155 249 10
123 250 19
149 251 13
203 252 2
203 253 9
247 254 1
110 255 1
74 256 12
170 257 13
241 258 26
28 259 14
165 260 58
6 261 13
24 262 45
187 263 18
129 264 6
116 265 51
172 266 36
197 267 24
163 268 56
83 269 16
84 270 24
142 271 42
170 272 12
11 273 26
25 274 32
262 275 25
186 276 21
184 277 59
163 278 50
185 279 40
150 280 37
264 281 16
16 282 22
260 283 60
190 284 9
269 285 43
171 286 21
138 287 8
43 288 24
7 289 11
172 176 35
261 272 23
7 49 58
75 193 57
37 263 3
190 262 46
119 279 12
180 251 44
261 283 31
127 135 43
224 226 58
52 216 19
38 158 50
199 241 46
123 229 52
37 68 8
23 202 32
81 102 16
172 244 58
24 139 21
214 280 55
214 257 32
26 240 24
149 199 26
130 220 35
67 93 28
143 152 41
107 282 33
150 277 28
82 259 34
263 271 19
277 279 20
287 289 58
147 218 27
2 11 25
5 245 35
251 270 55
243 244 38
105 149 17
170 170 15
128 177 40
111 287 59
215 224 12
68 193 24
132 201 36
57 169 47
128 234 15
54 67 12
138 198 9
269 276 56
134 277 57
149 158 30
282 289 52
171 289 3
68 158 14
162 218 44
17 274 10
88 270 13
50 238 23
116 162 46
161 288 4
178 276 13
64 94 21
26 166 9
142 284 57
33 83 7
142 142 36
96 221 30
170 247 14
188 250 22
44 107 30
219 272 22
273 284 7
265 268 21
277 281 40
121 206 43
260 286 49
125 244 60
180 272 45
195 261 46
230 287 34
181 265 54
193 287 57
161 203 48
205 211 7
286 289 7
15 83 27
114 215 45
175 232 12
22 143 34
130 195 19
228 279 16
238 254 48
140 158 3
88 92 60
9 87 59
258 272 41
182 191 57
225 225 9
96 214 49
247 275 31
170 232 58
124 126 0
17 139 2
54 252 20
4 114 58
241 257 30
225 282 23
162 209 6
140 166 37
76 113 11
54 104 22
116 143 56
5 186 0
217 246 41
100 156 19
265 272 3
151 251 28
176 282 12
84 130 18
132 165 18
263 263 47
113 249 24
62 104 20
288 288 46
42 62 21
42 284 23
193 208 23
259 282 21
232 276 16
7 108 49
6 224 29
259 259 36
137 216 60
173 254 32
272 276 30
250 271 49
76 203 31
268 277 44
273 285 4
260 265 58
226 232 37
234 287 11
54 92 8
244 285 59
20 208 21
280 286 5
40 172 42
54 89 24
16 271 19
276 289 39
215 254 3
41 78 37
251 281 10
278 289 5
115 182 26
154 203 26
248 274 12
78 262 44
82 205 45
174 190 16
266 289 18
79 249 10
220 254 0
42 109 56
182 252 27
28 150 15
199 255 36
15 220 15
66 80 52
69 115 38
277 288 28
183 245 24
54 178 46
284 286 16
13 279 28
53 198 41
258 259 38
166 243 57
21 122 16
80 95 60
124 227 45
94 120 1
53 237 39
132 160 42
214 225 40
135 153 7
44 178 11
164 190 27
193 274 35
200 266 54
42 216 37
79 253 13
63 275 9
255 275 21
147 198 53
79 131 9
158 262 5
257 264 36
102 168 32
272 281 60
285 288 46
93 242 51
31 262 33
189 288 21
109 155 38
58 212 36
103 142 2
285 287 15
66 66 41
270 289 23
42 177 48
54 100 55
226 288 55
68 260 39
64 184 43
238 287 31
232 287 51
69 279 32
170 200 60
288 289 53
166 252 9
206 246 14
113 147 59
163 282 58
9 279 50
130 251 38
100 157 28
147 239 17
185 202 21
13 136 44
138 274 21
233 238 41
44 270 4
122 136 13
158 173 7
103 227 30
30 67 53
8 107 58
265 267 55
110 283 27
0 35 51
175 252 37
188 266 56
251 278 42
172 226 7
83 152 58
154 269 21
21 171 27
93 193 54
226 285 43
42 42 8
248 270 28
171 273 20
151 253 23
202 217 41
76 154 23
161 287 13
261 280 42
129 180 50
248 256 22
71 260 19
232 242 10
223 231 18
197 215 2
8 288 48
122 274 3
127 254 32
12 112 3
224 271 28
177 204 29
120 170 10
221 223 4
187 194 23
123 172 11
244 265 26
74 86 32
8 242 39
10 97 51
155 184 36
151 189 5
215 247 45
83 191 2
71 119 47
242 245 39
77 165 2
186 279 1
222 276 32
101 230 34
254 257 7
282 285 47
139 221 4
180 232 42
170 270 0
90 90 3
34 269 36
85 88 34
273 283 8
34 102 49
220 261 1
160 200 28
83 157 22
193 237 60
6 17 20
248 280 26
59 170 59
15 115 34
42 76 25
125 197 30
30 251 4
2 155 38
90 243 24
170 287 56
26 168 3
265 269 44
108 230 42
95 171 42
212 257 5
167 229 0
49 260 39
270 281 10
98 241 2
142 178 40
243 255 20
244 247 21
254 274 52
210 222 8
221 254 26
11 25 12
221 224 47
209 214 26
287 288 12
112 152 1
116 239 28
179 234 5
20 189 13
117 150 47
117 172 40
128 221 47
9 159 30
177 272 55
8 78 33
177 178 35
208 259 48
128 266 48
24 96 9
102 133 42
137 283 12
231 283 3
195 255 47
42 91 35
139 151 44
102 251 9
5 271 43
38 58 53
97 115 30
109 150 1
0 231 45
245 248 42
194 247 44
110 168 36
54 257 39
268 279 40
287 287 31
219 273 2
132 248 13
96 129 15
213 276 25
123 243 13
24 210 52
173 256 21
108 251 45
88 261 0
61 251 10
60 204 54
28 183 60
181 220 21
260 267 0
35 90 60
126 211 43
279 282 6
7 269 48
93 150 33
74 222 17
262 280 1
259 285 2
284 289 7
209 211 44
137 154 51
97 262 16
165 201 47
232 281 40
136 188 49
247 269 13
39 152 33
249 274 51
176 192 34
133 171 50
7 56 37
100 112 60
117 154 35
90 174 12
192 254 56
272 277 40
56 92 0
90 170 5
33 66 20
63 95 41
55 224 58
28 62 33
233 234 14
8 276 10
153 240 57
148 263 9
57 137 22
124 124 46
170 240 48
180 181 5
46 192 21
207 269 24
202 213 60
128 185 59
236 273 19
124 192 13
198 206 47
74 111 37
248 251 2
63 93 2
260 270 46
95 222 31
106 215 13
202 222 32
70 108 17
114 283 22
230 233 34
267 276 4
251 255 60
88 164 43
217 280 54
216 236 45
128 203 48
203 205 9
111 139 52
274 289 50
53 138 43
160 175 18
265 281 25
51 115 9
266 271 29
176 184 19
256 265 16
215 219 1
211 258 30
137 181 21
286 286 60
192 197 28
235 286 3
31 68 31
228 285 12
20 139 32
185 244 17
251 271 52
139 149 37
152 168 32
277 286 5
33 255 17
52 114 4
82 99 21
141 168 5
172 192 9
280 287 50
184 256 21
228 261 45
1 289 23
15 188 22
52 241 15
162 163 20
14 172 35
42 65 60
139 191 1
158 168 1
176 238 51
106 274 49
93 103 51
68 132 22
57 193 12
254 258 28
284 287 6
82 178 10
94 189 0
244 251 29
42 108 43
120 121 44
146 227 33
30 273 4
78 152 9
108 177 18
275 286 55
156 177 41
120 262 2
124 218 2
22 86 49
175 242 56
247 264 29
6 87 9
205 269 12
70 121 18
75 80 56
97 263 46
64 212 50
189 241 33
109 172 25
162 257 23
252 281 21
43 271 0
169 255 46
47 261 36
103 282 13
177 288 40
39 44 0
45 119 11
238 275 36
32 270 21
262 268 1
188 278 37
233 280 22
275 281 43
78 228 23
92 157 50
107 151 31
29 261 57
192 203 3
50 260 9
262 281 18
108 263 31
61 245 4
97 280 42
0 50 12
153 169 53
75 235 35
144 261 25
68 198 51
156 203 50
40 239 40
186 205 56
262 266 30
38 230 32
89 234 53
85 123 42
209 262 60
155 252 46
19 287 44
65 195 38
135 239 51
259 263 22
137 156 3
62 246 35
259 287 32
104 150 33
31 203 52
261 265 2
92 172 32
47 95 4
19 168 10
162 171 45
196 267 13
62 239 38
157 188 31
199 211 20
118 178 50
40 112 52
41 101 37
131 145 32
215 218 22
83 261 11
18 220 43
99 124 22
269 274 45
91 165 10
156 216 35
5 219 13
77 280 40
229 250 17
138 180 60
143 164 33
80 101 6
72 204 45
168 253 18
240 283 34
249 286 25
55 143 33
30 226 14
218 251 20
189 255 35
124 186 12
11 139 26
208 230 19
14 117 26
179 258 49
170 213 31
228 239 22
143 183 4
175 202 46
36 107 5
264 286 52
132 222 13
34 77 16
155 155 31
203 240 57
6 86 59
107 273 35
70 197 59
118 208 33
185 276 8
161 278 33
55 168 47
175 192 47
41 98 55
228 241 20
23 266 27
171 175 14
277 285 38
194 287 59
78 147 45
142 233 58
180 205 15
77 113 14
53 55 46
56 258 2
164 238 28
70 113 59
97 143 43
3 35 11
17 266 9
119 221 4
92 251 19
132 169 49
151 245 26
240 263 42
159 203 12
248 275 43
256 276 45
53 95 23
160 185 54
192 241 32
145 240 34
64 80 3
193 277 39
157 160 19
191 259 54
225 240 60
153 288 60
245 250 5
84 123 30
100 233 7
37 98 44
45 123 1
215 240 58
262 267 6
235 263 3
222 254 9
89 164 12
223 268 15
33 61 50
19 239 41
224 247 57
250 272 24
239 239 52
267 288 49
260 281 14
256 266 32
232 263 54
2 34 11
244 272 57
16 260 26
24 142 59
133 184 27
198 236 54
258 261 18
142 257 7
223 249 44
134 200 57
133 193 25
146 154 9
133 167 9
0 141 13
16 107 39
232 260 51
283 285 0
264 276 48
49 223 9
236 278 52
26 70 3
60 265 35
100 201 30
158 211 11
185 212 5
275 285 35
208 211 3
216 263 38
206 215 49
26 275 25
20 170 42
23 29 50
271 279 34
7 172 29
1 238 55
217 268 44
82 162 51
250 279 27
237 261 32
189 234 50
150 234 59
256 283 39
245 246 9
44 249 30
230 262 31
28 160 4
276 279 45
267 272 15
212 288 41
60 289 37
85 263 36
124 185 36
1 64 1
114 196 36
23 267 34
161 273 51
260 271 36
139 173 59
10 84 3
61 261 18
51 235 13
199 251 51
51 65 25
54 87 4
5 248 47
21 60 38
79 112 23
140 209 37
186 222 31
237 240 9
281 281 58
88 287 0
25 230 33
82 264 45
20 121 37
1 218 41
241 246 9
22 126 17
52 115 6
160 199 40
149 179 41
151 191 13
111 258 40
42 227 41
82 284 8
139 277 46
146 180 0
238 264 49
194 200 24
40 215 4
244 278 40
252 279 55
269 281 60
32 61 8
138 182 4
237 284 43
14 191 27
132 258 2
82 244 38
246 286 43
159 190 7
42 267 53
112 251 33
256 260 56
151 174 35
234 262 19
138 189 14
161 193 37
153 205 29
106 180 51
105 142 9
217 258 5
97 261 14
119 240 38
269 270 12
34 233 50
224 246 19
92 229 5
101 190 22
155 269 1
203 207 16
242 275 59
162 241 18
17 31 18
49 286 55
182 207 52
147 165 7
26 145 31
281 288 51
133 137 31
2 145 49
141 143 1
252 263 44
250 268 35
193 275 30
61 77 24
239 252 29
134 169 39
21 203 57
18 108 55
154 216 44
67 260 41
64 204 3
142 227 43
153 188 25
193 235 6
86 98 45
217 240 4
43 144 8
81 135 22
21 199 1
70 257 9
251 264 10
144 252 7
189 200 14
203 256 26
147 269 27
107 170 36
164 253 3
39 283 32
119 211 13
218 288 48
205 273 55
229 244 28
216 239 52
207 250 34
61 109 33
90 113 51
268 270 0
138 215 52
229 238 56
114 237 35
146 166 19
161 175 58
40 160 33
58 77 22
109 217 21
183 216 30
74 91 19
85 212 52
172 270 17
274 274 23
32 205 45
130 187 58
124 271 20
83 128 12
74 182 10
176 194 3
178 216 22
63 81 35
224 245 17
146 256 11
40 233 59
160 178 43
269 271 46
87 235 8
100 196 34
282 284 35
183 189 10
123 163 53
189 277 35
53 284 2
13 123 1
35 275 18
110 128 37
168 255 11
104 206 25
57 155 26
126 193 22
199 199 21
212 264 39
213 228 11
257 262 50
233 286 60
154 168 22
150 177 34
157 202 40
112 200 45
118 225 16
92 214 22
262 276 36
94 111 53
47 125 21
171 274 41
163 238 33
146 169 41
136 187 12
162 281 47
147 263 35
232 254 39
120 275 0
93 178 34
51 207 36
165 276 58
34 236 60
249 272 23
60 146 38
107 115 5
174 198 46
67 201 21
99 227 12
82 239 22
264 271 3
106 181 31
10 46 57
275 278 32
176 230 50
69 86 14
115 273 55
234 239 2
173 225 15
158 215 40
105 162 12
176 225 60
76 176 7
192 224 57
261 274 7
262 270 15
190 214 28
207 257 21
182 257 58
274 277 42
125 139 42
86 241 17
84 182 6
219 266 23
99 218 33
163 254 55
158 201 18
6 241 27
86 280 36
240 245 25
105 272 8
156 260 27
199 203 37
210 242 14
42 249 21
117 164 48
234 252 60
183 255 44
29 185 26
165 168 29
201 222 11
78 223 50
23 237 18
167 207 39
115 265 22
51 121 23
108 113 21
146 273 58
122 132 13
270 283 47
72 255 11
134 254 19
284 285 11
204 270 32
16 58 7
69 153 59
103 164 5
231 288 4
16 224 44
102 204 45
225 242 6
99 286 0
105 185 25
207 226 15
265 270 10
252 269 22
154 170 19
237 244 59
132 218 29
278 280 3
163 168 54
88 231 48
84 237 1
11 26 36
60 64 38
262 282 49
123 160 60
170 255 30
190 208 10
46 212 56
250 267 10
45 152 12
238 258 48
231 258 51
87 131 6
226 267 28
136 168 44
247 256 36
59 277 28
71 78 17
57 87 17
164 192 34
119 186 23
193 258 24
86 200 52
102 198 46
226 230 3
129 269 37
147 199 4
4 61 51
255 277 43
16 172 24
257 289 38
173 267 8
87 120 26
193 218 16
283 284 58
243 269 49
64 110 10
53 124 2
131 204 50
188 202 15
48 196 53
129 265 55
171 240 59
137 260 23
234 235 35
138 177 21
177 234 45
29 289 48
129 225 8
8 146 57
67 102 38
241 245 57
71 220 38
96 213 56
142 263 23
40 96 49
192 249 48
99 149 42
144 194 59
31 232 55
81 117 0
230 260 10
233 249 45
284 284 45
29 269 28
61 288 14
133 217 2
26 234 0
230 272 7
218 273 4
267 286 24
11 35 40
263 275 18
199 285 40
0 211 5
100 264 24
116 179 28
61 143 50
42 87 54
91 113 5
232 238 31
32 36 27
183 246 50
134 135 17
50 261 43
273 273 54
142 156 25
206 283 17
41 214 52
219 254 39
34 175 54
5 52 25
180 242 57
129 206 46
246 282 20
154 219 34
95 187 20
68 119 56
139 259 55
254 286 33
17 120 53
246 276 10
136 147 54
37 69 10
202 256 42
23 68 34
63 143 18
250 261 47
181 278 6
214 215 48
274 280 54
77 189 43
84 247 2
52 285 33
266 284 4
125 187 0
265 280 23
274 287 24
127 240 56
62 242 47
10 219 27
228 274 36
238 255 50
164 285 2
146 281 29
158 172 19
170 268 47
227 239 39
140 205 7
14 288 35
180 279 54
144 204 21
253 267 55
74 126 40
251 273 57
237 241 43
56 218 38
177 219 15
93 213 2
79 277 40
217 272 19
46 55 15
279 289 28
210 265 10
212 266 38
147 234 26
189 216 38
37 237 26
207 281 38
97 129 1
283 288 25
111 226 50
31 188 39
53 208 25
232 266 4
269 288 23
282 282 37
255 267 22
75 253 40
198 274 38
171 193 23
24 175 53
200 286 12
39 41 34
107 270 25
32 276 40
80 220 53
147 253 14
3 230 55
82 137 46
123 245 38
268 269 7
232 267 1
248 268 22
244 260 20
