190 950
162
180
129
197
114
109
173
139
195
172
100
140
173
198
167
108
122
178
157
147
145
163
157
148
164
162
106
146
154
178
105
144
108
148
110
130
193
125
104
189
103
165
114
194
183
135
185
141
109
174
150
195
111
166
130
106
124
144
151
197
123
124
109
114
121
199
112
109
156
115
192
190
180
147
156
117
118
160
176
185
172
141
154
199
149
110
166
157
121
192
165
158
160
170
158
105
143
129
130
194
200
159
182
186
154
109
161
199
175
176
153
188
166
154
179
120
181
191
133
152
134
181
159
144
124
192
121
143
180
163
101
142
116
140
163
100
126
100
159
152
125
110
176
190
185
111
109
179
196
160
132
174
102
127
165
182
112
142
156
198
186
178
167
185
153
158
135
180
175
195
196
107
193
131
149
179
180
125
186
183
106
127
106
168
163
195
153
106
104
102
0 1 20
1 2 0
0 3 30
3 4 34
3 5 50
4 6 6
6 7 0
4 8 58
0 9 50
6 10 24
0 11 44
6 12 49
9 13 58
1 14 2
11 15 54
9 16 27
11 17 25
6 18 41
14 19 47
15 20 1
3 21 58
13 22 47
4 23 56
19 24 44
15 25 34
16 26 25
12 27 45
12 28 12
23 29 3
4 30 20
21 31 40
13 32 46
7 33 15
7 34 40
29 35 41
7 36 40
29 37 60
37 38 2
13 39 3
3 40 57
9 41 54
8 42 2
6 43 11
15 44 6
27 45 14
15 46 41
0 47 42
18 48 55
44 49 47
4 50 6
2 51 13
0 52 5
23 53 49
50 54 16
44 55 15
18 56 17
44 57 35
6 58 19
19 59 57
9 60 60
23 61 28
53 62 20
47 63 55
41 64 39
10 65 3
64 66 14
37 67 16
35 68 56
57 69 54
28 70 35
46 71 29
2 72 58
52 73 43
18 74 1
67 75 7
25 76 31
46 77 32
1 78 6
11 79 52
39 80 37
75 81 54
5 82 59
25 83 7
3 84 34
84 85 37
66 86 24
25 87 28
84 88 56
41 89 35
44 90 48
9 91 26
7 92 48
75 93 36
59 94 21
84 95 54
64 96 33
95 97 5
68 98 53
30 99 41
79 100 26
37 101 11
10 102 49
66 103 49
56 104 60
37 105 33
60 106 26
54 107 10
3 108 48
6 109 2
73 110 55
13 111 20
84 112 60
32 113 40
106 114 52
13 115 26
108 116 4
45 117 7
65 118 19
12 119 44
22 120 22
93 121 8
28 122 47
17 123 42
61 124 41
60 125 7
83 126 10
61 127 28
75 128 28
93 129 15
124 130 21
72 131 60
44 132 10
3 133 12
131 134 30
74 135 4
68 136 54
37 137 41
76 138 2
110 139 40
125 140 34
47 141 47
27 142 11
83 143 21
74 144 45
21 145 24
0 146 40
117 147 8
70 148 35
52 149 23
124 150 51
96 151 18
75 152 3
48 153 38
93 154 36
125 155 11
50 156 36
46 157 58
40 158 39
149 159 32
72 160 41
35 161 26
122 162 1
43 163 40
101 164 53
145 165 8
25 166 26
138 167 19
45 168 16
128 169 16
130 170 28
33 171 19
158 172 9
73 173 53
112 174 14
150 175 33
150 176 50
124 177 28
113 178 47
121 179 15
7 180 8
120 181 31
51 182 40
82 183 22
62 184 32
139 185 10
29 186 17
39 187 26
164 188 13
63 189 17
144 145 4
53 107 39
98 177 39
99 131 34
68 169 22
102 165 54
64 163 4
25 133 42
24 105 32
148 188 10
6 52 31
69 189 6
56 154 23
29 169 31
114 151 4
59 80 27
0 51 23
89 131 45
82 164 45
59 97 1
34 153 16
8 82 23
12 14 23
103 161 48
100 167 57
172 183 30
135 138 3
108 118 38
57 94 15
78 81 1
37 45 54
188 188 5
44 94 18
75 172 53
161 163 18
16 123 44
85 163 17
55 71 4
166 189 41
78 153 1
79 147 56
76 114 37
134 145 36
48 85 49
92 119 4
48 156 14
73 87 16
35 73 23
77 155 55
92 145 55
118 188 43
171 183 39
112 149 41
163 184 8
62 88 18
12 93 39
121 140 34
86 121 56
49 94 22
9 186 57
50 101 13
158 161 41
46 167 19
160 168 44
51 155 37
115 124 33
49 112 45
184 188 51
169 172 23
13 155 50
69 154 46
42 43 17
66 141 45
57 80 31
182 182 44
69 128 28
144 183 44
110 171 47
109 179 11
0 101 32
113 143 0
171 186 27
61 172 19
143 175 52
30 46 27
133 148 2
140 173 27
96 145 32
44 137 31
158 167 36
24 24 40
51 175 2
100 125 53
103 183 47
140 167 50
95 148 17
71 94 30
81 178 3
4 189 48
21 168 29
47 73 48
105 126 35
146 155 46
92 118 14
85 114 10
58 183 27
104 138 28
86 90 18
38 118 20
16 106 43
171 176 35
98 185 16
71 165 44
119 173 5
46 74 26
121 142 6
143 172 12
62 76 12
113 152 20
62 155 49
173 179 10
16 125 18
102 160 23
0 20 10
69 153 28
149 150 21
125 164 22
149 154 51
64 183 15
174 181 53
169 187 50
147 160 54
44 54 51
26 110 10
138 186 16
122 163 4
136 176 22
102 163 29
112 127 30
88 163 54
84 129 13
171 177 27
113 122 40
9 98 10
96 189 54
165 177 1
74 109 54
106 157 21
51 184 10
89 102 42
184 184 49
152 152 42
31 115 24
70 146 29
79 175 41
147 176 2
79 85 12
101 188 15
29 38 27
99 155 56
67 147 54
143 147 47
127 153 35
121 150 18
109 178 55
158 158 2
172 173 5
163 178 12
60 80 52
144 174 23
17 169 43
69 131 25
55 142 55
17 20 14
28 184 22
106 108 32
160 166 38
72 144 32
82 181 7
144 164 40
130 157 38
109 150 38
122 166 57
46 79 11
138 177 55
27 78 24
147 174 54
64 153 38
121 147 1
17 39 57
136 154 45
62 169 20
116 131 19
68 179 29
6 164 24
52 150 5
134 179 8
108 167 55
96 148 54
41 119 8
88 166 57
139 183 33
47 85 47
180 185 4
120 177 2
172 174 55
98 101 25
39 56 13
169 174 27
77 113 46
77 104 12
140 170 37
35 168 2
59 148 11
34 171 0
123 187 47
155 187 6
3 113 30
28 114 31
14 75 15
86 107 16
186 186 4
55 167 29
68 125 54
74 99 0
79 96 23
6 99 3
177 186 50
112 116 35
94 134 18
26 72 11
50 105 28
183 183 24
108 128 43
66 183 47
113 121 57
52 189 60
164 184 16
52 165 24
178 182 15
86 131 44
156 161 28
72 125 13
182 186 25
34 169 59
173 176 37
88 119 11
147 161 30
99 167 46
174 174 50
78 112 48
95 112 4
34 140 43
33 148 25
63 128 9
137 139 36
128 142 34
160 169 48
135 142 18
90 187 60
147 165 35
120 178 9
131 173 37
164 165 52
120 180 22
160 185 3
159 169 2
39 138 3
155 189 42
83 169 44
38 131 14
155 155 28
129 160 30
153 185 20
71 117 5
180 186 24
104 154 51
107 154 5
116 181 36
148 189 42
121 159 56
150 161 4
152 171 57
148 164 22
120 156 24
72 154 11
155 179 56
185 189 16
171 185 25
114 149 1
5 29 18
125 183 57
19 69 43
86 123 45
3 137 9
18 143 34
42 145 27
118 172 45
115 151 56
86 101 45
53 147 27
176 188 55
144 173 56
144 148 59
183 186 28
64 82 35
38 178 20
144 155 24
6 172 14
0 64 60
27 147 26
156 166 39
136 187 16
167 171 26
20 46 26
15 65 49
64 72 34
29 44 60
67 134 33
170 178 1
106 133 26
144 172 1
155 156 26
121 126 31
40 111 4
72 134 49
69 95 0
0 34 33
125 170 37
112 123 48
175 181 47
133 164 29
73 142 51
110 115 39
84 172 18
132 168 4
163 166 1
17 149 28
169 179 16
92 126 55
93 138 15
160 178 57
174 182 9
16 162 49
36 133 24
71 104 0
55 67 41
7 58 3
150 167 49
98 160 50
43 89 43
108 157 35
1 68 16
176 178 32
31 168 19
54 152 20
59 110 24
159 170 0
74 178 25
120 152 51
138 155 41
61 176 6
138 164 24
160 162 58
61 162 47
158 189 4
55 131 26
141 158 11
94 155 14
6 136 28
183 188 34
56 110 15
89 130 42
162 183 4
107 175 5
180 183 46
71 98 45
92 101 47
38 110 11
148 173 36
59 77 50
32 40 19
44 140 37
19 108 57
40 105 55
21 136 21
161 184 30
58 174 1
139 186 35
79 82 56
168 171 45
160 176 2
50 158 23
75 177 22
112 150 48
85 125 32
116 145 22
56 189 11
109 148 57
188 189 40
66 113 52
20 143 19
106 116 46
168 170 0
179 189 29
171 171 27
124 151 59
6 96 33
9 144 26
172 175 14
145 184 25
43 48 4
133 171 10
118 154 13
143 169 5
51 79 15
90 144 45
168 168 38
55 82 19
152 162 58
108 160 51
82 89 3
187 189 44
112 137 41
50 119 32
84 138 29
48 119 38
180 182 5
11 182 35
50 174 8
86 139 52
53 111 45
120 154 35
108 120 59
109 180 25
64 102 42
25 125 28
26 150 2
144 166 41
84 143 46
120 133 14
147 167 32
117 151 55
106 139 16
131 176 60
130 171 29
120 123 38
107 182 44
88 137 1
133 167 36
86 147 23
111 186 50
20 117 23
154 188 21
5 79 28
85 171 8
46 149 49
18 57 59
24 161 2
117 189 40
37 175 11
69 186 33
43 63 12
170 173 59
54 110 13
15 129 22
122 155 50
61 63 21
27 177 14
30 103 7
150 187 31
15 167 10
169 178 13
173 177 20
90 131 7
150 156 58
6 135 25
173 188 28
63 180 10
60 173 52
162 185 48
8 50 4
180 187 7
76 82 57
127 175 31
156 186 42
173 174 14
22 167 18
119 159 17
141 144 22
107 146 33
178 185 20
43 149 38
73 189 11
149 155 36
77 80 52
185 188 5
80 82 34
167 187 11
52 143 6
61 134 4
50 74 28
74 153 29
80 81 39
143 157 28
184 185 15
165 184 51
35 140 30
102 170 56
144 177 42
49 88 30
159 161 5
41 170 7
130 165 60
78 148 44
165 170 37
95 136 29
177 177 36
108 146 59
171 187 33
85 124 50
24 80 44
31 46 29
45 134 40
114 153 50
1 76 60
51 94 30
24 61 36
87 173 7
42 66 36
132 165 36
161 168 57
149 186 55
24 57 2
162 166 54
117 166 39
85 121 6
150 171 26
131 174 28
155 168 17
117 186 47
169 170 1
43 167 56
81 165 11
80 171 42
187 188 9
86 148 16
48 146 57
109 153 11
13 120 54
23 183 44
123 137 14
73 150 20
6 33 28
175 180 52
174 186 15
136 157 45
97 144 7
186 187 41
165 185 40
166 170 35
143 163 46
97 145 32
30 186 54
51 91 54
60 129 53
176 184 47
20 54 10
69 118 2
113 175 0
86 117 24
55 63 12
78 144 22
155 164 52
182 189 34
7 177 27
129 145 29
127 181 28
106 176 59
42 58 19
87 171 36
7 178 3
175 186 50
129 181 57
136 142 13
13 42 15
73 127 35
49 90 45
89 91 11
4 47 40
107 130 47
151 153 51
46 177 45
175 179 6
49 143 56
56 83 7
24 59 10
113 180 25
14 124 12
53 175 21
106 115 46
119 170 4
11 128 56
164 180 52
108 137 21
162 165 4
114 131 30
17 79 56
135 181 12
71 107 60
93 180 50
165 174 53
151 176 42
25 103 50
3 122 50
126 173 52
115 142 50
76 129 34
186 189 30
163 163 2
4 79 50
143 162 30
149 162 52
158 180 38
118 142 9
39 101 34
71 73 36
160 183 0
103 123 42
93 163 21
3 69 17
41 125 52
43 139 54
107 143 42
57 166 31
60 101 2
103 189 60
31 47 27
2 117 43
139 158 7
87 141 3
181 184 59
102 187 10
92 179 27
66 181 0
53 161 7
93 109 28
173 178 54
113 113 46
187 187 59
62 62 58
60 137 4
134 149 32
47 78 38
33 186 43
55 69 52
58 76 35
102 176 55
19 35 46
22 91 44
14 115 48
33 46 4
66 101 0
82 91 1
79 105 34
60 89 10
1 3 36
97 172 14
58 111 24
130 172 48
50 69 40
93 143 54
65 174 48
44 74 2
137 162 22
86 186 39
132 153 53
27 108 43
157 168 3
165 169 58
14 170 17
117 128 17
61 98 2
179 184 15
94 128 17
7 168 30
77 166 12
186 188 32
112 135 8
8 67 10
180 180 25
92 184 39
139 181 0
55 79 25
21 134 53
157 187 0
108 127 24
164 183 6
49 161 1
138 157 50
4 54 56
39 41 35
179 181 32
22 111 50
77 143 28
89 132 16
119 147 32
27 95 14
56 163 29
96 136 57
33 177 33
50 76 19
107 170 13
21 80 23
183 185 55
22 30 2
57 169 33
66 87 46
35 95 8
146 181 25
84 154 46
23 67 41
15 80 23
7 176 60
147 155 46
98 171 55
133 158 32
153 155 17
166 180 4
142 144 29
9 187 59
107 107 43
61 123 51
155 157 16
141 155 33
27 35 23
41 66 45
48 92 2
142 149 29
28 118 11
128 151 35
56 88 17
115 150 60
134 162 52
150 182 54
132 178 15
47 69 23
72 183 32
116 122 47
63 64 54
171 181 35
144 144 27
67 84 27
110 179 58
95 179 0
58 77 43
136 155 49
65 106 11
99 129 54
154 179 41
153 154 49
