170 850
161
178
105
180
112
141
146
135
192
193
129
122
122
134
193
105
195
188
189
163
122
119
114
137
156
177
186
131
182
189
198
172
137
178
125
156
198
100
172
145
160
109
170
200
133
144
185
154
188
151
123
199
119
136
183
113
119
110
128
152
185
166
190
195
200
159
126
148
153
175
172
171
121
154
155
132
188
200
151
108
155
168
108
160
130
151
105
128
188
121
115
121
155
121
161
118
181
102
156
151
105
155
185
102
179
134
183
121
114
157
146
153
132
165
193
146
152
168
168
107
187
187
169
123
187
171
138
143
144
150
118
142
105
121
122
100
117
190
118
168
195
166
148
147
131
109
159
134
199
189
179
116
116
117
135
122
194
174
145
146
138
121
195
155
179
174
140
185
178
192
0 1 21
0 2 4
1 3 17
3 4 16
3 5 24
3 6 27
0 7 23
4 8 26
4 9 25
5 10 53
7 11 50
4 12 24
4 13 18
5 14 2
2 15 57
3 16 23
13 17 59
11 18 13
0 19 44
2 20 16
1 21 24
5 22 28
20 23 28
11 24 25
12 25 20
9 26 7
19 27 53
20 28 39
5 29 32
6 30 53
29 31 48
5 32 12
7 33 5
18 34 50
17 35 11
2 36 24
24 37 7
20 38 11
30 39 8
27 40 53
7 41 28
3 42 39
4 43 13
28 44 25
37 45 32
20 46 3
7 47 39
25 48 40
48 49 37
18 50 3
30 51 24
41 52 7
6 53 19
24 54 60
41 55 1
21 56 17
5 57 18
14 58 57
54 59 51
7 60 47
42 61 12
25 62 27
44 63 57
51 64 59
1 65 50
57 66 48
4 67 10
3 68 44
44 69 30
1 70 52
46 71 47
58 72 54
28 73 3
61 74 30
53 75 5
23 76 8
67 77 0
50 78 59
23 79 6
0 80 28
43 81 9
7 82 45
58 83 21
40 84 28
66 85 17
8 86 49
22 87 53
55 88 33
27 89 24
11 90 11
63 91 19
82 92 37
1 93 32
72 94 39
55 95 24
90 96 35
92 97 41
50 98 12
46 99 55
83 100 60
16 101 4
93 102 42
64 103 36
76 104 28
80 105 7
80 106 8
68 107 7
27 108 20
9 109 59
98 110 36
43 111 29
17 112 11
97 113 9
86 114 37
87 115 42
102 116 18
42 117 56
107 118 4
55 119 19
105 120 1
18 121 9
57 122 26
86 123 0
26 124 10
63 125 14
5 126 25
23 127 56
84 128 27
61 129 45
32 130 2
97 131 18
91 132 43
20 133 8
56 134 12
34 135 56
123 136 40
34 137 15
77 138 60
138 139 10
115 140 39
58 141 20
26 142 7
42 143 9
126 144 56
20 145 51
123 146 36
30 147 55
124 148 38
118 149 14
47 150 60
25 151 45
133 152 56
18 153 52
138 154 38
140 155 33
79 156 27
88 157 47
0 158 52
0 159 50
148 160 6
15 161 51
17 162 40
31 163 37
123 164 51
30 165 50
9 166 12
147 167 16
3 168 28
119 169 53
82 141 9
115 132 20
111 124 22
21 122 30
11 36 22
137 162 27
116 149 17
53 145 16
64 101 1
151 157 27
30 57 20
100 168 50
32 33 12
133 155 32
151 168 23
149 157 1
39 163 44
37 129 48
3 75 48
37 54 32
161 167 19
47 146 16
72 132 9
80 122 11
56 121 5
14 84 5
99 126 14
17 46 34
14 147 3
29 92 11
19 66 28
114 133 29
64 114 13
111 129 56
149 169 40
150 166 3
90 142 12
21 163 52
39 168 25
1 104 19
58 169 50
17 88 21
66 165 1
38 121 55
48 89 42
108 138 44
68 122 41
15 92 1
101 133 29
74 158 11
115 122 10
107 129 21
163 168 56
55 139 23
98 126 6
160 163 2
137 164 18
5 119 20
33 119 53
38 113 20
26 91 57
135 145 14
60 78 18
84 102 43
4 164 12
161 169 36
15 65 5
126 141 41
141 164 7
116 168 43
8 138 36
87 125 28
44 135 41
113 169 16
155 155 21
134 147 30
38 164 41
86 135 34
106 152 2
53 92 30
11 65 49
109 145 21
134 163 52
145 148 58
25 54 15
135 159 14
57 75 25
77 153 11
97 102 4
60 158 5
102 133 24
8 79 31
132 137 1
6 145 44
44 74 4
7 61 10
122 128 7
50 80 57
127 151 9
32 157 57
127 137 48
16 32 50
14 19 19
104 107 13
108 118 59
44 108 60
117 154 12
135 162 57
162 165 33
146 161 31
158 169 51
148 165 41
79 116 45
143 144 17
147 157 52
73 130 29
37 118 44
33 66 19
43 158 23
46 60 32
88 151 9
157 159 20
73 89 27
19 104 0
73 122 51
53 120 25
19 35 57
22 85 9
100 161 41
143 166 45
2 121 51
51 106 30
138 167 5
112 151 54
135 163 41
145 145 0
70 123 0
75 93 8
135 154 20
141 165 58
36 38 9
138 138 5
96 158 41
102 104 27
46 46 47
142 155 19
81 130 29
113 136 24
109 124 60
24 125 45
49 119 58
31 119 49
71 125 51
114 148 36
150 153 46
121 130 57
10 15 52
22 100 60
29 127 46
80 125 47
148 153 35
41 121 16
137 165 6
87 104 58
83 88 25
156 168 54
127 161 37
17 69 29
96 105 42
83 167 49
80 165 40
94 152 56
23 152 16
35 130 13
149 160 56
100 127 17
70 144 27
146 152 15
85 139 60
123 123 3
34 87 9
80 129 38
51 107 58
145 162 25
7 142 32
149 152 26
34 58 57
40 53 58
51 80 45
98 142 15
25 63 50
157 168 14
124 144 14
123 160 22
10 35 54
44 121 29
87 144 20
132 167 59
123 129 32
64 100 16
78 151 6
9 33 47
60 73 15
6 135 30
163 169 20
36 168 21
39 121 48
128 148 47
128 132 22
54 120 36
61 126 47
50 131 45
131 150 25
81 150 42
39 106 9
144 147 32
52 63 43
43 51 14
167 169 45
21 68 53
84 114 54
161 162 46
43 151 32
29 67 26
121 126 32
35 62 2
42 126 34
45 107 31
110 129 19
104 109 8
33 132 48
144 151 49
164 166 21
62 156 30
103 127 49
52 134 55
25 76 0
113 120 14
126 143 33
78 115 32
58 142 41
147 149 57
153 161 33
22 24 1
130 168 43
30 146 6
32 38 23
136 151 44
60 86 46
4 119 55
116 160 8
123 126 41
122 155 48
64 86 18
87 156 13
66 91 17
24 110 57
11 78 5
16 94 8
40 89 34
162 163 43
29 110 40
119 144 53
98 99 30
31 116 58
65 75 16
117 129 44
150 161 1
133 161 24
137 158 43
119 146 56
70 110 17
25 162 14
99 164 9
2 126 14
111 117 43
7 63 0
148 157 42
14 44 42
54 145 60
154 155 27
125 137 57
125 128 36
64 141 44
26 131 48
17 153 29
93 134 14
42 64 56
53 140 14
59 106 13
5 164 0
1 160 32
36 65 21
90 107 38
94 101 36
4 10 15
134 152 49
167 168 38
158 168 41
153 164 0
124 138 46
51 129 55
69 87 10
70 134 18
83 126 14
115 153 56
132 165 19
114 146 58
101 169 0
148 169 25
45 80 57
126 135 14
113 148 40
18 152 26
10 168 55
77 98 11
111 167 31
166 167 23
27 98 24
109 150 18
93 128 48
84 116 23
33 112 50
94 95 33
104 130 60
101 164 21
48 163 49
40 116 19
88 164 28
47 152 55
121 161 33
153 156 45
88 112 13
79 125 44
91 121 12
105 119 48
105 128 8
77 89 28
23 41 2
71 128 31
5 46 19
89 125 3
18 76 58
61 128 27
28 116 42
118 136 53
129 141 16
51 100 23
55 107 59
78 117 43
29 152 28
53 85 10
134 155 13
96 114 4
125 151 27
81 111 6
57 146 18
73 80 40
103 132 7
86 163 7
44 149 45
72 146 22
82 121 48
29 141 31
154 169 48
139 145 51
23 160 5
65 155 16
18 47 35
165 166 13
57 128 10
20 144 53
26 27 50
115 141 8
146 148 47
89 109 40
117 124 23
105 130 24
35 100 14
27 147 46
62 119 3
0 87 25
104 112 35
160 162 47
110 156 46
46 114 41
94 109 33
147 159 35
143 164 21
75 136 44
122 149 7
13 13 18
128 147 49
49 128 45
47 88 7
66 68 1
100 109 6
69 158 37
157 161 44
98 108 2
63 162 48
106 114 9
120 131 58
65 97 43
105 107 45
48 111 4
94 159 20
80 97 37
119 139 0
54 56 43
50 119 53
128 166 25
14 125 15
109 160 57
109 125 3
70 71 35
32 109 36
109 162 9
95 112 56
71 132 17
155 162 11
73 132 20
11 153 37
142 142 43
110 168 27
85 143 43
132 140 52
160 165 60
14 163 1
166 169 17
88 138 36
144 145 3
74 167 33
97 117 38
27 85 1
158 165 37
36 62 52
85 141 19
34 124 44
119 131 20
28 124 3
39 130 4
0 34 39
132 154 45
104 165 43
75 164 32
120 149 55
61 153 16
70 138 3
95 146 52
166 168 9
130 158 26
33 87 34
24 61 54
147 154 57
113 151 13
87 149 54
3 154 30
1 92 52
115 135 17
46 118 25
83 84 44
55 69 34
82 93 29
104 128 58
145 153 41
107 126 59
10 21 60
30 58 7
142 144 9
151 164 50
1 149 45
168 169 38
139 146 55
30 153 5
149 155 32
28 98 18
27 70 53
1 102 14
124 133 7
8 67 21
51 101 43
98 128 32
118 142 23
109 140 21
58 86 43
151 154 50
72 169 35
123 132 19
122 129 57
130 169 52
117 150 1
145 154 44
52 75 59
45 92 9
63 126 36
153 154 29
105 134 13
159 168 21
56 164 60
44 72 60
138 142 52
87 142 15
46 103 48
27 45 37
107 149 42
40 47 12
48 69 55
19 137 59
34 91 27
142 143 8
146 156 36
99 129 0
63 76 59
72 167 32
28 35 34
32 141 44
99 136 3
141 149 38
167 167 33
37 65 35
122 159 52
32 108 44
3 161 3
123 162 6
116 169 22
13 45 39
86 155 13
47 54 59
134 154 18
141 161 25
14 78 26
160 166 9
50 154 56
152 153 25
128 131 15
82 88 2
41 155 38
158 164 54
34 57 20
108 166 56
63 166 17
154 167 52
63 103 30
29 151 7
91 168 55
93 133 15
73 141 48
105 142 8
112 126 41
99 138 8
79 151 59
6 67 16
110 163 15
115 123 37
98 127 43
21 167 41
139 149 34
159 166 22
156 165 45
114 144 39
91 94 11
97 112 37
127 156 51
115 137 26
4 117 6
33 105 12
144 144 24
13 111 55
60 145 5
87 138 35
118 146 21
76 81 45
67 88 2
131 152 19
36 124 29
110 140 0
124 159 23
85 138 9
100 100 40
61 159 8
157 160 1
62 138 31
129 162 39
116 119 5
66 112 49
106 115 13
112 119 50
4 93 52
59 69 31
40 108 24
116 127 30
6 127 24
4 19 15
12 65 48
40 60 23
18 26 45
109 135 45
35 86 55
49 166 31
114 155 30
133 162 40
130 167 21
105 167 46
1 101 32
115 150 17
57 168 40
54 93 56
45 72 33
19 32 28
93 123 24
160 168 29
18 60 57
146 150 10
117 162 6
97 130 28
36 129 6
14 37 29
153 167 14
60 61 6
96 138 12
27 43 24
123 145 8
123 156 3
105 166 56
87 87 8
67 112 11
168 168 29
10 167 36
39 145 57
39 142 6
79 149 39
54 148 11
127 160 55
24 47 56
132 160 44
160 167 5
56 57 52
98 152 48
70 146 7
9 131 59
7 123 26
13 53 24
47 95 54
149 156 2
140 147 25
130 135 18
17 41 19
54 140 49
165 169 57
20 125 38
117 118 17
112 138 41
3 86 4
46 55 5
53 141 42
29 122 60
91 126 16
134 156 31
109 115 33
1 150 19
28 155 31
123 127 39
94 113 54
138 160 17
162 162 41
88 95 15
18 83 10
124 127 33
57 93 24
110 164 39
134 141 39
104 122 54
128 145 11
93 98 33
26 156 38
118 153 12
73 98 47
49 54 58
34 117 50
137 150 15
