90 270
196
173
155
133
132
153
194
159
189
130
163
196
186
145
131
170
135
154
176
109
129
121
182
148
111
184
139
115
200
196
112
182
170
185
166
185
198
136
187
112
119
189
198
139
152
138
194
140
176
124
162
191
198
188
191
193
119
170
118
112
151
193
141
164
171
195
143
164
142
129
105
111
140
160
148
199
125
148
178
166
168
104
146
110
113
197
170
146
164
112
0 1 15
1 2 4
2 3 43
3 4 35
4 5 1
1 6 12
6 7 57
0 8 36
4 9 17
8 10 22
0 11 5
9 12 17
7 13 13
0 14 43
4 15 21
9 16 8
16 17 45
16 18 56
4 19 48
4 20 50
13 21 19
20 22 47
4 23 35
21 24 22
5 25 11
22 26 20
17 27 55
26 28 1
14 29 29
25 30 46
25 31 57
6 32 3
8 33 27
26 34 45
11 35 47
2 36 57
35 37 29
12 38 54
36 39 10
0 40 4
1 41 33
16 42 23
29 43 51
18 44 17
11 45 17
18 46 50
3 47 13
38 48 15
11 49 1
10 50 50
5 51 44
46 52 56
19 53 23
13 54 13
18 55 0
43 56 41
25 57 18
2 58 46
33 59 8
59 60 13
37 61 28
54 62 49
11 63 35
56 64 45
31 65 2
54 66 12
11 67 37
4 68 13
62 69 42
49 70 5
11 71 2
45 72 13
8 73 50
50 74 27
42 75 20
47 76 57
44 77 28
3 78 29
44 79 16
41 80 41
10 81 51
45 82 35
71 83 1
24 84 35
80 85 33
68 86 53
45 87 60
46 88 3
39 89 40
16 70 1
30 61 44
59 77 41
43 52 43
46 67 30
75 81 57
14 68 6
67 84 43
74 80 44
65 87 25
1 14 54
11 36 21
48 50 48
24 52 23
49 67 54
24 55 4
13 55 14
6 23 48
43 47 24
23 64 48
30 54 13
18 70 49
18 74 55
73 81 49
51 57 14
74 81 34
55 63 7
42 71 7
69 84 5
14 63 26
1 15 44
34 73 39
0 45 5
16 76 21
88 89 8
38 72 54
41 56 28
26 56 37
85 89 48
71 79 12
84 89 26
11 37 43
17 71 0
24 68 15
64 89 23
23 32 13
72 75 4
31 35 48
39 57 25
7 67 28
59 65 2
8 82 21
52 78 60
2 68 49
79 87 36
49 69 42
79 89 3
38 89 28
21 74 20
31 59 31
21 62 46
14 82 31
47 55 54
16 20 14
39 74 14
78 80 12
69 87 1
27 32 12
64 64 13
61 85 43
84 88 2
9 43 36
24 75 2
65 69 18
88 88 37
82 85 44
35 44 29
56 66 48
23 42 47
47 48 29
15 29 37
77 86 19
10 66 14
25 78 42
64 73 51
29 77 38
48 74 5
82 89 37
66 70 6
51 81 40
38 78 35
48 49 57
66 73 6
59 63 2
47 85 33
32 57 4
14 67 13
0 57 9
84 85 37
33 42 44
5 65 46
33 88 15
62 66 22
26 58 60
32 52 45
34 57 56
13 43 16
6 21 42
58 65 15
73 76 55
25 63 22
76 76 0
57 79 36
68 85 34
2 39 12
27 47 22
33 76 42
12 70 17
77 83 8
61 84 54
13 20 40
4 55 24
84 86 19
11 25 38
6 40 42
58 78 50
22 61 5
61 67 8
47 88 15
48 55 27
6 49 47
56 58 10
45 71 17
64 82 5
35 67 13
32 80 38
63 87 51
71 76 7
13 18 56
17 61 16
60 79 30
87 87 56
82 84 41
16 60 23
72 74 5
54 84 11
76 83 59
65 78 52
31 82 29
28 75 1
53 66 42
66 68 14
67 68 46
66 79 23
2 26 10
6 53 48
58 79 11
38 46 31
79 85 43
72 73 30
62 83 21
61 66 3
3 30 51
64 76 2
40 64 4
46 55 10
32 67 14
36 65 2
64 80 32
69 85 1
81 81 57
41 78 26
15 43 43
1 51 13
63 80 9
67 75 6
49 84 14
43 46 24
19 73 34
42 72 24
86 89 35
