300 1500
127
187
137
159
130
133
153
187
133
112
104
186
160
150
136
148
109
101
138
150
161
105
133
148
150
139
175
143
141
127
200
107
113
179
189
175
155
114
155
164
154
140
198
148
112
133
143
142
177
123
138
164
193
110
102
119
196
186
151
180
161
121
111
200
138
136
181
155
137
101
143
100
119
169
164
137
111
106
140
170
176
178
162
153
118
124
162
102
112
172
136
164
156
117
152
114
104
142
149
136
162
156
108
165
114
127
110
124
197
128
173
187
158
179
190
140
126
165
185
118
157
118
133
154
163
184
108
185
111
196
131
184
150
193
115
193
195
193
111
105
177
160
172
132
128
118
197
120
139
156
192
139
113
103
126
137
190
149
198
167
108
118
179
196
164
136
164
100
161
126
106
136
182
149
192
174
106
124
139
182
125
158
168
181
198
161
167
126
155
189
113
171
182
137
119
170
121
170
131
102
191
158
200
104
167
123
170
190
149
103
131
162
181
146
145
129
169
189
179
140
150
178
175
104
134
152
119
108
198
190
126
101
172
103
151
154
158
181
191
140
163
139
119
114
172
177
125
129
189
157
133
170
126
157
151
132
104
121
147
128
100
168
115
183
182
145
139
146
175
200
199
150
114
184
156
105
177
168
151
104
186
161
135
157
167
192
169
110
169
124
118
179
172
117
169
135
128
191
124
155
0 1 40
0 2 31
2 3 6
3 4 7
1 5 40
1 6 42
2 7 45
2 8 2
4 9 18
3 10 50
5 11 55
5 12 20
5 13 29
8 14 4
4 15 46
3 16 45
6 17 18
11 18 10
13 19 5
3 20 45
12 21 13
15 22 47
19 23 42
2 24 15
9 25 3
12 26 42
11 27 43
12 28 12
0 29 8
1 30 12
7 31 1
16 32 53
19 33 39
5 34 3
19 35 10
34 36 10
7 37 28
1 38 51
22 39 26
13 40 17
5 41 60
29 42 37
24 43 59
35 44 53
15 45 49
45 46 55
37 47 6
20 48 51
13 49 59
37 50 10
12 51 35
36 52 59
45 53 60
29 54 29
26 55 45
0 56 43
4 57 51
26 58 56
25 59 6
58 60 17
41 61 4
4 62 59
8 63 8
15 64 31
20 65 7
48 66 30
19 67 60
5 68 1
23 69 49
8 70 13
24 71 17
10 72 34
49 73 37
42 74 13
54 75 35
21 76 14
67 77 23
36 78 56
44 79 4
7 80 54
53 81 41
35 82 5
73 83 59
79 84 21
59 85 9
46 86 0
46 87 29
40 88 29
26 89 23
64 90 46
7 91 14
19 92 23
54 93 17
43 94 44
48 95 16
19 96 57
15 97 31
91 98 38
67 99 32
30 100 56
37 101 18
100 102 10
6 103 32
101 104 48
15 105 3
63 106 14
76 107 55
91 108 46
4 109 30
25 110 1
33 111 7
58 112 51
53 113 45
22 114 15
58 115 49
65 116 20
113 117 2
84 118 40
77 119 38
101 120 37
32 121 4
61 122 49
27 123 57
54 124 26
90 125 24
26 126 44
15 127 48
97 128 21
17 129 35
63 130 7
124 131 57
51 132 43
126 133 51
7 134 37
80 135 53
74 136 21
28 137 29
115 138 9
27 139 54
68 140 42
100 141 2
47 142 59
24 143 24
44 144 20
9 145 51
82 146 53
32 147 21
118 148 48
52 149 4
141 150 12
118 151 41
14 152 32
127 153 38
64 154 12
88 155 19
117 156 24
149 157 58
11 158 51
80 159 38
99 160 6
80 161 43
161 162 22
15 163 19
125 164 4
101 165 29
26 166 55
42 167 14
31 168 52
142 169 28
15 170 6
84 171 48
171 172 15
55 173 24
34 174 10
78 175 16
109 176 2
32 177 19
161 178 19
85 179 9
43 180 31
131 181 19
39 182 9
10 183 16
105 184 28
118 185 6
18 186 3
82 187 31
85 188 41
136 189 47
19 190 56
24 191 11
32 192 36
154 193 40
17 194 17
29 195 58
130 196 44
40 197 26
146 198 5
127 199 54
12 200 56
184 201 46
127 202 11
92 203 18
25 204 38
38 205 6
170 206 30
125 207 55
125 208 33
68 209 18
145 210 60
10 211 44
159 212 46
2 213 7
131 214 27
105 215 43
68 216 58
81 217 40
101 218 8
23 219 48
189 220 37
85 221 58
108 222 28
172 223 7
97 224 15
207 225 17
105 226 41
182 227 31
163 228 53
123 229 32
177 230 23
85 231 25
110 232 56
140 233 55
76 234 11
36 235 36
141 236 57
206 237 31
35 238 39
194 239 51
14 240 45
60 241 37
135 242 9
152 243 24
9 244 23
145 245 49
79 246 4
21 247 1
31 248 58
53 249 26
192 250 55
208 251 25
215 252 45
31 253 4
33 254 60
56 255 19
208 256 50
121 257 32
154 258 25
130 259 50
161 260 43
257 261 27
133 262 22
211 263 25
31 264 53
111 265 42
188 266 4
24 267 1
267 268 38
230 269 14
30 270 45
105 271 50
147 272 14
235 273 9
100 274 24
189 275 7
141 276 8
44 277 12
244 278 23
19 279 1
82 280 53
51 281 15
6 282 27
3 283 41
73 284 47
262 285 17
215 286 24
279 287 57
120 288 33
228 289 12
37 290 49
93 291 55
208 292 27
99 293 51
113 294 1
8 295 42
110 296 47
277 297 37
169 298 4
214 299 60
107 270 30
150 186 53
217 273 42
153 281 42
53 177 20
16 196 45
66 153 39
28 92 6
8 275 28
41 166 20
86 203 42
90 163 47
242 255 11
113 286 20
147 209 48
254 276 28
270 293 2
15 279 9
291 293 13
161 290 54
120 169 27
16 38 52
241 286 42
114 194 20
190 238 15
204 205 49
63 280 38
145 153 31
265 287 26
128 277 46
121 287 19
93 176 48
189 216 14
233 262 30
79 215 41
140 197 31
4 296 33
140 288 51
19 151 40
5 179 47
121 210 21
235 292 54
289 290 47
36 298 20
84 174 33
83 142 14
137 222 12
13 156 53
55 66 3
263 287 45
28 247 49
241 298 38
184 279 24
63 270 26
51 177 14
81 220 30
259 276 13
253 255 32
180 181 54
237 259 1
209 288 10
146 151 24
22 118 20
71 282 26
174 292 11
96 258 46
142 267 54
165 286 4
26 122 30
120 266 19
234 288 43
275 289 26
168 221 18
157 281 30
2 132 44
94 163 17
111 113 22
26 161 3
72 253 34
298 299 44
230 261 42
246 294 35
273 291 37
207 271 41
153 190 58
285 292 7
31 289 14
290 294 7
69 93 1
144 222 16
90 275 19
49 187 51
261 267 2
181 221 14
112 249 12
10 12 23
88 132 47
225 271 49
118 161 42
188 297 8
8 271 26
237 297 13
111 256 24
271 286 4
208 264 57
155 227 4
275 281 17
152 158 53
110 165 43
16 70 13
54 191 5
74 125 10
161 279 23
160 239 6
51 151 38
277 283 25
169 219 40
257 265 30
207 210 17
274 296 10
261 294 32
251 252 36
106 284 51
274 279 27
83 84 59
109 188 16
1 166 44
83 128 32
42 187 55
118 120 21
37 199 18
13 117 42
6 255 32
213 235 4
22 204 51
148 224 46
155 221 26
191 281 36
104 114 35
43 148 19
56 220 23
30 75 21
280 281 35
282 294 10
243 290 45
85 127 14
103 152 8
188 291 36
26 125 55
191 261 50
249 265 24
68 104 19
275 284 41
30 281 39
220 297 42
280 280 1
218 266 40
56 84 30
101 249 53
90 272 31
244 280 37
149 165 43
25 271 37
27 191 13
171 215 9
214 250 27
1 196 20
103 125 2
5 35 12
131 212 32
244 296 43
149 208 0
0 50 11
158 169 34
28 175 43
281 293 11
149 161 2
55 197 41
152 214 16
102 229 12
244 262 30
229 289 14
224 229 19
200 240 42
246 259 41
104 199 43
24 207 43
69 229 21
231 232 54
30 253 49
167 181 7
293 296 7
234 252 37
38 273 18
296 296 7
17 157 17
170 236 13
65 173 49
14 245 42
236 245 15
260 293 49
173 271 53
124 245 54
102 122 33
168 176 20
64 258 9
170 196 47
190 279 44
202 223 22
52 274 54
101 156 47
287 294 0
261 274 44
254 293 7
213 252 5
253 283 3
51 190 25
29 129 24
54 102 23
150 249 43
45 58 26
0 7 19
220 268 23
157 224 2
136 209 60
0 26 28
211 267 4
202 236 7
25 31 46
244 271 23
161 292 9
221 280 17
63 80 25
52 57 3
65 96 51
109 169 42
221 270 44
117 179 9
88 214 27
197 284 26
116 297 53
172 215 40
76 121 36
172 175 60
155 266 46
135 203 57
235 274 19
125 194 17
180 190 58
5 219 51
49 274 14
73 234 13
27 199 10
124 148 29
184 281 51
28 105 34
240 278 39
39 124 35
82 233 10
13 152 15
109 235 52
88 247 2
262 272 38
75 289 42
112 230 17
86 185 5
181 228 47
223 230 42
298 298 60
62 264 43
40 295 18
76 272 35
26 177 23
148 163 45
144 200 31
148 168 35
61 293 33
295 299 39
54 177 36
48 243 42
58 177 20
123 198 41
104 206 57
261 281 58
232 259 21
152 162 9
174 261 48
228 231 55
120 294 33
32 83 38
54 168 56
57 260 35
31 295 36
210 256 22
34 90 23
253 279 33
250 258 55
87 93 42
69 141 1
230 262 5
279 282 30
219 281 55
268 285 16
207 241 33
227 274 11
12 274 49
267 274 46
66 91 8
199 289 27
111 284 13
155 295 27
104 189 60
72 207 31
181 250 48
104 139 55
218 255 18
138 257 2
51 288 34
247 268 32
34 110 57
278 290 40
91 238 56
246 268 51
52 183 18
153 294 11
272 287 42
232 254 7
254 262 4
117 266 56
206 271 51
195 244 23
86 195 48
249 277 27
36 121 26
21 273 30
3 226 35
41 260 46
102 276 19
56 141 25
70 142 38
267 280 30
25 32 12
157 245 26
166 195 33
247 254 18
49 226 19
236 253 20
57 71 16
124 210 39
2 267 1
90 291 59
231 258 13
240 263 40
217 244 56
197 250 19
214 220 34
74 208 20
28 114 9
218 293 18
68 278 5
226 227 53
148 189 33
218 284 36
269 288 40
90 226 44
154 160 31
228 262 48
94 134 29
77 259 42
183 210 29
143 270 16
181 259 17
243 268 14
234 287 39
122 235 5
224 285 33
93 239 37
77 201 22
123 215 55
196 211 19
103 234 36
116 289 54
280 292 15
279 284 0
124 132 9
234 245 23
246 291 11
57 240 9
213 220 56
182 207 45
130 245 38
86 239 46
180 268 5
57 228 7
193 243 4
93 105 3
177 186 29
2 270 29
184 186 42
226 263 2
57 191 48
43 165 44
89 89 14
36 267 37
194 201 43
97 221 48
111 173 21
271 278 11
223 253 36
237 298 42
129 158 54
175 204 12
135 170 46
164 235 3
162 216 11
147 155 22
82 170 57
85 141 48
263 281 13
240 243 30
245 250 24
202 229 9
8 231 55
183 239 21
225 290 11
48 280 15
95 282 43
24 222 46
207 252 24
30 279 36
82 286 25
47 82 4
183 295 9
30 217 31
145 224 18
217 264 25
204 206 6
6 279 40
45 251 13
152 273 56
22 34 34
89 189 56
212 294 28
117 205 47
226 236 17
203 235 15
77 203 18
1 76 2
245 288 19
24 283 3
203 253 25
157 219 54
276 285 14
150 156 1
227 251 40
292 295 50
103 139 29
227 247 37
287 293 51
267 270 8
287 289 48
92 290 27
292 294 27
4 258 9
129 141 9
176 218 14
130 195 30
118 280 49
248 259 47
96 140 42
182 275 24
190 256 33
6 216 25
83 227 58
114 181 22
38 239 2
50 56 60
190 190 60
7 130 33
132 185 53
198 202 18
230 243 55
66 67 26
60 218 54
137 140 45
119 265 59
128 206 9
236 256 28
3 114 23
1 51 7
86 162 51
170 225 11
50 133 10
297 298 37
58 100 31
231 249 30
51 232 45
55 294 15
38 117 44
41 267 49
139 222 60
274 281 4
49 288 41
93 271 24
175 228 6
185 252 34
227 262 9
83 195 5
282 283 45
254 273 0
156 184 24
99 159 36
97 289 58
121 134 34
207 253 44
181 236 12
2 261 27
172 225 50
156 162 3
148 221 49
131 232 2
52 178 38
81 271 1
238 259 32
263 289 15
117 122 55
27 73 14
115 153 20
212 234 30
162 229 9
107 272 35
289 292 50
73 124 24
15 73 46
115 151 16
213 264 51
116 202 55
162 181 20
88 278 25
136 245 59
193 292 54
188 234 44
223 275 3
235 258 50
103 278 56
171 241 1
192 293 56
22 176 10
155 203 16
130 211 54
252 291 41
151 291 32
222 295 30
10 292 6
52 182 60
146 292 15
245 278 18
167 234 32
247 249 26
23 251 24
12 225 57
99 117 15
294 296 27
256 299 46
238 289 11
0 256 59
250 292 42
31 42 33
248 274 54
81 99 33
226 246 49
167 275 8
273 292 37
173 253 24
257 262 18
239 285 45
159 230 19
288 288 21
186 206 30
108 119 54
288 299 44
229 264 16
87 149 14
157 161 49
229 241 5
83 112 47
191 247 42
167 172 50
80 146 59
189 243 28
27 142 20
57 187 43
246 255 33
138 194 6
120 136 32
268 293 46
176 212 7
170 262 16
133 264 39
191 279 41
6 229 3
202 288 37
294 299 21
266 279 19
282 284 9
174 235 28
245 274 3
249 275 31
113 275 51
256 274 47
85 248 39
250 278 1
107 297 5
100 103 29
178 296 50
234 286 56
173 254 24
31 155 10
220 242 21
125 299 21
76 243 27
45 76 29
284 292 15
42 97 53
162 177 23
244 294 40
104 234 45
174 243 44
235 241 52
212 273 21
69 82 55
70 87 19
44 206 10
146 196 9
94 281 2
108 142 6
232 248 40
95 292 42
57 113 3
266 298 25
271 299 36
111 190 39
66 175 17
221 291 32
54 265 29
57 250 30
197 296 39
296 299 4
30 149 28
132 198 41
60 74 29
130 143 39
17 213 37
132 137 47
192 269 2
116 286 60
29 102 16
207 251 5
290 291 25
161 181 47
140 291 27
119 121 59
80 197 47
278 299 49
247 278 41
156 256 42
53 270 57
93 208 20
134 279 41
16 271 22
101 220 4
27 160 50
117 123 32
71 291 51
149 170 57
249 299 48
291 291 54
248 251 43
230 258 25
171 238 27
97 267 20
27 257 13
193 253 37
7 95 34
186 231 18
13 78 55
46 146 4
70 98 8
176 287 10
69 240 39
141 294 2
286 289 14
189 284 49
233 278 34
213 251 1
72 198 0
175 239 51
31 87 11
41 165 57
57 273 37
186 289 10
165 205 53
169 276 10
74 256 42
126 234 12
151 167 52
289 299 4
137 207 55
153 292 8
156 163 4
68 117 23
245 280 41
18 118 51
129 265 29
198 242 43
179 191 6
109 216 12
122 206 25
54 190 46
216 282 43
260 282 24
195 281 56
267 284 57
98 146 44
134 286 58
126 205 40
146 202 51
187 263 28
214 231 36
248 260 27
5 251 35
226 229 37
124 289 34
106 264 15
219 234 46
138 181 51
252 294 4
168 217 51
174 244 9
46 124 53
177 211 54
8 49 30
226 290 40
196 222 48
163 293 32
26 165 15
61 221 7
65 143 52
84 181 60
235 253 2
267 271 31
252 299 25
221 264 23
227 276 17
77 189 33
191 296 20
239 279 32
56 210 42
85 192 15
85 134 46
215 264 19
158 171 31
41 57 52
135 281 1
16 188 55
31 47 29
97 126 50
233 296 16
14 174 40
143 274 48
103 106 33
244 274 4
157 258 5
110 125 54
230 299 33
234 259 52
141 220 22
109 295 41
121 237 6
261 269 51
227 297 24
262 264 16
14 94 35
14 239 54
129 284 24
175 220 58
157 274 40
236 254 27
82 163 53
25 134 51
155 284 18
283 287 32
254 281 52
79 178 41
187 236 21
207 264 57
1 39 20
132 148 7
119 155 29
166 258 7
59 283 3
129 247 47
43 115 43
89 270 21
287 290 0
55 246 60
198 206 29
167 226 19
93 232 6
45 73 16
16 26 31
276 298 34
148 176 48
294 295 25
214 252 52
206 256 53
20 217 47
1 109 52
138 173 52
231 233 3
248 265 51
185 293 15
142 231 27
139 205 16
102 113 55
206 227 34
227 291 25
235 236 36
61 200 36
289 297 43
164 196 32
7 49 57
254 294 5
238 238 37
111 185 58
281 292 34
92 246 40
238 290 15
283 285 21
283 288 36
85 293 58
91 103 26
195 215 1
187 194 31
174 212 1
18 156 37
87 128 41
9 266 48
203 220 54
65 195 57
53 288 0
253 299 53
100 232 55
40 123 55
187 254 51
51 272 42
292 298 7
45 131 58
272 288 48
41 234 11
144 201 42
48 164 10
51 189 4
271 288 14
7 25 31
289 298 36
26 292 47
44 49 54
266 292 59
86 286 39
295 298 11
74 225 35
217 285 0
68 197 52
209 289 9
155 287 36
66 102 9
264 279 51
173 232 24
217 284 58
47 105 7
213 238 38
241 252 17
31 150 14
274 295 56
120 285 11
242 284 60
132 280 48
241 248 22
93 260 29
30 157 45
145 168 24
45 194 38
264 270 57
83 88 1
105 208 5
10 288 41
269 274 55
220 274 0
75 269 57
65 293 42
128 139 43
62 243 53
50 199 14
154 298 9
265 269 26
6 122 24
73 76 32
194 209 53
91 187 4
112 292 56
59 288 6
200 255 15
133 284 43
136 187 36
126 153 46
290 299 58
279 299 59
218 256 60
229 266 41
125 227 1
191 295 11
134 297 27
89 113 45
50 247 17
280 295 58
109 143 37
184 250 45
290 297 5
188 215 28
261 263 50
90 198 26
210 234 25
58 256 32
189 231 33
95 150 54
84 274 7
121 129 53
237 299 2
18 138 44
7 14 8
220 255 5
194 200 16
75 113 36
289 293 43
277 285 11
77 94 11
52 75 50
31 240 47
252 295 41
1 181 60
43 99 4
0 196 41
215 246 48
244 265 38
245 269 3
260 277 5
28 119 21
81 273 9
181 243 48
141 250 45
40 67 22
75 137 55
101 106 11
95 245 4
91 95 21
82 268 22
232 288 41
210 262 16
276 289 27
276 287 50
38 75 37
117 250 4
0 227 51
203 258 45
71 292 56
32 154 14
204 245 18
2 228 30
150 209 10
194 245 28
8 235 32
123 127 51
61 215 49
108 278 8
48 255 31
168 198 24
90 220 47
29 211 35
184 253 21
237 283 4
8 239 46
272 290 49
26 129 17
175 288 29
26 214 22
62 251 57
258 285 12
149 224 40
77 246 49
174 236 38
141 181 44
140 168 47
209 221 13
91 286 49
8 172 48
14 41 55
180 276 13
195 206 42
59 104 38
44 48 42
79 82 37
102 174 40
47 113 14
59 103 54
259 277 56
295 296 55
263 294 17
69 294 58
180 244 9
149 190 37
237 296 27
45 59 18
96 116 40
251 257 44
66 298 40
189 254 0
161 232 40
254 274 17
195 271 34
273 289 16
205 212 49
280 297 35
288 289 24
213 278 19
251 288 52
42 231 41
210 245 20
206 229 18
27 228 37
241 264 4
125 205 27
14 272 59
111 266 7
218 282 29
129 173 24
54 232 1
231 267 40
105 160 51
73 78 25
254 299 18
121 247 37
207 280 6
119 226 43
213 271 0
13 23 7
280 282 7
4 254 47
22 257 16
173 197 11
177 278 8
52 85 22
44 148 27
105 227 32
157 251 31
89 267 13
39 153 36
200 200 1
7 235 21
134 289 47
154 279 18
208 248 52
293 297 46
213 219 14
149 274 36
133 261 37
130 134 31
109 222 54
260 281 39
223 263 58
207 282 40
19 166 11
187 214 11
168 188 37
278 298 13
150 171 20
217 292 24
94 135 4
193 219 2
73 94 55
50 53 17
37 160 57
205 273 33
97 254 59
62 277 6
268 283 41
100 293 9
165 296 1
110 216 22
276 296 4
201 236 46
22 185 57
22 102 8
107 190 56
135 167 18
259 262 21
258 265 8
204 273 23
231 257 21
34 94 27
34 97 53
11 134 18
76 240 39
207 249 32
202 285 21
61 139 14
267 275 1
4 30 37
186 244 24
70 136 48
269 283 25
66 291 19
233 259 31
119 260 41
230 251 6
137 261 23
84 223 52
231 269 45
226 239 34
195 217 20
11 295 19
201 222 12
79 141 5
23 212 8
249 281 58
182 262 20
80 231 54
198 208 59
250 253 5
5 141 28
4 48 25
168 290 22
222 243 25
39 135 26
98 101 0
212 246 31
31 212 40
236 263 6
294 294 32
81 107 41
81 244 54
155 160 39
100 112 38
255 269 43
154 265 8
285 293 22
77 184 1
237 278 45
246 279 50
71 134 24
48 224 10
261 276 48
164 296 22
132 268 26
280 293 50
83 214 51
239 262 16
15 138 7
211 265 59
194 243 24
127 264 58
5 148 25
292 292 12
108 158 56
151 233 58
159 180 34
156 197 23
21 266 53
8 250 6
139 261 10
98 268 49
165 208 34
234 283 26
106 201 4
85 86 24
238 256 53
2 22 10
100 130 60
147 206 22
82 232 58
229 283 52
221 260 33
107 163 23
12 178 24
30 229 20
82 293 57
75 161 9
9 261 58
276 288 45
50 105 38
264 284 2
