75 225
194
194
110
122
112
190
167
167
173
153
143
130
147
137
172
120
198
125
120
188
177
147
176
148
102
117
142
174
196
110
193
170
118
142
167
186
150
138
105
140
104
116
113
102
176
131
101
177
110
174
126
133
106
188
142
133
100
160
184
130
132
119
180
184
190
140
150
134
151
122
128
112
159
190
172
0 1 15
0 2 52
1 3 25
3 4 39
3 5 58
2 6 49
6 7 32
7 8 30
1 9 9
9 10 0
3 11 14
10 12 37
1 13 38
6 14 52
10 15 52
3 16 50
14 17 56
2 18 24
16 19 0
7 20 6
2 21 12
11 22 39
12 23 26
6 24 33
22 25 55
23 26 14
18 27 24
25 28 35
21 29 23
18 30 34
22 31 3
28 32 21
32 33 56
4 34 16
34 35 33
31 36 4
2 37 6
15 38 56
20 39 19
34 40 54
4 41 32
12 42 48
12 43 6
3 44 33
7 45 20
37 46 8
32 47 47
27 48 2
34 49 0
11 50 31
0 51 60
12 52 34
32 53 20
47 54 40
21 55 20
44 56 54
27 57 3
14 58 56
17 59 15
58 60 52
15 61 30
34 62 36
12 63 59
34 64 5
60 65 6
65 66 27
29 67 51
42 68 43
33 69 33
17 70 27
29 71 29
63 72 33
64 73 22
49 74 39
12 14 49
71 72 50
27 67 21
3 7 9
36 53 35
16 62 23
60 60 2
24 50 40
35 56 54
69 74 5
50 54 12
67 70 59
72 73 3
52 59 57
61 74 48
11 23 41
50 67 30
69 70 58
14 69 53
55 71 7
66 70 29
23 74 6
64 72 43
70 71 0
54 68 1
65 71 3
7 25 45
13 43 15
60 70 15
51 60 10
28 46 30
48 65 39
27 30 28
70 73 40
55 66 7
72 74 11
73 73 11
26 41 3
9 68 35
48 55 1
63 69 15
72 72 10
33 68 42
71 71 26
4 7 46
26 68 7
59 59 47
25 72 43
59 61 38
41 57 4
17 48 28
26 62 40
50 55 28
36 46 57
48 54 55
18 55 46
20 21 18
0 45 35
12 53 51
36 57 11
18 41 36
54 60 52
49 67 16
36 48 18
23 36 10
27 55 12
9 51 18
8 51 13
23 66 45
48 59 50
52 71 30
23 30 32
50 52 38
25 42 25
2 36 30
20 20 30
22 62 42
26 46 37
45 50 39
40 47 39
58 63 49
15 54 27
20 49 4
1 63 46
31 57 58
24 72 33
14 15 26
43 55 24
17 52 3
1 59 2
20 23 36
25 59 6
20 44 8
44 49 21
30 48 58
19 26 10
65 69 38
63 64 26
43 70 59
10 68 17
38 39 2
44 70 37
56 65 32
39 49 58
53 58 54
52 63 4
28 39 23
20 51 27
31 34 23
4 47 40
48 57 27
12 21 8
60 66 39
5 69 36
55 60 51
5 64 37
36 38 47
64 74 3
2 33 46
13 15 49
23 73 15
40 50 60
29 56 28
17 54 49
39 68 39
46 74 48
7 21 42
3 8 56
6 10 16
37 59 31
64 69 17
56 61 41
40 43 33
21 22 6
44 58 30
60 67 46
63 71 25
24 52 30
35 46 43
18 36 36
53 65 5
50 61 43
45 47 43
56 74 32
41 56 32
20 55 37
70 72 48
58 64 32
32 40 1
6 51 13
34 65 31
