90 270
178
141
102
149
104
146
157
128
172
155
193
200
162
125
124
169
117
108
181
161
114
181
126
103
113
138
169
149
138
164
151
158
135
146
136
167
133
156
197
157
185
189
128
139
135
128
173
170
120
126
129
113
112
197
163
156
134
140
128
177
166
133
189
118
107
141
108
125
196
115
146
166
152
176
168
105
141
126
186
116
170
200
104
132
162
178
107
122
108
181
0 1 28
0 2 42
1 3 19
1 4 38
4 5 22
1 6 2
5 7 21
2 8 11
2 9 47
4 10 12
8 11 0
11 12 8
10 13 21
13 14 22
12 15 35
5 16 11
7 17 3
10 18 53
10 19 47
14 20 56
1 21 3
2 22 21
1 23 3
23 24 44
24 25 1
7 26 51
3 27 45
22 28 34
4 29 18
4 30 55
13 31 27
15 32 14
23 33 52
11 34 49
34 35 44
8 36 2
24 37 34
22 38 59
37 39 29
7 40 28
21 41 33
33 42 4
9 43 32
12 44 8
34 45 28
40 46 57
21 47 34
9 48 48
4 49 46
5 50 50
23 51 0
10 52 53
27 53 15
5 54 52
0 55 32
54 56 9
3 57 6
22 58 6
1 59 25
8 60 12
22 61 16
28 62 58
39 63 46
44 64 46
44 65 55
12 66 29
28 67 58
0 68 55
21 69 60
18 70 57
60 71 51
57 72 56
1 73 2
55 74 40
0 75 35
46 76 10
0 77 29
72 78 50
4 79 46
65 80 34
4 81 3
12 82 33
66 83 5
31 84 24
32 85 26
56 86 10
84 87 38
6 88 10
53 89 55
29 79 28
1 41 37
0 27 48
76 80 13
27 47 44
76 76 17
16 83 12
13 22 55
45 67 8
47 52 5
66 76 49
11 19 25
3 79 48
72 83 10
68 89 31
58 62 42
78 88 29
17 44 42
65 82 51
44 47 1
69 72 24
16 77 25
39 41 43
52 60 45
44 45 49
81 82 29
60 73 4
3 83 32
88 89 2
82 86 47
48 51 0
35 47 8
33 83 7
43 82 51
36 52 30
33 51 55
1 39 48
83 83 1
27 73 7
67 69 6
58 87 7
5 48 13
54 75 31
8 15 16
87 89 35
26 79 9
69 78 53
44 53 45
64 71 25
18 80 50
35 77 54
74 84 57
66 69 37
47 51 1
33 46 53
84 88 41
33 47 55
85 88 57
47 68 12
38 88 8
43 89 7
14 61 24
25 49 42
9 47 21
14 65 42
9 58 48
34 83 26
39 72 39
55 72 10
61 86 9
31 88 32
7 30 58
73 79 21
15 66 33
18 83 31
34 70 16
73 87 2
35 72 15
77 84 37
86 87 3
33 43 45
13 56 18
72 82 53
80 86 48
81 89 21
29 55 19
66 66 15
12 24 28
16 63 27
62 69 13
32 67 58
50 72 59
1 33 54
83 85 51
23 40 8
18 37 20
42 50 42
15 61 60
38 58 21
71 84 43
14 41 12
13 61 34
68 85 5
13 20 26
74 81 60
28 68 40
46 50 3
20 32 60
81 81 18
18 25 22
66 82 19
67 78 49
44 87 55
61 84 17
56 67 8
70 76 21
49 71 47
47 76 51
61 70 60
33 60 4
52 58 26
66 81 39
51 65 8
74 76 15
55 69 37
6 43 33
53 66 18
55 82 7
58 77 17
25 57 57
47 79 49
16 68 52
43 70 26
63 77 2
7 34 40
49 57 33
72 80 48
26 71 50
31 83 0
85 86 9
69 84 46
0 42 43
70 81 18
25 37 44
69 80 1
82 87 17
57 69 42
57 57 55
86 89 40
28 76 12
5 81 34
59 77 15
10 68 44
20 60 54
71 87 26
27 88 3
15 84 20
65 75 40
14 53 43
53 71 3
17 20 40
14 23 47
50 74 25
59 62 30
35 69 10
29 37 0
27 35 54
5 59 48
19 34 13
67 70 46
41 88 46
46 85 5
44 79 51
3 10 55
15 83 2
66 75 58
1 70 42
3 64 19
79 84 42
46 89 19
0 72 21
