160 800
162
155
194
175
131
101
180
191
170
191
177
103
110
113
110
151
138
192
141
134
185
149
143
159
157
124
162
158
113
117
108
145
151
149
106
114
150
140
120
107
164
161
142
142
195
125
110
130
198
180
131
160
185
139
150
112
167
119
174
191
200
180
131
119
160
175
167
116
140
142
163
152
144
196
164
156
143
100
132
145
159
151
174
158
137
116
156
131
147
143
119
100
195
199
149
135
167
169
124
180
156
160
106
182
190
170
189
167
157
182
146
120
158
134
176
113
189
155
150
163
103
112
190
175
100
138
125
185
147
108
114
184
160
179
190
192
170
102
187
191
107
138
133
175
181
187
181
199
102
162
145
197
199
113
156
198
108
151
108
118
0 1 43
1 2 31
0 3 24
1 4 46
2 5 23
3 6 40
0 7 44
2 8 49
6 9 8
4 10 53
10 11 9
11 12 60
3 13 43
11 14 34
0 15 17
13 16 28
1 17 39
11 18 47
1 19 27
18 20 33
6 21 19
20 22 47
17 23 53
23 24 36
2 25 41
9 26 18
17 27 8
27 28 50
6 29 56
0 30 16
7 31 2
20 32 50
2 33 12
2 34 4
24 35 1
22 36 58
23 37 57
5 38 55
32 39 60
0 40 8
29 41 55
14 42 38
24 43 58
31 44 49
6 45 28
16 46 44
15 47 2
26 48 30
30 49 58
49 50 57
37 51 4
48 52 18
0 53 23
46 54 56
31 55 26
23 56 17
54 57 1
35 58 9
30 59 39
30 60 48
22 61 0
37 62 17
12 63 9
8 64 1
52 65 26
0 66 44
58 67 13
29 68 48
43 69 49
36 70 50
27 71 9
30 72 56
63 73 43
52 74 33
20 75 46
9 76 22
0 77 11
4 78 53
53 79 25
40 80 46
32 81 1
64 82 35
43 83 25
8 84 49
77 85 51
39 86 4
40 87 31
17 88 34
85 89 39
79 90 35
40 91 58
86 92 26
64 93 14
51 94 45
62 95 27
84 96 17
12 97 4
46 98 49
98 99 2
38 100 25
39 101 52
40 102 40
34 103 22
56 104 45
75 105 1
0 106 32
78 107 36
62 108 51
48 109 18
80 110 3
11 111 23
51 112 36
5 113 32
82 114 34
97 115 39
103 116 35
87 117 41
111 118 30
41 119 19
34 120 60
56 121 43
79 122 15
81 123 44
59 124 13
114 125 38
54 126 53
26 127 22
103 128 36
93 129 47
84 130 29
75 131 43
131 132 10
123 133 2
118 134 31
58 135 28
70 136 21
84 137 3
63 138 36
110 139 18
94 140 27
39 141 48
121 142 46
34 143 5
27 144 18
28 145 17
89 146 56
60 147 26
58 148 60
22 149 38
36 150 7
135 151 59
69 152 53
68 153 21
150 154 45
142 155 44
86 156 2
56 157 44
152 158 58
18 159 30
57 111 26
59 95 55
133 154 17
1 148 32
154 157 56
111 116 29
44 137 17
119 141 16
70 99 43
143 156 56
12 152 30
85 97 37
143 159 0
40 146 21
128 131 50
126 152 8
145 159 19
155 158 58
148 152 16
146 146 38
105 155 24
131 139 39
149 153 52
130 155 24
21 89 59
40 94 35
18 158 52
108 153 32
113 130 23
125 126 17
2 109 38
66 136 11
72 94 13
13 105 22
74 108 9
141 146 35
6 30 48
62 80 23
110 138 7
25 102 4
138 151 8
131 145 4
84 103 7
133 149 33
4 123 48
9 33 5
11 136 50
120 138 57
69 103 52
97 125 18
69 69 44
123 155 24
24 137 1
54 86 38
56 153 10
106 112 53
93 150 38
16 107 6
18 95 53
145 155 46
82 100 21
90 124 36
147 150 1
35 94 55
47 55 34
148 150 3
1 55 2
42 153 56
73 98 19
4 93 4
79 120 9
115 158 4
122 124 0
5 108 44
87 109 38
43 47 15
134 150 18
11 115 59
142 151 8
42 115 23
64 95 57
78 109 18
145 152 13
75 104 60
146 147 7
151 155 31
18 92 1
80 145 1
137 152 32
139 154 43
46 103 56
74 99 19
67 122 19
9 119 11
70 105 37
48 87 15
128 150 53
28 109 13
3 103 35
107 144 34
3 107 1
24 99 41
13 149 41
64 134 7
18 105 41
21 159 41
96 101 44
156 157 59
47 82 22
29 30 31
105 126 29
49 85 51
36 94 8
81 82 50
37 111 31
53 126 28
155 156 56
12 37 54
120 126 18
153 155 49
29 60 25
35 53 20
115 142 51
29 66 7
85 153 12
12 60 39
10 107 23
8 112 51
142 142 31
118 120 22
154 155 2
79 136 13
29 42 22
141 144 28
64 92 48
100 150 30
130 130 48
30 76 45
63 69 42
39 149 20
71 113 13
147 158 13
91 131 48
101 149 60
71 156 31
52 131 57
89 131 19
18 113 24
61 90 60
89 112 49
139 141 28
137 154 26
10 83 22
82 113 41
121 147 21
128 148 11
105 112 11
1 31 42
63 136 58
67 137 9
86 159 35
95 110 60
147 148 26
7 133 13
76 88 56
116 135 33
83 91 7
105 146 59
133 159 42
152 155 41
136 143 5
59 128 59
55 105 54
87 141 25
8 152 39
5 156 10
2 69 8
157 157 20
67 131 13
14 105 11
42 43 6
37 105 37
91 95 4
8 20 22
123 141 23
66 137 55
158 158 22
116 117 35
70 156 9
122 145 31
50 82 48
76 108 36
35 117 2
39 102 22
4 134 31
153 158 22
8 41 10
149 157 3
82 87 31
150 150 21
19 82 21
3 78 37
17 108 37
11 29 45
82 105 4
12 127 41
62 139 20
65 146 30
101 159 46
1 96 9
78 105 21
43 121 38
59 96 28
132 137 2
104 120 5
0 89 34
18 112 13
45 152 38
147 147 10
53 111 43
55 59 29
54 129 12
33 109 46
108 138 44
26 57 37
1 53 3
6 104 18
98 139 2
50 138 23
49 111 20
105 135 22
57 94 23
85 85 17
81 88 6
67 69 26
58 113 55
1 139 15
40 74 21
115 120 20
97 97 14
138 139 51
73 110 27
6 152 57
145 153 59
151 156 37
108 117 57
17 47 7
126 127 20
45 74 38
51 117 3
28 64 35
140 147 53
30 111 17
23 75 50
28 125 52
24 40 47
69 146 43
112 137 34
17 114 57
137 145 12
76 103 54
21 57 18
83 153 37
59 85 0
7 64 2
59 114 45
83 155 26
35 87 38
2 30 50
21 60 11
91 114 56
94 106 0
21 131 11
79 145 32
141 153 21
50 133 50
148 156 28
133 135 55
112 117 47
61 142 53
147 153 26
137 157 32
39 137 50
50 109 16
106 122 40
94 139 33
89 123 35
53 63 11
43 144 51
4 6 43
145 148 13
109 126 34
74 130 26
148 159 34
140 151 25
43 156 1
149 154 42
64 131 34
129 134 50
5 101 45
19 32 38
121 153 1
47 115 31
61 96 1
47 138 24
144 154 47
114 121 29
111 139 35
142 143 20
23 139 51
65 154 20
43 116 52
73 108 43
20 142 36
76 153 42
2 45 33
4 155 7
69 110 49
54 136 56
125 139 32
83 148 28
49 66 18
19 75 43
1 81 32
46 91 52
103 140 55
131 150 27
56 57 32
78 145 11
98 153 35
2 3 29
74 158 48
126 126 58
62 94 51
128 158 48
64 123 24
119 159 43
75 107 40
32 103 35
67 74 54
33 128 7
49 127 60
136 140 29
118 126 18
9 61 20
47 145 15
118 156 24
98 102 9
85 155 15
76 95 20
65 118 17
141 147 33
6 151 3
117 149 0
120 142 39
57 117 33
89 158 18
142 152 45
117 146 39
124 149 53
123 140 58
113 117 27
132 145 25
58 116 25
50 114 59
86 117 11
103 135 34
54 141 30
52 98 6
51 66 1
113 153 53
85 108 48
2 9 45
123 132 59
153 157 60
52 61 44
70 153 3
30 102 43
104 121 43
124 143 55
122 150 2
136 150 6
138 153 47
42 158 60
81 138 41
96 102 49
33 44 58
54 153 0
97 124 39
4 127 19
90 104 14
24 110 31
125 159 45
6 51 32
58 96 3
119 140 37
151 159 32
158 159 9
135 146 19
139 156 31
113 157 42
39 98 15
43 70 43
125 128 39
80 85 2
44 129 54
126 134 59
60 145 30
103 121 11
37 151 11
112 128 1
81 119 47
111 132 24
72 142 55
8 80 13
28 154 44
33 71 17
28 35 30
7 122 41
91 93 51
134 139 7
156 159 42
1 149 57
91 91 5
109 112 31
14 127 58
73 149 48
138 156 29
94 109 17
68 97 48
142 147 52
87 124 24
120 125 12
54 139 59
151 157 14
84 125 57
97 128 48
55 158 7
87 88 37
7 151 4
97 159 13
84 91 46
53 72 6
70 149 9
80 100 44
134 141 39
51 128 2
51 58 27
108 155 5
119 154 50
114 138 53
96 107 22
131 157 52
155 159 16
49 69 1
84 154 52
19 51 56
16 84 52
54 122 19
99 115 52
124 141 55
117 137 22
111 147 45
22 25 34
78 144 10
34 78 29
13 49 13
66 104 59
105 121 25
3 4 53
66 159 53
30 82 27
52 143 52
69 138 37
80 116 27
77 136 46
130 157 27
46 132 44
117 159 38
89 159 33
39 65 49
64 125 10
85 121 3
86 99 55
78 134 8
121 124 46
101 112 4
50 140 60
38 134 3
141 156 26
112 124 60
141 158 47
30 85 38
118 145 6
143 144 59
49 122 11
78 98 14
141 159 55
103 105 57
138 144 53
24 66 59
22 80 29
79 124 14
19 65 48
57 83 6
132 133 43
74 110 25
7 30 49
139 159 25
114 152 54
42 57 24
141 143 9
111 149 0
120 139 24
140 148 13
82 104 3
57 155 22
64 99 25
25 114 51
11 143 7
26 86 25
24 53 10
94 142 59
61 128 40
3 101 57
81 81 28
10 155 44
72 117 26
4 95 12
128 133 2
155 157 54
27 90 0
106 139 33
90 97 4
55 111 40
113 136 58
151 158 45
121 134 35
136 136 46
107 117 16
66 153 20
32 76 47
30 143 30
143 151 25
2 20 43
131 148 59
60 106 0
40 81 14
104 104 39
5 133 59
137 143 52
87 142 19
63 131 30
18 154 47
5 110 19
48 135 41
79 137 6
5 58 34
35 134 28
19 52 36
52 108 7
119 134 60
117 125 2
126 145 18
131 147 42
24 94 47
7 66 40
100 121 45
23 41 1
96 135 40
111 148 31
121 151 16
157 158 26
157 159 30
50 59 4
81 146 9
88 121 5
70 98 24
75 142 21
7 91 42
156 158 23
150 152 48
59 147 2
151 153 44
74 86 2
9 111 47
83 90 48
122 157 21
99 159 42
14 149 22
53 95 18
68 91 37
116 148 45
115 149 60
72 123 56
102 157 28
79 109 37
65 81 51
7 124 39
129 129 7
66 122 7
35 96 11
104 116 0
34 153 28
54 62 41
133 148 30
141 141 6
136 154 53
56 67 45
81 125 19
136 142 29
30 156 14
102 151 23
1 106 52
123 136 50
90 110 15
138 148 9
122 130 29
22 107 43
126 148 24
37 39 15
94 125 46
61 101 45
69 83 7
95 155 0
38 67 60
145 157 52
57 80 1
63 78 55
113 154 43
69 100 15
31 41 48
49 89 24
140 156 28
113 126 1
23 122 32
122 149 58
46 123 12
80 84 7
58 139 7
76 91 34
