250 1250
127
187
137
159
130
133
153
187
133
112
104
186
160
150
136
148
109
101
138
150
161
105
133
148
150
139
175
143
141
127
200
107
113
179
189
175
155
114
155
164
154
140
198
148
112
133
143
142
177
123
138
164
193
110
102
119
196
186
151
180
161
121
111
200
138
136
181
155
137
101
143
100
119
169
164
137
111
106
140
170
176
178
162
153
118
124
162
102
112
172
136
164
156
117
152
114
104
142
149
136
162
156
108
165
114
127
110
124
197
128
173
187
158
179
190
140
126
165
185
118
157
118
133
154
163
184
108
185
111
196
131
184
150
193
115
193
195
193
111
105
177
160
172
132
128
118
197
120
139
156
192
139
113
103
126
137
190
149
198
167
108
118
179
196
164
136
164
100
161
126
106
136
182
149
192
174
106
124
139
182
125
158
168
181
198
161
167
126
155
189
113
171
182
137
119
170
121
170
131
102
191
158
200
104
167
123
170
190
149
103
131
162
181
146
145
129
169
189
179
140
150
178
175
104
134
152
119
108
198
190
126
101
172
103
151
154
158
181
191
140
163
139
119
114
172
177
125
129
189
157
0 1 30
0 2 56
0 3 29
1 4 44
0 5 49
5 6 28
6 7 58
4 8 0
3 9 29
1 10 30
2 11 48
3 12 6
12 13 17
10 14 32
13 15 35
13 16 39
4 17 56
10 18 11
11 19 3
18 20 6
12 21 42
20 22 37
16 23 56
20 24 34
12 25 26
6 26 40
18 27 31
16 28 6
0 29 7
1 30 40
0 31 42
8 32 45
29 33 2
14 34 18
3 35 50
29 36 55
9 37 20
9 38 29
31 39 4
39 40 46
20 41 45
24 42 18
37 43 10
9 44 5
23 45 45
44 46 13
46 47 47
27 48 42
4 49 15
34 50 3
4 51 42
10 52 43
2 53 12
26 54 8
6 55 12
54 56 1
7 57 53
53 58 39
45 59 3
4 60 10
25 61 10
52 62 28
14 63 51
18 64 26
18 65 17
53 66 60
18 67 37
20 68 59
14 69 53
5 70 49
29 71 55
69 72 6
22 73 51
50 74 59
37 75 10
42 76 35
58 77 59
12 78 60
16 79 29
71 80 45
24 81 43
4 82 51
7 83 56
14 84 6
33 85 17
80 86 4
55 87 59
27 88 8
16 89 31
75 90 7
42 91 30
50 92 60
81 93 1
86 94 49
58 95 13
51 96 17
87 97 34
12 98 37
59 99 13
79 100 35
14 101 14
5 102 23
93 103 56
55 104 4
37 105 54
73 106 41
52 107 5
52 108 59
16 109 21
14 110 9
48 111 0
8 112 29
60 113 29
102 114 23
94 115 46
54 116 14
47 117 23
43 118 17
97 119 44
53 120 16
27 121 57
115 122 31
41 123 38
40 124 32
5 125 56
106 126 18
35 127 10
100 128 32
96 129 48
110 130 3
101 131 14
96 132 55
18 133 46
103 134 30
80 135 1
89 136 7
63 137 51
117 138 45
26 139 15
53 140 49
98 141 20
115 142 2
108 143 40
88 144 38
21 145 37
126 146 4
33 147 49
144 148 57
141 149 26
15 150 24
15 151 44
43 152 48
136 153 21
47 154 35
143 155 7
55 156 57
25 157 43
98 158 51
43 159 37
145 160 53
92 161 21
10 162 29
10 163 9
30 164 54
73 165 42
12 166 2
161 167 59
137 168 24
91 169 20
64 170 51
8 171 53
135 172 21
15 173 48
76 174 4
166 175 12
7 176 41
131 177 32
150 178 38
133 179 12
98 180 19
119 181 24
104 182 58
32 183 51
84 184 38
104 185 6
9 186 43
36 187 22
131 188 19
26 189 4
171 190 29
57 191 55
57 192 14
86 193 52
82 194 28
150 195 6
89 196 48
10 197 15
155 198 24
151 199 10
178 200 16
173 201 2
70 202 19
163 203 19
59 204 9
53 205 31
39 206 19
158 207 9
18 208 16
42 209 28
208 210 6
158 211 3
15 212 31
149 213 41
63 214 47
54 215 56
27 216 11
77 217 36
155 218 40
68 219 17
204 220 58
129 221 44
28 222 26
185 223 5
14 224 54
212 225 56
141 226 46
57 227 11
118 228 18
227 229 38
168 230 6
215 231 30
96 232 55
195 233 33
158 234 18
200 235 60
61 236 44
204 237 46
41 238 7
33 239 27
175 240 43
149 241 58
152 242 40
191 243 8
187 244 48
214 245 37
106 246 58
97 247 28
29 248 7
165 249 15
19 232 41
165 237 21
89 91 32
179 207 27
49 65 56
18 129 34
95 211 36
183 211 7
178 195 39
206 236 55
150 184 37
106 153 30
22 54 23
36 72 15
221 235 1
237 246 57
218 227 55
33 111 28
74 209 4
37 179 40
4 102 50
28 244 53
123 131 50
104 151 26
50 183 22
231 249 21
18 33 42
120 136 21
18 82 38
140 179 33
135 174 19
97 125 24
102 204 52
178 211 12
180 196 56
5 162 53
87 242 5
141 231 41
165 173 49
76 152 24
157 247 10
11 121 12
133 200 37
111 229 27
50 83 32
7 90 42
54 63 12
160 230 4
80 219 58
27 71 30
154 220 53
128 230 42
151 249 42
72 232 20
120 142 45
179 206 39
108 232 6
124 233 28
6 112 20
85 155 42
132 233 47
219 235 11
22 134 20
71 72 28
161 166 2
135 164 9
143 220 13
92 168 54
239 246 27
120 180 52
157 193 42
230 244 20
139 180 15
33 54 49
60 163 38
42 230 31
209 229 26
53 196 46
90 124 19
95 229 48
72 231 14
73 144 30
157 212 41
195 202 31
164 196 33
107 218 51
52 93 40
80 179 47
25 226 21
151 225 54
36 84 47
244 248 20
207 223 33
220 239 14
97 231 12
246 246 53
27 215 3
56 80 45
182 197 49
163 198 38
135 194 24
170 236 14
172 239 30
2 217 13
81 171 32
93 199 54
146 247 1
244 244 10
119 143 24
140 160 20
4 85 26
75 137 11
108 180 46
25 139 54
80 136 4
136 214 30
32 42 19
144 166 43
157 242 26
189 234 18
33 158 30
229 240 44
246 249 17
57 151 22
64 87 3
139 143 34
237 243 44
118 147 42
74 108 35
166 171 41
11 150 37
99 125 41
125 220 58
134 176 7
122 206 14
195 219 7
218 243 1
13 229 16
236 239 19
88 158 51
160 199 2
72 165 14
157 217 12
175 207 34
2 6 23
111 120 47
67 206 49
196 199 42
86 103 8
5 105 26
36 148 13
23 220 24
83 244 4
5 179 57
57 207 17
198 204 53
29 46 43
17 159 13
203 227 5
234 247 10
231 234 23
138 161 6
169 218 25
98 172 40
227 233 30
70 106 17
76 144 10
197 210 32
205 217 36
89 226 51
163 238 27
161 171 59
169 181 16
173 193 44
57 202 32
216 227 55
8 138 21
63 170 18
102 129 42
161 207 32
153 191 4
191 230 51
102 122 46
172 208 26
95 160 36
200 238 35
191 192 19
189 231 23
101 210 21
101 222 35
197 231 10
237 241 45
181 227 14
171 194 8
213 213 36
45 57 55
105 244 50
141 166 24
150 238 19
234 246 41
234 237 39
9 102 42
42 86 1
13 129 40
94 202 30
229 245 53
190 222 31
44 220 37
65 151 43
228 232 37
204 244 13
77 93 9
204 240 27
239 244 20
79 230 2
107 109 12
172 214 32
224 242 43
144 161 0
15 205 11
41 153 34
3 94 43
153 176 11
232 235 2
37 233 41
239 242 16
26 39 12
178 180 30
224 247 14
204 221 19
35 110 42
89 170 41
137 218 43
132 215 43
10 116 21
89 90 54
169 230 49
212 226 7
112 127 7
240 242 37
2 199 18
207 238 7
190 212 17
52 248 13
96 162 49
41 129 42
48 81 15
231 238 49
188 196 53
76 185 54
128 246 33
181 225 20
100 144 9
226 228 47
158 241 44
228 233 22
95 162 54
213 245 47
223 245 0
121 158 44
52 155 7
198 202 5
235 246 3
13 47 25
61 64 24
51 100 23
230 249 43
194 248 26
24 233 19
182 194 23
184 196 2
138 211 60
29 89 28
97 212 4
226 232 7
171 212 46
195 210 23
47 105 9
121 212 17
17 245 25
222 247 3
239 249 51
102 180 42
220 225 44
23 171 9
146 152 27
112 240 26
169 179 36
164 225 60
199 211 46
9 29 57
32 145 19
42 137 17
62 248 58
126 202 51
149 189 14
85 90 13
230 240 10
36 174 29
22 163 51
123 231 34
113 218 39
36 129 35
121 146 10
48 168 15
205 230 52
12 193 2
56 186 38
150 214 42
51 163 17
155 201 5
216 246 47
157 196 42
232 240 60
154 224 43
190 205 18
56 236 35
39 197 23
69 223 45
188 228 31
183 243 35
163 170 33
186 203 39
248 249 36
198 209 42
163 182 20
100 103 41
243 247 57
42 127 58
130 205 21
235 247 9
29 29 48
87 149 55
171 235 33
123 212 38
211 225 35
116 229 36
162 244 22
245 246 23
66 206 33
216 220 55
229 241 42
120 138 1
15 222 5
13 88 30
140 175 55
28 99 16
149 226 33
63 184 11
53 87 49
71 111 46
45 244 8
246 248 27
181 231 27
125 227 37
128 195 31
128 223 48
27 221 55
162 249 18
149 197 2
103 157 34
165 242 32
109 242 57
237 247 40
238 240 56
232 236 51
227 245 18
177 214 11
4 199 42
86 216 7
241 249 4
113 130 56
16 205 51
105 214 23
31 232 48
145 186 22
196 221 27
194 231 26
25 52 30
229 233 35
226 244 19
225 231 25
22 204 38
20 82 12
138 212 26
88 163 33
42 181 18
162 230 19
92 191 20
100 246 16
32 52 39
122 169 1
108 131 59
149 149 13
162 217 40
97 131 56
51 147 19
83 209 34
144 178 20
216 234 9
105 112 5
148 187 53
234 244 36
214 230 40
153 208 31
236 238 48
26 158 29
175 194 42
131 152 29
234 239 16
193 240 17
56 133 14
85 237 39
51 230 5
154 171 33
139 204 37
86 197 22
66 169 55
31 128 19
69 201 36
112 147 54
222 230 15
144 241 0
39 129 9
164 175 23
24 83 11
238 241 9
213 239 56
106 233 45
114 229 38
31 37 46
227 238 5
68 73 7
157 216 4
192 209 3
47 169 29
73 99 29
100 124 42
125 188 2
147 174 48
82 83 44
68 68 14
44 125 37
144 151 43
84 219 48
22 240 21
10 137 11
150 210 36
181 221 42
196 225 54
38 45 12
7 225 46
176 241 3
69 134 36
181 235 11
104 218 22
156 198 57
193 204 48
80 235 13
23 193 30
111 192 24
109 125 9
230 233 55
90 169 21
242 244 11
70 86 15
91 201 43
94 136 46
120 189 36
94 160 25
129 175 4
20 55 9
94 209 31
160 229 18
41 154 25
109 114 6
100 235 40
75 176 13
103 138 56
18 92 34
152 157 56
151 167 28
71 76 47
162 186 17
247 247 15
4 130 18
13 205 2
225 233 19
215 216 3
184 184 25
47 228 54
90 218 40
181 249 50
183 201 29
28 196 51
198 229 8
247 248 48
10 48 27
72 170 27
189 226 9
142 145 9
71 158 14
240 245 30
67 172 49
176 223 47
100 186 42
242 243 24
47 233 33
13 103 25
62 144 58
216 219 22
183 197 2
3 79 60
226 226 60
214 226 33
205 237 53
100 146 18
13 102 55
218 241 26
83 236 54
23 246 45
25 142 59
124 198 9
134 206 28
77 113 23
185 235 7
88 106 51
48 193 11
119 222 10
6 71 37
199 224 31
90 185 30
210 248 45
121 217 15
118 123 44
47 140 49
208 214 60
77 118 4
86 119 41
57 216 56
128 173 24
33 69 6
194 233 34
176 243 9
221 249 5
119 152 45
72 223 0
134 226 24
3 236 36
158 192 58
1 184 34
93 163 44
188 197 27
50 207 50
145 187 3
228 243 2
158 200 38
28 128 1
101 248 32
73 170 15
177 232 55
211 218 14
231 243 20
214 232 30
46 215 9
184 222 35
162 198 50
247 249 24
238 242 46
193 227 16
33 89 51
9 49 55
109 146 20
188 226 25
234 235 59
8 18 54
29 133 44
46 51 3
217 245 50
60 129 56
202 245 1
14 51 56
9 25 10
99 152 16
237 242 54
240 241 41
176 191 32
23 214 30
195 242 6
147 166 60
138 200 15
144 190 18
179 197 32
117 225 26
80 197 24
85 160 57
192 208 15
73 195 27
173 238 46
112 203 11
204 230 59
1 118 42
149 228 33
80 81 33
172 198 49
149 167 8
118 226 30
82 90 18
76 117 53
7 158 45
130 166 21
35 134 30
228 239 54
78 133 44
28 151 16
177 203 14
139 214 49
113 155 5
201 237 47
94 111 42
77 239 59
212 234 20
42 189 43
98 203 33
35 164 6
172 242 32
239 240 7
173 192 16
173 243 39
121 194 41
98 107 3
86 212 37
122 203 21
3 196 19
224 232 9
64 119 28
21 218 39
148 194 3
170 173 31
73 169 51
146 156 47
141 145 39
13 18 1
170 231 14
80 114 5
68 137 29
184 212 50
78 204 56
111 219 24
27 177 10
4 230 28
129 131 21
99 186 27
191 205 29
32 194 15
87 173 54
114 165 53
159 174 23
230 248 40
5 86 45
231 237 44
27 103 52
114 167 21
168 231 55
10 77 19
179 227 10
240 244 9
161 161 2
76 194 6
0 46 40
3 4 42
197 199 25
49 203 36
73 203 17
193 194 29
145 245 30
190 227 39
88 215 4
66 143 28
83 197 41
4 210 29
86 219 39
189 237 37
171 198 47
34 219 2
79 208 60
208 245 16
77 85 5
172 237 25
201 247 47
237 240 27
169 222 59
115 197 49
137 224 41
135 240 42
65 129 57
166 245 20
161 175 41
220 235 4
83 200 50
198 206 32
170 199 51
102 140 57
119 206 48
166 169 54
144 191 43
205 213 25
54 129 27
220 246 20
73 186 13
11 170 34
27 144 56
226 235 18
148 213 55
137 140 4
192 230 8
192 243 10
181 205 39
212 214 2
238 247 14
212 239 49
19 48 34
173 230 1
19 46 0
0 64 51
177 219 57
85 85 37
116 221 10
233 236 53
76 102 42
169 193 12
119 212 52
133 219 15
26 169 4
175 200 55
114 235 8
185 213 4
183 200 23
204 212 41
119 192 51
230 232 29
136 222 43
131 245 6
192 229 12
51 65 25
121 230 46
10 136 43
103 195 24
100 201 56
81 115 57
12 178 44
141 191 58
89 241 40
80 96 51
227 236 28
177 235 36
81 197 27
180 221 35
187 194 37
178 207 34
13 97 15
62 173 46
173 200 51
145 224 51
64 86 9
103 204 53
18 164 54
226 239 30
133 185 48
90 93 32
126 137 15
183 191 7
31 121 52
5 239 60
114 163 2
124 185 31
17 87 25
91 150 23
17 232 17
165 194 33
67 227 20
211 212 32
37 172 42
153 207 15
127 171 46
66 145 19
202 235 31
157 210 1
123 161 55
54 61 29
39 47 50
53 162 16
194 238 40
154 208 48
225 243 33
8 90 4
201 236 5
149 165 54
88 133 33
227 244 52
172 215 22
201 214 41
206 215 6
169 246 60
161 187 24
199 238 16
157 225 35
101 184 24
192 193 58
25 128 40
25 44 27
191 221 53
207 225 51
55 79 18
43 174 32
3 82 52
53 80 41
87 193 21
55 139 57
15 41 20
48 98 7
192 247 29
25 225 7
160 227 3
110 217 47
240 243 43
179 198 21
39 238 0
150 186 60
183 210 29
117 176 19
226 230 6
163 233 16
210 236 31
196 248 34
59 249 48
61 101 25
105 200 52
54 140 53
143 197 47
97 191 52
227 248 51
157 229 31
6 150 3
132 183 51
174 223 15
161 244 27
163 167 16
77 237 55
213 236 34
60 135 25
219 249 36
151 222 36
8 93 43
168 214 32
137 156 57
164 184 5
4 206 37
112 207 58
154 237 34
174 180 40
25 242 15
175 202 21
112 187 36
89 95 58
169 220 26
230 235 1
103 180 31
80 118 1
33 152 37
101 205 41
101 117 48
82 164 54
174 201 57
44 208 0
56 189 53
228 248 55
100 123 55
232 249 51
150 194 42
76 244 7
191 193 58
148 206 48
61 114 11
40 85 42
244 246 10
184 229 4
45 197 14
60 85 31
228 237 36
103 224 47
215 243 54
243 249 59
45 158 11
20 137 35
147 203 0
4 35 52
31 131 9
34 88 9
120 167 51
64 187 24
24 117 21
126 228 58
237 249 7
231 239 38
188 236 17
137 176 14
210 235 56
164 239 11
187 246 60
53 181 48
127 180 22
75 201 29
126 169 45
77 143 24
111 183 38
211 221 1
108 197 5
206 206 41
5 126 55
22 239 23
141 230 0
96 208 57
45 73 42
136 173 43
53 70 53
238 243 14
33 225 9
27 156 26
209 218 24
185 185 32
192 221 53
148 223 4
52 110 56
194 227 6
32 123 15
62 103 43
27 157 36
55 241 46
233 238 58
166 207 59
79 134 60
8 235 41
42 179 1
233 237 38
60 173 11
42 159 27
190 213 45
67 148 17
206 233 58
130 244 37
22 100 45
131 166 5
223 247 28
76 180 50
92 228 26
51 241 52
74 180 25
206 227 27
96 96 32
29 142 33
44 191 54
105 128 7
70 97 53
16 132 2
134 178 44
103 143 8
207 215 5
39 41 16
119 207 36
183 242 43
44 232 11
55 161 11
237 237 50
238 248 36
188 224 47
221 222 41
210 217 60
65 241 4
204 222 41
24 146 33
41 192 48
82 215 38
30 219 3
182 199 5
126 217 21
106 181 9
165 176 48
147 248 22
141 164 55
155 161 11
111 160 4
177 218 21
64 114 22
242 242 41
63 108 16
113 189 27
11 168 50
128 247 37
114 125 4
194 249 51
