180 900
145
116
133
127
122
172
163
146
113
175
102
163
200
141
135
145
133
122
165
148
153
167
145
115
106
100
124
195
198
102
153
159
111
181
200
152
124
170
180
176
179
186
156
188
114
117
198
159
109
199
144
179
119
104
183
163
110
115
151
171
142
123
110
124
180
117
197
132
180
176
117
195
150
124
143
144
165
133
141
177
157
109
158
125
116
184
164
197
134
132
150
144
107
143
138
110
140
135
157
165
164
175
128
125
117
152
186
111
119
169
112
103
162
166
134
130
153
178
159
185
145
200
197
199
194
188
114
198
196
112
116
112
200
150
156
146
110
146
186
196
184
135
141
195
139
148
120
116
151
125
111
139
107
115
146
160
184
163
194
182
147
198
173
123
159
147
200
173
134
110
151
172
187
190
170
194
194
124
196
165
0 1 17
1 2 42
0 3 4
1 4 60
0 5 5
5 6 9
4 7 32
5 8 33
5 9 45
1 10 15
10 11 20
0 12 53
4 13 3
1 14 10
3 15 29
9 16 53
1 17 17
9 18 38
15 19 41
9 20 17
20 21 3
5 22 20
10 23 25
5 24 17
5 25 58
18 26 53
6 27 3
14 28 60
22 29 55
16 30 10
13 31 40
23 32 22
0 33 34
29 34 28
28 35 39
12 36 5
28 37 50
33 38 21
0 39 43
34 40 45
12 41 33
15 42 60
4 43 31
26 44 47
8 45 44
18 46 50
5 47 35
8 48 14
37 49 20
30 50 25
46 51 39
32 52 19
6 53 33
49 54 25
42 55 36
32 56 28
9 57 51
3 58 52
48 59 55
32 60 20
49 61 58
29 62 2
12 63 13
4 64 2
55 65 49
50 66 35
57 67 3
3 68 59
65 69 58
9 70 26
59 71 36
31 72 18
15 73 12
2 74 58
48 75 40
13 76 37
71 77 9
60 78 27
45 79 2
53 80 56
75 81 23
6 82 39
82 83 24
61 84 4
7 85 19
30 86 18
56 87 19
44 88 10
56 89 20
17 90 55
15 91 14
50 92 42
33 93 48
71 94 19
58 95 30
74 96 48
14 97 39
1 98 12
72 99 23
89 100 6
12 101 46
75 102 21
52 103 25
101 104 48
77 105 38
72 106 33
47 107 57
85 108 50
71 109 29
72 110 21
101 111 31
95 112 35
71 113 54
102 114 17
67 115 18
44 116 32
18 117 54
72 118 48
67 119 60
96 120 22
117 121 4
6 122 33
93 123 44
88 124 38
57 125 15
56 126 51
44 127 54
82 128 22
73 129 16
65 130 10
5 131 13
16 132 31
67 133 33
133 134 46
41 135 58
135 136 7
22 137 18
127 138 35
95 139 16
82 140 0
129 141 18
128 142 53
141 143 0
90 144 60
13 145 52
22 146 54
20 147 51
59 148 25
85 149 34
32 150 35
138 151 26
95 152 16
100 153 55
116 154 3
80 155 35
51 156 7
52 157 48
79 158 38
112 159 33
75 160 3
100 161 26
57 162 35
66 163 34
1 164 10
116 165 22
111 166 19
96 167 27
106 168 14
126 169 10
6 170 36
129 171 46
109 172 5
42 173 30
172 174 17
130 175 38
1 176 19
152 177 4
176 178 16
157 179 56
80 163 57
11 39 60
41 123 52
13 83 18
113 164 45
105 121 28
89 171 39
56 151 16
55 72 3
147 147 33
153 170 44
51 128 51
105 165 16
122 140 51
153 160 10
107 141 22
167 168 58
55 90 13
169 176 41
43 57 20
50 57 35
44 60 38
100 166 48
93 112 0
71 140 0
132 162 0
36 67 46
125 177 60
47 145 2
91 118 36
74 89 36
175 178 21
159 178 25
68 145 60
19 178 6
178 179 24
21 60 40
101 169 55
16 31 17
98 172 53
105 144 6
129 163 15
11 91 53
120 122 42
48 129 55
29 155 58
38 39 6
132 177 12
47 144 10
143 156 43
95 166 50
64 146 29
95 126 14
175 177 30
177 178 37
81 82 1
173 179 11
163 169 13
139 155 58
77 82 51
107 135 50
117 118 6
153 161 2
121 167 47
0 165 54
118 167 57
20 46 38
166 175 14
93 118 31
67 162 22
157 162 18
0 146 18
55 135 36
36 79 53
93 163 19
48 103 36
42 78 4
154 162 56
145 168 44
55 112 7
149 172 12
130 170 7
149 167 21
123 179 29
133 173 17
164 167 20
35 70 42
8 114 36
103 147 55
117 155 25
174 174 41
23 36 57
109 149 40
70 90 23
17 127 36
149 156 55
37 132 21
167 170 25
147 152 34
111 135 0
48 100 12
114 139 30
160 173 12
60 148 22
13 34 60
21 161 23
176 176 35
120 155 19
64 169 21
70 102 18
77 137 58
111 130 58
17 118 22
90 113 11
167 179 50
128 132 21
109 157 5
59 138 50
176 179 11
174 178 39
21 95 36
111 128 45
54 61 28
132 171 13
81 153 4
74 117 53
45 135 40
156 166 20
126 170 51
92 162 15
43 92 45
115 143 52
12 122 59
133 175 28
32 87 42
98 148 16
171 175 31
128 148 34
56 84 8
29 166 59
172 175 15
14 34 37
145 172 3
143 170 60
112 113 27
73 100 47
24 170 54
18 39 38
36 177 25
165 177 50
106 175 44
12 83 60
121 168 9
87 148 20
129 130 13
53 94 26
78 125 18
9 42 34
128 161 16
47 178 17
27 106 1
169 170 59
82 144 21
44 57 27
178 178 27
165 175 38
113 173 6
155 159 17
142 177 9
85 123 5
150 166 56
96 125 25
139 164 35
115 130 17
40 52 28
149 174 36
38 178 30
20 64 24
38 59 32
124 142 24
122 154 33
177 177 60
43 171 38
13 136 49
170 179 34
159 162 25
100 127 25
46 100 3
122 128 28
59 149 34
9 21 44
136 144 38
37 98 43
167 172 44
81 134 20
152 173 46
80 125 13
121 172 59
159 172 60
124 176 43
41 175 16
95 102 40
140 176 8
57 134 28
78 98 5
89 128 13
115 134 54
155 167 47
129 179 30
86 138 39
66 112 48
35 66 39
34 167 36
137 165 31
49 129 35
124 179 28
19 89 20
102 149 25
170 176 8
103 168 28
20 56 25
119 156 17
53 104 60
154 160 6
73 159 22
99 99 10
119 135 14
34 55 14
109 140 24
47 57 3
151 161 39
69 107 51
42 53 57
57 75 10
126 142 60
90 119 3
68 144 56
151 169 0
62 99 59
175 176 10
149 168 36
29 71 43
169 177 9
135 168 26
152 164 39
130 171 18
133 156 33
99 159 25
76 147 25
140 162 60
110 166 57
114 117 17
165 171 6
69 169 47
119 161 56
167 177 33
41 52 42
28 67 28
30 164 24
162 176 58
32 107 47
164 164 54
126 162 16
94 111 42
115 157 5
32 154 29
41 43 31
76 102 20
138 165 35
61 128 38
66 93 10
88 135 6
169 173 18
130 135 49
162 174 22
150 179 10
161 168 41
8 120 29
137 163 25
33 33 42
151 160 8
117 148 27
156 159 17
51 127 55
71 144 9
90 142 35
88 102 11
63 122 33
4 85 3
150 175 49
86 87 19
103 149 49
88 92 21
99 114 35
141 147 49
157 157 3
163 177 52
82 169 30
161 166 20
164 166 2
27 136 20
173 175 28
19 116 50
33 128 46
111 179 12
80 157 6
98 161 27
115 171 22
3 137 4
9 104 51
104 118 20
57 166 52
165 169 10
47 89 6
89 172 9
3 159 23
56 107 10
121 139 49
121 135 24
18 102 19
24 54 17
70 132 52
108 108 51
50 134 3
108 122 44
47 163 13
22 115 26
22 98 37
75 131 6
100 154 46
134 139 33
161 167 12
170 175 49
147 174 50
152 165 8
133 136 55
40 154 18
34 123 18
96 108 60
82 158 15
83 136 41
38 131 12
117 171 35
33 87 48
88 94 17
152 175 12
70 80 41
9 75 48
59 159 20
49 178 1
54 92 49
120 126 23
94 157 4
142 173 60
63 138 16
65 110 4
127 148 15
26 82 16
158 172 57
146 169 24
106 172 30
59 101 45
91 128 37
75 145 8
23 161 51
45 66 25
152 174 55
101 142 52
85 140 34
36 128 44
139 142 10
40 134 38
95 160 37
1 151 8
109 167 42
44 73 33
160 172 15
49 158 22
21 77 4
28 113 14
121 142 27
166 174 39
118 154 9
97 127 49
19 110 8
33 35 11
126 156 53
86 163 21
29 179 49
107 161 18
61 110 60
83 139 40
71 87 10
71 93 3
111 137 21
27 80 46
79 159 13
145 169 18
117 159 47
112 162 41
137 140 24
149 158 45
80 175 42
166 171 53
46 165 16
117 165 36
56 111 0
128 178 47
126 159 16
148 159 42
89 102 49
141 145 6
37 63 32
162 173 54
145 170 17
145 174 15
104 160 48
30 65 60
67 166 16
160 168 59
73 92 12
87 100 18
108 148 11
68 111 54
39 86 56
110 128 22
8 160 21
64 77 5
1 115 54
172 176 18
136 154 60
29 112 22
139 143 54
2 32 4
166 169 57
32 89 16
63 121 7
14 14 15
120 120 47
171 172 60
41 151 15
17 94 55
158 171 36
47 152 26
27 109 5
7 157 0
176 177 10
10 108 57
142 157 50
7 70 14
153 166 43
75 98 40
113 170 21
121 124 25
55 145 22
6 136 9
38 47 19
60 126 0
35 149 11
61 108 16
63 116 39
11 51 13
46 98 22
85 147 16
132 134 56
96 136 11
163 175 36
62 150 21
124 175 6
92 164 22
18 27 42
63 99 23
148 156 12
146 157 26
156 168 14
145 173 50
38 61 47
56 122 54
132 176 40
79 175 14
20 112 45
94 152 20
168 170 34
6 169 1
32 115 59
143 178 19
137 157 24
114 144 33
22 42 53
143 157 32
35 118 15
18 121 52
85 87 12
130 160 19
70 72 20
159 165 33
170 174 16
147 162 34
30 147 42
87 99 59
44 48 52
9 175 35
151 151 39
92 138 0
84 135 56
94 147 33
152 153 59
79 155 22
30 168 21
142 172 21
97 114 53
116 174 7
54 84 0
110 172 1
42 121 54
76 152 27
96 166 34
134 149 26
11 98 53
87 163 28
159 168 58
26 53 31
47 155 60
109 177 6
161 173 37
53 110 48
74 152 28
144 168 51
29 175 52
74 179 19
72 176 59
8 147 0
144 151 48
41 41 38
165 176 55
144 157 6
12 72 30
81 142 27
142 152 50
9 84 48
111 116 2
100 113 38
153 165 8
115 146 48
2 95 47
87 159 42
18 139 18
142 145 0
45 158 11
59 90 1
142 151 15
91 134 7
135 157 10
29 92 51
76 90 57
39 40 38
16 92 27
143 173 35
73 102 41
119 160 16
144 171 7
119 149 8
143 158 12
54 137 23
38 86 47
160 174 33
135 153 0
80 128 11
91 131 54
61 64 7
145 158 4
164 173 57
44 120 41
124 166 5
69 153 59
128 143 45
108 133 2
125 136 44
132 151 29
121 136 54
41 66 41
130 150 43
22 166 57
28 98 2
149 149 37
49 141 27
54 149 58
80 133 16
135 175 51
93 99 23
79 122 36
9 105 49
96 130 31
72 125 18
3 119 15
41 86 22
16 118 45
135 158 26
55 165 55
39 74 58
20 36 9
26 113 12
26 54 9
26 30 19
98 151 36
7 13 33
144 162 51
122 172 50
159 160 53
20 59 14
90 154 25
50 177 4
99 177 7
173 177 27
19 130 7
23 96 41
63 147 39
25 157 38
30 153 41
22 153 44
157 166 16
0 111 45
97 167 28
139 176 13
97 141 20
84 154 39
52 142 60
22 40 58
106 133 22
80 164 49
42 75 24
123 162 14
8 125 36
31 116 38
25 110 9
43 54 11
131 152 20
19 173 47
53 91 2
75 88 35
47 150 12
23 86 22
30 163 16
14 40 27
166 167 43
169 175 35
115 174 37
126 171 52
14 94 34
40 92 1
85 127 57
1 61 37
72 94 36
91 107 7
67 138 43
98 179 34
153 159 20
155 171 55
84 98 8
154 165 3
146 165 45
39 114 12
98 133 28
23 116 56
33 70 14
12 171 37
117 175 13
93 133 17
9 151 49
38 70 4
17 169 16
102 174 11
162 163 12
70 79 55
31 133 49
11 134 20
21 73 11
105 175 18
0 36 21
3 133 59
78 145 9
73 132 34
1 75 17
160 166 56
75 91 7
108 114 50
76 179 1
96 161 51
29 74 7
60 134 49
71 158 38
32 42 30
15 152 48
131 157 16
141 177 50
90 164 26
10 104 29
81 175 22
5 164 4
112 143 28
32 80 50
69 142 60
38 175 22
122 156 21
96 122 56
155 162 44
150 155 21
45 155 27
106 134 4
63 128 39
165 165 23
86 156 32
111 138 41
68 153 27
92 178 43
46 134 58
99 163 11
76 95 34
157 163 44
154 163 15
28 124 43
