50 150
196
173
155
133
132
153
194
159
189
130
163
196
186
145
131
170
135
154
176
109
129
121
182
148
111
184
139
115
200
196
112
182
170
185
166
185
198
136
187
112
119
189
198
139
152
138
194
140
176
124
0 1 45
1 2 59
1 3 8
0 4 12
0 5 57
2 6 48
2 7 12
6 8 14
8 9 36
1 10 5
10 11 59
3 12 0
10 13 44
13 14 28
6 15 3
15 16 57
9 17 14
7 18 44
7 19 30
14 20 38
20 21 15
5 22 4
3 23 43
7 24 35
4 25 1
9 26 12
17 27 57
12 28 36
21 29 17
8 30 22
7 31 5
25 32 17
5 33 13
20 34 43
24 35 21
21 36 8
3 37 45
2 38 56
22 39 48
4 40 50
25 41 19
6 42 47
32 43 35
25 44 22
15 45 11
16 46 20
36 47 55
14 48 1
27 49 29
46 49 57
46 47 59
21 33 45
28 35 53
29 37 29
40 40 7
8 35 4
31 37 34
21 41 51
28 36 60
34 45 50
14 34 60
11 32 56
39 41 56
11 28 12
45 49 0
43 48 39
22 24 46
13 45 44
41 49 28
10 21 4
40 42 45
30 39 34
44 44 37
22 34 15
18 19 5
21 32 15
0 3 50
1 35 43
34 46 57
37 48 10
4 29 16
15 41 4
8 21 35
23 40 3
14 14 33
12 17 5
43 47 3
44 49 6
30 32 1
12 23 41
11 47 43
28 49 30
20 41 57
4 4 6
46 48 43
4 46 44
22 47 21
34 48 23
18 41 54
32 45 4
40 41 14
4 23 48
13 16 48
43 46 13
43 43 49
26 34 55
32 49 49
34 47 14
43 44 34
25 43 7
31 49 7
20 47 5
42 47 26
32 46 44
10 41 39
12 19 5
17 29 21
36 41 8
18 36 54
29 44 28
19 25 37
22 36 48
24 31 12
6 23 26
41 42 0
48 48 15
48 49 23
22 37 13
4 15 25
27 42 28
5 5 21
12 38 60
25 35 49
44 48 42
5 29 3
4 33 28
33 40 20
42 45 31
27 45 46
33 47 31
39 42 54
23 29 14
8 22 14
24 26 1
30 45 12
7 16 13
33 34 43
6 14 2
46 46 36
13 35 2
