300 1500
145
125
164
106
139
197
170
197
190
195
179
126
137
123
179
188
114
171
115
136
193
153
131
193
100
164
112
106
157
142
155
160
154
181
196
137
181
118
163
196
139
116
184
102
193
141
156
147
165
104
125
145
192
179
170
170
187
190
173
200
118
179
132
129
118
160
185
139
198
102
189
124
114
140
152
149
190
174
131
137
178
119
178
186
105
157
154
137
125
116
104
187
143
173
129
106
165
176
150
151
120
176
153
121
187
146
113
181
134
140
139
137
154
147
131
123
161
142
108
197
149
131
127
129
170
135
186
139
163
158
128
154
144
121
149
138
188
149
112
100
167
163
164
180
136
157
157
102
158
193
125
196
171
101
136
175
113
138
147
103
184
196
124
164
144
109
123
189
184
144
147
151
101
162
145
162
174
158
111
155
193
126
116
159
141
195
189
188
185
139
139
164
147
170
130
123
170
134
175
149
183
176
148
169
159
197
111
185
161
114
121
170
131
142
153
106
189
194
163
140
141
197
136
196
182
139
193
119
142
149
191
125
116
122
149
198
108
114
198
192
119
174
158
183
104
164
149
102
166
136
111
161
179
153
169
104
134
133
124
138
175
185
154
190
187
183
145
158
190
124
133
112
107
131
185
111
128
176
107
189
167
122
165
120
135
163
178
104
185
112
186
142
174
111
197
184
141
132
144
121
0 1 50
1 2 24
1 3 37
1 4 38
0 5 37
1 6 29
1 7 55
6 8 55
1 9 46
4 10 11
9 11 22
11 12 37
7 13 42
8 14 56
3 15 56
3 16 12
16 17 41
10 18 19
13 19 42
0 20 23
12 21 48
0 22 34
4 23 33
8 24 56
14 25 9
14 26 43
10 27 25
24 28 49
9 29 49
1 30 43
5 31 40
2 32 53
26 33 12
14 34 29
19 35 42
9 36 55
27 37 25
25 38 27
27 39 21
35 40 16
15 41 37
3 42 51
37 43 3
2 44 42
15 45 49
33 46 59
34 47 51
13 48 29
32 49 49
29 50 48
2 51 47
30 52 38
32 53 50
52 54 28
19 55 1
2 56 3
36 57 18
46 58 42
54 59 55
18 60 25
16 61 45
45 62 37
39 63 28
8 64 22
20 65 20
14 66 1
51 67 9
10 68 16
4 69 53
6 70 30
30 71 51
45 72 49
56 73 10
22 74 46
33 75 55
7 76 1
7 77 32
7 78 20
17 79 24
9 80 3
48 81 23
56 82 5
12 83 22
61 84 6
66 85 60
40 86 7
69 87 23
54 88 3
74 89 19
61 90 48
1 91 15
31 92 52
73 93 21
27 94 58
18 95 45
72 96 15
77 97 39
40 98 39
61 99 16
56 100 9
6 101 32
85 102 29
62 103 38
21 104 5
83 105 33
49 106 23
16 107 49
48 108 12
48 109 18
8 110 38
13 111 12
44 112 35
104 113 41
33 114 36
107 115 31
90 116 40
44 117 28
106 118 40
10 119 47
48 120 34
72 121 32
101 122 52
78 123 60
25 124 28
108 125 21
14 126 34
74 127 1
86 128 43
36 129 2
103 130 20
99 131 14
45 132 59
24 133 10
109 134 21
32 135 2
11 136 17
83 137 3
68 138 27
83 139 51
66 140 50
135 141 5
43 142 58
96 143 54
100 144 60
140 145 41
110 146 46
37 147 31
5 148 14
83 149 10
1 150 46
21 151 12
18 152 13
23 153 18
117 154 32
114 155 13
125 156 30
23 157 43
112 158 19
137 159 60
77 160 10
136 161 53
158 162 30
131 163 9
129 164 51
161 165 25
86 166 2
45 167 26
128 168 21
60 169 4
38 170 37
59 171 18
7 172 20
169 173 8
51 174 49
56 175 14
62 176 15
50 177 44
147 178 55
82 179 30
99 180 7
151 181 59
33 182 20
148 183 43
96 184 11
152 185 29
36 186 25
139 187 31
91 188 5
56 189 24
165 190 53
149 191 39
153 192 39
8 193 32
80 194 7
25 195 40
81 196 13
174 197 6
126 198 58
60 199 48
166 200 33
140 201 56
95 202 35
192 203 32
193 204 12
193 205 33
39 206 48
46 207 30
97 208 54
3 209 45
157 210 56
200 211 54
100 212 15
97 213 13
161 214 47
118 215 60
57 216 0
43 217 3
151 218 14
44 219 14
36 220 59
141 221 55
101 222 19
129 223 8
173 224 47
9 225 31
101 226 23
80 227 21
149 228 31
136 229 39
208 230 55
187 231 16
74 232 56
75 233 25
11 234 42
152 235 43
172 236 6
157 237 57
191 238 8
34 239 33
145 240 31
178 241 36
137 242 13
116 243 58
204 244 37
47 245 53
232 246 28
28 247 46
211 248 2
145 249 51
164 250 53
227 251 51
206 252 53
181 253 49
43 254 20
173 255 40
12 256 36
237 257 42
214 258 31
133 259 32
68 260 22
81 261 15
172 262 7
129 263 8
134 264 22
64 265 50
166 266 14
197 267 4
197 268 12
59 269 37
132 270 21
196 271 8
59 272 8
120 273 21
118 274 5
208 275 0
268 276 36
224 277 31
37 278 53
226 279 44
61 280 43
183 281 59
55 282 3
96 283 8
117 284 12
247 285 18
55 286 40
177 287 53
65 288 32
225 289 10
122 290 17
72 291 48
135 292 6
255 293 32
212 294 46
172 295 39
209 296 3
47 297 38
284 298 15
136 299 55
252 285 41
232 274 38
298 298 60
17 58 45
190 281 49
235 280 59
95 201 1
1 137 42
159 273 56
3 295 30
31 102 58
132 240 45
155 200 47
243 271 53
139 215 46
15 248 49
144 153 49
90 214 20
53 106 4
50 263 0
234 254 38
77 139 3
73 234 40
88 114 27
275 291 55
72 236 47
92 128 20
38 111 18
169 215 32
133 140 32
145 260 8
150 156 52
83 271 3
56 183 38
12 131 28
71 241 53
194 205 0
118 252 30
70 283 21
200 272 6
10 249 31
44 195 14
40 289 7
225 238 28
32 97 56
281 285 6
199 253 57
151 196 31
143 255 2
244 283 19
11 19 40
69 97 44
204 218 38
254 288 13
218 258 43
248 289 42
69 108 48
51 180 46
91 236 13
207 251 1
73 252 44
280 293 23
24 205 19
287 298 24
174 227 49
228 229 50
59 62 47
79 194 38
216 250 17
200 280 30
189 269 53
192 271 8
136 210 56
78 251 37
270 294 13
96 260 2
42 176 28
270 298 30
184 257 10
83 248 41
217 267 47
179 212 54
88 155 35
44 64 12
33 164 54
278 293 54
181 258 1
235 269 17
19 278 28
3 259 46
263 281 57
19 290 50
178 202 34
222 278 17
274 274 1
75 178 36
169 271 37
49 256 7
232 241 30
62 189 40
159 291 29
32 71 60
0 90 14
225 258 14
162 205 6
80 218 11
173 292 49
32 276 0
40 77 15
11 129 44
198 268 3
228 230 48
240 295 54
164 244 54
43 265 47
3 84 39
153 158 42
141 254 49
249 279 58
178 204 55
95 200 45
179 271 13
174 235 5
250 274 31
138 201 7
7 244 18
19 115 40
225 261 27
242 294 43
234 270 25
205 280 53
44 274 56
194 280 27
140 147 39
47 204 16
194 269 12
136 184 50
226 241 14
230 251 45
84 179 7
204 237 23
92 277 39
170 236 1
173 266 47
183 253 42
100 259 51
43 130 28
103 153 52
295 297 3
23 81 29
16 290 36
195 266 13
27 107 36
265 278 2
137 255 47
58 245 36
5 207 18
280 299 18
40 164 60
253 272 17
97 162 48
109 279 58
17 208 9
83 185 11
7 190 59
168 263 2
49 161 27
5 274 29
144 208 46
286 292 6
96 112 45
237 251 60
183 246 54
239 277 47
257 279 36
58 60 33
23 140 8
263 272 24
200 249 54
37 238 21
156 231 12
179 228 15
295 298 8
131 179 7
192 272 59
191 287 38
74 84 2
116 275 45
275 290 10
30 86 16
85 229 55
65 111 60
98 223 53
146 184 34
261 291 60
74 212 38
170 280 25
24 270 38
113 163 13
192 284 4
149 226 56
268 273 27
258 264 36
197 210 39
149 186 36
258 258 44
175 176 34
45 65 41
51 194 10
163 248 46
222 282 41
247 266 19
269 290 28
176 283 17
69 192 0
196 288 42
116 162 53
80 134 5
44 252 5
268 298 45
20 220 2
218 245 59
72 226 3
244 278 25
193 289 37
252 271 21
62 134 36
159 244 30
107 124 6
39 107 0
66 238 27
293 299 56
272 291 17
168 172 44
170 273 36
56 235 2
82 206 33
253 292 20
2 35 55
7 222 10
124 236 1
177 242 60
282 292 37
214 290 57
132 206 44
59 293 52
16 71 40
218 251 15
62 99 9
261 298 29
198 202 33
264 266 19
219 254 58
153 241 40
148 157 48
88 161 49
1 106 0
261 281 8
288 288 12
254 283 25
117 226 49
281 284 60
157 247 29
118 168 22
99 199 54
248 253 52
99 244 55
281 292 53
4 166 42
288 298 26
64 166 60
113 231 21
31 118 15
114 272 24
208 226 13
115 237 5
147 192 17
278 289 41
56 128 37
265 287 22
230 276 11
148 211 18
195 207 26
112 182 25
65 176 0
180 281 5
271 274 6
125 200 7
163 280 35
126 202 48
161 244 35
243 252 42
184 294 1
278 295 23
68 173 42
227 229 34
177 194 8
131 280 5
39 255 59
55 290 14
82 119 54
231 289 16
186 205 26
23 257 29
64 291 9
21 145 52
89 211 8
239 287 21
3 40 4
241 243 49
33 43 15
187 212 29
213 249 55
190 279 50
23 123 29
232 276 17
102 245 48
187 260 5
20 124 53
130 270 14
21 83 46
267 276 38
254 268 3
1 241 30
86 210 8
287 295 12
269 295 17
129 147 3
140 283 27
248 257 56
250 290 30
251 297 18
273 289 7
204 256 50
37 289 17
27 168 24
86 123 42
163 190 22
28 68 29
160 220 32
23 279 49
205 273 9
84 133 3
119 269 43
13 294 11
255 259 59
254 289 29
254 270 48
188 289 5
274 289 14
93 227 59
42 43 1
117 220 8
248 255 49
228 254 52
6 68 37
248 295 3
28 217 4
147 179 56
149 200 45
229 285 27
296 298 25
121 129 58
238 263 45
176 180 57
71 111 44
218 280 17
118 213 38
70 109 49
4 15 10
236 237 57
197 231 59
274 291 42
259 297 55
102 248 55
206 295 11
170 279 52
257 270 29
77 137 39
9 289 35
62 75 36
240 277 19
135 200 19
74 91 47
192 278 35
53 167 42
55 88 0
198 236 1
243 298 60
27 216 59
4 142 17
43 135 32
114 167 34
25 70 15
210 278 19
244 261 54
293 294 17
252 260 48
95 277 28
4 231 60
237 296 11
156 225 32
38 134 46
46 140 4
130 217 10
49 271 8
101 252 42
12 39 48
1 118 5
262 299 5
6 97 46
1 80 46
45 201 5
172 202 58
128 261 38
210 262 57
163 163 30
81 83 21
152 217 9
246 247 22
146 229 24
162 246 48
100 195 20
199 286 20
216 221 5
238 247 35
118 229 29
21 138 40
171 280 0
120 224 11
139 184 23
249 299 2
15 186 49
255 284 32
206 207 34
112 255 53
35 139 47
63 101 55
44 115 47
25 290 43
241 288 12
73 198 47
88 144 33
121 248 42
60 161 51
234 283 31
102 158 4
264 269 43
48 229 55
114 147 24
144 239 7
278 288 60
146 199 13
262 291 30
166 292 38
234 276 41
179 180 57
125 202 6
277 279 29
124 187 57
66 276 16
184 245 60
14 216 17
237 252 36
215 268 25
213 247 38
215 235 28
76 225 58
227 269 22
287 291 32
165 244 41
6 146 40
191 207 26
255 273 38
2 289 15
85 239 26
120 158 17
48 132 34
34 70 20
165 282 19
261 267 49
274 282 45
177 294 16
262 281 23
162 260 57
178 203 0
201 266 23
132 166 9
29 298 5
87 233 43
63 218 57
64 211 25
244 262 37
123 148 11
16 254 37
147 193 57
115 170 33
139 275 55
33 158 12
102 149 42
90 255 35
251 278 8
57 177 60
21 61 19
287 297 16
284 297 38
158 187 15
228 235 38
248 284 30
165 294 53
54 167 49
46 104 5
221 267 7
78 275 2
226 252 32
237 248 25
125 150 38
9 253 20
180 226 18
290 290 56
212 228 55
66 256 43
102 191 53
27 106 21
28 234 3
200 279 47
111 155 54
12 123 6
168 274 18
98 150 22
22 259 56
290 293 37
123 266 54
125 227 45
285 289 36
137 170 27
130 294 52
225 273 13
160 285 2
230 265 44
155 171 60
250 264 44
48 262 53
184 249 52
288 299 41
69 84 32
254 285 31
168 238 39
161 190 19
269 297 40
36 138 51
40 72 7
160 233 49
253 297 0
72 110 35
296 296 6
282 287 2
143 292 36
252 256 30
249 271 45
174 285 5
185 283 3
84 110 21
124 263 41
87 101 46
57 298 46
116 139 26
250 276 32
28 149 42
31 214 41
96 130 39
60 216 41
244 275 3
181 252 52
12 96 36
206 272 26
294 295 16
195 292 2
171 236 54
242 286 49
298 299 22
4 21 11
132 198 1
47 275 47
164 214 48
20 218 25
89 286 21
59 77 41
144 251 6
221 277 39
50 88 46
184 280 15
63 110 59
59 127 29
83 138 10
216 219 14
119 274 51
62 161 13
249 261 19
286 290 7
141 183 23
143 270 18
162 194 4
163 228 25
17 141 19
33 258 11
237 260 58
33 142 29
186 279 12
111 165 36
31 81 6
266 297 29
179 295 5
266 276 53
102 102 9
154 244 14
232 278 7
165 297 27
5 250 42
199 282 17
54 273 48
219 291 57
203 297 59
249 267 38
118 224 56
218 220 57
152 249 24
30 163 45
129 129 27
37 271 1
23 233 58
166 289 19
138 154 52
45 165 10
269 294 49
239 299 10
109 117 27
38 296 35
173 273 17
15 182 1
77 273 19
16 154 8
156 240 20
263 297 10
40 103 1
138 148 18
241 285 50
213 221 5
197 288 25
246 268 43
203 288 14
277 285 22
40 60 40
136 155 49
243 258 8
258 272 6
272 282 46
57 164 39
148 282 7
110 216 33
8 248 16
78 142 34
53 130 54
15 269 60
33 112 57
271 283 40
38 293 19
0 191 42
231 239 51
37 172 10
210 242 12
82 168 43
262 269 49
288 293 27
255 288 49
211 215 20
211 294 40
114 276 0
129 237 19
289 293 55
37 110 51
61 69 12
197 265 44
233 236 25
216 258 49
14 51 58
252 258 10
27 30 46
24 114 44
99 165 9
2 230 14
184 248 59
89 109 17
95 150 31
212 293 3
18 290 52
134 232 37
77 101 56
201 235 49
182 191 30
199 222 57
51 224 52
81 158 37
136 240 36
63 131 43
132 189 10
190 282 52
123 172 15
2 231 28
135 240 18
151 163 40
126 261 16
103 276 41
98 270 37
235 279 7
142 176 42
68 79 49
44 290 47
153 212 0
13 240 24
10 213 14
35 214 6
89 279 6
266 270 40
153 261 17
44 81 14
263 278 51
64 138 4
62 146 33
110 154 26
201 295 42
207 291 9
186 211 24
97 275 5
120 120 54
175 283 46
204 259 23
191 240 18
10 203 53
224 234 58
253 264 24
121 291 47
49 93 9
255 262 45
245 259 9
60 73 51
266 288 57
178 221 40
210 255 20
207 210 49
7 216 3
97 186 59
260 298 52
162 270 2
159 219 21
234 269 26
129 291 50
187 208 38
221 294 20
225 234 11
231 287 13
39 119 19
128 257 59
246 295 45
96 211 5
227 240 57
230 244 3
117 245 43
268 281 18
283 283 1
71 224 43
47 148 34
119 292 0
274 287 21
112 144 51
70 74 3
36 281 44
163 264 13
164 224 25
233 233 49
113 220 19
294 297 3
283 286 55
134 213 34
13 144 36
197 249 55
65 118 39
9 166 4
184 237 42
53 176 21
281 283 56
262 270 55
100 205 28
65 249 18
102 106 52
161 248 35
32 208 23
153 214 49
194 249 52
62 247 50
34 243 6
201 265 29
190 257 54
122 224 5
77 265 58
12 261 11
96 101 13
224 290 49
65 254 21
289 290 49
116 279 53
71 214 52
34 79 5
99 172 3
44 272 46
16 221 18
78 298 53
270 292 57
50 259 35
210 276 26
210 286 8
61 207 10
179 291 57
133 292 18
61 270 38
157 252 4
210 222 19
161 269 56
205 289 12
241 269 18
162 241 48
62 188 19
222 240 55
156 299 30
109 256 7
224 295 55
32 215 22
160 274 33
86 208 27
140 259 15
37 200 57
43 183 42
39 192 1
83 214 26
1 143 48
266 267 32
135 264 4
54 195 39
41 206 48
103 136 53
94 263 43
76 228 13
270 289 22
56 179 32
201 287 10
77 287 4
255 280 26
77 271 21
72 152 59
42 93 52
148 185 50
167 280 31
95 290 0
183 299 55
116 171 44
199 248 21
40 267 25
287 292 54
245 291 39
85 131 57
139 141 34
140 184 9
131 205 23
84 171 43
118 186 57
157 224 4
178 258 46
245 251 59
252 297 0
91 101 3
172 217 58
191 274 42
99 123 15
55 57 13
202 206 56
194 207 7
24 220 40
105 135 19
250 279 9
100 122 48
44 151 27
231 232 34
62 250 46
80 83 40
185 276 30
34 169 25
165 257 29
59 296 39
233 279 53
235 299 16
114 281 32
200 224 24
149 268 27
49 212 48
283 294 19
8 161 20
132 261 27
87 243 55
243 269 12
124 234 57
261 286 41
192 279 49
163 259 3
56 241 55
203 220 59
209 252 8
227 272 21
163 195 34
103 127 39
31 156 15
73 232 41
236 283 10
19 103 28
96 212 10
138 150 22
252 254 51
118 223 10
262 262 17
277 287 60
237 275 41
40 187 46
169 260 28
275 293 30
182 235 21
95 126 42
242 280 36
9 104 34
68 248 46
162 229 56
103 139 0
136 268 13
45 47 29
291 291 23
272 286 30
144 294 59
130 167 7
266 285 22
171 266 19
247 272 8
188 215 11
177 290 19
148 175 23
177 289 49
139 140 49
247 267 29
7 57 56
232 250 37
232 242 29
250 298 13
235 257 5
105 220 25
157 168 42
249 278 30
277 281 0
63 135 56
18 254 46
104 205 32
56 187 34
58 293 31
269 298 28
196 259 60
249 286 49
80 268 29
76 246 27
170 188 46
61 152 26
98 201 59
151 200 16
213 285 58
17 202 35
102 278 16
137 256 43
161 258 8
122 211 48
49 232 41
23 144 38
130 299 26
225 259 42
84 180 24
115 212 50
151 183 37
1 138 12
18 204 59
174 208 59
205 298 44
40 71 35
1 170 28
114 299 13
126 169 49
68 112 37
262 285 35
242 242 18
230 252 32
189 293 51
255 285 49
297 298 40
269 287 20
164 258 28
152 176 26
149 196 25
218 289 17
255 277 0
217 223 41
120 181 46
128 156 42
292 299 47
142 167 31
122 164 54
213 241 49
225 296 6
234 259 45
154 176 44
171 204 5
72 271 46
28 85 35
255 287 43
76 253 55
173 275 19
135 287 50
117 293 16
170 290 15
95 217 27
69 204 34
253 265 59
74 122 10
289 297 37
6 295 25
38 222 56
76 98 26
34 190 31
228 273 35
267 285 17
135 219 13
178 223 43
75 296 35
187 252 10
272 288 3
288 291 51
19 296 52
268 290 0
46 226 44
247 262 47
155 245 40
9 156 54
279 289 26
278 281 10
132 283 10
253 277 38
289 296 1
174 261 45
108 155 31
107 273 37
75 182 44
106 193 57
189 199 27
209 263 45
235 282 5
50 197 5
18 219 49
9 241 57
164 278 60
172 173 52
158 168 13
186 281 22
289 289 60
69 73 12
150 239 21
202 218 51
104 127 43
11 86 21
100 234 51
261 294 17
116 237 39
263 274 53
177 214 20
283 287 31
119 238 11
144 157 12
35 167 13
283 285 5
166 224 57
210 285 4
199 209 44
28 165 21
140 204 20
275 289 44
11 44 12
193 199 4
296 299 38
16 299 51
34 147 9
37 174 55
222 239 9
211 282 9
288 294 19
181 256 0
69 262 37
232 279 46
260 296 40
93 105 3
61 61 40
166 196 10
160 261 5
192 225 54
111 258 51
35 225 36
85 276 42
29 34 44
39 122 55
53 226 57
244 263 30
145 269 23
82 222 27
52 109 53
105 294 19
58 170 20
60 189 13
169 244 50
108 295 11
132 229 19
145 292 37
76 281 54
74 159 55
225 269 38
295 299 32
82 211 55
113 286 5
201 258 60
76 193 4
154 166 51
231 233 6
276 277 2
245 252 25
156 226 54
292 294 43
104 268 6
44 232 44
111 227 22
231 240 52
114 247 10
23 87 41
139 232 27
250 251 32
224 237 20
3 244 48
211 269 59
125 180 19
24 190 6
151 232 15
211 264 32
150 256 42
256 258 35
286 294 10
130 137 22
296 297 38
206 256 27
272 274 10
52 79 1
232 294 30
124 212 40
134 224 36
269 273 42
9 141 53
7 9 33
181 216 28
154 276 19
192 205 50
191 249 2
144 267 12
209 214 33
236 259 4
90 120 23
53 238 14
263 265 4
101 199 2
12 63 58
65 268 8
75 231 7
270 293 39
195 240 44
46 144 17
252 273 44
116 277 44
279 280 7
254 299 27
112 135 20
286 291 32
230 256 2
175 196 50
160 175 35
36 94 19
