280 1400
112
111
182
147
175
184
177
170
111
112
136
136
163
117
107
176
140
122
152
196
161
169
112
126
162
107
177
178
115
109
168
168
143
187
139
147
123
106
195
144
138
165
185
194
133
112
106
111
164
172
150
172
163
156
192
142
110
175
140
131
108
183
163
159
185
153
113
148
169
129
151
135
134
131
135
110
102
182
101
200
170
145
196
177
100
129
162
181
177
123
130
174
117
179
108
155
175
183
178
166
162
115
199
164
199
176
181
162
124
136
166
138
170
130
110
184
171
127
140
196
170
190
112
110
126
116
144
121
132
127
137
171
176
117
144
188
117
165
107
127
129
130
174
128
116
109
150
153
170
167
105
199
116
115
182
165
159
124
129
198
137
180
100
175
157
119
131
113
145
181
158
193
157
125
125
105
120
160
103
191
154
165
160
135
105
162
162
183
117
133
150
187
178
129
151
170
125
121
107
163
150
198
133
145
168
185
180
187
198
182
132
121
165
119
112
178
171
110
164
173
199
100
117
128
177
140
128
192
107
112
125
181
157
182
183
100
149
109
169
200
170
145
126
119
197
159
105
137
156
200
199
151
123
118
130
198
164
103
152
114
131
163
145
146
146
168
113
133
150
190
100
136
106
188
195
132
163
164
185
175
0 1 4
1 2 28
2 3 16
1 4 4
2 5 56
4 6 3
3 7 56
5 8 39
2 9 53
2 10 32
6 11 3
8 12 33
11 13 1
7 14 18
9 15 17
12 16 60
11 17 3
10 18 41
17 19 26
10 20 36
3 21 1
12 22 31
8 23 39
19 24 35
3 25 36
8 26 42
20 27 0
0 28 23
4 29 31
20 30 8
30 31 23
7 32 60
17 33 22
32 34 8
16 35 15
2 36 3
10 37 58
22 38 44
26 39 38
10 40 35
38 41 23
6 42 3
2 43 51
39 44 31
41 45 57
24 46 24
37 47 5
10 48 58
12 49 10
47 50 27
1 51 43
0 52 48
31 53 53
45 54 15
39 55 3
16 56 28
56 57 14
40 58 30
41 59 51
48 60 33
42 61 28
43 62 3
12 63 26
42 64 35
0 65 21
28 66 18
0 67 35
37 68 12
15 69 26
47 70 45
10 71 44
38 72 55
2 73 49
72 74 53
6 75 49
24 76 17
60 77 46
2 78 37
68 79 36
0 80 18
61 81 37
43 82 40
53 83 54
59 84 52
13 85 27
19 86 34
26 87 9
66 88 55
18 89 15
42 90 21
19 91 48
84 92 14
2 93 27
40 94 44
57 95 52
24 96 41
50 97 44
49 98 46
38 99 60
96 100 5
8 101 3
70 102 26
4 103 58
38 104 16
81 105 52
50 106 60
15 107 43
30 108 42
37 109 23
88 110 43
105 111 5
105 112 2
74 113 53
80 114 35
63 115 49
96 116 47
84 117 3
105 118 2
11 119 4
109 120 54
111 121 51
107 122 33
45 123 44
57 124 41
93 125 46
24 126 38
33 127 38
29 128 6
85 129 59
85 130 25
13 131 4
25 132 10
16 133 40
0 134 6
34 135 52
119 136 9
5 137 46
16 138 43
44 139 59
108 140 26
134 141 58
135 142 23
58 143 57
68 144 45
137 145 32
34 146 42
27 147 51
122 148 23
64 149 19
87 150 53
21 151 25
52 152 46
137 153 37
21 154 37
109 155 7
108 156 29
7 157 37
4 158 42
119 159 35
57 160 1
29 161 56
117 162 42
92 163 23
38 164 56
38 165 50
133 166 4
9 167 60
110 168 31
159 169 14
43 170 46
75 171 43
29 172 1
1 173 59
30 174 5
160 175 52
129 176 49
12 177 1
149 178 57
11 179 56
166 180 13
156 181 44
48 182 44
71 183 57
67 184 28
164 185 48
5 186 40
36 187 33
77 188 45
126 189 53
4 190 60
113 191 6
129 192 48
37 193 50
100 194 53
167 195 49
121 196 42
3 197 4
10 198 27
36 199 57
160 200 36
70 201 24
78 202 38
185 203 38
23 204 21
116 205 29
18 206 37
199 207 44
86 208 53
44 209 11
3 210 48
166 211 17
124 212 20
200 213 41
164 214 35
111 215 52
82 216 30
85 217 4
131 218 33
37 219 57
102 220 60
70 221 15
197 222 53
220 223 51
188 224 9
24 225 12
206 226 41
63 227 1
115 228 7
83 229 57
139 230 3
119 231 22
144 232 49
168 233 47
136 234 4
160 235 44
49 236 55
101 237 19
217 238 51
69 239 56
13 240 23
23 241 49
127 242 29
173 243 50
145 244 51
49 245 37
63 246 41
184 247 54
110 248 33
123 249 0
98 250 45
38 251 1
19 252 41
33 253 18
173 254 24
84 255 23
196 256 36
127 257 49
212 258 14
202 259 25
249 260 60
42 261 38
139 262 21
58 263 12
109 264 35
97 265 21
124 266 60
81 267 57
90 268 26
179 269 48
28 270 30
86 271 24
211 272 10
38 273 39
50 274 49
92 275 32
118 276 53
146 277 15
147 278 0
25 279 53
131 147 40
182 200 59
217 235 23
235 267 27
21 79 43
139 279 10
192 204 33
199 270 57
65 232 54
97 258 35
93 229 51
88 275 1
115 214 57
35 238 36
193 269 44
278 279 47
60 165 9
154 193 6
48 53 42
107 191 31
104 165 6
189 237 5
82 82 9
73 261 49
9 183 20
3 233 22
259 274 53
62 146 51
34 145 24
123 219 30
47 247 9
229 266 32
89 279 60
180 194 60
276 277 35
32 261 49
207 212 26
58 138 42
225 233 19
45 171 43
60 265 32
23 203 34
152 204 55
65 153 34
247 261 3
52 274 33
166 207 37
184 187 26
253 259 23
170 176 3
187 227 29
84 276 2
111 222 1
81 217 31
181 252 23
85 168 7
152 174 45
173 188 51
195 199 51
148 184 15
55 181 7
192 235 51
33 180 13
19 142 10
218 235 34
86 220 38
186 195 55
139 233 52
6 235 19
238 267 20
121 175 56
29 170 17
52 246 57
95 158 25
162 270 17
122 242 10
123 211 44
244 277 33
265 277 22
111 209 2
256 273 21
248 277 21
19 188 17
146 160 47
84 198 42
70 136 34
258 262 30
69 245 58
92 251 44
186 247 33
260 279 33
155 181 53
250 264 38
10 165 53
277 277 33
43 125 11
46 161 50
196 275 29
247 250 25
40 271 33
133 169 40
120 130 39
187 279 11
214 248 55
85 255 35
7 229 60
203 225 32
99 117 33
63 121 10
0 79 29
96 214 45
50 201 19
258 265 7
262 271 22
188 236 7
207 231 49
41 162 27
72 201 60
156 240 10
210 238 44
53 261 59
239 258 21
276 278 25
203 227 58
255 274 23
179 231 9
203 274 9
11 45 39
126 250 22
112 207 12
61 234 3
190 190 10
82 140 54
191 238 27
110 224 47
222 224 39
210 230 40
127 264 18
125 248 32
124 181 8
206 267 55
183 232 49
259 266 22
5 29 30
4 195 42
255 272 43
139 203 28
56 140 29
164 200 8
19 54 49
52 191 54
228 253 5
154 164 33
100 119 26
243 275 45
144 218 13
98 209 28
133 231 10
160 253 7
276 276 53
258 277 53
22 52 19
77 152 57
277 279 34
166 203 26
21 155 27
243 259 11
123 270 52
7 133 4
103 111 60
156 189 18
22 194 17
241 245 26
127 141 22
15 225 32
212 213 13
92 202 42
261 263 16
125 135 55
155 217 52
265 271 51
181 205 20
211 213 59
260 277 9
45 191 26
269 278 52
82 125 22
112 245 50
267 278 29
182 263 16
126 132 41
127 197 35
2 157 41
121 156 34
208 268 36
91 231 29
273 276 24
170 220 31
229 231 36
88 89 40
22 218 31
79 93 60
181 199 27
176 266 19
69 75 13
234 240 11
4 64 53
228 275 0
3 259 38
42 83 52
23 125 31
42 75 48
192 205 14
203 204 50
106 174 46
227 240 59
137 214 27
224 270 40
203 271 19
187 226 1
99 135 42
92 262 59
215 216 2
189 232 8
158 242 22
248 268 18
11 63 57
212 242 47
29 223 25
157 161 40
143 237 47
176 202 49
198 271 34
26 42 41
198 273 9
246 263 41
11 224 44
203 251 16
132 187 6
158 237 45
173 223 40
155 209 35
113 152 16
223 272 56
264 268 52
134 174 12
247 266 59
43 130 13
233 270 50
119 146 56
35 154 25
137 207 52
249 275 59
220 228 33
239 261 7
91 182 13
177 181 29
192 198 50
107 220 5
202 215 49
111 176 4
160 204 28
209 215 26
99 279 20
227 239 4
114 267 45
229 253 24
88 246 53
250 258 6
234 279 59
121 248 25
210 253 29
272 279 32
198 236 13
10 144 10
110 218 1
171 236 30
28 263 38
241 262 14
59 87 51
182 212 57
26 81 6
40 226 11
55 144 16
201 254 38
239 241 23
159 170 35
70 207 59
246 250 0
112 242 3
13 224 13
0 206 56
150 268 27
8 130 9
76 172 41
202 217 6
208 247 29
208 278 36
24 167 38
37 53 9
238 243 35
166 179 46
159 239 50
112 137 21
240 261 47
140 213 7
249 265 39
95 242 1
224 245 36
247 276 0
106 201 59
248 265 29
13 102 2
109 204 25
132 180 38
173 231 18
117 247 16
144 157 3
141 142 38
65 151 15
29 214 16
114 137 24
32 170 48
159 219 25
208 275 25
159 256 11
43 188 40
137 247 51
131 196 26
274 279 0
80 237 47
139 155 16
183 243 32
106 277 7
55 272 60
177 180 19
35 214 60
44 269 45
57 133 4
18 166 0
219 234 52
125 183 15
2 170 49
210 217 17
155 259 3
227 272 28
101 198 49
173 225 3
148 156 56
198 263 26
11 49 11
87 161 2
211 222 18
239 266 16
21 123 59
152 255 58
22 129 2
33 224 6
100 147 60
138 218 58
260 263 0
6 85 27
206 272 16
179 219 25
108 174 19
274 276 12
247 263 30
253 269 36
240 267 10
169 210 44
187 191 24
120 257 6
54 72 28
260 270 56
196 248 34
28 142 23
207 220 27
7 81 15
146 156 30
82 226 33
6 243 44
188 190 37
54 261 51
222 233 25
222 253 20
115 182 49
204 277 21
223 271 14
161 204 4
146 204 7
225 234 25
82 224 52
29 198 34
252 274 0
92 149 20
13 80 35
236 279 2
206 254 27
56 270 11
199 238 54
179 258 37
259 262 24
22 47 41
42 46 26
263 269 48
129 252 56
239 270 6
82 149 30
245 273 52
188 256 48
157 278 40
157 220 0
161 259 24
158 243 40
181 227 58
231 245 50
124 206 43
267 279 11
213 254 57
13 103 41
176 182 55
224 239 19
226 274 4
43 85 54
183 251 13
217 250 36
145 166 27
231 241 23
102 252 25
161 193 49
108 118 34
191 221 22
265 273 28
6 16 22
132 159 37
62 166 14
174 249 41
148 167 16
182 274 16
64 123 46
46 258 43
187 228 49
190 273 55
41 211 7
65 195 0
260 273 23
260 260 36
64 261 40
65 150 51
121 227 23
148 205 59
160 163 31
108 189 0
213 275 12
229 271 49
176 211 58
225 275 19
64 253 44
230 273 3
92 258 22
61 236 51
165 269 31
146 197 40
212 237 60
32 96 49
174 214 39
59 76 18
118 131 28
32 110 23
55 153 48
48 72 48
75 175 26
245 249 16
58 267 1
101 173 60
199 211 47
43 107 45
189 206 41
61 211 53
208 214 10
48 117 18
134 255 50
130 154 34
31 77 6
25 236 38
29 121 22
213 233 24
146 185 35
223 256 1
61 176 29
169 177 43
147 176 33
40 260 42
34 38 33
247 273 19
44 155 46
195 200 16
88 153 47
195 211 46
204 262 20
50 199 6
200 249 60
25 171 37
135 174 49
167 190 8
32 116 57
73 121 31
181 260 28
245 279 13
82 115 16
230 237 51
144 253 12
78 113 42
47 248 16
106 279 6
103 220 1
83 85 4
202 216 19
109 207 44
214 227 21
65 259 34
68 98 20
108 252 0
136 214 9
22 108 35
154 203 40
239 264 27
100 226 33
209 278 21
216 264 16
250 262 39
65 268 29
62 226 34
92 92 38
73 238 46
188 245 1
61 106 58
220 227 7
115 151 9
170 201 42
13 253 52
240 264 21
129 131 22
127 175 51
125 211 17
238 239 15
188 219 0
213 235 4
87 164 10
257 279 47
139 226 56
263 266 55
163 237 1
157 213 24
257 257 58
226 248 50
120 167 9
216 262 20
135 183 30
261 266 54
245 268 35
193 276 18
246 276 46
24 64 39
133 136 43
128 181 46
64 104 4
228 271 0
183 260 41
28 165 42
44 48 7
60 122 56
241 253 28
221 250 40
207 245 40
193 237 0
136 206 3
169 273 59
245 252 3
245 261 60
238 265 45
96 183 56
51 193 49
212 268 14
9 158 21
9 44 24
72 269 28
249 274 31
7 186 30
15 88 18
201 247 31
138 188 40
206 261 41
46 199 47
128 151 12
69 154 40
47 270 57
190 233 57
257 278 47
94 215 58
32 142 26
149 200 44
58 273 7
6 144 31
229 255 26
275 275 19
172 195 21
40 106 20
36 125 40
38 125 12
178 262 34
30 131 1
69 207 13
42 119 19
65 127 41
78 277 37
272 272 59
174 213 46
135 262 3
104 193 47
105 225 51
117 227 16
66 219 24
269 275 25
128 266 24
244 273 52
27 279 27
234 271 32
191 229 40
39 258 11
108 160 26
14 49 5
201 258 15
273 279 51
41 125 14
271 276 8
186 272 22
87 174 54
235 235 45
192 269 17
0 276 0
23 236 19
210 220 50
186 260 42
232 272 13
136 216 41
23 104 32
19 166 6
270 271 44
147 181 52
124 172 52
66 86 29
88 105 37
94 227 10
55 229 13
249 267 19
29 265 48
134 279 48
168 212 40
47 92 32
98 128 5
275 278 54
83 128 17
10 169 1
119 201 60
61 223 34
276 279 37
67 263 24
151 216 54
256 256 57
237 277 22
79 175 43
61 240 14
235 247 10
153 189 38
143 236 31
66 116 32
100 146 56
128 205 37
266 279 33
110 235 14
66 226 16
73 191 26
204 235 32
87 173 21
145 154 31
48 217 6
156 219 29
15 157 39
239 251 6
30 144 45
177 200 41
50 165 25
175 245 16
132 266 60
62 101 22
92 241 32
237 269 45
196 207 23
252 255 55
217 278 9
242 264 48
224 230 57
14 93 31
210 237 17
175 200 57
110 234 6
133 145 22
89 121 59
136 244 10
151 247 42
68 171 9
174 248 32
228 240 57
25 273 10
91 150 53
43 276 15
173 216 28
226 230 37
23 42 18
154 183 31
83 197 16
142 223 15
167 267 41
238 256 58
122 177 30
77 159 0
194 253 24
160 260 27
109 208 3
55 170 38
224 250 16
98 254 4
81 145 50
176 220 57
274 277 27
98 107 28
148 277 52
155 161 1
252 270 17
176 197 58
239 244 28
229 256 6
87 135 11
131 262 46
227 256 55
182 218 30
256 274 40
62 237 12
270 279 39
224 237 27
271 279 57
56 209 38
177 248 50
170 203 30
198 233 25
78 274 39
12 35 29
125 180 56
136 205 29
220 249 54
15 181 36
21 187 19
249 263 59
41 267 6
97 249 16
59 257 36
33 94 29
176 222 9
82 146 41
233 273 60
233 254 46
18 160 6
147 185 52
268 277 15
121 186 42
156 222 43
264 270 59
220 235 25
63 220 39
161 218 4
47 198 13
256 264 50
226 229 45
123 209 0
90 200 43
1 75 23
100 203 15
42 193 22
275 277 43
129 222 47
6 273 54
200 271 17
153 247 57
107 170 12
53 271 34
60 113 40
85 234 1
230 264 29
223 277 55
200 270 6
143 166 4
184 270 20
278 278 42
9 68 45
197 233 45
145 192 58
267 268 43
222 257 7
90 140 40
165 236 32
44 53 52
150 261 5
106 162 35
202 246 42
215 233 19
242 249 9
134 149 48
207 230 58
40 264 45
1 147 7
39 43 20
177 239 37
25 195 15
126 274 12
144 226 17
119 274 0
245 248 22
158 236 45
235 246 54
187 221 3
244 270 4
209 239 8
4 262 34
162 203 32
66 251 1
192 246 6
166 257 17
131 245 27
97 211 60
50 219 9
84 197 16
61 274 18
45 73 55
204 214 44
59 231 37
199 239 26
265 274 50
55 130 6
127 221 35
127 279 18
29 123 42
133 241 15
257 276 37
76 161 24
24 146 12
109 174 9
61 114 43
102 116 25
135 274 1
140 183 43
11 264 30
156 233 0
104 136 0
65 257 47
206 260 14
92 271 28
96 270 19
6 149 18
27 68 54
123 245 7
141 237 16
72 213 35
130 277 48
204 270 21
118 161 28
219 219 17
232 258 22
97 206 15
252 257 0
60 253 37
16 100 24
150 182 29
191 269 29
192 271 53
66 243 11
12 201 49
62 267 26
125 126 49
196 250 46
264 278 55
191 227 42
192 224 24
90 154 48
9 170 14
261 268 3
24 208 59
130 241 47
32 54 22
202 249 29
104 204 18
183 226 17
143 221 40
121 212 12
81 253 33
203 244 31
49 217 60
182 247 25
166 241 8
202 210 54
267 274 25
165 188 21
176 268 52
246 254 25
229 275 1
199 228 16
34 277 59
31 86 28
98 117 45
111 114 5
100 113 58
54 110 57
88 227 28
41 203 37
272 278 6
203 278 14
178 270 33
244 246 2
174 185 47
71 244 25
139 186 9
230 272 44
130 254 26
60 242 31
25 252 44
92 224 47
175 243 21
77 192 48
81 150 32
196 264 10
105 150 19
82 157 33
265 276 8
272 273 45
213 218 39
238 268 5
219 264 47
63 79 12
63 141 41
262 275 22
199 234 1
180 214 28
220 275 51
202 242 55
163 269 40
252 256 13
79 119 34
199 215 51
46 210 44
146 157 33
192 247 51
38 73 20
166 204 48
20 53 38
30 125 14
266 272 4
45 226 8
100 254 40
202 223 31
57 67 29
217 236 3
64 120 11
39 197 60
226 228 12
171 217 18
115 129 40
37 127 42
85 256 22
117 155 15
223 259 28
192 244 7
32 215 13
161 234 59
68 182 22
5 235 19
205 237 50
138 238 3
19 107 45
168 279 4
45 221 49
187 241 23
20 159 1
98 155 10
236 253 35
15 98 15
61 195 22
16 273 38
8 276 37
245 259 43
54 245 30
216 263 34
14 200 1
133 212 18
179 207 41
141 177 20
15 23 20
181 221 58
139 192 23
170 266 47
214 215 60
51 195 56
209 275 34
259 264 12
172 222 46
221 265 52
126 241 52
35 84 30
244 261 5
262 272 32
111 158 4
113 176 38
212 277 19
262 269 59
153 201 33
71 129 35
119 128 44
97 250 23
88 109 22
36 271 41
168 268 10
117 231 57
134 203 22
121 189 54
186 263 34
159 242 0
62 67 42
113 122 56
65 124 30
14 228 30
201 231 0
109 150 59
256 260 23
161 225 5
125 272 7
173 242 27
175 215 53
257 259 22
232 250 10
38 84 25
110 243 35
267 275 24
67 139 60
198 202 50
133 237 15
173 228 43
171 195 22
233 279 3
70 195 56
52 144 56
184 236 45
101 130 36
255 279 39
125 143 10
189 245 5
9 180 59
256 263 31
44 96 59
143 209 37
217 262 49
250 261 52
68 263 2
222 264 3
79 201 4
247 265 44
12 179 35
220 232 36
93 228 21
180 257 18
236 276 53
95 207 2
241 264 37
11 180 44
95 185 46
216 259 32
215 226 44
146 219 59
205 259 31
90 180 6
8 79 12
147 226 34
14 214 15
142 274 48
181 274 57
254 277 55
18 138 29
60 210 37
77 241 6
252 254 3
238 247 22
82 263 26
210 231 56
204 264 52
119 187 48
161 162 27
264 265 45
186 211 44
243 255 21
94 243 32
1 123 41
107 248 33
192 209 15
105 258 46
254 272 23
197 216 7
142 256 13
75 150 54
110 195 25
103 177 32
23 158 15
80 200 1
99 174 48
