60 180
162
180
129
197
114
109
173
139
195
172
100
140
173
198
167
108
122
178
157
147
145
163
157
148
164
162
106
146
154
178
105
144
108
148
110
130
193
125
104
189
103
165
114
194
183
135
185
141
109
174
150
195
111
166
130
106
124
144
151
197
0 1 52
0 2 53
1 3 38
2 4 24
0 5 9
4 6 31
1 7 57
2 8 20
0 9 56
1 10 32
6 11 0
4 12 48
6 13 27
11 14 40
13 15 19
3 16 60
13 17 13
10 18 23
4 19 5
10 20 24
14 21 41
11 22 42
16 23 27
1 24 11
2 25 4
25 26 46
19 27 44
12 28 45
13 29 26
13 30 55
19 31 39
6 32 55
26 33 48
10 34 21
6 35 21
21 36 54
1 37 33
34 38 12
37 39 22
35 40 35
3 41 48
3 42 0
35 43 25
31 44 11
11 45 40
19 46 41
9 47 27
46 48 24
41 49 42
4 50 18
24 51 4
36 52 31
22 53 7
26 54 31
17 55 34
11 56 12
6 57 25
39 58 18
16 59 33
45 53 49
18 23 7
10 22 20
36 45 55
5 15 0
20 46 39
28 31 50
51 57 48
31 55 58
19 36 6
4 34 44
40 42 2
30 49 30
44 53 25
31 31 25
2 37 1
11 21 18
57 58 56
3 38 59
30 55 25
33 55 28
42 46 3
54 59 20
49 52 46
50 58 6
20 27 41
25 41 45
56 58 2
43 45 60
29 57 54
51 55 18
56 56 6
14 14 27
35 56 6
39 45 44
17 17 49
46 46 37
42 43 17
46 57 8
15 37 57
19 33 19
56 57 20
58 59 12
31 37 3
35 52 19
30 44 56
8 19 6
9 48 29
43 55 36
47 55 1
22 44 56
40 53 32
53 59 16
33 49 37
35 49 5
44 45 7
20 57 42
50 54 24
6 7 34
16 56 35
42 47 30
34 43 48
33 47 52
13 25 54
11 51 37
2 35 53
58 58 17
1 57 11
25 38 17
28 49 60
0 11 7
55 59 10
48 51 15
53 53 55
30 54 49
42 44 40
18 27 9
25 33 4
53 55 31
52 59 44
53 58 60
7 49 47
14 35 53
36 57 7
14 23 2
37 59 28
41 56 16
9 20 60
46 56 52
41 44 30
35 38 60
12 16 41
39 46 34
54 54 21
19 32 40
4 46 6
41 46 3
15 55 20
11 20 11
14 52 1
52 57 39
19 39 26
55 55 44
23 39 53
57 59 10
9 50 19
37 47 24
42 45 28
6 12 38
8 18 53
38 47 6
3 17 50
4 32 59
38 53 15
19 19 34
47 53 40
40 54 21
31 33 10
53 54 13
48 48 13
38 38 36
