280 1400
112
102
151
101
158
192
103
118
169
194
161
174
125
101
164
134
125
108
101
107
155
183
194
114
101
145
189
167
155
171
166
133
167
152
177
162
133
158
111
124
144
168
157
145
154
122
181
123
175
200
168
106
191
148
171
135
134
200
118
137
132
194
141
154
112
176
125
107
185
169
180
105
170
182
127
172
144
175
112
139
183
135
143
184
146
156
172
106
185
138
109
131
183
149
117
124
151
142
185
180
105
181
175
168
163
182
153
160
143
165
139
104
179
116
114
190
164
163
191
151
166
157
148
181
150
102
173
180
165
115
124
129
132
180
116
129
140
162
114
122
180
136
150
142
119
134
179
167
162
166
192
176
154
163
191
150
163
115
177
176
167
183
149
134
138
157
107
131
163
147
162
113
142
187
151
137
140
126
188
100
194
131
180
184
195
162
132
178
145
140
159
183
111
102
119
162
133
162
129
178
133
178
147
165
177
176
196
176
186
171
169
118
131
168
136
160
129
135
198
105
189
200
193
111
178
112
105
174
130
101
187
172
139
161
178
150
109
183
179
159
200
178
137
186
170
103
130
114
186
128
100
108
149
112
137
149
126
158
147
158
155
184
129
170
198
193
124
148
151
106
100
105
128
128
142
123
197
194
156
155
0 1 43
1 2 53
2 3 1
2 4 52
3 5 36
5 6 31
4 7 47
7 8 40
3 9 17
5 10 56
4 11 11
9 12 9
10 13 36
4 14 41
14 15 31
3 16 4
4 17 12
5 18 45
8 19 40
15 20 51
9 21 15
10 22 11
19 23 9
9 24 40
23 25 18
5 26 8
26 27 27
21 28 31
23 29 54
23 30 41
30 31 59
22 32 5
22 33 14
12 34 17
18 35 25
32 36 41
23 37 53
18 38 4
6 39 11
24 40 47
9 41 57
28 42 52
9 43 24
4 44 19
40 45 44
7 46 20
20 47 19
23 48 42
7 49 13
9 50 15
9 51 52
18 52 17
32 53 15
32 54 19
15 55 51
51 56 4
10 57 20
6 58 51
30 59 31
13 60 5
10 61 11
11 62 59
30 63 30
6 64 22
25 65 38
18 66 47
43 67 13
47 68 17
10 69 31
35 70 42
30 71 2
16 72 52
57 73 4
9 74 7
38 75 45
17 76 4
19 77 30
33 78 45
40 79 59
11 80 0
12 81 60
5 82 22
61 83 15
4 84 51
29 85 33
12 86 40
70 87 53
28 88 10
40 89 7
35 90 18
90 91 43
35 92 3
25 93 5
37 94 37
1 95 44
44 96 25
7 97 11
62 98 9
40 99 13
37 100 53
32 101 16
15 102 50
55 103 32
103 104 25
98 105 41
28 106 51
16 107 53
58 108 41
32 109 43
18 110 37
17 111 60
49 112 6
43 113 52
20 114 40
5 115 36
32 116 44
52 117 41
75 118 4
67 119 57
15 120 52
0 121 24
107 122 4
4 123 33
24 124 19
88 125 55
37 126 18
5 127 16
125 128 43
33 129 5
20 130 27
109 131 27
76 132 58
111 133 2
60 134 30
122 135 15
6 136 12
100 137 28
120 138 22
73 139 60
36 140 45
69 141 51
28 142 29
67 143 50
1 144 50
87 145 27
104 146 8
129 147 12
52 148 3
122 149 45
69 150 2
91 151 11
1 152 57
138 153 49
55 154 19
121 155 22
115 156 32
38 157 56
78 158 6
36 159 22
3 160 50
45 161 18
146 162 37
30 163 42
65 164 11
148 165 3
124 166 39
65 167 17
76 168 19
22 169 43
74 170 21
96 171 14
21 172 46
0 173 50
77 174 22
30 175 18
87 176 21
87 177 47
130 178 20
138 179 16
83 180 37
31 181 21
145 182 30
170 183 40
74 184 1
123 185 13
158 186 47
157 187 34
36 188 6
73 189 9
29 190 21
48 191 14
159 192 44
117 193 38
79 194 35
158 195 16
63 196 8
154 197 30
50 198 53
112 199 40
26 200 49
93 201 38
116 202 47
138 203 16
28 204 49
44 205 1
33 206 13
6 207 27
167 208 44
19 209 38
52 210 46
42 211 14
135 212 21
17 213 60
209 214 21
118 215 28
32 216 23
77 217 37
152 218 36
41 219 34
4 220 50
94 221 11
63 222 16
202 223 24
70 224 27
185 225 30
33 226 3
119 227 52
105 228 30
226 229 10
228 230 43
151 231 48
44 232 3
163 233 10
42 234 50
44 235 1
188 236 49
76 237 60
137 238 48
49 239 52
153 240 59
100 241 54
221 242 54
123 243 26
54 244 38
33 245 59
59 246 26
169 247 45
71 248 10
206 249 57
215 250 1
60 251 38
17 252 16
122 253 5
83 254 6
63 255 56
4 256 14
45 257 18
53 258 11
103 259 40
201 260 49
0 261 39
156 262 6
151 263 18
62 264 2
214 265 24
107 266 4
178 267 4
138 268 47
162 269 57
250 270 38
181 271 53
60 272 40
243 273 34
176 274 23
217 275 6
269 276 36
48 277 12
26 278 22
223 279 20
250 255 44
203 205 12
232 237 30
47 53 26
160 230 9
156 252 13
69 171 25
113 129 8
106 108 7
41 170 15
205 250 8
249 251 10
180 195 10
177 216 31
53 262 28
83 90 35
78 215 36
217 241 21
141 268 38
222 240 24
107 123 3
59 99 11
159 247 38
263 277 48
238 274 46
85 112 30
219 221 46
247 255 50
248 250 50
212 243 51
210 273 28
215 239 44
153 257 58
10 46 60
273 278 48
0 49 28
184 192 20
44 79 39
2 106 46
205 230 14
208 243 2
118 150 29
163 213 32
12 208 44
240 267 12
18 244 46
102 152 45
256 273 55
42 53 44
187 246 7
148 269 47
30 235 0
202 269 42
34 102 53
97 273 4
54 123 36
94 124 58
213 251 48
192 243 45
169 203 43
251 262 51
37 167 54
11 259 52
226 252 44
137 210 39
29 136 51
239 261 26
208 218 49
210 272 58
140 268 31
103 229 23
252 257 53
102 144 5
194 265 51
40 164 38
173 200 0
145 157 56
173 269 13
137 161 51
75 126 59
193 215 50
130 186 20
33 42 18
210 262 22
9 85 1
65 135 57
224 239 33
186 187 45
246 247 49
84 252 53
260 273 16
163 250 29
128 164 6
130 169 52
8 97 14
81 87 34
31 242 43
197 223 24
232 257 22
199 244 31
5 24 59
69 110 26
75 117 18
207 239 25
195 246 19
0 105 45
35 47 50
51 185 22
157 257 12
275 276 15
182 212 19
22 97 54
230 246 3
18 139 49
145 223 37
32 249 26
246 274 43
212 220 39
106 272 56
221 226 19
187 265 5
39 101 39
45 220 50
165 230 11
154 231 29
49 151 23
205 223 36
269 273 50
182 244 10
80 99 25
99 133 42
124 208 56
209 243 31
122 210 24
72 99 38
35 228 41
192 279 49
117 160 37
9 231 32
253 271 43
268 273 42
148 176 18
239 256 7
70 178 22
237 250 42
255 267 1
265 274 2
133 264 51
153 229 43
126 225 42
103 173 27
237 272 57
125 125 10
66 159 60
154 240 52
141 188 40
134 222 54
92 257 56
26 253 55
141 150 0
197 247 9
72 129 30
87 155 10
130 238 23
123 252 14
73 269 43
264 269 5
102 182 56
274 276 22
66 103 60
233 265 38
113 192 10
213 263 53
246 255 11
21 269 46
2 185 60
189 223 25
108 125 49
12 145 34
166 271 56
110 143 8
34 142 25
95 169 42
152 238 3
167 180 20
60 248 29
34 218 48
81 210 27
275 277 48
208 257 17
94 116 54
171 253 11
98 124 33
195 216 42
45 159 58
38 167 40
148 255 13
102 151 2
72 272 8
275 279 19
278 279 30
259 262 12
270 276 46
48 115 58
85 227 42
122 178 31
47 189 31
238 256 41
81 194 47
240 252 46
232 273 2
272 275 11
36 187 44
228 250 25
81 179 26
237 275 23
92 179 39
124 178 43
224 264 26
98 204 5
111 240 54
9 197 17
142 275 45
17 274 1
0 129 11
80 118 46
207 216 28
204 230 23
22 103 26
267 277 7
122 196 34
119 220 15
226 237 23
39 129 27
53 270 22
79 265 41
125 165 56
181 207 32
158 261 26
116 210 28
239 265 31
107 114 48
74 208 3
18 160 36
62 272 30
58 243 49
17 245 3
214 236 49
181 266 20
127 162 3
156 255 30
159 178 33
61 155 30
11 162 14
269 278 24
183 209 38
173 214 24
32 229 13
25 55 32
179 231 24
171 200 43
3 265 15
122 195 11
172 186 30
142 171 41
204 212 11
23 93 1
216 222 8
275 278 8
277 279 55
190 202 32
174 179 56
69 130 28
70 149 26
177 252 36
162 271 47
48 274 44
19 227 14
201 212 9
181 217 1
65 124 6
221 224 36
242 259 20
161 186 44
147 176 2
206 222 31
158 222 28
160 239 2
196 245 21
205 208 39
258 260 38
184 224 42
38 115 51
91 261 17
210 279 13
165 276 10
59 85 36
121 210 10
243 275 38
184 196 54
244 274 31
261 277 23
75 116 13
35 87 1
109 265 23
257 277 32
265 275 42
216 223 38
100 279 31
192 220 17
224 229 33
264 266 31
5 185 37
159 245 58
183 206 20
207 209 23
158 171 1
22 183 48
158 247 3
268 271 12
205 234 45
41 104 47
127 268 52
223 268 14
181 235 7
58 128 51
117 222 19
0 22 33
240 270 34
140 241 24
264 264 10
53 101 44
183 226 24
38 110 9
41 83 43
113 209 51
248 266 50
27 223 15
106 269 16
51 242 20
171 252 51
130 156 33
53 266 16
258 265 43
112 258 8
179 274 19
101 229 14
86 119 45
5 72 7
123 254 23
149 198 46
39 193 1
204 221 32
220 264 4
76 123 19
199 226 20
224 268 18
197 271 37
215 244 16
112 260 52
158 173 26
188 230 10
133 265 37
136 170 16
250 250 52
177 253 32
171 274 32
181 215 3
258 268 37
276 279 24
112 277 23
55 238 51
102 168 21
103 231 5
102 145 17
261 275 41
247 258 13
26 188 12
194 203 60
147 257 33
227 272 42
15 84 3
167 174 3
231 240 51
235 259 51
236 277 40
161 274 51
3 164 46
153 159 54
263 269 25
128 221 49
87 210 6
54 106 35
145 227 41
188 203 60
57 213 26
57 86 60
267 276 58
88 144 16
23 179 14
228 251 50
122 237 39
29 141 13
225 271 59
94 207 28
116 146 42
137 232 38
182 187 46
56 75 36
16 17 44
71 241 42
55 143 43
40 243 29
256 257 47
146 261 43
41 94 36
265 273 36
41 112 14
150 182 54
130 226 54
62 95 48
85 117 6
240 250 1
20 279 33
138 186 55
229 235 16
158 161 2
137 242 16
212 252 1
244 245 41
255 272 10
177 191 51
146 265 56
234 251 37
153 185 26
11 97 16
262 264 27
213 264 51
250 251 40
223 253 46
218 269 35
65 255 21
167 275 50
172 179 40
269 271 30
159 215 30
133 210 35
251 263 35
83 245 50
227 256 42
70 127 31
175 236 32
34 211 20
258 269 13
92 273 16
237 246 16
251 278 49
69 101 15
137 160 24
55 114 31
102 148 1
235 249 51
123 126 2
84 128 0
267 271 49
26 194 24
25 50 24
207 273 22
204 257 31
38 166 39
226 230 51
10 105 41
197 242 0
37 80 25
46 244 48
91 246 26
154 221 0
274 277 28
244 265 8
214 235 32
166 233 22
109 240 55
170 223 13
161 213 15
70 245 49
39 267 7
50 203 55
8 182 36
181 253 60
252 259 25
50 96 1
186 263 2
147 214 9
274 274 8
244 277 33
225 261 57
128 157 54
67 202 31
218 271 0
94 140 2
154 239 16
66 144 4
133 242 55
214 263 7
213 240 37
119 167 51
227 268 13
8 274 12
57 176 10
251 274 21
178 237 43
163 198 21
32 274 56
33 134 53
62 199 40
186 216 19
206 227 54
85 90 48
77 226 57
209 211 40
248 276 9
248 263 47
245 277 33
18 107 51
177 207 6
251 253 35
191 203 58
171 246 23
273 275 5
32 205 0
269 277 22
192 246 46
96 102 58
162 258 58
87 89 11
252 275 38
257 265 1
221 229 50
188 250 18
215 231 54
24 69 39
212 260 57
91 113 3
71 195 55
73 160 12
40 197 0
153 248 32
29 153 26
39 174 32
46 97 7
58 123 3
52 132 0
274 275 23
57 204 47
81 247 34
70 73 8
196 255 35
129 158 27
226 235 23
66 72 56
189 246 18
35 131 3
107 155 15
29 37 19
50 50 32
94 153 56
77 127 47
24 252 57
96 199 2
160 256 39
210 249 16
265 272 34
183 197 13
100 127 50
164 243 52
170 263 12
10 238 16
38 188 7
57 158 16
102 111 53
104 161 0
34 55 11
257 257 54
271 274 39
203 231 58
209 271 2
145 236 35
152 272 19
258 274 10
163 167 32
247 261 36
82 214 52
192 266 50
16 88 24
230 277 36
169 272 17
93 115 45
171 234 52
233 237 0
209 225 43
37 124 44
193 239 24
5 120 22
108 253 26
121 229 1
86 236 55
61 212 8
245 247 50
92 147 50
71 189 32
10 103 21
122 171 7
186 197 7
92 120 37
1 241 19
168 217 60
234 259 22
121 261 3
43 220 12
166 234 37
6 236 4
256 276 15
277 278 14
139 227 1
37 41 33
224 243 27
260 279 9
139 279 40
207 249 20
141 198 47
171 209 25
42 169 52
166 278 3
95 163 3
19 81 29
205 270 43
151 193 10
179 276 51
8 178 52
255 270 59
6 147 6
123 198 12
182 213 20
204 247 25
178 240 30
20 229 33
38 231 30
244 275 23
201 248 33
266 275 38
136 242 31
12 213 17
31 44 11
86 190 4
88 90 22
24 266 35
118 170 34
31 130 59
195 248 4
68 141 58
6 59 24
29 172 44
257 268 21
18 29 8
175 246 34
180 221 30
130 227 56
43 260 1
49 184 43
39 126 3
128 210 43
55 260 32
204 228 48
243 268 35
6 213 47
88 243 27
110 160 19
166 236 23
185 259 43
103 184 18
121 225 24
194 279 52
98 274 57
266 270 37
77 119 4
33 67 15
198 219 2
152 262 45
210 239 35
181 240 2
61 138 21
147 171 58
230 252 33
90 226 35
47 226 21
148 261 35
53 76 52
35 175 48
267 279 58
63 130 58
37 57 49
6 239 3
15 240 58
197 253 5
225 267 34
276 278 27
151 176 46
19 71 37
154 217 22
48 193 36
177 186 58
113 124 9
26 181 12
87 250 19
51 51 22
221 247 28
52 238 3
123 151 5
142 183 5
81 117 25
224 237 54
83 104 19
164 260 37
156 196 21
266 267 25
233 262 16
5 98 48
143 201 24
130 202 47
164 174 56
103 155 29
187 203 35
196 203 36
270 270 0
16 54 46
272 276 25
216 220 15
179 249 30
32 123 31
15 90 34
130 134 0
138 241 48
108 240 60
56 264 25
120 126 8
265 265 7
254 258 41
48 101 28
113 119 43
93 223 4
197 228 37
80 269 59
273 274 48
181 255 55
141 247 33
255 257 53
241 251 18
3 82 47
44 184 34
81 234 24
5 259 60
134 252 37
32 114 28
162 184 5
128 199 31
42 108 43
257 263 2
220 224 27
35 48 46
60 138 2
192 273 18
85 145 27
224 251 4
98 150 26
101 108 57
6 78 37
64 146 24
173 209 2
208 253 0
115 185 54
202 247 6
272 279 37
106 181 19
229 269 9
29 148 8
273 277 39
1 162 2
78 210 11
200 202 24
272 273 46
109 152 31
96 128 19
48 138 8
98 165 39
7 115 50
119 170 27
172 209 29
30 97 38
154 236 15
85 128 53
92 277 60
156 240 12
86 166 45
176 180 14
241 254 25
186 209 10
126 218 32
259 279 46
223 235 6
243 245 48
212 219 58
13 218 21
92 256 10
216 252 27
68 113 37
29 173 2
4 210 13
92 231 47
14 143 26
14 80 32
67 181 42
187 201 4
215 247 53
126 151 50
51 274 56
9 164 18
233 247 42
181 279 33
224 258 51
152 195 7
158 262 28
222 274 45
79 249 4
76 153 8
98 224 56
217 221 39
112 214 26
182 217 10
219 251 20
256 267 23
237 262 49
250 267 1
90 142 59
234 243 44
198 274 52
99 192 26
256 263 16
36 63 21
214 240 44
11 263 38
176 276 6
261 276 50
182 206 24
258 267 22
244 273 38
134 197 49
129 182 17
192 211 46
70 187 58
165 215 55
147 165 7
252 264 22
156 226 23
61 64 30
76 233 59
92 247 47
142 158 6
165 192 1
119 273 45
99 215 47
171 230 17
98 202 5
113 187 19
99 118 57
78 152 10
94 228 30
95 264 4
96 178 44
167 192 14
75 172 18
141 178 20
89 147 21
77 274 21
195 278 30
273 279 60
124 161 43
269 272 31
228 272 55
260 266 10
55 151 60
190 217 26
238 258 25
208 225 55
21 99 42
118 196 16
178 202 27
215 216 46
55 231 15
9 76 5
154 238 40
33 261 6
30 129 51
265 278 52
136 230 41
213 233 36
110 259 2
108 217 8
50 208 10
252 267 28
88 206 29
212 223 53
166 266 20
249 252 28
171 227 28
126 185 22
64 168 38
248 279 54
37 253 42
81 106 43
78 254 57
85 244 56
228 274 54
268 277 45
144 182 30
244 253 25
221 238 49
83 156 34
115 263 2
131 149 11
162 275 46
108 190 7
93 261 28
143 163 27
242 277 52
8 147 9
153 276 24
86 102 23
95 278 40
232 251 4
194 196 55
81 189 31
223 240 54
108 237 17
31 188 37
215 229 33
119 199 46
109 199 9
135 195 47
164 213 32
224 257 16
263 279 46
45 90 60
127 245 14
224 255 33
147 218 50
147 227 26
126 268 38
175 193 4
114 167 11
265 277 33
153 250 7
156 168 53
144 185 18
31 192 51
3 269 45
26 69 16
62 135 56
257 275 23
243 260 8
228 246 48
219 273 4
72 197 1
0 202 3
178 211 36
43 129 34
187 272 34
242 276 44
4 118 57
96 268 8
62 159 7
207 240 2
179 248 27
31 89 59
109 262 2
94 104 38
252 277 32
1 1 22
18 152 25
117 262 57
63 195 24
42 140 52
150 259 2
82 144 11
145 153 27
244 251 47
93 220 21
143 165 49
20 51 20
3 197 42
108 138 50
109 126 22
250 278 42
168 172 25
136 220 13
133 169 47
152 247 24
29 193 26
99 112 19
143 270 18
22 190 47
59 149 8
152 179 58
129 130 57
70 135 52
54 241 3
225 274 19
231 254 21
264 271 38
113 140 14
88 114 17
90 123 8
9 223 32
4 74 11
80 224 34
147 274 30
111 160 43
102 136 16
157 272 32
143 244 6
122 167 5
67 265 48
218 254 22
238 265 24
0 124 2
76 275 60
147 269 20
246 268 27
165 213 1
138 271 42
100 222 3
154 222 43
189 211 41
48 88 34
152 197 25
43 267 9
55 192 10
175 207 32
206 269 49
244 247 12
174 216 33
27 199 49
228 273 56
171 186 19
46 83 55
249 276 25
39 214 0
125 256 55
111 121 14
13 224 30
155 171 33
131 142 42
194 202 44
75 205 19
144 144 19
7 200 20
8 72 0
27 64 50
269 274 1
85 209 10
36 213 45
141 164 13
101 271 31
99 195 60
13 234 43
101 206 3
174 204 29
58 151 56
43 266 12
37 111 27
204 251 17
158 164 53
97 262 4
90 241 31
245 263 16
76 152 25
181 268 8
97 168 58
142 142 42
173 179 10
36 263 19
245 267 50
256 265 35
153 183 23
51 159 48
159 197 58
139 186 28
174 210 18
8 59 11
68 93 26
175 185 38
60 64 45
115 122 4
47 132 23
61 134 14
125 164 29
75 248 56
47 262 28
106 271 42
84 204 0
105 180 24
139 167 34
159 206 27
264 265 20
147 273 53
149 250 7
59 159 7
72 140 50
111 233 39
166 207 53
114 225 44
75 272 59
