230 1150
195
171
199
117
130
184
167
189
152
152
191
178
135
182
157
166
107
164
106
159
140
177
138
137
103
199
118
100
127
139
103
109
132
113
147
145
102
178
121
169
109
134
187
145
103
146
126
153
120
101
135
195
105
192
143
200
148
170
129
169
147
134
121
109
149
156
124
102
139
189
186
160
182
132
147
180
194
154
186
191
151
131
134
105
161
137
109
116
129
107
110
115
125
141
133
108
153
189
136
108
142
158
157
123
118
115
200
196
194
104
126
154
141
173
183
126
107
127
184
140
130
182
128
114
148
144
150
168
112
152
156
100
172
169
170
142
149
198
166
148
142
116
153
103
188
102
139
193
154
159
118
117
139
141
108
167
115
133
103
176
115
146
182
144
168
196
111
164
192
160
199
128
111
193
174
110
167
192
170
126
146
160
126
116
153
195
124
102
166
175
161
179
114
123
148
152
140
155
153
106
124
132
172
129
181
142
170
112
172
159
157
168
114
183
199
130
151
105
112
140
170
112
191
137
132
141
165
177
119
144
0 1 55
1 2 39
0 3 59
3 4 31
4 5 57
1 6 56
6 7 50
5 8 28
2 9 21
4 10 12
10 11 36
5 12 29
6 13 60
8 14 21
1 15 23
10 16 15
15 17 38
16 18 42
3 19 11
9 20 29
17 21 32
20 22 4
12 23 13
17 24 34
18 25 41
13 26 19
9 27 6
13 28 40
27 29 32
2 30 47
9 31 44
9 32 56
27 33 52
28 34 41
12 35 38
8 36 24
22 37 14
19 38 56
14 39 19
29 40 13
34 41 31
2 42 29
23 43 58
17 44 51
15 45 18
20 46 28
27 47 57
30 48 27
14 49 57
38 50 19
35 51 54
32 52 24
36 53 54
31 54 22
17 55 40
37 56 6
50 57 37
49 58 60
4 59 0
27 60 45
4 61 31
46 62 54
15 63 29
26 64 5
50 65 49
62 66 57
30 67 17
55 68 29
9 69 24
23 70 35
53 71 21
22 72 1
42 73 20
48 74 23
31 75 42
3 76 42
48 77 36
74 78 14
33 79 45
62 80 13
70 81 46
62 82 55
72 83 9
34 84 38
17 85 4
54 86 10
17 87 7
43 88 52
14 89 53
46 90 11
20 91 47
46 92 36
34 93 45
30 94 57
71 95 23
7 96 24
25 97 5
52 98 37
95 99 60
30 100 17
32 101 56
22 102 30
64 103 48
57 104 4
16 105 50
32 106 32
96 107 10
1 108 52
74 109 14
2 110 27
100 111 5
81 112 56
51 113 28
60 114 21
52 115 0
46 116 50
47 117 28
2 118 41
102 119 33
107 120 27
64 121 30
32 122 36
37 123 44
90 124 57
37 125 12
15 126 51
96 127 35
27 128 8
71 129 30
40 130 39
78 131 12
88 132 13
66 133 37
63 134 56
25 135 7
89 136 30
69 137 0
36 138 36
64 139 37
105 140 28
77 141 21
104 142 38
88 143 42
113 144 45
43 145 6
6 146 60
69 147 51
111 148 6
78 149 56
83 150 35
51 151 59
108 152 46
151 153 27
78 154 21
117 155 35
95 156 14
109 157 15
60 158 11
62 159 39
80 160 33
84 161 35
23 162 22
38 163 0
55 164 33
37 165 29
40 166 10
131 167 30
109 168 6
6 169 24
54 170 1
131 171 29
138 172 46
66 173 48
120 174 2
167 175 25
75 176 29
106 177 35
28 178 59
104 179 53
117 180 19
36 181 48
153 182 42
47 183 57
172 184 33
125 185 39
85 186 54
131 187 41
86 188 59
17 189 39
11 190 49
180 191 16
52 192 22
189 193 13
129 194 44
67 195 59
83 196 39
191 197 53
9 198 36
42 199 30
94 200 38
141 201 49
61 202 47
175 203 4
68 204 46
42 205 17
111 206 37
178 207 43
31 208 60
169 209 3
0 210 28
124 211 49
156 212 14
132 213 35
158 214 38
7 215 48
62 216 2
106 217 17
18 218 37
171 219 1
166 220 12
44 221 9
189 222 42
78 223 47
105 224 17
136 225 28
16 226 46
100 227 15
6 228 21
87 229 22
154 170 32
86 129 10
77 113 2
224 227 36
220 220 6
87 111 46
149 198 53
31 215 27
59 68 25
179 226 12
9 93 52
22 59 19
207 228 56
169 176 24
176 189 59
111 135 24
112 178 18
51 146 1
220 223 19
188 220 42
80 135 50
148 167 58
35 181 37
10 207 41
127 192 7
183 220 58
209 217 55
226 226 53
91 227 27
41 68 53
6 179 24
151 213 20
222 227 59
161 207 54
177 202 2
99 184 50
75 174 17
227 229 18
131 200 53
159 200 39
105 225 37
39 101 18
123 207 36
94 172 43
29 53 22
148 169 25
200 208 34
105 182 6
138 223 54
13 124 12
228 229 42
111 200 54
116 171 9
93 98 52
179 221 15
20 79 51
178 228 7
142 174 42
147 192 14
80 165 28
37 157 49
136 139 55
60 188 47
145 229 43
40 201 59
42 151 56
11 218 54
195 204 43
61 208 13
95 215 13
43 202 40
135 222 41
55 143 45
116 199 43
122 151 30
170 197 32
61 119 58
126 165 9
109 178 38
193 199 40
76 171 5
182 205 22
105 147 14
110 206 22
214 216 22
195 212 9
122 142 15
47 198 18
73 130 18
181 207 47
161 199 23
15 142 0
169 193 27
144 223 1
94 138 59
27 131 23
177 195 23
6 150 33
117 219 44
211 222 46
67 140 52
187 208 54
103 183 49
158 223 18
189 225 37
186 206 5
152 159 58
129 200 51
55 85 51
121 173 54
18 98 46
151 229 29
172 212 15
8 155 27
186 190 44
24 226 13
133 215 60
157 215 50
146 173 26
62 127 54
113 170 29
50 226 24
9 98 40
74 172 49
194 207 3
25 134 41
41 94 32
88 104 21
49 86 50
6 54 38
84 144 24
159 171 57
160 166 25
43 55 40
171 191 26
110 195 11
138 179 43
125 167 55
78 176 28
129 214 39
57 181 36
52 76 12
90 200 37
4 189 33
78 157 53
154 202 4
84 190 36
103 119 27
107 112 41
131 191 35
192 227 50
120 176 23
58 191 4
191 208 27
208 212 18
132 136 39
188 199 29
24 36 48
101 209 37
196 204 2
137 193 32
144 201 13
77 201 2
156 173 16
1 92 8
125 141 13
130 201 23
101 111 33
10 104 5
166 180 33
106 119 14
13 94 16
44 44 50
82 110 10
120 123 39
155 181 13
56 108 17
56 126 22
24 76 35
7 226 4
145 168 33
159 178 34
58 122 31
189 224 32
109 138 52
88 97 44
156 222 54
127 143 25
108 197 29
84 219 36
111 218 33
165 207 43
49 133 3
150 205 7
165 194 55
137 206 0
50 136 43
183 213 2
27 111 56
92 133 46
220 226 36
26 57 30
131 223 1
27 157 51
171 171 56
182 189 23
175 185 4
68 206 31
77 228 36
167 210 35
16 132 49
67 105 17
84 222 45
200 207 36
94 211 38
175 214 13
138 145 20
5 45 58
145 179 23
157 176 40
53 160 40
21 60 33
153 204 47
117 210 33
109 185 37
81 139 26
110 193 57
174 228 5
192 214 11
80 197 34
223 226 54
89 102 17
76 217 40
94 169 13
134 214 52
41 99 27
105 165 27
185 206 14
78 205 7
164 171 5
40 56 7
53 183 55
91 154 27
109 197 35
150 157 23
42 83 22
148 156 44
24 138 51
0 59 19
141 184 0
161 163 17
28 120 22
0 139 58
14 36 31
134 222 15
126 164 47
124 186 32
196 216 36
43 192 47
187 199 42
88 178 24
178 197 20
54 219 23
157 190 2
163 225 32
228 228 23
69 76 21
104 217 33
177 205 11
137 226 20
193 225 51
61 151 54
89 175 27
41 41 40
225 229 42
146 205 5
214 220 5
69 187 56
185 210 49
224 228 23
90 169 34
202 204 25
149 157 24
200 212 19
17 227 9
191 224 47
214 222 42
107 135 35
86 150 52
134 219 18
7 210 49
66 156 5
152 214 22
76 164 12
31 196 41
123 138 8
33 74 13
63 174 35
184 216 29
31 61 29
24 104 49
127 205 11
132 152 49
78 96 32
3 140 27
126 214 56
131 164 9
25 83 49
13 209 53
193 205 48
193 212 39
55 216 31
14 174 39
221 224 35
201 210 23
79 159 48
153 218 5
155 192 36
54 221 57
208 211 45
91 98 15
128 197 9
91 214 47
58 72 18
117 226 7
220 224 2
63 113 55
131 220 53
52 69 55
62 202 31
6 202 33
220 229 32
88 150 14
76 95 16
37 110 31
135 145 42
180 209 50
226 228 56
27 139 58
225 228 45
200 200 1
175 213 18
114 114 35
179 210 46
62 207 4
208 208 39
199 225 45
78 91 31
168 183 13
217 220 20
13 216 48
12 177 27
41 131 14
12 126 29
51 144 13
28 163 48
220 221 14
78 80 54
205 218 42
164 194 34
39 52 29
123 160 26
85 204 28
33 81 54
16 16 12
59 208 30
26 217 17
87 198 3
204 225 51
71 85 25
88 135 53
16 161 26
165 167 19
171 199 12
75 117 58
150 189 23
100 206 41
140 207 6
128 140 2
52 201 38
60 153 38
129 215 44
133 218 10
21 46 0
108 171 3
170 215 47
225 227 59
105 129 46
88 204 29
113 189 57
129 225 6
40 129 7
12 100 33
138 186 31
218 228 54
129 213 25
52 54 6
20 149 11
97 134 59
121 161 46
103 157 35
164 169 50
82 101 49
133 209 42
92 109 3
126 205 8
150 223 56
227 228 35
111 177 7
68 170 50
193 204 0
111 198 6
23 141 35
96 214 13
4 222 43
169 180 19
226 229 9
102 216 4
27 153 13
10 137 55
136 183 31
16 218 57
93 212 51
22 81 39
215 226 39
163 198 32
191 213 42
190 211 30
221 222 3
96 216 10
108 201 39
138 183 54
189 191 19
78 187 10
65 123 4
131 207 12
30 144 36
116 118 17
86 90 51
184 227 57
39 61 33
211 226 5
31 150 31
167 177 7
146 167 5
186 195 42
179 227 8
135 225 30
151 178 27
30 220 6
146 184 58
66 222 46
130 135 37
74 167 15
64 88 25
88 124 57
207 227 54
32 70 48
216 219 44
12 121 59
40 44 22
180 216 50
49 111 55
119 149 54
148 221 36
74 132 53
79 113 30
67 102 51
147 204 2
133 141 31
104 146 4
118 184 32
203 225 27
170 194 54
147 164 3
180 200 56
79 124 34
163 222 16
79 91 28
52 165 5
144 158 17
51 59 10
125 208 58
9 28 54
28 70 14
75 221 1
216 227 21
100 211 11
118 157 29
135 143 44
112 121 27
128 173 15
130 228 9
206 228 31
81 174 40
47 172 10
168 186 6
198 209 54
177 221 57
157 175 42
180 205 6
138 165 56
49 88 0
166 179 17
122 177 18
29 63 21
146 227 43
139 152 49
94 182 57
35 222 46
15 182 10
92 124 30
87 152 52
139 176 3
168 188 4
29 171 43
165 188 46
127 165 57
187 220 55
214 221 4
127 128 59
144 184 12
42 137 49
125 159 53
121 219 17
24 108 59
60 150 27
118 141 15
109 191 24
173 229 27
73 206 2
187 229 9
124 126 34
188 211 2
175 215 19
218 221 40
98 198 52
162 212 40
0 44 20
21 28 7
116 196 37
95 130 13
61 65 39
40 170 15
194 228 54
23 121 29
54 110 56
192 194 56
16 50 33
27 126 2
19 72 34
119 181 41
80 221 42
217 222 12
11 122 26
41 128 30
52 134 30
3 118 46
206 213 10
166 194 43
37 127 14
142 205 59
40 216 60
181 210 58
122 189 12
121 218 37
73 73 37
13 191 23
75 206 45
35 227 54
157 181 55
89 151 13
47 68 41
194 215 59
62 163 16
165 180 14
101 228 10
142 173 10
123 204 26
104 168 54
106 141 7
187 210 0
186 216 37
65 157 9
188 192 5
112 192 44
35 104 17
25 94 22
40 197 60
200 229 32
169 211 6
94 157 41
41 213 10
138 167 29
165 225 27
83 170 33
223 229 26
207 210 36
23 110 11
15 200 47
20 126 11
29 66 60
34 130 44
9 92 44
3 170 57
209 228 23
127 207 56
59 109 14
203 221 41
150 150 7
176 204 32
102 136 25
137 189 12
36 224 9
165 190 39
200 201 20
166 229 18
144 156 12
139 181 2
118 147 24
48 165 60
87 132 33
85 96 3
157 159 38
115 180 9
90 122 37
195 222 16
72 218 7
52 221 39
141 214 36
202 206 28
38 117 18
46 124 6
73 88 57
15 226 10
11 109 19
139 158 22
20 215 29
137 167 35
44 111 12
73 169 55
32 89 42
195 214 9
194 221 48
165 170 26
194 201 51
112 217 22
6 116 21
33 57 26
173 224 31
36 154 34
151 190 13
51 140 37
184 212 55
160 214 3
89 196 13
107 131 12
217 217 15
170 218 8
193 210 8
18 156 36
200 219 10
221 225 27
25 150 51
119 186 13
26 105 30
187 222 17
9 158 0
6 147 5
222 226 10
194 200 10
158 229 14
187 192 11
127 223 45
93 149 40
196 201 48
1 162 40
36 94 50
35 186 20
78 148 5
210 212 56
145 187 40
211 211 2
189 217 30
147 185 19
52 145 55
109 226 29
136 180 21
27 90 16
129 144 49
121 210 52
0 154 52
20 85 42
57 111 11
177 212 51
184 195 12
206 209 4
34 209 43
86 115 32
51 87 21
59 115 13
3 203 12
32 118 20
152 174 18
170 176 48
144 210 22
152 172 4
123 163 23
129 164 59
219 219 32
70 167 44
123 167 21
145 159 15
223 224 24
48 85 36
2 96 5
175 201 53
181 215 35
156 192 46
206 229 16
107 175 9
98 199 31
55 173 25
196 223 19
47 184 39
20 99 50
186 226 31
140 172 44
219 228 47
98 136 2
113 201 47
216 229 32
126 190 46
166 193 19
144 145 58
158 178 9
0 102 59
153 213 46
141 157 55
134 191 45
16 117 27
91 190 34
134 157 24
186 219 36
172 205 39
199 209 38
33 73 37
226 227 44
84 212 44
47 128 45
12 114 60
37 132 3
46 155 8
64 218 16
133 186 33
184 210 16
15 165 32
190 193 47
131 225 44
39 96 34
92 170 31
94 214 53
212 225 14
211 225 60
132 164 58
50 119 27
116 221 33
222 222 50
177 226 49
170 221 49
30 47 21
149 216 60
152 225 39
72 189 47
123 144 38
35 140 37
132 138 45
124 226 31
50 98 48
162 223 6
212 227 59
213 229 56
114 159 58
108 212 5
64 144 34
91 97 27
118 180 4
41 109 43
82 112 25
142 166 11
8 214 25
115 207 57
135 201 47
208 225 44
75 178 48
6 101 1
181 227 9
121 170 49
170 178 36
220 227 34
84 216 6
152 213 45
128 159 3
151 158 50
65 106 27
122 166 23
162 205 8
95 226 40
40 54 17
133 151 23
41 153 55
201 208 24
41 96 36
100 124 33
28 138 55
211 223 17
193 223 47
188 219 13
52 109 52
211 214 12
127 217 6
27 52 55
97 157 29
149 149 46
181 221 30
189 216 33
214 223 55
63 139 5
26 89 49
64 160 2
122 132 22
97 128 44
61 71 16
160 189 0
8 190 32
173 174 27
37 204 53
61 135 12
3 161 26
210 220 3
150 213 32
106 209 2
129 173 36
113 219 40
39 219 1
206 212 25
54 82 35
115 229 55
139 219 39
21 97 11
170 195 43
128 152 52
6 87 20
211 216 1
212 229 51
76 215 51
129 158 7
73 120 58
1 167 24
59 185 1
71 109 35
191 202 35
181 229 16
146 212 4
32 92 60
62 85 52
6 86 21
196 205 34
10 217 20
123 124 47
17 146 27
20 225 16
129 196 30
94 149 33
179 203 43
38 209 39
16 47 24
210 228 7
33 195 20
84 214 42
4 98 31
109 201 45
171 190 14
179 198 60
55 165 1
52 160 7
37 212 23
12 103 57
49 66 19
19 206 24
69 175 7
44 64 47
48 110 13
54 55 43
109 118 24
34 98 49
80 188 47
94 189 31
121 156 42
112 128 35
23 74 16
113 183 52
168 212 12
78 133 7
16 228 29
209 214 15
149 195 59
159 173 55
135 155 27
25 67 10
217 224 50
151 167 6
159 160 56
146 161 3
112 157 45
41 168 30
197 222 19
41 147 18
76 184 22
17 113 45
33 82 53
