55 165
144
139
145
132
103
177
164
124
135
177
155
115
145
162
150
199
190
118
178
177
124
171
183
193
105
119
148
168
166
174
142
186
164
175
118
194
172
197
164
147
175
134
116
145
187
136
172
183
166
104
135
117
120
101
182
0 1 11
1 2 59
2 3 57
3 4 31
2 5 33
5 6 13
6 7 23
6 8 30
5 9 26
1 10 22
3 11 56
5 12 36
4 13 33
12 14 0
6 15 54
12 16 30
13 17 36
4 18 44
4 19 19
8 20 41
1 21 56
11 22 59
13 23 44
7 24 10
15 25 33
24 26 58
16 27 12
24 28 47
15 29 40
20 30 17
30 31 12
24 32 50
19 33 59
21 34 33
31 35 30
28 36 4
13 37 37
19 38 23
31 39 4
18 40 29
9 41 51
23 42 49
3 43 17
24 44 20
11 45 6
10 46 32
46 47 24
6 48 44
16 49 16
37 50 6
20 51 30
8 52 19
9 53 9
33 54 48
40 47 12
22 46 7
16 46 34
43 52 29
47 52 49
1 19 35
42 45 42
17 20 51
19 24 57
4 21 18
32 50 15
39 39 39
40 54 6
13 24 22
20 41 5
9 15 58
19 30 15
20 21 31
22 37 23
19 36 9
18 35 49
13 46 12
40 43 10
19 54 47
37 42 9
17 47 48
47 48 50
53 54 6
37 47 27
28 34 33
41 43 18
30 50 21
19 42 47
48 54 46
2 6 59
48 52 46
30 43 42
3 33 51
43 47 20
31 37 9
18 42 58
1 9 12
22 36 36
32 54 54
14 44 60
1 31 46
35 44 45
35 41 21
10 37 47
43 51 53
25 52 45
36 45 14
32 37 42
32 45 5
1 22 52
33 53 34
36 37 7
18 21 43
30 32 5
8 21 1
52 52 56
16 18 3
17 27 58
51 54 57
50 50 29
7 12 19
45 53 46
34 51 6
38 52 29
33 40 13
17 29 48
2 28 27
47 49 13
21 51 48
53 53 44
29 33 15
26 46 18
15 37 12
18 51 42
29 30 47
40 49 43
13 49 54
52 53 29
34 39 31
11 54 13
44 47 39
13 19 26
49 53 59
41 51 32
14 42 36
52 54 33
6 38 43
45 45 55
23 41 15
47 54 7
27 49 48
10 11 19
39 46 30
24 46 26
6 22 47
48 49 37
2 4 34
20 52 60
33 43 35
16 50 22
37 41 26
32 44 0
18 19 41
7 54 34
13 26 5
5 24 14
