270 1350
178
141
102
149
104
146
157
128
172
155
193
200
162
125
124
169
117
108
181
161
114
181
126
103
113
138
169
149
138
164
151
158
135
146
136
167
133
156
197
157
185
189
128
139
135
128
173
170
120
126
129
113
112
197
163
156
134
140
128
177
166
133
189
118
107
141
108
125
196
115
146
166
152
176
168
105
141
126
186
116
170
200
104
132
162
178
107
122
108
181
197
135
173
114
147
113
116
196
163
180
141
139
104
163
182
192
158
108
137
164
186
171
137
152
137
136
180
181
109
174
175
167
166
169
117
175
144
156
128
100
103
171
122
111
129
155
133
144
192
158
135
141
117
108
142
173
149
197
143
123
199
117
144
129
155
144
188
153
141
161
177
167
188
183
173
185
176
192
152
176
155
193
172
152
196
192
180
191
181
109
173
125
157
123
119
161
131
111
175
118
192
156
115
150
168
141
117
150
153
145
149
168
142
144
145
178
178
128
138
159
129
164
198
138
100
171
172
177
129
106
122
162
120
162
184
116
148
185
119
195
113
106
113
147
103
163
196
161
118
110
181
105
147
181
185
154
164
191
158
193
149
108
130
109
114
106
157
177
115
191
189
192
156
138
122
133
133
121
158
192
0 1 28
1 2 36
0 3 16
1 4 48
3 5 53
5 6 19
4 7 44
5 8 18
4 9 12
4 10 17
4 11 58
4 12 42
4 13 55
4 14 20
11 15 44
3 16 5
5 17 42
14 18 50
12 19 25
15 20 2
20 21 40
4 22 10
1 23 1
4 24 11
19 25 42
18 26 50
26 27 59
15 28 42
13 29 0
19 30 24
8 31 1
29 32 35
4 33 36
6 34 25
31 35 28
14 36 57
3 37 45
35 38 15
10 39 11
4 40 29
35 41 54
26 42 16
24 43 32
2 44 52
27 45 6
6 46 47
33 47 28
46 48 22
6 49 8
24 50 17
43 51 44
41 52 51
23 53 58
39 54 26
36 55 55
42 56 55
3 57 52
10 58 48
12 59 52
55 60 26
1 61 7
43 62 4
12 63 10
39 64 7
52 65 54
51 66 14
33 67 31
64 68 58
17 69 4
19 70 35
24 71 59
21 72 32
14 73 53
20 74 4
15 75 19
74 76 25
44 77 30
52 78 1
18 79 54
5 80 10
3 81 38
40 82 37
70 83 28
67 84 37
76 85 53
14 86 36
35 87 12
63 88 55
47 89 43
65 90 1
71 91 12
36 92 1
26 93 49
30 94 7
50 95 57
28 96 14
86 97 42
30 98 40
16 99 53
63 100 42
37 101 37
67 102 16
81 103 48
37 104 47
18 105 21
79 106 39
37 107 40
22 108 29
56 109 9
34 110 22
48 111 1
5 112 58
86 113 37
18 114 52
55 115 58
114 116 22
99 117 39
70 118 33
74 119 16
44 120 8
118 121 16
67 122 5
117 123 14
39 124 2
22 125 32
19 126 20
35 127 37
108 128 21
10 129 56
116 130 45
94 131 60
52 132 43
91 133 53
1 134 3
125 135 36
135 136 21
114 137 26
84 138 45
79 139 15
69 140 10
68 141 41
124 142 27
2 143 2
143 144 4
98 145 58
37 146 0
124 147 9
49 148 54
84 149 33
88 150 54
28 151 8
6 152 49
5 153 49
129 154 42
142 155 8
72 156 39
141 157 21
91 158 17
55 159 28
92 160 12
60 161 51
77 162 10
24 163 5
40 164 42
123 165 19
95 166 60
122 167 3
140 168 58
125 169 3
31 170 41
9 171 38
151 172 18
4 173 57
112 174 57
123 175 19
93 176 56
40 177 60
61 178 55
114 179 26
63 180 16
149 181 8
61 182 54
180 183 10
169 184 47
51 185 23
62 186 31
84 187 51
157 188 33
96 189 54
25 190 4
158 191 29
39 192 49
155 193 39
153 194 1
190 195 50
78 196 15
175 197 11
84 198 22
112 199 37
89 200 23
58 201 19
49 202 18
166 203 58
59 204 56
106 205 17
0 206 4
197 207 1
27 208 49
42 209 3
24 210 42
186 211 26
136 212 35
85 213 40
148 214 41
158 215 26
150 216 47
142 217 40
62 218 8
212 219 44
206 220 48
101 221 34
173 222 37
6 223 0
62 224 59
213 225 35
114 226 46
133 227 4
127 228 19
50 229 18
86 230 34
4 231 46
10 232 44
84 233 58
45 234 41
205 235 17
165 236 45
63 237 50
2 238 55
5 239 20
94 240 9
201 241 12
95 242 41
40 243 23
230 244 34
197 245 5
44 246 23
216 247 44
212 248 37
161 249 17
26 250 26
210 251 34
243 252 37
22 253 20
168 254 23
223 255 6
8 256 49
88 257 23
3 258 31
185 259 3
82 260 0
163 261 45
9 262 47
152 263 59
51 264 18
192 265 30
30 266 56
250 267 22
103 268 0
147 269 15
27 159 48
167 221 13
253 253 46
175 213 46
62 217 5
43 227 51
166 181 55
257 268 2
208 219 58
241 244 42
116 245 19
8 98 42
260 269 19
20 122 21
45 56 28
262 265 25
134 194 25
132 200 31
7 238 34
160 160 59
1 5 15
56 123 6
212 263 36
252 252 8
55 98 34
247 258 9
186 200 30
267 267 4
59 128 6
134 164 32
14 235 34
126 264 49
157 203 59
140 156 43
150 178 37
94 217 12
161 161 44
30 152 39
222 265 46
44 118 10
71 247 34
24 164 10
213 214 41
93 212 51
3 100 11
225 243 9
78 260 36
81 180 11
238 243 0
93 131 8
55 217 40
228 238 53
155 183 54
3 252 46
175 268 11
119 242 12
244 254 34
213 234 15
122 254 16
200 237 43
103 204 41
118 210 48
247 269 24
181 185 19
42 192 51
249 257 49
157 253 25
162 224 22
38 83 12
30 137 3
221 255 59
258 261 22
209 240 26
254 269 35
72 117 1
118 131 37
33 126 57
84 144 24
84 191 15
244 262 41
177 219 34
151 211 52
5 201 40
145 195 59
211 217 8
114 243 8
252 267 21
191 202 49
184 255 44
44 187 13
176 205 18
113 133 23
166 183 46
114 161 25
201 212 18
216 269 10
211 221 29
136 224 60
26 106 21
68 167 57
182 183 59
64 144 3
50 241 33
226 260 26
144 260 25
240 247 47
174 225 58
187 231 17
1 9 44
246 252 56
86 198 39
170 226 53
126 245 43
85 140 7
102 125 33
46 134 31
206 265 48
86 170 10
108 222 13
71 99 36
197 197 10
77 180 18
167 252 60
100 253 41
246 263 60
134 254 7
164 166 44
13 159 23
92 124 38
31 89 55
219 234 24
36 127 38
95 204 22
186 205 4
3 226 6
228 263 52
228 265 17
8 115 15
186 203 11
158 229 56
179 195 26
119 258 32
1 225 39
259 269 12
235 239 26
153 162 28
146 192 44
129 211 59
242 248 34
162 225 46
75 269 3
154 219 23
27 252 53
27 35 38
247 247 43
58 194 43
238 265 44
110 251 23
161 179 24
229 257 28
220 224 39
45 203 10
222 235 32
170 250 7
33 269 10
199 238 36
223 253 5
180 232 10
250 265 14
151 205 3
4 119 36
45 215 16
125 229 58
165 255 30
3 101 40
253 266 42
126 234 2
101 116 48
183 188 59
73 198 22
160 187 57
233 245 54
69 92 41
173 179 53
108 178 59
150 268 24
60 83 58
3 162 47
135 212 41
260 262 36
258 260 7
159 172 59
18 223 20
164 202 28
251 255 22
63 220 35
195 245 9
49 268 10
132 159 34
258 263 59
152 235 31
265 267 33
266 266 53
106 171 60
91 208 43
100 258 44
125 253 18
246 259 23
164 175 28
174 245 28
205 258 9
35 183 5
55 168 59
184 198 57
243 265 56
223 231 22
189 219 0
193 196 42
212 221 40
39 70 48
189 240 15
134 259 14
83 151 19
74 263 30
163 180 28
74 213 33
219 220 48
263 263 56
243 262 37
162 199 39
262 268 8
67 119 36
101 129 2
9 78 47
258 258 49
115 198 1
60 206 39
10 190 17
241 246 6
221 260 27
118 172 43
52 220 26
220 230 37
4 63 21
267 269 45
221 259 28
153 264 10
4 137 32
252 263 2
102 181 60
144 249 59
164 217 15
151 152 22
139 214 30
79 85 36
89 159 35
11 236 32
82 181 5
165 220 40
139 204 59
249 268 4
254 267 5
10 188 16
107 244 31
65 239 10
173 240 32
85 177 42
259 267 27
147 147 40
214 244 59
179 203 59
96 149 5
212 220 54
154 263 51
262 269 3
215 216 36
244 259 34
12 107 54
33 134 17
108 200 42
212 249 12
81 88 41
59 191 16
242 251 8
130 158 27
132 192 22
250 263 0
214 230 42
205 246 39
198 225 6
152 264 27
46 194 24
72 226 19
165 186 23
106 249 43
151 164 41
70 254 47
167 211 15
70 147 54
148 152 30
28 125 3
192 240 10
201 244 12
237 260 40
250 251 57
26 101 23
65 240 1
199 216 1
235 235 58
74 90 43
207 263 40
242 242 33
36 64 27
222 257 24
93 198 32
268 269 45
107 203 24
188 219 41
60 95 10
210 233 48
88 93 2
65 194 23
23 157 15
140 146 53
236 249 14
6 257 30
206 261 29
248 260 7
150 217 15
12 213 5
165 168 11
28 120 42
229 234 24
69 209 2
208 216 34
156 182 26
74 86 50
26 52 19
15 153 39
215 245 42
225 245 8
264 264 40
131 231 35
226 261 26
4 174 57
129 173 31
138 207 24
268 268 38
94 206 10
198 244 46
26 168 15
150 218 4
123 208 35
31 181 19
149 184 54
17 77 19
112 137 54
138 167 41
223 257 36
202 267 25
88 236 26
249 267 15
39 88 7
211 269 17
135 174 11
51 192 17
168 263 40
111 183 6
93 148 23
174 185 53
159 199 17
146 208 13
244 267 27
197 261 32
138 230 55
75 204 33
120 174 36
18 219 35
128 202 43
84 147 16
212 257 30
36 190 13
51 61 29
36 123 57
101 224 17
192 219 19
203 219 50
186 224 50
91 222 25
60 159 40
28 122 23
199 263 24
99 122 47
53 263 30
150 260 26
252 261 44
11 180 59
7 27 12
122 151 55
251 260 28
43 196 60
194 231 41
222 230 53
230 247 8
120 183 38
193 219 59
222 260 3
103 161 43
12 64 30
84 236 47
83 150 35
130 210 54
196 259 14
183 234 18
240 243 21
200 214 43
35 59 60
158 255 28
115 229 42
204 253 7
220 255 8
198 262 6
111 150 50
40 220 12
27 265 12
131 135 6
64 249 9
21 219 53
158 268 42
116 142 0
98 159 46
110 236 14
190 228 46
39 181 56
80 207 48
226 262 2
174 194 56
263 268 38
162 175 40
86 238 5
60 103 31
69 190 13
62 259 59
164 189 50
189 256 17
104 224 10
180 241 25
122 158 47
219 269 35
153 227 38
125 185 9
10 135 50
231 250 5
5 29 8
97 118 26
143 258 0
51 59 45
60 66 27
75 212 32
185 256 56
78 107 14
182 257 1
224 261 42
162 251 55
191 243 24
110 128 6
84 209 6
196 202 34
12 173 29
69 115 46
157 159 32
128 225 21
195 247 27
162 250 44
132 178 31
221 253 53
3 56 45
4 53 23
157 196 13
191 221 53
117 234 23
166 267 7
65 167 35
138 225 52
259 260 34
81 211 22
59 254 35
26 81 25
52 215 19
28 233 40
233 234 12
216 265 4
29 124 58
133 235 50
35 128 40
188 203 45
99 249 49
94 103 47
203 235 10
64 154 33
238 263 19
153 175 44
2 260 37
193 256 54
203 254 0
245 268 37
185 208 49
41 256 53
180 208 39
121 141 42
86 182 19
207 216 10
23 102 34
118 202 53
160 164 20
43 81 0
48 160 42
170 172 2
254 259 32
204 233 60
183 208 30
66 214 56
206 241 30
225 253 6
24 232 14
44 196 3
108 238 6
146 155 22
25 249 50
90 267 9
10 37 20
231 261 53
134 134 27
42 257 40
23 70 40
170 224 9
10 203 42
55 265 9
37 131 21
99 135 17
69 235 34
248 255 41
164 219 51
136 148 9
172 193 19
210 235 51
239 262 29
214 238 40
78 158 11
141 242 19
10 116 21
251 254 2
208 242 39
41 250 8
50 104 36
61 229 26
117 266 8
13 177 4
246 266 4
98 212 40
111 269 51
144 163 2
12 88 41
199 258 5
60 152 48
54 163 9
175 217 42
84 197 39
195 254 54
129 227 49
38 153 43
193 203 19
185 194 41
27 203 50
87 219 57
105 252 45
181 200 31
148 160 36
103 162 21
174 232 25
7 21 7
230 253 30
23 47 51
36 122 1
222 234 9
254 256 6
76 191 39
265 268 19
216 240 45
47 149 3
89 188 10
106 214 35
0 35 24
172 268 14
251 251 46
266 269 55
111 140 27
73 99 23
3 251 0
206 246 8
47 111 16
10 68 14
205 221 56
163 219 59
183 265 38
205 212 50
42 51 35
65 80 25
115 227 33
207 226 15
139 173 34
35 218 49
182 248 20
224 246 4
113 220 21
35 104 54
255 261 46
8 73 42
145 145 58
94 126 9
123 203 38
20 106 13
260 267 47
40 240 7
113 147 16
107 111 20
117 210 32
156 211 10
132 182 15
248 269 48
190 194 40
92 256 6
259 259 57
232 247 28
234 260 19
87 105 30
67 73 25
156 189 36
195 224 25
141 252 10
103 221 46
47 209 6
92 114 33
113 253 55
247 253 48
83 185 11
65 254 26
64 255 58
37 128 56
203 228 29
212 222 42
182 224 16
97 115 10
180 199 22
75 99 23
150 222 39
90 150 3
154 174 21
52 142 35
76 198 3
38 248 10
232 242 19
111 146 16
257 261 0
185 269 0
17 123 59
227 237 54
170 252 0
227 228 27
69 219 26
165 211 53
147 187 11
217 231 13
172 213 58
56 69 7
97 149 35
113 209 7
56 193 22
240 245 13
91 165 4
98 167 60
75 220 54
70 116 39
102 161 11
243 256 8
48 144 3
254 268 38
81 129 13
235 237 16
82 232 2
139 170 8
172 266 54
225 254 23
219 227 33
0 2 33
210 255 52
208 240 60
33 261 29
166 214 52
18 233 45
182 195 49
144 190 57
156 263 32
92 197 7
191 251 5
115 195 7
68 227 14
92 195 57
206 263 48
229 252 47
164 230 7
70 184 28
215 268 33
245 249 0
110 113 28
129 235 3
167 267 37
216 235 32
177 188 3
216 243 22
251 261 51
132 214 4
177 184 4
139 185 17
77 240 26
106 266 10
240 260 39
4 250 44
100 205 22
253 256 4
101 189 26
142 245 43
25 109 28
50 146 12
188 190 45
225 226 14
188 194 31
224 245 8
14 99 55
164 266 4
258 268 26
146 199 25
138 145 15
261 266 56
206 262 54
89 98 23
130 209 59
1 173 24
91 263 21
114 170 7
31 224 28
123 128 8
230 238 19
87 185 37
191 206 14
31 144 19
93 206 23
21 124 49
249 251 55
117 232 60
16 143 31
36 163 41
161 226 38
175 247 55
255 264 12
169 268 48
38 60 34
98 238 51
144 245 26
116 220 60
32 133 40
33 207 6
255 265 30
257 266 21
233 240 19
1 119 2
252 253 51
90 143 31
106 178 23
166 193 12
181 203 39
20 247 31
12 125 11
127 247 12
119 147 16
215 249 28
163 169 6
13 217 3
125 134 24
120 233 14
37 70 53
240 261 15
144 266 44
162 230 58
134 157 19
264 269 28
54 235 12
171 225 3
103 233 51
38 212 42
179 208 25
207 238 13
33 53 47
184 214 0
217 265 44
252 264 35
133 168 47
229 249 29
176 186 21
30 36 1
124 201 37
92 218 34
169 267 38
183 222 12
208 212 23
134 158 41
78 134 0
60 200 44
86 214 35
118 169 53
83 140 24
9 190 29
210 243 11
0 158 10
108 110 10
253 263 2
244 251 2
238 239 6
34 261 26
247 252 2
210 211 30
235 236 56
6 97 9
260 268 11
248 250 9
40 245 2
119 130 47
241 252 28
225 244 3
103 252 54
152 199 9
184 235 26
30 52 36
253 264 32
251 264 22
7 224 27
246 256 30
107 180 30
188 266 10
136 160 19
157 166 53
195 214 29
16 126 46
177 222 46
38 59 35
14 237 52
103 192 38
38 46 7
198 208 2
81 167 20
122 229 26
211 218 49
46 262 15
249 266 57
227 252 46
256 263 56
264 265 38
109 261 17
105 107 34
245 255 58
130 180 42
162 204 53
177 179 0
176 222 26
9 150 19
67 256 21
43 228 10
180 189 20
8 141 17
56 88 42
106 162 19
133 244 48
239 256 43
129 229 57
177 227 9
38 205 46
132 267 17
200 207 18
91 110 49
110 219 12
95 201 59
170 209 55
128 176 36
205 262 9
124 152 50
61 78 34
27 224 52
99 268 53
231 231 41
115 254 8
147 185 37
222 258 12
83 119 52
57 62 36
115 203 13
61 228 2
112 176 37
29 66 28
50 246 3
124 130 10
194 208 2
193 230 22
97 108 13
245 259 55
248 261 27
117 119 29
94 262 53
65 75 32
76 228 15
110 141 49
34 179 29
24 253 42
42 233 3
160 262 22
184 265 4
158 199 19
43 171 20
245 264 16
224 226 15
220 260 57
199 203 26
101 167 32
115 259 22
154 228 17
31 46 33
87 197 47
8 140 17
133 222 13
161 178 14
13 80 39
152 218 1
47 95 44
133 230 31
6 81 30
209 263 53
199 266 0
257 257 42
213 244 48
78 204 32
141 158 51
215 221 30
204 207 32
59 180 14
45 200 51
119 176 19
231 248 43
195 200 35
42 244 57
41 266 59
5 99 45
61 133 20
145 178 10
215 229 43
61 172 10
185 196 55
8 103 26
164 268 12
267 268 18
54 97 50
260 263 41
96 112 15
60 144 56
221 242 9
232 240 46
174 242 4
2 225 1
11 235 53
128 140 42
128 194 14
18 186 51
19 140 54
106 114 18
64 252 59
59 260 53
197 254 56
216 224 20
159 198 27
93 203 15
46 234 45
119 186 23
114 156 5
32 245 37
175 249 23
73 168 37
77 142 42
31 169 16
118 154 17
26 165 2
133 256 12
29 91 33
192 195 3
54 64 13
128 172 28
201 227 27
200 225 40
60 240 26
39 41 40
47 137 60
263 267 44
251 267 34
192 222 3
232 250 51
210 248 39
223 260 29
99 218 59
67 90 26
241 245 54
148 203 45
70 219 8
201 256 41
115 167 7
8 117 23
153 230 38
233 263 6
20 244 58
157 266 4
126 199 15
156 204 54
173 243 59
169 205 50
78 209 0
227 260 31
12 149 35
10 69 23
122 219 50
239 243 15
36 248 6
5 216 35
173 259 53
19 33 29
31 112 32
51 135 46
158 241 21
91 120 60
121 197 35
55 144 38
216 252 23
44 229 58
81 185 16
205 245 25
211 260 13
204 226 37
186 212 41
226 255 44
247 262 32
50 244 41
136 211 24
210 264 44
213 251 43
7 178 12
237 268 36
232 256 38
119 263 47
241 241 15
48 174 29
129 222 20
149 149 23
143 263 55
242 268 7
140 174 42
163 236 45
26 76 16
249 261 13
118 160 25
254 258 17
119 181 40
254 264 51
199 206 56
87 196 43
101 174 2
130 208 26
