90 270
127
187
137
159
130
133
153
187
133
112
104
186
160
150
136
148
109
101
138
150
161
105
133
148
150
139
175
143
141
127
200
107
113
179
189
175
155
114
155
164
154
140
198
148
112
133
143
142
177
123
138
164
193
110
102
119
196
186
151
180
161
121
111
200
138
136
181
155
137
101
143
100
119
169
164
137
111
106
140
170
176
178
162
153
118
124
162
102
112
172
0 1 45
0 2 24
1 3 6
2 4 33
1 5 47
5 6 6
1 7 27
6 8 20
7 9 7
7 10 50
3 11 28
4 12 11
5 13 17
6 14 10
6 15 31
1 16 8
8 17 5
17 18 43
12 19 52
7 20 50
13 21 31
3 22 18
18 23 50
23 24 24
18 25 57
2 26 16
10 27 7
2 28 47
24 29 57
19 30 33
0 31 24
22 32 49
13 33 20
21 34 38
24 35 50
1 36 13
21 37 33
16 38 22
7 39 53
4 40 3
16 41 49
33 42 24
0 43 48
16 44 50
35 45 5
2 46 47
4 47 31
34 48 41
2 49 39
8 50 10
48 51 57
11 52 2
36 53 36
31 54 55
27 55 40
5 56 34
18 57 44
51 58 8
28 59 31
22 60 33
15 61 0
3 62 48
60 63 20
54 64 18
21 65 44
9 66 42
35 67 15
21 68 9
6 69 51
44 70 56
19 71 50
61 72 21
55 73 3
59 74 2
37 75 47
21 76 55
67 77 0
3 78 57
15 79 53
79 80 60
19 81 30
40 82 56
28 83 29
21 84 44
0 85 49
41 86 28
43 87 58
60 88 0
75 89 29
46 89 48
65 71 54
27 74 32
12 85 9
37 76 56
24 59 18
41 41 6
17 32 42
34 68 56
23 31 51
67 71 40
18 52 58
80 82 7
1 75 18
24 25 45
37 89 22
66 88 50
14 37 54
87 89 29
47 71 22
54 73 45
78 89 20
22 89 5
86 87 4
40 86 47
38 50 56
0 74 3
78 86 3
50 68 12
24 73 56
51 70 1
33 71 31
28 81 3
45 68 39
65 88 28
19 77 50
24 46 17
38 83 37
26 55 59
78 84 23
42 63 55
45 61 52
80 84 59
86 88 0
51 63 59
73 75 16
76 83 45
81 88 50
34 60 56
66 84 53
64 66 4
70 89 42
74 85 31
16 23 9
28 84 60
73 74 2
33 80 13
36 84 39
53 86 37
68 73 14
72 89 12
56 56 4
80 81 42
60 65 5
76 87 4
29 34 9
56 80 28
71 84 29
54 54 20
29 51 14
11 41 31
28 51 44
36 75 57
70 88 57
74 86 56
3 37 14
26 30 32
58 83 52
83 84 14
85 87 11
44 81 40
57 60 51
47 78 11
36 82 49
0 71 37
67 84 40
10 32 32
46 59 0
16 86 26
12 76 2
35 71 48
29 50 37
66 89 7
37 52 19
20 31 51
13 15 30
45 80 21
41 83 3
8 71 54
20 44 5
55 72 59
79 84 53
44 62 51
76 76 45
81 89 48
54 84 28
60 81 41
12 78 9
43 56 12
31 41 29
1 25 58
86 89 32
40 40 6
53 56 12
24 27 8
16 25 55
9 85 20
8 15 28
38 75 13
12 75 15
26 50 17
65 86 16
28 88 12
30 56 19
72 85 46
69 85 19
62 63 24
75 88 28
17 54 30
78 78 31
65 78 13
1 32 18
0 50 40
83 88 24
62 72 19
66 80 54
14 20 10
8 63 11
27 72 49
45 88 6
32 40 36
88 88 33
48 54 49
50 55 44
71 79 30
28 79 27
16 50 53
2 38 40
69 86 34
14 69 37
85 88 55
74 88 7
45 52 20
0 72 41
23 37 21
27 85 32
18 55 27
82 86 56
57 79 34
16 88 36
22 73 7
23 86 39
45 82 55
73 85 37
56 73 30
28 38 15
26 59 1
42 72 57
6 71 55
14 34 28
54 89 4
31 34 40
79 79 53
26 76 50
42 65 26
82 87 22
50 71 21
79 88 42
31 38 21
76 86 38
2 85 33
