230 1150
162
155
194
175
131
101
180
191
170
191
177
103
110
113
110
151
138
192
141
134
185
149
143
159
157
124
162
158
113
117
108
145
151
149
106
114
150
140
120
107
164
161
142
142
195
125
110
130
198
180
131
160
185
139
150
112
167
119
174
191
200
180
131
119
160
175
167
116
140
142
163
152
144
196
164
156
143
100
132
145
159
151
174
158
137
116
156
131
147
143
119
100
195
199
149
135
167
169
124
180
156
160
106
182
190
170
189
167
157
182
146
120
158
134
176
113
189
155
150
163
103
112
190
175
100
138
125
185
147
108
114
184
160
179
190
192
170
102
187
191
107
138
133
175
181
187
181
199
102
162
145
197
199
113
156
198
108
151
108
118
122
175
118
125
139
120
125
161
157
128
192
187
106
102
123
181
160
159
100
172
167
161
186
153
107
128
182
178
177
196
175
186
146
143
110
134
193
173
108
111
124
140
178
188
128
194
103
135
162
115
149
141
182
187
151
166
168
156
146
173
189
147
106
103
131
164
109
112
141
199
0 1 58
1 2 57
0 3 55
3 4 60
0 5 8
5 6 55
0 7 38
2 8 58
0 9 49
6 10 28
8 11 44
2 12 2
12 13 30
9 14 58
4 15 57
5 16 4
6 17 18
12 18 23
12 19 56
16 20 26
16 21 17
4 22 1
21 23 9
5 24 39
0 25 48
13 26 0
2 27 17
19 28 9
16 29 1
7 30 26
23 31 44
16 32 13
3 33 48
10 34 49
1 35 50
3 36 9
23 37 56
29 38 43
18 39 33
30 40 46
6 41 22
28 42 11
8 43 53
36 44 25
5 45 46
36 46 1
15 47 35
24 48 25
15 49 49
47 50 51
30 51 4
12 52 31
43 53 34
2 54 39
49 55 35
5 56 58
14 57 26
26 58 14
21 59 45
12 60 27
5 61 17
13 62 4
25 63 49
20 64 2
28 65 25
54 66 52
53 67 40
17 68 22
46 69 45
5 70 1
21 71 32
65 72 36
50 73 51
65 74 18
55 75 3
17 76 23
37 77 36
70 78 32
42 79 34
7 80 39
67 81 35
48 82 41
70 83 30
34 84 19
69 85 60
85 86 43
62 87 15
20 88 44
20 89 13
69 90 38
12 91 53
5 92 22
78 93 36
2 94 47
84 95 29
89 96 43
38 97 10
88 98 2
74 99 31
63 100 28
24 101 21
23 102 3
90 103 36
49 104 18
59 105 27
42 106 48
91 107 46
44 108 5
57 109 18
108 110 17
72 111 56
39 112 26
10 113 60
53 114 38
26 115 7
5 116 59
45 117 53
10 118 21
59 119 45
102 120 44
16 121 2
19 122 44
87 123 58
97 124 30
5 125 37
44 126 26
24 127 45
65 128 0
112 129 17
100 130 0
53 131 26
6 132 56
128 133 39
27 134 17
131 135 17
115 136 40
52 137 54
101 138 43
68 139 29
20 140 53
106 141 30
129 142 23
82 143 40
73 144 0
64 145 12
111 146 52
102 147 50
27 148 27
117 149 38
44 150 19
130 151 40
56 152 31
125 153 16
44 154 4
15 155 32
44 156 24
101 157 42
103 158 24
130 159 52
94 160 43
60 161 26
16 162 59
13 163 41
94 164 31
162 165 52
65 166 24
35 167 19
122 168 23
85 169 12
35 170 10
162 171 38
124 172 0
39 173 25
163 174 13
79 175 5
158 176 56
120 177 9
74 178 34
33 179 25
20 180 48
153 181 43
46 182 3
124 183 7
164 184 1
84 185 5
71 186 8
7 187 51
43 188 20
40 189 7
2 190 21
148 191 8
48 192 48
28 193 38
102 194 50
45 195 50
80 196 34
20 197 22
37 198 52
197 199 55
56 200 47
9 201 44
199 202 20
81 203 14
84 204 1
182 205 31
63 206 26
4 207 10
118 208 37
158 209 58
4 210 38
102 211 38
19 212 10
163 213 53
128 214 5
144 215 5
28 216 46
180 217 28
22 218 0
93 219 36
64 220 20
214 221 14
131 222 55
8 223 55
38 224 48
155 225 3
166 226 20
169 227 55
30 228 2
58 229 26
42 163 19
142 191 4
145 156 9
52 110 4
202 220 0
86 113 44
103 176 38
53 93 15
10 184 18
75 84 35
88 147 59
181 213 8
2 205 23
69 103 57
111 218 18
16 75 13
138 195 60
102 123 7
105 150 31
160 216 1
163 197 1
13 212 32
78 151 43
92 125 56
120 149 19
81 207 19
137 175 11
36 179 37
155 186 15
23 112 53
112 182 13
7 24 13
147 170 35
192 206 34
205 217 1
198 209 41
89 90 41
31 211 41
115 218 41
58 88 25
202 219 44
100 124 21
50 147 59
46 149 22
39 76 31
178 184 29
159 219 51
217 217 8
199 212 50
5 157 31
110 228 28
147 167 56
220 221 54
224 226 18
199 211 49
199 207 25
51 68 20
36 64 51
115 229 7
14 181 12
59 220 39
191 222 23
64 152 51
27 76 31
139 211 22
76 133 2
137 185 13
84 189 22
152 219 28
17 87 48
177 197 30
215 215 48
165 211 45
191 229 42
146 176 20
107 166 13
47 161 13
8 222 48
28 161 60
183 197 31
183 226 57
226 226 19
19 224 24
79 213 60
77 114 49
212 217 28
18 113 26
83 153 22
144 181 41
5 220 21
48 182 11
61 90 11
2 97 44
93 110 42
172 175 58
113 186 9
172 229 35
37 47 60
118 190 26
53 140 13
120 182 56
226 229 33
132 140 7
77 105 59
87 157 42
148 193 41
155 180 5
82 166 59
58 112 54
42 166 25
40 184 39
99 190 10
111 112 8
8 41 20
155 195 13
72 135 11
136 225 6
155 166 37
54 101 4
101 136 60
112 166 22
121 205 23
216 219 55
211 228 22
111 121 35
207 212 9
178 183 31
50 182 48
74 118 36
135 202 2
139 223 22
220 220 31
150 174 22
114 163 10
98 216 3
95 226 31
158 198 21
101 176 21
173 198 37
189 192 37
218 219 45
82 161 4
21 40 41
85 89 20
180 181 30
58 189 46
204 216 9
69 96 21
203 218 38
112 218 28
184 189 2
152 218 5
187 187 34
223 229 13
198 202 38
21 197 10
117 185 43
160 199 29
15 81 12
147 147 46
142 148 44
146 147 37
2 222 3
106 138 18
132 203 2
182 206 51
46 184 23
65 109 20
102 115 22
50 96 23
171 198 17
221 221 6
174 182 26
11 15 55
68 161 15
136 156 21
121 170 20
77 149 14
62 85 51
80 135 27
194 198 57
24 221 59
164 168 58
114 147 37
177 214 57
161 197 7
64 227 2
79 221 7
149 222 20
20 59 38
37 78 3
156 156 35
163 223 53
85 156 17
80 203 50
29 78 52
53 206 47
44 206 43
38 207 34
142 151 57
40 226 12
115 122 54
47 65 18
166 168 31
179 182 37
11 78 0
53 191 2
46 171 45
131 181 26
49 60 38
120 124 50
122 214 11
187 204 14
38 190 56
13 111 0
95 112 31
178 187 11
34 201 32
123 134 21
34 195 50
84 200 28
163 204 55
219 224 47
172 192 53
133 183 26
30 222 32
12 181 50
83 207 16
52 130 40
225 229 33
168 184 35
83 179 11
85 164 51
165 206 43
219 219 13
172 196 34
214 218 26
102 121 34
210 221 25
192 220 1
60 139 42
38 105 34
147 207 50
48 208 45
14 132 38
176 187 1
85 87 31
187 210 25
57 111 1
152 213 24
80 114 47
122 129 5
226 227 29
187 193 35
173 219 20
62 228 47
177 227 51
171 183 20
223 228 52
70 177 43
32 80 36
101 196 42
199 209 33
37 56 7
43 44 49
77 169 56
192 213 32
34 190 28
215 217 18
140 157 43
140 214 32
46 157 52
51 177 50
185 207 55
204 212 27
127 155 32
180 195 11
21 134 35
3 208 29
128 198 48
131 157 58
31 48 51
16 146 48
111 148 24
193 212 43
10 42 40
95 109 35
88 112 54
80 175 7
197 209 60
59 222 29
54 64 18
8 216 20
84 226 15
221 223 24
9 40 9
168 173 15
220 227 20
131 136 17
99 189 33
186 199 3
179 220 0
87 196 39
109 187 33
195 222 18
30 164 45
227 228 39
59 138 53
120 198 58
115 174 27
155 217 25
28 188 25
84 102 59
57 184 34
38 127 30
120 216 6
177 219 1
150 222 53
151 175 48
51 138 45
111 204 59
116 205 60
50 167 44
130 182 43
14 55 43
170 225 55
96 162 2
184 204 6
77 226 47
19 166 60
34 37 41
120 154 12
55 85 21
122 160 49
196 210 58
139 217 42
187 226 0
67 80 39
142 193 19
31 136 14
140 174 31
25 214 45
4 123 32
57 195 3
131 202 37
24 61 55
137 154 32
155 188 36
69 81 9
76 156 19
56 65 42
212 221 15
124 131 43
130 158 39
21 219 2
219 220 54
32 210 59
62 139 30
128 155 11
138 196 11
16 24 1
202 208 47
179 189 24
179 190 55
190 214 13
117 211 44
80 206 17
123 201 30
117 140 41
93 226 51
155 208 7
181 216 42
197 222 57
101 188 5
39 121 31
207 223 58
84 146 48
33 153 29
109 135 17
14 127 48
82 175 52
98 227 12
53 68 59
87 194 14
151 194 57
20 135 48
158 225 7
153 156 25
110 150 37
167 176 4
156 195 13
93 180 46
182 226 12
23 196 6
51 126 9
121 225 10
169 184 44
58 173 39
63 156 2
119 139 27
156 171 5
203 224 50
48 170 53
7 19 22
123 188 46
51 129 52
132 177 16
108 198 1
40 186 52
166 170 56
40 166 52
210 214 19
106 221 52
145 203 55
35 153 22
129 222 45
36 125 34
9 75 10
145 199 29
107 206 13
163 169 59
127 173 25
33 33 53
225 225 53
147 203 27
103 184 52
40 112 35
20 145 37
81 154 27
97 177 46
32 143 27
209 223 44
79 179 15
100 129 38
72 203 33
111 158 49
39 167 7
158 171 10
192 226 3
207 207 55
84 142 8
109 186 46
158 199 4
224 224 60
133 227 3
163 193 60
31 65 47
214 225 38
178 225 6
203 213 59
126 228 11
67 228 14
92 219 55
28 186 53
198 200 59
98 150 29
183 193 14
43 74 48
210 211 6
9 24 43
194 206 25
54 177 49
225 227 25
108 173 17
133 179 54
93 171 24
12 159 9
33 220 0
102 217 24
210 218 13
129 191 3
35 58 22
128 229 25
194 202 51
27 31 7
99 109 25
199 206 10
148 166 59
198 203 40
8 225 57
39 163 28
146 159 44
13 121 26
81 100 12
88 159 2
206 229 54
8 36 0
158 203 4
186 191 40
173 217 58
27 172 45
77 183 35
111 143 46
20 77 16
133 172 47
44 71 30
145 187 25
168 194 43
168 216 59
148 156 0
116 152 38
60 61 14
15 86 39
70 128 59
193 199 52
135 199 19
59 121 30
1 126 47
188 194 2
87 229 45
152 160 19
62 150 17
90 177 41
223 224 6
6 31 34
103 147 28
56 203 36
28 156 7
111 189 60
53 71 2
58 111 18
204 228 42
221 227 47
228 228 40
59 212 45
154 183 1
104 203 40
188 211 31
27 102 16
138 222 26
149 151 30
68 201 4
198 199 5
33 226 50
43 60 24
227 227 21
163 211 42
38 184 23
205 227 48
31 110 2
2 44 41
173 181 44
52 123 50
100 132 2
174 187 47
41 41 48
222 229 21
131 143 42
164 219 18
180 215 22
13 17 18
51 140 37
186 218 45
101 111 60
61 181 28
146 213 56
136 193 28
144 196 37
53 123 51
69 79 39
56 197 7
36 134 7
10 116 11
87 175 0
55 228 41
26 155 30
57 118 6
125 146 53
126 191 25
25 104 45
138 217 19
190 204 29
104 194 14
69 118 23
87 97 52
124 214 50
183 190 15
135 222 44
109 163 9
85 178 29
132 227 43
35 120 24
112 119 33
219 221 15
152 214 14
158 177 46
151 160 44
36 209 45
192 222 7
150 150 0
68 125 52
41 223 1
3 21 55
197 225 43
174 228 20
9 157 15
145 159 48
70 165 24
93 105 28
32 185 1
120 132 32
126 165 58
36 201 12
35 69 7
187 205 7
151 186 34
13 177 39
65 79 22
196 222 3
55 134 19
3 159 14
67 211 57
116 209 5
61 168 18
201 216 56
75 148 15
100 128 14
74 112 49
37 170 30
47 221 52
144 149 50
6 185 23
83 225 20
56 91 25
218 220 11
118 151 42
198 222 54
177 206 48
85 121 20
61 75 33
26 213 11
81 228 45
148 208 31
13 137 6
194 221 55
29 135 44
90 186 55
150 162 54
65 101 6
48 125 51
153 215 56
85 144 33
154 170 53
71 179 46
144 199 1
125 185 43
199 226 56
126 202 36
131 142 44
173 175 38
188 199 39
191 215 48
221 226 52
119 119 13
19 88 22
146 148 58
195 203 21
89 116 56
56 108 54
73 100 23
197 228 20
15 68 59
200 201 10
45 118 27
86 182 22
80 113 48
222 225 10
147 225 56
101 156 7
192 193 44
192 225 52
214 227 9
135 189 36
205 206 13
216 225 57
114 130 60
37 108 47
93 178 8
23 200 52
152 179 28
82 210 36
52 202 58
99 139 18
182 197 60
59 155 7
93 182 56
78 224 15
0 203 8
72 144 56
87 189 57
2 85 48
177 198 57
67 177 23
117 154 15
186 203 54
64 66 56
39 180 35
199 228 47
177 188 12
12 82 28
153 165 37
8 205 32
155 209 40
125 140 42
38 159 41
54 176 51
37 69 17
45 109 29
202 217 6
152 184 33
121 193 11
49 144 56
190 228 45
39 58 37
131 187 9
19 129 53
27 218 12
34 99 32
43 164 17
16 46 24
169 217 43
220 222 59
29 84 48
127 137 25
4 7 14
211 216 43
155 201 20
79 106 13
214 216 22
77 135 55
185 190 28
216 217 49
188 228 34
200 223 60
101 205 23
94 105 28
80 129 37
122 220 24
192 221 48
129 198 49
121 135 17
92 204 16
153 178 36
31 226 50
8 101 42
166 169 15
196 200 56
48 228 21
155 192 28
153 212 58
15 149 44
41 182 36
140 208 24
102 104 55
36 181 23
219 228 36
115 211 44
119 188 27
135 196 38
41 126 18
142 177 54
146 211 20
110 178 48
128 200 21
120 181 6
92 174 38
97 126 16
126 214 34
74 89 10
159 228 46
14 180 48
27 143 16
208 229 1
14 15 30
22 32 12
9 30 25
71 78 60
91 211 8
78 180 47
126 159 15
113 115 35
184 197 1
143 164 22
136 200 46
178 190 31
147 224 5
77 123 25
95 120 15
194 212 42
157 207 44
174 203 59
157 216 60
134 146 36
161 215 40
66 191 42
60 63 37
97 173 48
87 225 54
187 218 24
205 207 60
52 218 58
105 123 12
203 219 59
15 131 54
182 208 21
33 134 59
98 167 1
145 189 18
53 111 55
30 35 12
84 160 54
11 179 35
46 101 46
125 172 45
133 141 27
202 221 32
157 211 34
200 212 56
65 115 15
110 216 38
50 173 53
34 132 58
88 227 25
1 215 25
132 209 7
125 158 2
178 212 13
213 225 23
0 38 17
175 193 39
126 154 14
32 184 60
189 228 35
32 89 31
152 222 17
54 144 30
37 82 26
143 157 33
223 226 12
143 195 34
177 213 7
188 197 53
110 154 42
77 83 59
122 186 42
159 204 33
30 30 36
195 208 48
213 224 14
92 109 7
90 126 7
171 182 0
207 215 42
6 33 47
34 86 23
109 218 57
225 226 46
16 99 30
188 214 11
4 189 3
117 152 14
38 194 16
125 179 5
144 158 48
109 210 53
195 223 6
132 204 39
136 219 16
214 224 29
145 174 52
148 202 18
142 212 60
80 184 3
132 143 13
185 189 22
83 206 41
87 179 41
212 222 6
152 203 11
114 168 27
36 150 15
149 213 53
179 187 45
57 91 26
60 227 52
21 121 16
208 219 34
65 176 28
153 218 14
62 122 9
46 98 6
72 186 56
160 195 6
183 225 41
10 19 52
165 225 33
186 207 35
211 211 59
228 229 55
23 169 13
206 213 10
95 139 15
178 191 50
13 45 52
74 95 19
9 87 32
90 211 31
227 229 55
172 198 47
91 136 52
193 223 26
139 177 22
106 214 6
214 214 48
54 211 13
218 229 15
132 218 9
122 221 44
13 207 23
42 197 1
195 219 1
