35 105
145
116
133
127
122
172
163
146
113
175
102
163
200
141
135
145
133
122
165
148
153
167
145
115
106
100
124
195
198
102
153
159
111
181
200
0 1 21
1 2 45
0 3 7
3 4 29
1 5 45
2 6 4
4 7 32
0 8 9
1 9 6
1 10 17
5 11 60
5 12 50
11 13 27
2 14 12
10 15 17
11 16 4
12 17 51
10 18 21
6 19 59
18 20 6
18 21 14
0 22 23
17 23 9
0 24 11
23 25 22
18 26 19
26 27 55
9 28 42
25 29 45
13 30 48
1 31 4
17 32 11
13 33 38
28 34 48
15 34 46
24 33 59
2 21 51
7 32 31
31 33 8
23 26 23
5 7 38
15 31 36
17 25 15
7 11 24
33 33 0
21 21 16
12 18 34
28 28 6
21 32 32
30 31 57
10 19 10
27 27 29
14 23 32
7 34 17
25 25 2
12 24 16
14 28 17
31 34 10
4 28 60
10 25 32
3 27 53
29 34 15
31 31 53
26 28 48
17 30 16
8 8 41
7 27 59
21 27 20
13 29 31
2 31 58
1 14 49
30 33 38
14 18 40
23 29 37
29 33 0
23 23 50
9 9 8
8 29 45
26 34 35
22 27 31
5 24 58
13 16 50
4 10 5
4 12 20
8 16 18
13 18 19
6 24 11
1 16 36
23 33 13
9 14 52
9 13 44
19 19 58
2 15 33
8 11 2
26 33 49
4 8 26
19 25 38
24 27 12
20 20 43
7 9 37
9 17 28
1 25 2
15 33 0
27 32 19
10 12 14
