90 270
110
123
140
191
104
128
143
126
153
116
107
107
187
194
104
184
120
147
146
186
169
143
121
182
159
179
192
192
152
186
146
121
116
110
178
164
119
159
130
152
129
162
173
142
144
149
189
160
143
148
132
149
200
149
122
177
115
190
150
155
113
120
179
108
197
121
166
111
195
162
169
106
190
112
185
163
159
180
105
196
161
146
166
180
186
198
160
107
192
111
0 1 37
0 2 27
1 3 26
2 4 18
4 5 58
5 6 21
5 7 52
4 8 46
1 9 3
6 10 41
5 11 50
7 12 25
1 13 2
9 14 32
3 15 16
3 16 53
10 17 11
9 18 7
1 19 9
15 20 36
7 21 49
3 22 11
5 23 7
23 24 25
3 25 38
8 26 30
10 27 9
26 28 28
10 29 48
20 30 31
25 31 16
10 32 31
14 33 51
7 34 6
19 35 5
32 36 49
22 37 35
5 38 29
23 39 4
17 40 49
40 41 39
38 42 24
2 43 30
26 44 59
44 45 3
21 46 15
21 47 20
13 48 17
0 49 18
20 50 16
20 51 45
41 52 34
0 53 41
41 54 5
39 55 4
10 56 48
6 57 36
22 58 15
57 59 52
56 60 37
54 61 8
52 62 16
55 63 0
22 64 57
19 65 7
63 66 18
3 67 10
34 68 54
61 69 22
63 70 54
8 71 48
32 72 38
46 73 5
18 74 13
22 75 23
53 76 8
35 77 39
29 78 18
73 79 17
41 80 18
34 81 57
37 82 60
80 83 35
74 84 48
75 85 53
13 86 21
25 87 58
48 88 27
73 89 10
54 58 45
79 84 41
19 23 44
43 66 0
46 82 31
23 61 23
70 74 37
21 22 13
30 47 57
24 51 55
17 33 21
75 88 22
44 81 11
18 27 46
79 86 28
35 39 55
68 87 13
76 81 44
81 85 1
15 50 51
37 43 15
62 84 8
50 57 7
27 72 56
62 85 14
25 51 47
20 56 3
56 82 12
10 26 33
47 72 52
7 59 50
57 64 12
65 89 18
15 57 48
19 81 30
86 88 8
5 69 31
62 86 25
42 88 16
49 60 10
35 89 28
85 87 27
86 89 23
2 86 17
44 79 8
87 89 51
38 88 3
20 35 14
66 86 6
2 63 16
58 74 22
20 82 43
49 71 3
32 32 16
24 78 25
21 75 40
54 88 28
18 77 22
87 87 22
75 89 50
32 67 19
53 83 18
8 47 24
8 49 2
11 43 35
46 78 59
66 83 2
55 64 29
18 49 21
63 87 15
5 15 48
18 63 51
82 82 27
21 56 58
27 64 7
53 71 24
43 68 50
70 75 55
45 61 36
85 89 35
44 59 0
52 73 39
50 50 2
43 76 46
16 76 9
51 56 1
42 72 2
11 83 47
49 63 53
84 88 47
79 85 36
63 82 22
54 77 40
2 38 27
83 89 31
80 89 22
17 45 48
79 83 22
24 42 44
66 81 15
76 84 57
88 88 38
41 68 45
7 44 44
12 16 35
67 89 59
50 85 53
44 60 5
31 75 27
58 78 27
58 60 38
70 70 43
5 66 12
5 33 19
17 56 31
57 73 27
40 81 23
75 77 13
73 86 53
69 70 29
11 25 21
67 67 39
52 76 34
26 36 34
47 64 2
43 77 8
28 33 27
13 41 45
86 87 26
59 82 7
60 89 5
57 88 11
17 89 34
25 80 52
77 84 46
8 24 34
30 58 2
27 38 60
80 80 7
46 51 47
12 64 39
83 85 55
35 81 52
23 56 58
43 82 23
46 50 13
54 70 36
34 79 36
15 85 43
49 61 2
24 56 25
50 65 28
53 79 0
57 79 32
30 41 8
51 51 19
3 44 32
72 84 40
30 69 60
49 86 52
71 71 27
39 76 60
41 57 46
65 79 32
1 21 8
42 64 22
62 82 54
68 81 0
39 88 48
60 73 0
24 59 28
59 89 5
68 71 48
56 75 17
83 84 40
73 82 2
55 62 27
14 88 9
20 83 35
30 71 19
2 29 24
