250 1250
112
102
151
101
158
192
103
118
169
194
161
174
125
101
164
134
125
108
101
107
155
183
194
114
101
145
189
167
155
171
166
133
167
152
177
162
133
158
111
124
144
168
157
145
154
122
181
123
175
200
168
106
191
148
171
135
134
200
118
137
132
194
141
154
112
176
125
107
185
169
180
105
170
182
127
172
144
175
112
139
183
135
143
184
146
156
172
106
185
138
109
131
183
149
117
124
151
142
185
180
105
181
175
168
163
182
153
160
143
165
139
104
179
116
114
190
164
163
191
151
166
157
148
181
150
102
173
180
165
115
124
129
132
180
116
129
140
162
114
122
180
136
150
142
119
134
179
167
162
166
192
176
154
163
191
150
163
115
177
176
167
183
149
134
138
157
107
131
163
147
162
113
142
187
151
137
140
126
188
100
194
131
180
184
195
162
132
178
145
140
159
183
111
102
119
162
133
162
129
178
133
178
147
165
177
176
196
176
186
171
169
118
131
168
136
160
129
135
198
105
189
200
193
111
178
112
105
174
130
101
187
172
139
161
178
150
109
183
179
159
200
178
137
186
170
103
130
114
186
128
0 1 25
0 2 29
0 3 56
3 4 34
0 5 27
2 6 60
6 7 0
2 8 35
1 9 56
3 10 36
6 11 5
11 12 28
4 13 2
4 14 29
11 15 46
5 16 43
6 17 53
11 18 1
4 19 52
8 20 36
20 21 31
15 22 47
15 23 40
12 24 17
15 25 56
3 26 11
6 27 9
19 28 36
13 29 41
14 30 31
19 31 4
7 32 12
14 33 45
16 34 40
10 35 51
24 36 15
22 37 11
9 38 9
12 39 40
3 40 18
26 41 8
38 42 27
13 43 31
4 44 54
38 45 41
1 46 59
28 47 5
28 48 14
29 49 17
48 50 25
20 51 41
41 52 53
24 53 4
42 54 11
49 55 47
20 56 57
49 57 52
11 58 24
3 59 19
55 60 44
54 61 20
52 62 19
62 63 42
1 64 13
29 65 15
42 66 52
26 67 17
14 68 15
14 69 19
50 70 51
24 71 4
40 72 20
21 73 51
51 74 31
13 75 5
60 76 11
22 77 59
42 78 30
52 79 22
40 80 38
12 81 47
52 82 13
16 83 17
73 84 31
20 85 42
3 86 2
25 87 52
54 88 4
87 89 7
53 90 45
40 91 4
33 92 30
72 93 45
18 94 59
66 95 0
54 96 60
36 97 22
97 98 15
70 99 51
69 100 33
17 101 40
70 102 53
89 103 10
102 104 7
5 105 18
11 106 43
35 107 3
19 108 5
82 109 37
81 110 44
17 111 25
1 112 11
36 113 9
43 114 13
17 115 53
4 116 16
57 117 50
59 118 32
46 119 25
53 120 41
5 121 51
63 122 53
49 123 41
39 124 43
83 125 37
86 126 60
8 127 6
77 128 52
50 129 40
125 130 36
85 131 44
67 132 41
61 133 4
88 134 57
90 135 52
50 136 24
69 137 4
103 138 33
54 139 19
43 140 55
73 141 18
15 142 16
108 143 43
108 144 5
15 145 27
27 146 27
40 147 58
69 148 2
16 149 30
17 150 15
97 151 12
12 152 28
111 153 22
103 154 60
91 155 45
18 156 51
154 157 29
59 158 50
139 159 50
152 160 27
2 161 8
117 162 12
99 163 3
76 164 45
39 165 2
56 166 11
124 167 57
15 168 49
9 169 19
66 170 22
169 171 32
41 172 56
80 173 6
72 174 22
23 175 50
104 176 18
62 177 37
23 178 42
173 179 11
73 180 3
88 181 39
15 182 17
112 183 19
125 184 43
19 185 21
3 186 14
75 187 46
118 188 50
56 189 22
70 190 18
174 191 21
21 192 47
24 193 20
95 194 16
53 195 37
74 196 21
99 197 30
41 198 40
76 199 1
13 200 13
107 201 47
109 202 34
135 203 6
202 204 9
49 205 21
143 206 14
189 207 44
48 208 38
38 209 35
128 210 16
23 211 8
169 212 30
74 213 53
158 214 40
171 215 49
195 216 38
12 217 47
5 218 16
97 219 49
154 220 1
116 221 13
177 222 27
148 223 44
172 224 38
97 225 46
120 226 14
216 227 21
47 228 60
156 229 21
63 230 28
80 231 23
205 232 37
190 233 36
104 234 34
204 235 50
41 236 11
162 237 16
171 238 24
149 239 27
140 240 30
112 241 3
165 242 52
3 243 30
25 244 10
63 245 43
103 246 48
26 247 3
40 248 10
102 249 50
21 193 49
78 221 3
68 121 52
59 190 36
13 128 54
186 203 45
128 182 59
147 185 10
203 218 10
163 227 5
245 245 38
63 85 43
197 216 6
145 175 27
232 246 18
229 241 56
117 220 49
143 227 4
184 242 18
198 201 28
63 189 4
54 141 13
38 232 57
53 221 10
179 200 40
35 153 8
182 204 6
247 248 39
160 225 22
91 189 44
203 243 12
58 111 30
23 117 26
184 206 9
102 198 13
30 106 25
143 244 8
1 96 7
188 213 15
199 205 8
147 204 10
60 85 10
240 249 31
215 232 28
227 247 35
232 238 21
54 140 38
39 213 24
86 169 3
200 212 11
204 227 38
26 48 48
244 244 46
154 211 30
228 247 46
214 243 50
230 244 50
53 146 51
192 239 28
155 194 44
210 219 58
205 241 60
63 225 48
111 132 28
184 228 20
134 137 39
209 249 46
109 191 14
28 213 2
40 60 29
40 90 32
18 46 44
246 249 12
93 177 46
66 178 45
178 219 55
222 233 44
151 246 7
151 173 47
78 129 0
4 227 42
46 120 53
115 186 4
57 86 36
52 190 58
24 84 48
123 165 45
22 191 43
65 172 51
220 233 54
101 247 52
142 168 44
26 222 39
185 247 51
227 240 26
88 206 49
102 144 58
101 120 31
235 244 23
222 238 5
125 125 51
1 23 38
131 137 0
97 226 56
50 199 13
122 134 51
69 229 59
133 173 50
40 96 20
114 173 18
225 232 22
225 249 1
164 234 57
167 203 33
159 206 45
96 145 49
84 170 53
20 123 16
26 150 6
46 61 52
77 248 14
171 223 34
46 71 43
62 200 24
220 245 22
40 202 31
47 53 59
126 128 26
78 91 18
15 50 25
216 233 19
167 216 50
63 81 22
16 236 12
197 230 15
215 217 19
10 157 54
98 208 3
51 181 49
175 238 37
44 107 26
144 220 43
116 140 39
223 224 56
92 166 19
220 241 5
189 198 39
81 154 50
24 33 11
169 174 29
142 205 23
142 175 36
161 164 50
215 228 10
77 148 25
30 224 42
211 217 56
23 35 31
95 142 24
102 141 38
65 238 41
216 224 37
183 210 32
232 241 43
109 228 42
211 230 18
104 164 7
64 184 22
27 76 42
0 212 1
124 235 2
136 213 51
12 31 43
90 127 42
118 164 27
180 192 57
188 188 10
189 237 60
160 228 52
156 175 40
155 214 54
53 76 56
161 221 55
111 120 0
233 236 9
96 161 30
108 173 10
169 241 23
240 240 14
190 248 43
204 243 5
207 237 56
130 210 22
156 219 60
224 230 38
159 235 53
90 249 11
183 190 46
38 183 60
222 235 25
126 171 49
114 147 34
223 238 56
209 243 8
214 220 25
161 198 42
41 223 3
41 183 20
39 111 29
94 134 48
27 174 27
77 151 48
91 104 17
46 212 54
105 211 11
74 208 33
138 244 42
63 149 58
170 175 40
214 225 13
33 102 2
159 242 8
221 238 19
203 233 30
223 247 12
60 196 46
91 230 42
17 159 31
109 148 41
99 182 47
180 222 46
196 225 2
176 213 11
132 157 44
141 160 25
129 142 26
90 141 23
41 240 39
70 244 43
167 170 26
38 104 5
51 139 54
90 168 17
118 227 45
29 34 1
135 169 11
11 203 46
117 119 28
6 32 23
4 43 26
69 163 7
224 236 34
149 217 15
235 240 23
39 175 27
179 215 22
139 220 41
77 126 56
76 228 32
191 219 26
14 192 28
29 95 31
170 204 48
44 178 3
96 104 36
14 208 30
247 249 49
233 247 3
55 80 49
13 47 20
181 210 3
60 159 30
69 194 33
22 101 30
92 108 14
146 241 24
195 233 38
56 247 24
215 238 13
169 202 32
116 196 24
48 73 43
147 215 15
185 243 11
67 102 30
187 216 41
3 87 11
221 223 1
57 139 8
203 207 8
10 129 55
118 184 32
93 207 56
201 223 28
13 110 26
90 152 36
204 207 47
141 199 44
217 221 14
6 208 9
53 200 50
124 133 1
152 206 6
146 185 36
32 73 20
173 233 44
216 232 2
41 241 31
233 241 28
118 245 2
112 245 21
217 244 39
48 52 38
34 122 42
80 187 51
151 231 17
165 234 13
126 142 10
146 224 36
199 243 10
3 88 38
124 214 54
70 208 31
45 55 23
144 194 13
140 182 1
196 208 23
203 206 32
133 185 42
54 113 38
58 117 31
132 248 17
56 139 33
204 236 31
170 240 37
210 225 58
129 164 20
72 142 23
227 227 1
52 87 48
236 237 3
199 223 12
133 243 45
152 189 47
112 139 52
4 163 14
13 88 7
164 171 8
133 149 51
174 210 19
54 216 33
99 219 34
17 135 24
30 86 10
224 235 44
72 194 24
119 243 9
62 119 43
50 67 51
137 219 50
111 168 15
62 106 10
19 161 16
159 246 20
225 247 51
58 78 33
50 247 16
195 235 43
139 186 8
161 246 19
245 247 14
104 207 45
74 240 7
0 25 23
14 125 46
30 189 1
48 63 32
187 228 4
133 237 19
163 178 20
59 102 18
44 244 37
164 246 16
94 242 52
224 237 26
13 208 37
199 218 16
100 160 52
21 209 32
52 185 3
45 219 37
132 233 24
46 151 23
184 244 51
78 226 21
160 234 5
214 219 30
150 189 17
225 234 41
187 204 13
182 246 12
5 192 60
24 179 33
107 216 42
231 233 3
2 147 3
57 164 51
40 64 51
131 185 40
164 209 51
96 110 46
222 234 54
68 147 25
215 219 49
9 39 6
183 247 35
43 98 41
233 237 60
99 178 26
156 180 60
68 114 50
174 221 58
100 156 16
149 163 10
95 175 14
39 149 50
128 203 39
59 229 13
201 246 59
211 216 28
11 57 42
131 140 38
47 178 46
134 193 36
151 185 44
167 209 42
28 134 43
118 177 29
67 221 47
95 133 43
83 211 36
115 183 36
74 209 14
150 192 54
40 136 54
125 235 48
211 243 6
195 215 1
56 71 33
129 200 55
121 160 16
119 214 2
101 244 16
170 230 1
229 239 41
30 142 10
195 201 51
143 196 56
174 229 37
207 234 26
74 122 16
196 198 27
117 209 51
70 131 40
85 172 46
62 95 35
230 240 50
240 247 58
127 224 40
80 122 30
15 235 30
187 222 35
203 240 35
14 241 50
104 115 42
88 241 31
40 101 32
163 232 20
33 40 13
236 241 16
3 169 16
173 204 49
148 210 55
248 249 24
31 90 31
72 118 1
204 212 2
129 130 0
24 153 49
5 83 24
133 140 24
21 82 22
102 243 31
194 246 39
55 59 51
118 237 41
128 173 0
163 173 25
85 229 48
196 216 39
136 138 26
52 227 0
169 208 28
85 91 8
223 232 32
16 119 22
199 222 55
149 249 13
176 220 15
145 215 49
87 168 7
203 234 55
116 198 36
31 247 60
33 61 25
82 181 30
117 187 2
129 224 9
78 150 4
91 94 8
178 211 33
63 121 57
191 244 54
238 247 31
194 197 0
154 194 2
202 209 16
105 117 4
145 233 55
31 41 7
210 247 37
86 100 51
95 209 13
164 200 12
30 66 10
218 248 21
220 228 21
98 124 56
168 190 53
171 214 19
152 193 54
148 171 48
128 222 57
143 193 40
17 114 9
227 239 47
65 137 33
21 247 51
33 151 6
11 116 35
113 217 58
108 130 23
195 213 5
74 203 22
33 186 46
162 248 58
57 232 58
108 242 11
30 41 38
38 67 50
227 243 18
125 151 54
189 195 39
2 182 57
43 173 3
67 70 12
121 122 0
120 190 32
155 182 26
135 183 32
94 223 7
163 246 3
202 222 0
196 239 23
39 142 47
55 238 8
232 237 35
36 166 27
10 133 23
30 162 56
7 114 23
153 234 18
176 198 3
65 176 15
11 84 19
2 18 32
169 225 56
2 113 47
42 57 2
166 190 39
12 51 16
4 230 34
117 127 13
175 217 50
149 244 52
14 93 12
211 247 16
227 229 7
228 242 16
189 222 53
164 249 0
190 223 11
98 169 54
85 211 39
206 212 58
176 204 2
16 71 35
143 236 19
221 248 23
42 182 10
184 188 32
166 198 36
130 172 52
99 166 50
32 175 33
74 221 36
1 122 17
153 191 45
36 211 52
227 236 0
239 241 43
184 226 44
43 59 24
29 211 22
0 141 26
145 163 1
101 218 55
148 248 8
50 222 50
74 193 50
26 82 32
25 208 21
65 220 7
162 187 7
113 247 37
7 31 19
81 94 60
93 127 22
142 166 12
106 138 37
21 115 4
7 240 15
214 239 14
148 215 1
106 155 33
11 43 27
137 168 9
4 57 40
159 166 20
42 221 47
111 157 25
228 249 52
139 222 29
40 165 43
76 211 10
17 124 51
107 247 52
0 240 59
42 165 6
186 209 12
61 147 32
155 235 20
180 217 25
91 99 30
113 120 33
14 179 30
85 182 23
0 205 33
176 197 38
193 236 31
15 161 17
73 239 11
110 116 4
4 132 22
132 232 35
19 41 34
22 55 59
63 183 20
99 161 4
137 146 58
75 158 24
137 141 44
146 249 21
174 175 8
112 177 34
171 237 30
193 248 1
31 64 43
150 224 3
163 248 32
144 238 48
183 206 35
6 153 47
196 219 27
191 204 19
217 233 23
161 175 43
160 160 18
115 144 24
116 185 52
95 107 57
200 232 37
128 243 4
203 239 51
54 145 15
180 197 2
239 245 45
120 129 35
73 111 2
139 225 21
108 142 58
96 132 35
125 213 21
31 51 35
74 228 52
230 235 48
93 195 58
54 100 58
4 84 49
6 193 3
69 120 58
146 232 5
198 203 34
105 233 27
184 191 46
223 239 37
166 229 22
78 211 36
102 107 58
47 98 9
80 203 12
219 230 19
57 192 22
14 99 28
60 108 5
241 249 5
57 244 25
71 245 54
170 221 19
125 169 37
9 134 21
8 181 25
77 203 16
89 191 48
215 243 24
166 202 47
125 242 56
193 212 29
184 227 35
163 176 36
75 190 0
82 168 46
38 190 25
183 240 15
2 230 30
74 109 31
147 206 34
106 134 0
120 235 48
233 244 25
153 185 8
241 247 7
170 248 41
246 247 28
71 81 24
165 227 4
68 127 37
11 75 59
156 169 48
115 180 55
237 247 33
21 139 53
109 176 18
144 169 47
50 162 34
213 233 24
92 164 37
206 224 28
153 192 5
107 215 31
123 124 43
119 220 2
187 245 27
174 242 58
248 248 46
54 56 2
186 227 18
235 235 27
74 189 4
173 246 26
41 114 57
93 123 37
124 170 24
134 229 2
205 214 0
70 245 54
160 247 6
158 209 37
151 241 19
190 224 9
233 245 8
180 198 39
222 223 22
148 219 2
201 245 11
11 204 24
145 197 31
192 238 19
201 232 8
193 247 42
50 117 39
70 199 50
176 228 27
190 239 29
78 195 38
79 143 15
145 173 53
176 247 60
120 148 12
116 244 45
233 238 14
149 161 58
229 242 25
174 213 10
135 152 1
15 190 32
121 132 46
223 226 6
132 160 48
173 184 58
157 215 21
119 206 10
101 207 11
216 234 27
182 247 37
74 249 2
88 132 13
92 173 47
14 31 26
122 212 32
40 178 42
76 183 4
92 107 53
144 241 50
6 138 56
84 216 18
113 160 42
118 150 33
5 201 7
41 108 28
108 218 45
67 129 4
196 207 8
86 218 56
244 245 39
217 226 26
182 223 10
169 210 23
237 239 49
205 222 1
210 213 44
3 60 52
117 185 26
112 161 16
171 229 21
97 213 44
134 161 38
137 233 6
138 222 50
41 153 24
198 233 22
142 207 38
56 245 49
156 159 17
105 174 46
19 94 58
228 240 55
141 228 7
213 243 22
186 216 23
247 247 30
22 23 59
53 188 47
220 230 6
111 146 1
165 223 47
147 183 17
155 187 5
158 201 19
3 112 57
180 194 10
43 180 30
149 200 4
75 176 44
140 222 14
189 244 60
186 237 18
191 192 2
39 115 20
137 222 21
129 227 30
231 239 60
208 239 43
230 236 31
18 222 55
191 227 10
202 226 60
76 175 26
244 246 25
225 248 42
91 121 16
40 124 27
215 226 46
73 114 15
57 173 5
25 91 40
105 176 6
63 72 51
160 248 52
217 242 41
0 64 36
170 179 2
219 237 8
5 123 10
81 99 28
118 140 29
92 127 53
190 206 20
30 204 28
117 249 28
161 234 9
120 223 22
16 66 38
203 212 54
20 162 54
225 231 43
24 108 57
154 187 56
213 222 54
196 235 45
156 232 30
25 124 25
74 216 34
68 245 27
175 203 2
167 176 11
237 245 46
0 160 7
78 81 28
26 231 27
140 237 52
95 196 9
21 231 24
131 143 23
200 228 40
1 107 4
80 120 55
159 186 31
169 216 54
153 248 17
223 236 37
59 215 33
212 222 46
31 34 9
162 199 47
65 187 32
83 166 16
168 185 60
68 159 46
33 117 60
70 242 14
149 243 33
183 239 50
153 207 26
111 156 38
154 163 4
84 137 11
126 198 7
225 235 53
108 241 18
192 195 49
121 201 51
198 207 45
110 137 16
9 178 47
182 213 56
141 241 8
243 247 48
60 157 60
231 237 4
120 219 1
51 86 3
70 163 36
70 72 34
1 215 34
221 241 44
49 103 57
147 230 8
18 72 2
143 176 27
37 143 59
