150 750
162
155
194
175
131
101
180
191
170
191
177
103
110
113
110
151
138
192
141
134
185
149
143
159
157
124
162
158
113
117
108
145
151
149
106
114
150
140
120
107
164
161
142
142
195
125
110
130
198
180
131
160
185
139
150
112
167
119
174
191
200
180
131
119
160
175
167
116
140
142
163
152
144
196
164
156
143
100
132
145
159
151
174
158
137
116
156
131
147
143
119
100
195
199
149
135
167
169
124
180
156
160
106
182
190
170
189
167
157
182
146
120
158
134
176
113
189
155
150
163
103
112
190
175
100
138
125
185
147
108
114
184
160
179
190
192
170
102
187
191
107
138
133
175
181
187
181
199
102
162
0 1 46
1 2 17
2 3 25
3 4 3
1 5 7
2 6 43
1 7 31
7 8 24
4 9 46
7 10 23
3 11 40
3 12 44
8 13 49
8 14 8
14 15 53
7 16 9
0 17 60
6 18 43
4 19 34
15 20 17
5 21 28
21 22 39
20 23 47
2 24 27
3 25 33
25 26 19
4 27 47
26 28 53
14 29 36
17 30 41
7 31 18
22 32 8
18 33 50
10 34 56
25 35 16
9 36 2
11 37 50
19 38 12
10 39 4
24 40 1
27 41 58
27 42 57
13 43 55
11 44 60
40 45 8
27 46 55
33 47 38
26 48 58
36 49 49
46 50 28
46 51 44
14 52 2
11 53 30
47 54 58
24 55 57
13 56 4
31 57 18
42 58 23
34 59 56
36 60 26
51 61 17
2 62 1
36 63 9
29 64 39
5 65 48
15 66 0
22 67 17
35 68 9
43 69 1
27 70 26
46 71 44
56 72 13
9 73 48
32 74 49
41 75 50
19 76 9
20 77 56
23 78 43
10 79 33
70 80 46
10 81 22
30 82 11
71 83 53
0 84 25
50 85 46
70 86 1
39 87 35
40 88 25
35 89 49
77 90 51
77 91 4
28 92 31
65 93 34
28 94 39
44 95 35
13 96 58
7 97 26
42 98 14
91 99 45
12 100 27
28 101 17
11 102 4
55 103 49
44 104 2
63 105 25
64 106 52
0 107 40
41 108 22
96 109 45
45 110 1
83 111 32
25 112 36
68 113 51
69 114 18
95 115 3
5 116 23
43 117 36
16 118 32
117 119 34
47 120 39
68 121 35
108 122 41
29 123 30
86 124 19
44 125 60
123 126 43
50 127 15
12 128 44
112 129 13
39 130 38
128 131 53
61 132 22
19 133 36
44 134 47
94 135 29
1 136 43
86 137 10
100 138 2
45 139 31
103 140 28
31 141 21
73 142 3
90 143 36
129 144 18
94 145 27
2 146 48
23 147 46
12 148 5
130 149 18
95 148 56
37 95 45
78 128 38
22 115 25
148 149 53
55 56 10
53 67 44
19 48 58
122 123 58
72 84 16
21 60 26
13 87 55
101 124 17
97 138 32
65 124 56
6 115 29
3 10 17
53 139 16
111 119 43
61 68 56
60 80 30
102 102 37
93 136 0
94 136 21
92 129 50
29 93 8
118 144 19
17 32 58
15 76 16
118 122 38
12 126 24
107 119 39
4 23 52
4 93 24
79 135 59
124 142 35
42 120 52
2 35 32
105 149 23
126 127 17
87 110 38
104 104 11
25 116 13
24 95 22
117 133 35
6 108 48
123 125 23
48 48 7
40 72 4
22 139 8
64 137 4
57 121 7
116 149 33
12 147 5
59 108 50
119 128 57
66 79 52
63 82 18
94 94 44
125 133 24
57 74 1
5 133 38
127 139 10
11 149 53
39 64 38
116 127 6
135 137 53
115 115 46
127 129 46
2 92 21
55 124 36
27 95 1
24 105 55
144 146 34
88 90 3
51 77 20
96 111 2
126 133 56
37 96 19
53 84 4
128 138 9
60 148 4
79 148 0
36 81 44
62 108 38
51 145 15
47 89 18
22 121 35
45 58 59
30 141 8
37 52 23
30 85 57
58 93 18
146 149 13
126 135 60
56 59 7
141 145 31
0 126 1
46 47 1
40 117 32
85 117 43
126 149 19
115 147 19
97 102 11
22 83 37
76 83 15
26 84 53
27 67 13
13 24 13
11 55 35
1 48 34
24 67 1
64 131 41
90 112 7
16 89 41
46 139 41
68 96 25
67 144 44
105 134 21
56 111 59
108 129 22
57 75 31
16 98 29
65 72 51
111 124 8
62 135 50
72 104 31
44 100 28
40 66 56
25 141 54
135 146 18
31 89 49
41 140 25
89 148 20
143 147 51
134 143 7
33 137 12
101 137 39
94 113 23
113 146 51
45 66 31
147 149 22
65 79 2
67 131 13
10 89 22
53 73 28
116 134 48
56 82 30
39 54 48
71 126 45
86 99 42
93 114 20
94 147 13
55 116 13
114 136 48
86 140 31
34 129 57
65 67 19
3 21 24
133 142 60
18 64 49
118 133 28
121 134 26
55 113 22
124 129 41
82 107 21
14 82 11
0 32 11
80 135 44
75 135 42
60 131 58
59 106 9
52 123 35
35 100 60
85 125 26
102 135 13
42 102 56
140 141 33
112 132 7
55 81 59
72 116 42
12 121 5
120 122 59
32 56 54
18 42 25
27 133 39
99 122 10
23 133 8
65 129 20
132 142 13
125 140 11
89 94 6
28 102 37
117 142 4
9 83 60
131 143 22
10 12 23
113 137 55
124 136 22
145 148 35
24 92 9
84 87 31
52 128 48
58 82 36
51 93 2
10 115 22
136 138 31
74 94 22
61 78 10
77 112 3
10 121 31
24 46 21
121 135 21
66 100 37
32 45 45
43 137 4
50 145 41
25 69 20
64 91 30
73 82 46
15 101 9
25 106 21
138 144 38
85 143 28
133 144 2
72 138 5
22 47 34
113 131 13
47 108 38
130 135 10
133 135 43
129 133 29
88 145 12
87 141 46
43 147 44
109 128 37
49 136 3
103 115 18
108 137 2
120 120 51
103 148 23
25 129 20
72 135 22
83 140 23
117 123 17
11 28 6
14 78 26
48 103 55
2 19 15
53 60 21
113 147 20
75 102 14
51 140 51
6 55 27
34 50 57
44 87 59
34 122 58
137 143 37
4 133 57
138 147 7
72 85 2
13 112 7
111 148 20
147 147 38
80 101 3
53 89 35
120 127 53
145 146 17
76 115 50
17 124 52
142 142 47
25 59 43
118 127 34
56 124 12
75 132 54
140 140 18
79 118 31
78 117 37
44 54 0
105 144 2
95 128 45
29 57 26
69 132 38
74 100 50
5 143 11
36 115 14
108 108 0
75 122 31
103 104 11
99 147 32
74 105 21
104 109 50
39 71 28
72 125 55
38 91 47
82 100 53
96 96 26
56 76 32
104 129 50
105 109 16
7 62 40
24 111 33
61 62 35
103 128 11
126 146 51
17 87 43
51 117 13
22 96 34
131 140 34
60 92 1
107 112 42
38 41 34
24 36 50
79 110 38
40 75 1
130 142 31
80 140 25
1 93 1
33 55 24
31 60 47
72 103 5
21 112 29
110 147 35
97 141 20
142 148 47
12 81 51
125 144 20
109 110 52
3 143 43
141 144 36
96 131 42
46 125 33
46 93 7
10 93 49
66 104 56
132 137 32
141 142 28
66 143 18
25 102 43
11 133 32
44 149 52
28 143 50
66 109 55
22 148 27
95 131 32
127 142 11
74 149 35
91 123 29
37 147 48
83 95 58
89 147 51
51 114 48
1 138 24
50 125 43
29 39 40
114 142 54
58 65 7
114 138 60
138 142 29
42 68 18
115 140 20
90 136 15
133 141 24
33 129 9
81 139 15
72 127 20
56 99 17
13 63 33
44 141 3
122 131 0
137 142 39
38 90 33
3 65 18
4 108 45
92 109 39
75 139 53
59 87 58
139 140 27
35 142 25
83 116 25
82 118 59
113 144 11
112 125 34
111 140 30
84 136 6
82 146 1
120 142 53
109 142 48
24 113 45
49 137 59
68 95 60
134 147 44
82 109 3
2 114 43
8 139 43
45 130 55
68 146 2
94 129 47
30 52 60
64 143 41
60 114 12
52 54 21
111 137 49
28 98 58
45 81 42
101 120 52
90 125 0
34 35 39
79 138 19
76 114 14
133 134 31
102 146 45
89 102 32
139 146 3
0 101 37
106 133 55
111 113 32
130 143 9
109 121 19
4 128 31
54 123 15
21 129 43
48 130 39
128 139 2
119 129 54
102 107 30
117 138 11
24 100 1
3 128 47
92 131 24
97 149 55
57 65 13
118 140 44
26 80 17
64 93 30
37 60 41
122 127 51
12 83 7
133 140 42
54 93 5
84 114 31
45 126 58
144 148 48
111 147 29
118 137 17
5 15 48
19 23 24
11 136 12
11 132 59
100 126 14
10 131 57
120 145 48
102 121 7
17 28 37
32 80 4
3 44 13
81 142 46
85 90 12
76 119 6
108 127 9
106 123 10
146 146 44
27 56 39
10 127 2
113 133 27
33 145 5
32 81 50
126 130 53
106 149 22
77 123 46
43 75 16
91 102 52
39 59 52
43 106 19
24 115 52
67 68 55
29 31 45
35 61 34
19 51 10
59 68 29
63 147 13
121 123 59
64 73 25
113 122 53
11 101 53
41 61 27
66 121 52
43 146 35
112 139 37
56 136 46
81 123 27
143 143 44
33 133 15
13 141 38
78 89 33
135 138 49
83 128 7
14 19 10
38 42 3
143 146 55
91 141 8
26 34 46
93 132 60
70 126 3
107 133 26
130 134 60
62 137 38
18 69 6
28 30 11
11 27 14
59 91 55
95 99 57
60 94 53
148 148 59
122 146 29
17 19 14
0 16 48
24 147 6
141 143 43
113 138 25
135 143 49
20 57 25
10 143 17
18 40 54
5 128 24
70 125 9
59 111 0
62 65 24
95 103 13
93 103 3
88 92 22
13 102 25
96 104 51
23 32 7
104 140 25
48 145 10
86 102 59
11 115 40
86 109 57
79 111 28
114 127 44
37 49 26
102 145 12
125 131 2
90 137 54
139 145 0
45 132 33
4 53 4
142 143 40
23 33 58
16 133 45
116 120 35
131 131 46
32 49 16
112 115 20
16 114 47
134 139 30
40 77 25
16 74 43
37 105 0
63 144 38
42 83 14
23 106 39
33 124 59
97 142 52
113 130 30
90 132 2
53 140 45
102 116 19
5 10 17
124 141 41
42 127 6
81 88 34
34 58 28
41 60 36
30 62 60
8 83 2
73 137 18
22 110 42
68 124 47
17 50 40
79 139 45
84 93 1
87 123 40
6 149 31
77 113 16
5 42 26
52 149 4
35 50 9
40 131 5
107 127 50
91 96 24
69 93 21
59 146 42
4 16 23
137 139 48
137 141 2
95 114 41
38 95 55
61 84 44
24 81 50
