40 120
146
194
120
123
140
166
197
101
193
174
151
110
188
186
153
192
143
161
117
120
116
197
174
103
108
183
133
121
129
131
164
132
124
152
180
178
176
143
128
139
0 1 36
0 2 29
1 3 50
0 4 22
1 5 7
1 6 33
3 7 6
3 8 56
7 9 60
7 10 19
7 11 18
2 12 15
9 13 51
3 14 29
11 15 54
14 16 53
12 17 11
5 18 27
7 19 4
14 20 48
7 21 56
2 22 49
15 23 27
18 24 27
7 25 42
4 26 59
23 27 23
21 28 56
7 29 40
6 30 38
12 31 7
25 32 50
7 33 28
33 34 59
13 35 45
15 36 38
31 37 13
35 38 18
21 39 55
11 23 14
0 3 47
14 37 43
7 20 5
22 37 50
4 22 11
0 13 18
37 37 46
20 39 48
36 36 48
4 36 60
30 33 47
5 25 56
4 8 50
21 33 30
5 31 2
12 20 29
15 28 0
26 26 35
20 38 44
6 18 60
26 35 40
28 37 8
2 30 55
7 14 45
7 8 29
38 39 53
12 14 38
14 34 44
26 33 31
5 5 45
25 28 16
34 36 11
35 35 25
18 32 6
15 26 24
5 28 29
27 36 12
19 34 28
2 8 9
30 31 52
21 29 12
27 30 43
14 21 11
11 22 49
10 18 14
13 32 7
1 10 44
24 36 28
1 37 57
11 39 47
12 33 17
6 13 13
13 15 15
28 28 13
3 13 43
20 36 43
37 38 18
36 37 12
16 30 5
6 35 13
2 38 6
11 33 20
30 34 39
17 27 14
8 28 32
29 33 51
23 31 27
25 39 29
28 29 35
27 27 8
34 39 36
14 36 29
5 34 10
9 17 10
29 38 51
15 18 33
10 27 2
11 16 47
6 29 37
26 30 53
