300 1500
178
132
172
170
121
120
150
178
196
136
117
171
124
109
114
126
102
195
197
174
108
129
106
193
153
141
181
137
111
124
148
122
159
145
140
149
177
107
113
172
123
192
100
191
123
138
113
148
132
154
113
114
105
123
142
150
158
165
106
149
190
177
100
113
169
198
154
118
179
189
140
136
154
161
160
101
116
186
196
156
148
156
185
173
174
104
151
182
117
197
176
193
172
119
156
116
193
155
170
194
184
138
180
100
146
198
197
106
156
193
160
137
145
172
141
143
105
116
193
163
172
135
101
138
141
127
173
114
161
156
192
129
178
140
136
197
156
141
165
119
152
112
160
122
180
164
178
110
102
122
185
195
148
177
164
129
192
144
189
140
106
170
136
176
154
121
152
109
169
142
159
113
191
181
121
123
200
157
165
153
112
157
178
138
176
161
102
107
136
124
134
152
149
123
137
132
125
191
176
125
132
148
122
165
189
169
128
116
160
148
166
194
164
153
123
153
131
101
162
174
112
161
129
146
185
155
125
167
176
185
174
131
196
126
199
179
121
100
163
170
110
139
158
147
158
200
188
101
120
121
184
199
156
137
121
158
118
165
178
200
112
178
175
162
140
158
144
171
159
108
166
117
176
154
130
118
194
200
119
162
123
189
190
198
154
131
133
125
159
200
199
167
118
119
109
166
139
155
114
115
0 1 13
1 2 21
0 3 24
0 4 49
0 5 14
3 6 45
3 7 19
4 8 2
5 9 23
9 10 58
7 11 2
7 12 41
1 13 13
7 14 5
4 15 6
0 16 26
10 17 1
15 18 45
12 19 46
19 20 0
16 21 32
12 22 51
5 23 8
17 24 19
18 25 39
12 26 32
22 27 10
24 28 54
25 29 24
28 30 18
9 31 19
6 32 16
5 33 56
33 34 59
24 35 4
2 36 38
5 37 4
15 38 42
23 39 26
4 40 42
36 41 4
18 42 22
37 43 9
43 44 56
26 45 13
19 46 42
7 47 9
44 48 29
17 49 48
0 50 27
3 51 58
32 52 26
51 53 2
19 54 54
27 55 52
11 56 26
40 57 8
9 58 58
9 59 9
3 60 16
35 61 45
20 62 26
26 63 17
55 64 8
57 65 5
54 66 25
26 67 20
0 68 34
68 69 0
17 70 35
10 71 59
50 72 55
36 73 18
50 74 42
58 75 7
9 76 18
63 77 46
53 78 1
59 79 59
68 80 54
31 81 9
78 82 30
4 83 18
8 84 48
15 85 34
58 86 21
80 87 43
54 88 11
56 89 0
64 90 8
62 91 50
21 92 3
31 93 3
6 94 18
56 95 10
40 96 54
62 97 5
5 98 36
68 99 11
14 100 54
56 101 16
98 102 42
32 103 30
45 104 21
1 105 58
19 106 12
66 107 44
22 108 16
17 109 57
107 110 31
23 111 54
13 112 6
88 113 9
92 114 35
6 115 54
79 116 39
97 117 21
34 118 27
20 119 10
85 120 38
85 121 47
103 122 12
121 123 7
72 124 39
37 125 36
54 126 46
2 127 8
49 128 41
98 129 5
107 130 17
25 131 52
93 132 16
41 133 47
93 134 40
131 135 50
8 136 36
103 137 10
58 138 30
46 139 5
99 140 17
122 141 26
11 142 34
58 143 29
97 144 12
135 145 29
105 146 55
10 147 30
111 148 30
22 149 28
48 150 8
108 151 22
145 152 60
72 153 16
146 154 19
111 155 55
109 156 10
105 157 35
118 158 45
132 159 22
59 160 54
69 161 27
130 162 45
15 163 46
76 164 44
108 165 43
47 166 39
142 167 37
71 168 35
164 169 10
129 170 49
42 171 6
36 172 37
136 173 15
57 174 27
104 175 28
153 176 34
135 177 50
114 178 0
121 179 17
17 180 11
55 181 23
128 182 6
91 183 10
143 184 19
91 185 50
87 186 48
166 187 42
87 188 23
52 189 40
31 190 31
88 191 18
161 192 10
151 193 29
70 194 31
42 195 14
100 196 0
22 197 18
110 198 31
180 199 7
112 200 24
93 201 45
107 202 42
109 203 27
175 204 31
88 205 26
65 206 26
52 207 11
194 208 5
180 209 37
26 210 25
156 211 43
154 212 28
93 213 54
10 214 36
188 215 52
23 216 9
134 217 35
192 218 18
71 219 55
134 220 57
103 221 10
119 222 7
23 223 18
146 224 7
177 225 27
146 226 7
129 227 21
224 228 21
226 229 30
85 230 41
204 231 28
210 232 9
104 233 12
84 234 6
113 235 46
135 236 19
11 237 28
51 238 56
190 239 19
203 240 24
104 241 23
86 242 58
156 243 17
115 244 45
48 245 36
83 246 25
37 247 16
217 248 58
21 249 33
148 250 19
67 251 57
140 252 8
120 253 8
136 254 41
58 255 51
43 256 53
47 257 6
193 258 35
182 259 55
258 260 47
130 261 41
205 262 36
181 263 52
183 264 9
41 265 26
256 266 25
141 267 1
245 268 18
121 269 59
234 270 60
146 271 23
193 272 17
203 273 32
65 274 28
149 275 46
44 276 2
174 277 57
192 278 5
257 279 42
86 280 17
99 281 57
278 282 44
167 283 45
121 284 29
248 285 29
85 286 35
202 287 46
28 288 45
13 289 48
260 290 30
214 291 44
213 292 17
174 293 43
252 294 28
128 295 54
208 296 19
46 297 48
150 298 2
230 299 48
244 247 29
34 266 54
48 271 26
167 268 43
59 184 1
257 276 18
53 262 35
239 262 36
236 239 11
295 298 31
44 110 51
34 46 40
293 297 51
261 273 21
269 286 49
228 248 29
239 255 7
226 287 27
288 288 40
90 256 12
284 293 50
36 179 31
52 191 54
113 248 20
84 181 25
84 171 41
253 296 45
284 287 38
281 286 49
97 154 59
36 215 46
91 113 4
36 74 41
278 280 31
15 57 15
100 188 38
58 155 19
136 297 7
126 166 33
163 264 44
134 189 26
192 251 6
77 209 8
8 213 4
123 212 52
38 216 28
244 296 20
170 250 52
166 256 51
143 225 3
295 295 25
75 113 10
17 199 51
178 242 21
2 171 52
290 297 6
287 295 18
198 249 1
216 249 50
64 69 4
198 253 24
14 255 58
214 225 25
181 295 2
9 85 21
278 285 20
189 277 10
246 269 10
296 296 16
50 73 29
231 258 55
141 238 36
139 248 29
161 223 2
68 250 6
59 144 56
44 252 9
243 255 50
180 186 47
80 188 29
80 207 31
41 85 31
285 292 29
155 193 13
76 182 22
140 177 45
96 145 26
46 228 27
235 238 54
27 187 22
78 253 0
162 265 30
262 262 48
215 226 28
53 299 43
158 286 10
9 19 39
291 298 15
263 291 44
33 294 23
189 195 30
127 171 51
266 285 28
230 232 2
275 299 44
147 182 18
49 208 19
180 261 30
252 272 16
93 228 32
130 267 45
269 284 50
184 218 5
184 278 60
143 146 48
39 216 20
187 188 37
134 256 1
203 214 60
61 279 34
65 65 49
66 93 47
82 252 16
96 210 13
265 299 50
119 289 44
207 260 39
249 268 24
254 297 14
249 296 59
269 296 45
158 296 55
233 290 39
220 285 35
230 297 20
227 297 15
18 89 22
181 191 5
117 142 31
75 133 31
62 227 37
215 260 31
262 282 3
238 248 29
127 237 60
256 259 35
167 243 30
147 166 48
7 267 54
199 239 50
275 291 17
110 223 25
281 293 26
159 159 42
143 252 10
59 166 19
213 264 36
124 290 47
129 134 15
18 36 32
228 287 49
159 217 5
177 257 29
105 188 59
187 272 29
54 203 16
195 238 30
262 297 13
231 294 53
66 123 53
295 297 60
71 276 53
112 175 34
194 212 31
101 200 24
140 267 22
172 194 38
122 146 15
71 109 0
18 58 34
17 229 28
156 214 9
175 221 14
271 297 17
150 270 26
119 158 32
154 199 49
291 296 25
191 210 34
74 200 32
112 243 33
211 287 26
87 132 22
234 282 1
293 298 15
259 292 57
2 177 6
31 259 48
280 285 43
120 200 39
157 236 6
128 232 9
66 134 56
77 208 3
16 99 17
102 141 49
232 294 38
4 289 42
18 106 6
99 191 17
264 298 55
72 274 1
251 286 35
163 239 46
60 82 28
184 233 29
45 245 5
18 206 18
30 270 19
298 298 34
163 253 47
277 277 8
119 177 44
194 250 16
128 255 47
214 273 42
142 168 54
14 56 9
201 250 49
65 261 31
188 272 8
208 289 8
266 271 37
134 236 20
214 253 12
293 296 49
58 198 41
20 98 18
111 294 2
77 135 52
120 252 3
268 281 32
59 81 48
60 144 43
164 226 41
164 265 52
19 209 7
259 288 2
176 276 52
182 280 30
242 291 41
6 259 60
177 187 55
57 173 37
140 298 55
226 268 11
257 295 4
133 145 20
63 205 6
285 286 33
252 273 45
178 194 29
50 286 44
248 293 2
142 200 37
227 269 45
84 148 42
18 270 31
142 195 60
284 289 17
270 297 8
162 240 39
110 179 3
58 215 7
248 263 58
163 176 45
68 152 0
234 252 52
155 189 52
43 105 45
83 198 35
266 274 57
252 290 15
93 288 38
33 265 49
92 132 21
256 281 22
108 114 46
275 292 1
57 82 35
170 189 20
75 103 47
83 233 1
191 216 51
56 258 19
44 238 45
194 221 18
3 130 5
122 174 7
234 279 32
103 287 22
100 202 36
108 275 31
32 230 23
126 282 18
122 251 47
205 235 7
195 232 43
201 263 60
154 166 7
283 293 27
199 293 22
153 257 30
113 295 37
187 290 55
4 11 49
196 204 28
265 290 4
50 132 26
253 275 38
68 124 8
87 259 22
55 63 3
222 225 16
160 192 22
56 122 50
287 288 15
149 185 52
170 288 15
205 240 14
4 148 35
56 287 44
35 80 15
57 176 29
36 220 33
118 179 4
30 243 43
245 248 44
24 125 44
260 271 42
76 246 44
135 153 21
146 221 27
20 174 4
45 264 7
270 273 27
27 234 53
140 205 46
109 257 6
134 177 22
233 285 40
6 103 28
134 211 49
114 137 38
159 160 53
259 261 25
78 83 23
31 126 54
55 192 47
148 200 37
80 249 13
52 183 11
217 220 53
23 299 31
22 56 46
117 257 35
291 293 14
35 241 22
207 263 44
281 283 7
206 267 33
125 284 54
253 264 38
82 116 0
198 238 13
217 217 45
214 226 47
169 272 28
180 247 30
148 280 11
34 268 27
269 280 3
292 296 32
155 257 9
51 64 34
56 125 29
182 187 44
63 165 34
171 252 2
17 271 58
223 297 52
103 136 8
92 218 8
43 78 53
62 107 31
187 299 20
107 257 36
62 268 32
278 284 27
232 285 50
26 264 28
256 269 35
208 256 18
103 274 36
254 289 45
261 287 27
169 187 56
132 285 7
73 130 53
262 292 28
283 292 55
194 213 46
177 203 7
253 293 47
82 249 24
160 286 54
99 237 5
24 100 10
174 299 45
231 283 19
261 271 35
228 269 26
265 284 40
160 251 12
221 241 25
172 262 11
99 181 36
271 274 35
191 221 5
184 257 52
242 281 58
30 156 17
27 143 45
33 228 57
172 244 42
154 192 42
179 201 49
274 285 1
177 180 5
162 171 46
28 149 3
51 206 42
83 273 14
42 147 21
143 178 16
275 293 57
75 271 45
32 194 39
3 194 9
169 240 46
94 209 34
183 274 6
113 239 6
107 131 26
166 280 1
89 203 33
73 114 19
129 165 53
96 155 0
171 212 50
198 261 49
5 115 31
150 198 37
87 237 34
176 270 10
100 101 18
144 264 0
191 212 33
182 298 33
187 273 38
1 40 13
228 243 47
193 207 9
251 296 45
60 127 48
141 276 16
62 236 57
158 265 39
169 284 19
161 256 39
196 267 37
274 274 36
80 282 40
85 184 51
87 164 21
11 241 29
243 244 60
47 107 26
262 295 30
27 171 2
124 255 35
178 208 9
163 255 53
67 297 55
108 235 18
143 235 44
124 157 26
43 192 23
151 179 59
16 59 57
55 165 20
95 143 0
274 276 21
164 242 10
267 286 5
71 228 12
9 177 59
249 250 6
165 259 4
192 267 20
9 28 58
251 276 16
66 82 28
196 245 46
284 295 26
76 295 33
116 261 22
66 270 20
192 298 31
120 173 9
58 111 37
235 253 18
10 213 11
188 218 32
278 293 12
291 294 40
217 275 25
252 259 27
244 263 0
101 194 58
223 281 37
140 155 11
139 208 53
112 290 60
173 282 17
290 296 26
4 259 59
284 291 59
141 224 14
259 270 10
255 297 0
250 292 8
199 264 9
236 254 29
150 165 55
274 284 4
279 296 27
23 176 27
115 263 58
233 251 18
212 271 37
191 205 46
202 231 17
199 258 1
285 298 28
5 258 44
278 278 23
89 188 44
216 279 36
126 227 36
134 266 4
34 245 37
238 273 32
220 277 14
215 235 0
244 285 27
148 202 5
229 249 20
137 209 13
196 250 22
3 127 21
70 224 26
82 99 4
108 135 47
67 226 50
23 244 45
96 261 54
20 30 13
96 114 38
65 275 16
43 190 50
251 267 49
3 16 37
276 285 54
234 250 21
221 236 35
31 295 19
84 117 30
74 194 7
238 293 32
127 267 5
157 187 57
68 160 5
67 178 36
252 295 59
41 250 21
110 282 8
147 248 10
113 143 40
73 188 31
62 96 26
214 220 57
204 273 45
36 273 5
241 280 59
200 283 0
113 278 35
47 164 35
261 297 31
221 223 43
275 276 47
100 259 46
174 254 8
183 197 32
224 252 35
81 197 32
204 206 31
4 133 55
47 295 14
127 219 2
243 271 6
128 141 17
225 226 3
225 229 21
249 251 4
196 217 49
69 151 35
1 157 1
216 299 43
284 294 29
235 261 11
260 289 4
294 294 52
252 277 47
19 212 11
132 181 17
283 286 40
162 244 1
16 276 31
79 124 36
133 149 30
263 274 14
184 228 11
237 257 0
61 93 9
141 295 39
102 232 26
181 209 43
98 232 44
106 264 27
174 282 11
242 269 58
258 282 56
169 276 43
288 289 49
25 189 13
151 191 33
68 286 42
20 58 11
55 117 36
8 44 39
252 288 53
48 51 44
164 185 9
14 232 28
151 268 53
118 269 56
138 195 6
187 194 55
59 73 43
139 255 0
221 298 60
62 87 7
203 253 20
82 205 7
275 285 2
107 275 17
223 266 25
243 243 50
2 227 19
105 273 29
99 171 22
298 299 36
173 246 57
255 269 39
133 159 38
16 138 60
176 269 25
219 293 10
198 257 19
186 291 31
79 150 21
209 268 41
143 149 1
26 206 57
291 299 17
145 194 3
248 261 48
206 282 47
212 284 45
221 238 51
75 124 29
243 249 17
296 297 12
33 177 54
2 43 57
129 154 4
177 201 31
279 292 48
149 171 60
250 252 34
120 134 59
245 291 57
1 57 3
168 226 58
75 250 55
20 36 23
217 232 57
252 297 6
65 78 23
136 265 3
90 127 54
149 177 31
74 89 17
191 272 11
110 188 20
289 290 20
272 280 47
224 263 18
29 93 14
76 135 5
257 298 45
44 271 42
79 90 43
22 259 38
47 213 52
98 108 35
205 293 6
111 214 44
159 167 16
103 238 11
257 258 47
22 94 38
173 213 15
72 80 51
117 153 6
110 207 21
273 273 59
5 216 33
156 156 34
143 202 52
15 173 34
72 127 32
244 265 34
167 274 28
129 219 56
179 225 23
82 151 43
174 263 15
203 277 56
19 191 4
106 272 42
294 297 46
173 211 26
210 287 53
181 259 1
5 209 5
157 184 8
234 249 7
175 287 58
171 270 2
122 140 48
263 263 11
207 279 43
11 119 7
62 72 17
269 276 18
31 125 14
47 91 2
225 225 6
212 276 46
174 215 5
171 221 39
229 259 17
209 258 32
250 262 35
160 160 15
237 259 25
161 171 58
221 239 18
291 297 31
102 240 51
146 268 49
225 236 28
92 94 11
153 180 29
218 294 55
35 266 42
79 94 32
150 220 18
1 236 48
95 242 37
19 60 22
96 192 33
233 254 40
188 230 15
245 287 16
257 274 2
151 209 48
1 104 23
134 198 29
264 292 56
88 198 20
131 289 46
164 167 26
48 213 41
35 216 40
285 287 16
151 276 48
60 239 43
84 115 42
141 254 9
184 227 22
162 222 45
92 133 38
55 178 4
232 261 3
63 93 54
132 149 32
135 242 33
10 107 37
217 280 17
201 259 40
12 291 5
80 199 40
96 280 2
124 187 10
248 270 2
169 169 2
103 123 14
41 174 33
138 232 6
80 253 24
232 257 30
150 286 57
119 142 2
124 165 39
153 224 50
115 217 10
174 286 36
171 200 29
133 284 17
71 79 60
245 265 11
188 278 37
115 266 60
6 80 16
83 117 25
162 209 60
10 267 22
99 260 8
182 221 44
190 226 54
136 294 6
191 245 45
88 89 26
59 289 43
101 257 43
150 156 36
192 252 12
61 70 15
113 178 21
243 266 24
192 236 50
42 86 22
137 208 18
147 223 29
28 132 12
78 239 10
131 282 23
247 282 47
250 298 59
2 46 58
14 79 57
129 215 56
264 276 59
188 238 4
285 290 39
100 109 59
203 294 6
128 267 24
112 237 50
191 255 52
270 298 23
210 240 6
1 220 51
30 88 13
288 292 40
178 287 58
14 157 35
157 237 50
277 295 41
286 286 0
271 285 49
121 297 7
91 194 58
279 289 19
290 298 18
190 240 16
79 139 15
140 293 46
77 274 38
5 151 26
79 241 45
228 290 59
210 254 1
287 296 22
126 271 10
281 299 36
251 280 18
161 189 2
103 134 54
91 275 46
60 128 48
105 271 43
73 258 57
218 234 35
273 294 44
214 267 2
45 135 13
102 180 57
16 298 1
278 281 39
188 188 54
99 210 48
204 291 52
233 264 23
82 109 20
203 220 31
192 194 14
183 187 1
246 273 58
175 200 14
111 220 37
67 252 34
173 225 3
283 295 34
187 246 31
5 155 12
148 223 25
177 294 44
220 234 28
9 193 38
44 221 32
166 175 13
281 292 59
279 279 22
187 206 19
45 250 24
57 188 12
238 247 4
128 166 1
113 147 20
290 294 42
180 231 3
135 282 52
64 255 50
65 265 11
243 278 37
127 190 3
236 247 33
61 165 20
282 297 56
52 229 45
111 278 5
201 228 11
211 255 46
247 295 29
67 68 55
221 288 53
224 243 17
187 211 56
281 288 10
286 290 21
2 32 44
167 170 27
277 280 47
67 155 33
59 278 12
229 245 9
242 266 22
102 199 4
89 165 18
86 138 20
151 289 58
217 284 26
202 234 10
197 221 50
178 236 1
84 166 48
125 236 3
25 232 9
45 138 44
146 158 34
100 179 23
295 296 0
227 274 50
68 184 3
31 175 25
153 268 60
241 251 51
251 282 14
148 273 60
292 297 36
256 289 31
114 148 54
198 266 12
263 276 10
235 245 32
248 274 10
226 230 2
136 293 10
225 228 1
90 185 55
10 287 30
91 225 34
30 94 14
160 206 35
118 234 30
138 151 14
153 272 37
244 293 27
37 140 43
53 176 55
135 192 35
146 204 5
39 67 54
113 149 47
134 255 31
27 93 53
98 206 30
1 58 7
192 242 60
287 292 23
246 278 6
132 273 4
36 80 38
177 177 56
71 170 59
10 216 21
20 77 60
274 277 3
49 126 47
176 208 36
8 85 4
272 294 28
216 241 3
141 281 41
177 192 56
19 26 26
164 202 46
175 180 53
162 245 24
21 110 4
229 295 38
86 170 9
182 246 23
115 169 54
73 285 22
258 266 4
209 220 15
92 258 44
180 268 14
229 283 0
193 235 20
48 134 29
77 102 4
65 266 21
175 185 10
113 258 38
55 88 10
200 268 9
269 287 4
254 296 0
203 229 60
239 267 0
264 291 30
199 286 33
25 185 58
275 296 33
247 249 23
194 264 5
263 269 53
207 256 32
32 181 57
172 264 56
89 171 53
151 155 48
126 192 22
229 276 37
203 242 7
60 174 42
273 283 27
243 254 19
113 182 32
288 295 54
112 180 33
58 137 44
171 281 30
51 176 29
61 73 24
205 207 27
136 282 41
240 284 10
12 216 6
20 279 30
104 215 44
210 250 7
77 289 16
200 205 28
35 245 6
115 138 31
211 276 27
14 149 26
25 202 31
84 203 59
256 291 48
209 232 18
169 177 7
95 208 47
50 262 31
182 271 48
208 294 1
294 295 34
28 118 34
31 87 0
35 212 8
10 169 39
14 51 17
15 40 1
99 273 43
109 261 50
97 201 25
167 171 10
26 90 39
156 236 17
164 220 15
177 291 33
221 264 18
236 246 18
200 290 26
205 220 10
155 254 60
35 99 41
61 200 42
117 260 28
214 240 48
37 214 49
193 238 34
181 237 24
96 154 2
63 299 49
149 269 35
99 107 12
58 293 12
19 104 20
255 293 13
123 221 40
91 284 15
211 289 44
40 210 57
272 275 9
218 246 47
281 281 48
218 278 15
147 265 0
145 298 26
230 290 5
256 280 13
218 295 3
223 256 11
71 87 49
165 256 55
193 264 50
17 230 44
170 207 16
94 231 51
296 299 33
163 297 46
250 267 12
17 164 0
47 92 7
57 272 45
138 142 53
132 295 13
43 147 40
141 278 15
52 65 4
209 212 51
11 127 47
146 273 59
