30 90
162
180
129
197
114
109
173
139
195
172
100
140
173
198
167
108
122
178
157
147
145
163
157
148
164
162
106
146
154
178
0 1 5
1 2 9
0 3 41
3 4 58
2 5 21
1 6 55
0 7 45
4 8 32
3 9 41
4 10 19
5 11 1
0 12 13
0 13 27
6 14 30
3 15 30
6 16 52
6 17 53
16 18 38
5 19 24
10 20 9
4 21 31
9 22 57
22 23 20
18 24 56
6 25 32
7 26 0
7 27 48
8 28 27
17 29 40
19 19 60
15 18 44
2 26 5
16 19 18
5 21 42
21 29 22
25 26 50
19 20 45
16 28 39
12 13 39
6 11 21
25 25 33
24 25 41
0 10 35
17 17 19
15 26 41
1 17 17
22 28 42
12 17 18
4 4 27
14 22 34
6 6 18
10 26 31
26 26 49
7 22 7
24 24 20
1 4 0
26 29 50
9 27 48
27 28 58
23 27 6
28 28 44
25 28 52
14 23 30
5 16 25
13 29 25
26 27 1
22 27 56
6 23 59
1 3 25
15 28 28
19 21 3
18 26 46
6 24 6
2 17 41
0 26 45
13 24 2
11 29 60
28 29 54
11 23 18
2 16 27
12 19 42
13 15 6
4 28 44
20 20 49
2 19 17
9 20 8
22 24 57
5 15 19
0 23 20
17 26 12
