110 550
195
196
168
138
113
159
160
137
176
132
114
148
198
166
146
190
125
115
122
172
100
191
118
159
109
102
163
189
168
167
101
108
156
113
151
160
145
163
138
184
114
137
159
197
124
123
101
164
165
129
119
129
199
184
123
126
172
161
173
174
137
178
200
104
110
179
170
196
155
162
114
130
184
184
173
175
170
147
197
130
163
188
182
112
106
130
152
143
104
156
191
106
191
146
142
111
128
149
143
122
119
157
133
161
149
121
172
194
178
200
0 1 34
0 2 2
0 3 26
3 4 34
3 5 39
0 6 17
6 7 2
4 8 5
6 9 42
2 10 60
1 11 39
1 12 23
11 13 17
8 14 3
14 15 9
13 16 27
11 17 24
8 18 20
5 19 42
12 20 16
19 21 30
16 22 41
8 23 21
8 24 60
4 25 40
7 26 52
16 27 33
17 28 38
5 29 5
1 30 53
16 31 16
25 32 44
21 33 16
3 34 25
33 35 48
25 36 7
36 37 38
8 38 58
17 39 53
20 40 26
35 41 4
7 42 42
37 43 55
38 44 48
18 45 24
21 46 45
22 47 30
23 48 4
40 49 17
4 50 50
41 51 34
24 52 7
16 53 12
13 54 12
0 55 6
48 56 17
22 57 40
14 58 40
3 59 9
51 60 59
40 61 53
21 62 31
51 63 0
27 64 18
53 65 21
6 66 24
54 67 56
19 68 41
37 69 36
31 70 7
25 71 34
4 72 12
23 73 45
17 74 2
55 75 6
33 76 51
35 77 19
63 78 21
49 79 21
16 80 60
46 81 10
66 82 5
46 83 15
20 84 4
6 85 8
25 86 59
40 87 31
25 88 26
28 89 18
11 90 26
16 91 12
82 92 47
4 93 53
82 94 6
34 95 1
39 96 32
29 97 54
23 98 30
87 99 44
69 100 25
89 101 36
95 102 38
68 103 59
82 104 4
81 105 34
75 106 42
23 107 39
26 108 57
67 109 60
5 69 26
1 38 45
80 80 22
53 69 41
22 32 42
79 93 55
103 109 3
92 94 51
55 101 12
65 109 29
60 106 32
47 53 15
36 79 37
89 95 15
79 94 10
57 99 29
24 60 58
1 82 36
56 60 41
3 93 20
101 109 21
69 108 18
80 94 23
33 42 3
73 106 16
6 104 28
65 83 29
15 64 50
71 76 39
104 109 45
10 10 59
18 84 15
48 66 46
27 108 14
23 108 59
31 77 33
73 98 46
83 94 13
22 99 48
17 66 9
3 77 5
55 63 12
86 101 8
105 106 17
89 104 36
62 69 17
66 81 6
76 80 7
15 80 33
8 83 3
18 19 51
43 98 38
82 95 20
101 104 21
52 77 5
63 94 1
82 102 29
104 105 35
47 76 8
72 77 18
74 100 2
21 39 38
87 97 51
28 99 21
37 51 56
40 77 42
72 85 57
30 71 3
36 50 3
40 56 39
54 54 41
8 75 2
52 58 53
58 63 5
19 29 52
79 103 49
70 92 38
80 103 60
77 80 11
34 37 57
26 91 36
39 47 28
70 87 56
36 71 46
105 105 33
27 87 36
31 96 24
58 82 23
81 108 22
21 71 16
38 55 9
108 109 57
107 109 30
60 109 40
88 97 10
98 109 31
14 107 24
63 76 28
69 95 22
84 107 21
14 46 7
87 103 4
101 102 29
71 105 42
107 108 52
45 91 41
18 92 30
103 107 10
17 87 38
105 107 44
63 103 37
21 53 5
10 26 3
34 40 42
22 77 33
66 87 60
95 103 16
12 90 7
62 87 46
86 99 27
50 80 23
89 100 9
63 105 17
75 83 31
70 86 0
26 53 30
30 55 29
57 89 48
35 36 11
101 105 8
46 58 49
41 85 29
59 63 58
36 74 29
86 105 0
42 81 45
69 92 39
92 105 36
41 109 3
12 23 32
15 57 15
67 102 14
98 106 60
65 68 2
20 69 25
93 94 0
71 93 55
101 107 41
15 63 4
100 102 32
66 75 53
53 71 6
87 104 54
12 25 59
29 39 9
103 108 45
70 73 35
40 54 42
0 26 3
87 106 52
95 98 23
92 97 8
17 92 43
35 74 14
80 98 52
84 108 46
35 52 7
57 101 16
50 104 51
53 68 44
10 82 55
96 100 60
93 96 54
58 109 28
53 60 8
35 80 6
72 84 3
26 45 0
46 80 40
70 82 42
61 95 44
64 85 17
34 80 58
77 92 9
19 37 5
70 84 35
75 98 46
85 86 13
47 66 43
1 68 55
6 64 39
71 98 48
54 57 9
48 57 3
19 93 0
48 107 24
24 41 35
30 107 13
49 66 21
7 36 35
56 97 49
10 20 8
20 80 13
94 104 45
101 106 20
102 105 55
77 87 56
31 83 5
25 70 10
106 109 7
60 61 36
61 99 30
54 60 2
56 69 4
57 77 40
76 99 3
37 41 50
104 107 34
64 86 8
13 32 60
45 65 4
11 104 20
52 56 55
45 55 46
89 99 19
103 103 51
39 45 7
97 109 49
39 59 30
100 109 43
80 102 56
60 95 26
51 67 21
91 106 4
100 104 54
24 103 32
85 85 1
0 59 47
5 77 28
45 69 2
39 95 36
100 101 24
20 65 24
93 99 23
90 90 8
90 96 26
91 102 27
50 52 2
31 72 54
27 95 13
75 78 23
24 54 11
46 60 31
62 78 46
40 88 33
11 66 9
94 107 36
108 108 13
5 82 0
104 104 44
63 108 8
37 71 42
44 96 2
52 83 51
18 47 33
27 67 8
47 84 54
35 50 52
76 105 28
102 102 19
72 106 10
96 104 55
16 51 33
3 85 32
90 106 45
36 94 10
65 108 24
23 44 53
88 93 39
79 91 58
106 108 37
84 95 41
51 109 22
52 68 16
19 39 38
62 100 17
47 56 37
3 90 40
48 90 39
21 64 49
15 32 52
48 85 57
44 73 19
65 98 16
16 75 33
17 48 47
7 40 28
78 90 52
16 105 24
14 100 34
96 109 10
88 98 57
22 45 48
44 70 25
34 59 44
91 97 56
70 104 33
42 75 59
85 103 36
55 65 48
64 98 58
93 102 23
16 92 34
60 103 46
80 96 37
95 100 59
78 109 4
86 104 48
24 79 40
74 95 22
29 91 11
37 90 43
52 59 13
95 99 48
6 19 9
106 107 46
34 98 31
37 106 26
71 74 5
68 70 40
93 109 44
42 44 19
50 101 16
65 78 2
103 106 2
21 47 44
80 88 39
60 64 44
74 101 32
18 74 28
15 89 23
100 100 9
54 70 8
61 97 48
97 102 26
60 91 57
77 79 49
49 51 47
35 95 23
10 62 46
59 62 18
73 84 35
69 87 24
53 59 49
89 96 37
75 105 35
105 109 14
33 87 7
95 95 28
44 88 52
77 85 15
2 94 17
33 84 14
60 99 59
41 93 9
77 109 20
45 107 20
51 80 48
51 98 10
22 50 26
29 64 19
38 104 3
8 35 20
53 88 24
44 50 46
29 33 55
96 97 46
90 95 55
31 56 44
10 92 23
47 90 47
15 60 11
89 89 9
40 63 17
95 97 17
1 77 5
62 66 39
92 93 39
78 88 48
29 99 36
76 108 53
15 76 56
16 108 39
58 62 56
23 26 28
96 103 48
8 84 54
31 35 58
85 98 54
66 94 19
12 91 27
84 98 48
51 71 52
101 101 57
99 107 40
29 88 31
88 99 14
97 104 44
51 73 55
47 57 12
60 102 14
36 73 28
60 76 25
80 95 10
79 80 19
9 61 41
24 24 54
0 74 34
34 89 8
6 40 52
8 86 57
38 94 9
32 90 39
91 98 53
59 103 57
95 109 47
31 66 37
14 97 56
73 86 0
55 80 60
34 38 43
32 41 44
50 81 9
12 86 16
16 33 34
42 77 43
29 102 49
91 92 40
46 108 32
92 99 5
23 68 7
