250 1250
111
134
195
186
122
122
177
148
132
114
189
155
175
138
189
130
130
185
199
157
132
139
150
103
161
160
101
152
184
181
157
195
130
115
158
122
172
133
145
114
133
113
111
151
172
130
114
135
153
177
141
110
199
153
190
142
163
165
196
194
195
135
120
134
191
137
139
180
182
128
160
188
112
155
160
187
147
181
187
198
166
163
131
179
194
164
111
111
151
167
125
129
178
168
154
137
155
115
144
137
178
177
177
184
121
139
175
183
116
112
166
171
145
161
127
116
135
140
124
107
118
163
192
160
146
148
156
114
130
169
141
129
188
160
177
197
131
152
139
138
149
158
121
200
133
132
128
189
199
194
138
118
168
153
127
190
110
147
200
124
154
126
176
104
163
106
113
171
166
144
143
164
116
133
119
130
153
192
126
110
153
195
196
110
186
195
117
193
157
132
197
167
113
197
128
198
162
194
152
135
166
196
135
148
116
105
162
197
173
159
185
139
165
127
130
123
130
168
129
173
150
130
161
111
182
167
115
170
186
194
130
134
134
143
188
147
148
141
188
131
155
175
147
116
164
118
159
192
102
141
0 1 11
0 2 23
1 3 54
1 4 19
0 5 19
0 6 22
3 7 40
6 8 12
3 9 29
9 10 43
3 11 36
7 12 32
12 13 10
8 14 22
10 15 32
5 16 21
15 17 29
0 18 3
6 19 53
11 20 17
11 21 30
18 22 10
6 23 48
12 24 2
12 25 32
6 26 42
21 27 47
4 28 60
13 29 14
25 30 23
5 31 24
12 32 46
32 33 54
4 34 32
13 35 54
21 36 8
7 37 57
29 38 10
38 39 53
37 40 13
25 41 46
27 42 14
19 43 8
43 44 19
20 45 51
11 46 14
13 47 28
45 48 41
9 49 50
20 50 1
11 51 5
5 52 31
39 53 29
41 54 17
7 55 31
36 56 6
31 57 4
11 58 39
50 59 40
44 60 55
27 61 59
4 62 11
32 63 42
10 64 20
33 65 29
16 66 28
45 67 21
26 68 43
15 69 38
29 70 1
17 71 22
50 72 45
0 73 10
9 74 8
31 75 16
43 76 3
26 77 43
11 78 46
13 79 38
2 80 45
45 81 35
43 82 40
17 83 39
22 84 51
44 85 28
2 86 24
66 87 40
67 88 12
67 89 8
63 90 25
0 91 14
30 92 26
33 93 8
65 94 29
10 95 47
57 96 29
79 97 7
77 98 47
84 99 47
50 100 51
69 101 58
90 102 48
26 103 6
80 104 33
21 105 6
52 106 25
67 107 17
4 108 41
97 109 11
13 110 9
108 111 23
24 112 57
7 113 40
75 114 7
65 115 1
65 116 1
89 117 28
3 118 49
16 119 52
7 120 57
101 121 23
98 122 29
0 123 40
101 124 57
87 125 15
21 126 38
52 127 25
12 128 41
38 129 0
126 130 47
99 131 28
108 132 12
16 133 10
101 134 26
132 135 41
31 136 40
83 137 5
64 138 53
120 139 57
12 140 24
25 141 59
39 142 50
9 143 3
69 144 39
11 145 32
55 146 7
129 147 4
20 148 35
4 149 4
90 150 57
123 151 30
89 152 19
87 153 1
42 154 1
32 155 0
129 156 21
39 157 53
129 158 17
69 159 16
142 160 9
101 161 52
30 162 42
20 163 46
46 164 25
10 165 39
143 166 19
67 167 47
131 168 39
81 169 15
150 170 26
80 171 43
3 172 12
106 173 50
130 174 25
36 175 59
35 176 50
86 177 18
48 178 60
99 179 16
59 180 60
162 181 55
71 182 27
78 183 32
14 184 33
66 185 37
131 186 21
136 187 45
2 188 18
154 189 32
174 190 0
109 191 30
121 192 41
139 193 58
19 194 43
131 195 11
94 196 43
118 197 35
114 198 27
2 199 14
57 200 52
138 201 11
83 202 43
125 203 33
153 204 13
38 205 47
124 206 50
122 207 26
192 208 55
198 209 27
132 210 3
141 211 59
137 212 5
163 213 39
9 214 41
84 215 39
88 216 27
207 217 29
118 218 52
125 219 40
33 220 7
124 221 38
64 222 23
73 223 6
222 224 21
67 225 34
145 226 59
149 227 32
207 228 14
119 229 25
191 230 57
74 231 54
134 232 56
224 233 51
119 234 6
169 235 6
99 236 57
166 237 52
115 238 39
27 239 32
127 240 42
39 241 36
226 242 13
94 243 54
63 244 2
70 245 19
160 246 29
169 247 4
179 248 45
147 249 59
8 242 28
103 144 53
228 234 41
169 187 7
172 196 31
18 42 60
134 228 23
79 103 41
36 241 32
162 199 7
74 178 1
230 239 59
87 110 55
119 174 9
245 248 16
217 226 13
199 239 3
138 153 25
220 225 43
163 204 25
53 73 29
73 73 22
60 196 25
137 209 39
248 248 38
200 208 59
227 236 16
135 225 10
41 208 52
235 246 41
124 225 3
12 196 58
30 249 24
235 248 2
61 202 19
204 216 51
167 178 56
113 248 58
153 229 58
145 220 21
163 184 42
198 246 60
122 147 17
233 242 24
78 218 45
14 198 15
152 218 20
66 208 20
61 214 54
12 159 46
59 137 34
182 237 31
153 181 46
58 73 23
137 243 53
206 237 9
235 239 43
15 74 30
210 238 9
101 227 39
182 204 34
9 48 48
225 227 54
133 193 36
234 249 9
81 214 24
57 133 36
160 237 27
224 248 6
137 201 9
60 75 1
48 216 18
222 240 46
145 147 34
178 221 12
95 208 49
203 234 11
238 244 29
147 176 53
20 167 54
102 128 23
39 243 16
83 219 49
235 243 26
39 218 48
0 45 33
35 244 26
41 177 38
105 151 48
243 244 10
31 171 29
87 151 57
65 212 52
99 206 52
196 233 27
2 141 35
11 80 24
60 71 11
45 236 12
149 175 8
132 145 7
49 201 21
150 182 30
175 243 57
229 238 2
1 86 16
90 147 56
121 200 24
146 150 57
210 240 22
178 181 7
189 238 23
244 245 3
240 248 39
131 135 56
178 183 27
72 206 59
239 242 35
87 143 21
146 174 12
91 188 22
34 131 41
123 220 37
100 116 21
152 153 19
91 150 17
120 141 37
129 248 13
202 225 59
71 247 56
2 124 26
209 229 45
188 196 4
148 157 47
167 198 55
202 215 49
169 210 3
246 248 51
175 249 27
175 218 17
70 166 48
175 177 33
76 131 34
160 200 27
138 240 39
48 218 23
84 118 48
101 224 25
41 65 31
102 122 10
203 205 1
225 236 59
136 171 13
40 203 10
131 164 34
175 179 14
212 240 29
34 113 59
95 163 14
219 232 38
43 216 36
142 247 22
77 210 52
153 161 19
213 217 58
93 175 4
201 223 52
177 215 21
212 229 25
165 173 4
20 197 5
92 173 13
105 123 39
11 81 7
163 193 20
85 164 43
22 201 41
193 244 27
210 234 5
226 241 36
10 200 21
181 199 53
125 209 9
191 237 45
212 224 39
245 245 35
147 189 12
221 244 6
153 166 1
166 190 20
95 157 30
167 223 52
44 182 54
46 167 17
16 190 57
63 205 59
87 152 15
33 62 43
23 121 32
220 227 22
221 247 43
23 247 34
44 88 14
215 237 33
192 199 59
115 208 58
103 117 46
150 239 27
223 227 19
209 245 7
26 82 57
19 65 13
50 237 29
108 200 23
237 242 28
24 138 32
135 208 53
138 143 2
172 197 2
163 228 43
10 102 52
8 63 25
90 210 36
35 162 52
125 242 44
14 241 45
88 224 59
55 66 22
82 140 35
11 196 9
200 249 43
182 233 25
87 126 53
187 247 24
58 102 35
101 119 9
101 103 17
222 226 13
166 176 24
140 231 7
171 213 60
63 131 56
32 83 53
199 227 51
78 242 28
2 39 11
196 232 36
52 219 52
140 171 0
216 244 42
218 231 4
242 244 9
238 240 50
79 129 16
29 222 20
84 88 37
39 124 21
53 218 8
4 14 10
3 49 21
31 120 42
91 234 42
237 244 8
41 128 22
189 195 1
224 242 58
27 50 47
97 216 55
3 99 0
114 114 11
123 180 35
136 138 37
196 243 28
20 202 54
185 248 1
235 249 4
189 243 54
154 247 53
101 212 39
168 249 53
245 249 16
219 249 23
63 101 18
17 109 21
90 245 36
32 52 43
106 123 17
237 247 36
122 155 11
112 183 7
26 170 37
231 242 17
209 221 58
133 151 24
84 213 19
221 240 42
107 212 1
80 118 44
173 202 38
248 249 2
182 203 14
195 244 52
227 227 3
211 241 53
12 240 22
106 174 5
14 223 35
100 138 28
230 230 43
51 129 9
154 183 23
62 231 60
182 225 36
123 189 5
215 245 11
38 147 38
39 181 42
60 156 43
137 236 11
164 230 7
3 126 15
100 202 9
213 235 6
132 180 21
206 226 34
194 240 37
244 246 26
197 210 36
8 151 38
10 161 8
129 160 47
12 46 24
25 33 59
27 36 9
21 57 56
14 156 59
205 210 22
191 225 41
177 249 60
46 132 9
193 205 32
168 197 31
139 249 45
95 164 40
163 235 33
45 51 38
8 153 43
233 234 40
200 215 58
139 205 0
55 176 60
237 239 20
5 36 28
79 179 56
97 191 34
104 155 25
71 174 10
85 124 35
100 105 53
102 234 53
26 49 5
59 110 9
33 111 17
166 235 21
184 229 39
155 173 9
114 203 31
141 192 13
22 223 7
150 227 31
145 171 57
148 151 54
201 233 40
204 245 31
101 132 17
129 184 1
148 152 24
238 249 28
52 179 4
15 131 27
87 161 11
134 233 28
162 216 18
172 199 57
109 129 29
176 237 34
238 239 42
32 214 16
223 245 55
39 87 51
200 219 4
240 241 36
212 216 56
97 122 59
243 246 34
2 143 31
127 178 57
119 191 27
200 202 59
144 151 29
68 186 12
66 249 58
47 195 20
138 213 44
72 179 57
6 115 31
45 123 20
164 240 12
8 36 36
35 168 12
154 201 10
62 98 30
39 217 43
111 188 34
6 17 60
53 107 56
207 234 28
166 177 14
47 142 58
109 209 31
134 138 39
192 194 34
154 236 43
17 221 11
105 115 47
75 125 37
18 148 54
204 247 10
218 238 32
174 222 45
247 247 8
225 245 22
109 232 44
28 211 48
206 210 57
185 247 23
42 140 14
229 229 53
37 145 37
116 227 46
198 243 8
60 103 46
81 121 27
216 235 32
95 174 16
131 134 48
63 184 19
135 167 60
171 239 15
1 96 48
143 168 60
192 196 23
168 233 33
53 81 10
4 24 1
1 42 48
78 141 20
147 206 31
104 248 51
201 234 50
50 146 47
106 238 39
202 228 37
50 228 58
150 151 36
135 148 30
9 195 30
20 36 9
153 157 3
247 249 50
236 243 6
101 176 5
29 212 16
64 212 31
229 236 53
231 248 29
191 203 18
114 164 5
230 247 15
47 74 33
224 224 47
229 244 1
28 164 20
86 159 1
88 108 54
111 151 19
217 246 39
230 248 38
93 227 38
58 141 30
80 125 14
185 219 47
77 110 16
88 166 59
68 208 1
129 171 14
2 85 46
12 228 23
31 54 1
46 142 17
159 176 6
161 228 53
68 137 55
160 202 40
107 187 8
169 199 6
194 197 18
27 30 35
240 243 59
15 29 32
237 241 20
193 243 59
97 239 5
56 196 27
174 232 39
12 76 37
29 76 26
124 212 34
4 57 39
125 125 52
179 194 51
0 65 17
1 76 59
197 209 20
16 28 5
8 168 22
239 243 5
189 248 49
16 215 26
104 158 53
23 72 58
122 210 32
173 220 52
61 124 18
131 236 18
150 222 19
78 99 8
28 33 8
60 166 48
178 240 32
53 116 33
98 179 47
114 115 35
94 180 21
38 136 5
158 221 6
171 244 1
101 136 22
240 249 51
98 113 37
133 145 59
143 198 2
74 112 16
23 28 36
206 206 49
104 178 43
194 203 55
174 199 17
152 181 40
63 122 2
14 181 53
82 129 6
21 118 36
47 103 57
39 178 60
228 228 34
80 134 30
75 85 19
35 114 16
244 244 49
209 235 17
18 191 42
206 233 30
195 218 43
152 203 42
190 236 35
193 225 16
55 172 9
47 67 6
72 172 12
7 122 54
72 82 29
32 217 37
55 144 42
246 249 29
26 217 27
196 210 57
58 147 10
154 185 16
34 128 24
162 170 40
29 217 28
41 61 19
31 205 25
22 50 27
98 145 14
162 218 2
28 222 55
152 248 44
72 197 57
236 248 60
155 174 45
185 215 19
164 196 49
240 240 49
149 205 57
177 245 26
24 106 58
54 70 40
37 163 27
178 236 41
213 248 7
181 222 9
193 204 35
34 239 0
56 102 16
191 192 9
145 153 47
79 89 47
7 84 31
92 111 37
114 209 23
88 107 6
210 218 19
87 225 28
114 159 9
53 86 17
94 122 39
149 235 37
222 228 20
11 40 19
0 222 8
48 99 10
124 223 45
195 243 6
189 197 57
214 239 34
160 177 15
38 180 35
122 173 30
124 199 16
223 244 29
127 218 35
121 149 38
50 201 58
23 161 7
6 33 46
89 124 16
182 245 56
205 232 25
157 230 48
160 240 6
211 220 22
159 174 11
1 184 11
235 242 57
42 133 11
165 237 38
227 232 50
74 101 50
8 127 15
67 80 26
159 210 19
79 203 28
34 59 17
138 156 60
102 180 43
135 145 11
6 136 3
188 247 36
40 242 41
85 193 24
5 207 7
180 196 31
51 211 2
40 167 13
168 242 0
177 211 38
234 247 49
189 240 26
57 158 22
200 207 45
232 241 3
0 204 21
89 98 3
100 158 23
51 183 43
132 152 60
163 196 29
38 67 46
181 204 52
140 183 36
96 135 3
8 126 49
76 171 39
8 91 29
87 103 17
99 234 14
28 182 17
153 197 56
89 178 18
69 190 41
224 249 46
212 243 50
27 138 14
70 141 35
48 61 38
88 179 50
168 213 17
230 246 46
104 221 44
25 122 28
27 240 59
70 111 26
79 155 7
74 158 40
110 198 19
144 157 11
97 104 45
54 223 40
197 229 29
79 235 0
145 178 20
77 95 7
1 222 60
166 220 18
31 158 10
207 220 40
95 189 15
84 173 55
21 84 21
74 95 24
200 206 22
97 161 3
175 185 1
80 238 50
95 128 29
25 45 33
150 191 12
230 238 2
234 242 7
111 245 24
44 163 2
125 157 18
220 247 20
27 47 50
205 207 12
160 238 19
185 235 2
134 240 54
4 240 26
112 245 43
122 123 23
28 181 44
34 160 44
190 240 18
190 245 59
221 249 52
205 227 12
101 242 10
12 145 7
193 195 45
143 160 22
192 233 41
125 237 57
179 224 1
134 181 38
19 236 29
50 226 9
110 226 17
68 245 7
59 230 22
35 246 29
161 234 51
129 219 15
41 94 30
198 213 12
221 246 2
51 149 18
110 147 46
243 247 0
117 150 37
103 143 26
96 169 14
37 60 8
114 240 50
226 230 52
133 139 10
4 42 39
195 195 33
40 146 18
202 214 43
177 232 43
188 216 16
137 249 5
158 211 8
150 185 18
38 70 44
175 213 46
194 225 48
63 141 51
203 238 26
92 156 42
224 228 16
1 246 43
60 82 23
69 214 28
230 242 55
134 212 46
145 165 27
74 155 6
42 215 24
202 234 22
220 223 58
126 194 57
136 147 38
113 128 21
237 240 10
6 83 43
137 245 39
30 168 44
67 111 54
45 173 11
234 235 53
147 226 14
177 199 54
199 204 40
94 171 1
14 122 41
89 162 10
14 49 36
35 158 28
215 224 57
194 201 44
71 117 9
169 195 12
104 213 15
216 238 41
181 214 38
135 141 41
100 100 37
201 210 36
73 203 11
179 227 39
19 126 55
227 234 10
189 245 4
90 121 6
144 175 7
175 223 33
33 192 15
118 182 32
172 245 7
143 218 13
134 182 27
146 227 57
40 222 0
123 132 50
205 246 49
96 130 31
62 235 50
233 238 12
62 238 30
153 223 56
229 230 0
241 248 30
46 69 24
135 160 20
27 142 29
233 236 41
2 35 30
166 206 59
10 183 26
216 223 14
60 70 41
247 248 43
24 83 0
183 232 32
166 199 35
175 242 49
75 192 32
232 243 2
40 182 37
134 183 19
66 137 31
54 89 52
113 117 11
204 249 22
70 202 14
65 134 54
162 249 41
153 234 1
114 228 17
62 63 30
141 191 7
180 180 36
64 168 58
56 67 16
91 156 39
31 99 18
97 195 53
233 233 13
194 247 27
227 235 38
47 184 53
62 170 8
39 189 21
46 61 56
22 72 4
136 235 40
22 190 14
213 224 52
228 249 34
118 163 2
17 37 12
33 110 59
2 113 47
127 174 31
67 129 7
40 101 51
117 146 5
226 232 58
200 205 16
239 248 37
244 248 44
154 221 56
219 245 43
31 154 37
38 231 1
26 34 18
93 160 31
197 221 4
55 109 34
220 235 46
158 213 55
118 170 8
33 230 0
154 242 49
15 82 23
18 164 2
4 233 54
22 61 3
42 170 39
50 74 22
24 239 5
182 238 46
84 214 38
172 213 11
235 247 53
199 235 5
170 181 44
193 208 20
122 124 35
195 203 8
130 181 45
45 201 19
95 200 40
221 229 57
46 89 10
3 158 60
117 246 52
100 185 13
165 247 54
174 219 43
115 248 25
40 216 13
225 228 58
242 243 56
211 239 21
133 181 47
146 163 15
170 192 57
226 248 0
210 226 38
224 243 36
106 236 0
81 182 34
10 170 40
38 126 37
119 145 3
203 228 0
49 67 29
161 237 9
50 176 13
111 225 47
186 239 34
126 228 17
70 163 48
186 237 53
166 178 60
23 179 40
143 233 5
47 120 47
75 78 51
42 129 9
38 131 0
75 133 55
236 246 38
209 228 12
167 181 55
223 224 18
