105 315
144
139
145
132
103
177
164
124
135
177
155
115
145
162
150
199
190
118
178
177
124
171
183
193
105
119
148
168
166
174
142
186
164
175
118
194
172
197
164
147
175
134
116
145
187
136
172
183
166
104
135
117
120
101
182
163
163
105
105
133
161
175
168
165
187
101
122
164
193
175
126
147
194
149
168
120
110
132
160
175
153
127
193
127
109
118
147
194
175
177
146
199
168
166
183
193
121
169
189
136
113
135
106
179
140
0 1 58
0 2 12
2 3 47
0 4 40
0 5 17
4 6 12
1 7 50
3 8 59
6 9 33
1 10 30
3 11 4
6 12 37
7 13 23
0 14 4
8 15 29
15 16 51
8 17 49
13 18 17
18 19 20
1 20 6
12 21 32
1 22 24
1 23 44
6 24 16
12 25 6
15 26 30
17 27 19
1 28 9
22 29 48
22 30 6
3 31 12
31 32 4
6 33 53
27 34 34
1 35 52
5 36 47
18 37 49
25 38 35
3 39 1
5 40 42
31 41 7
35 42 5
9 43 57
10 44 57
31 45 38
31 46 15
27 47 22
38 48 35
35 49 6
13 50 8
14 51 54
49 52 5
29 53 41
29 54 26
35 55 15
36 56 50
8 57 47
4 58 31
46 59 15
41 60 26
45 61 9
23 62 9
54 63 0
32 64 12
18 65 38
23 66 57
55 67 47
24 68 26
24 69 39
61 70 48
28 71 27
21 72 12
33 73 6
14 74 33
3 75 40
51 76 33
42 77 60
8 78 17
56 79 21
9 80 42
61 81 43
8 82 46
48 83 27
46 84 44
83 85 46
0 86 15
3 87 10
51 88 51
30 89 11
24 90 26
51 91 9
59 92 13
89 93 50
25 94 12
46 95 16
81 96 2
55 97 44
54 98 11
15 99 57
94 100 54
91 101 38
72 102 45
74 103 46
10 104 48
13 51 21
14 87 47
97 97 53
45 72 45
48 95 14
54 72 42
55 90 52
39 59 34
68 89 7
48 54 43
68 69 5
2 17 1
74 98 56
4 51 3
59 103 58
87 92 57
52 85 29
65 78 19
17 61 46
20 67 6
60 91 7
30 31 29
53 62 13
69 89 48
56 104 27
33 75 13
21 81 48
103 103 44
15 75 15
34 53 18
92 97 45
4 19 31
83 83 12
78 95 42
75 92 47
80 99 43
21 99 54
6 25 29
16 27 31
75 90 13
98 99 39
92 92 8
67 79 26
81 91 59
41 53 32
42 63 36
86 92 33
54 59 43
43 97 15
67 102 7
21 43 48
14 35 19
95 96 30
52 103 26
6 37 47
10 40 37
91 93 33
96 96 34
18 97 60
43 85 35
64 90 19
94 95 22
67 91 26
6 16 0
18 90 41
3 50 34
86 90 35
92 93 38
7 62 5
59 76 14
79 89 58
58 99 13
76 78 60
69 74 42
71 78 48
14 30 6
61 102 18
29 94 18
2 78 14
83 93 45
39 45 24
99 100 2
19 97 53
45 96 11
73 86 22
15 79 45
69 71 11
93 102 59
12 18 15
54 62 57
91 97 48
77 90 48
95 100 30
10 23 45
96 98 8
29 95 57
4 44 28
6 89 49
103 104 35
8 71 6
3 66 22
20 28 17
53 83 13
49 59 44
28 31 56
21 58 24
69 92 41
99 104 32
77 79 4
4 39 7
11 70 51
51 61 27
23 101 1
101 101 56
3 84 9
70 76 55
10 89 26
26 93 49
67 71 18
34 57 25
30 94 25
67 86 51
43 84 37
98 104 16
77 81 8
53 90 15
3 29 23
50 90 31
42 68 7
67 78 23
100 101 3
24 44 25
68 84 55
60 104 29
32 56 31
71 92 59
54 75 52
92 94 49
59 95 23
34 94 45
32 34 20
82 95 8
49 94 50
77 89 34
33 46 44
71 82 43
66 93 10
34 43 59
59 85 52
46 65 21
44 47 45
47 102 41
61 68 46
52 65 33
93 103 26
97 103 53
11 59 12
42 72 22
101 104 15
18 45 12
102 102 3
8 75 44
23 76 4
64 80 24
93 98 38
28 70 35
73 83 50
42 66 19
48 93 19
88 95 30
7 43 53
15 64 18
0 46 24
29 80 40
73 77 29
87 91 40
78 104 25
80 86 55
75 76 9
94 94 4
97 104 47
80 89 11
45 71 52
94 97 40
42 103 16
68 92 36
74 96 9
36 80 32
2 84 28
43 92 32
6 65 45
3 40 60
42 70 33
99 101 60
81 82 49
52 95 12
26 45 57
48 59 50
5 77 20
36 88 46
102 103 33
12 61 23
15 73 46
98 103 0
88 97 2
102 104 11
36 73 43
79 81 2
75 87 47
55 63 40
6 94 7
