50 150
145
116
133
127
122
172
163
146
113
175
102
163
200
141
135
145
133
122
165
148
153
167
145
115
106
100
124
195
198
102
153
159
111
181
200
152
124
170
180
176
179
186
156
188
114
117
198
159
109
199
0 1 40
1 2 52
2 3 3
0 4 10
2 5 18
1 6 24
1 7 42
4 8 51
5 9 48
9 10 44
0 11 48
8 12 25
10 13 9
9 14 9
9 15 18
11 16 3
16 17 4
12 18 18
13 19 45
6 20 8
16 21 52
21 22 18
14 23 46
22 24 48
8 25 35
3 26 55
23 27 5
5 28 55
2 29 9
26 30 59
22 31 6
21 32 58
3 33 31
19 34 48
14 35 43
7 36 23
14 37 0
18 38 15
25 39 36
10 40 5
36 41 12
33 42 24
38 43 30
10 44 23
23 45 16
20 46 2
44 47 3
30 48 6
30 49 3
1 33 32
46 46 57
29 44 10
39 39 32
34 46 38
47 47 17
43 44 48
30 40 2
37 39 16
4 22 17
35 44 10
38 41 60
4 30 55
5 25 32
43 45 15
11 17 53
15 18 3
13 44 48
35 38 53
20 45 16
12 29 41
31 37 59
38 46 20
48 48 31
46 47 58
25 29 49
24 29 60
28 45 38
25 26 40
4 36 37
24 26 28
45 45 0
27 46 50
45 46 8
6 29 35
45 48 31
0 49 58
41 49 50
13 39 20
37 49 18
20 33 19
47 48 36
14 48 13
11 29 52
41 47 44
5 7 58
32 33 33
34 49 2
28 40 49
45 49 48
47 49 26
9 20 38
38 45 12
10 30 28
0 28 2
24 36 0
46 48 39
36 43 35
38 39 19
8 38 5
13 23 19
18 23 14
29 39 3
16 45 19
44 46 39
2 27 50
35 41 6
0 33 25
41 46 19
22 22 33
39 43 36
22 47 29
8 31 35
18 21 14
22 46 18
21 39 50
30 37 48
26 38 31
26 26 4
44 44 6
23 47 38
27 47 33
35 43 54
3 6 59
4 10 51
18 35 41
15 16 7
26 34 1
1 10 16
7 45 50
27 37 53
10 22 53
29 41 54
17 43 25
1 37 40
40 42 26
15 25 30
5 15 3
11 27 33
5 8 48
6 6 39
