100 300
195
171
199
117
130
184
167
189
152
152
191
178
135
182
157
166
107
164
106
159
140
177
138
137
103
199
118
100
127
139
103
109
132
113
147
145
102
178
121
169
109
134
187
145
103
146
126
153
120
101
135
195
105
192
143
200
148
170
129
169
147
134
121
109
149
156
124
102
139
189
186
160
182
132
147
180
194
154
186
191
151
131
134
105
161
137
109
116
129
107
110
115
125
141
133
108
153
189
136
108
0 1 50
1 2 57
0 3 44
0 4 51
3 5 19
2 6 40
0 7 55
0 8 36
3 9 0
0 10 47
1 11 29
2 12 58
2 13 25
7 14 31
6 15 11
14 16 48
3 17 27
14 18 44
17 19 43
4 20 21
6 21 37
5 22 43
14 23 53
11 24 27
19 25 59
25 26 35
17 27 34
3 28 22
26 29 19
6 30 29
13 31 28
3 32 33
3 33 52
16 34 18
31 35 44
17 36 44
13 37 3
34 38 47
27 39 0
9 40 29
17 41 28
25 42 45
33 43 12
0 44 6
42 45 44
20 46 11
12 47 21
17 48 12
37 49 42
7 50 7
45 51 56
22 52 16
16 53 1
32 54 4
54 55 5
32 56 8
41 57 29
21 58 5
3 59 7
52 60 30
41 61 53
35 62 2
22 63 10
22 64 28
29 65 59
25 66 55
15 67 39
16 68 59
13 69 31
59 70 57
51 71 56
11 72 50
48 73 28
19 74 21
24 75 12
33 76 36
42 77 29
19 78 60
50 79 21
26 80 23
50 81 15
7 82 38
29 83 42
22 84 11
24 85 29
23 86 32
76 87 4
35 88 13
44 89 34
63 90 41
26 91 19
89 92 6
33 93 40
58 94 32
12 95 47
35 96 44
38 97 56
60 98 52
24 99 41
82 88 24
26 88 26
55 70 19
56 58 18
51 89 29
44 86 56
70 83 18
78 80 10
53 80 27
15 97 11
10 58 54
62 96 30
35 83 22
67 92 40
64 65 37
98 98 28
86 87 45
90 96 4
1 12 29
96 97 27
87 98 57
62 95 33
45 78 24
84 88 32
41 82 1
31 71 30
18 86 42
19 53 16
45 60 14
74 76 60
13 70 46
79 97 50
31 53 38
52 61 47
8 52 7
50 95 15
7 21 11
10 20 9
90 90 45
13 62 25
36 91 24
7 95 14
94 96 60
95 99 23
20 68 30
88 88 56
29 90 50
67 95 56
52 65 52
46 64 33
73 98 5
36 74 21
33 84 34
91 92 28
83 89 7
57 63 27
38 82 43
48 72 44
91 94 48
97 99 51
6 12 12
81 82 30
14 80 43
5 57 13
88 95 13
79 92 7
79 94 45
54 63 36
87 94 25
10 95 21
62 78 54
95 96 45
23 23 1
65 85 51
87 95 40
17 37 35
53 61 27
34 75 35
22 66 14
59 62 18
68 78 39
44 94 44
69 74 22
68 73 6
6 47 29
37 97 56
10 73 6
16 87 54
36 42 29
68 96 6
88 93 2
6 81 45
87 97 35
85 90 14
70 79 19
9 95 3
21 87 57
80 87 16
68 76 54
19 36 7
21 23 39
89 91 32
73 86 22
40 82 49
48 71 59
91 98 36
92 98 36
9 92 45
88 98 49
66 86 22
86 86 46
17 23 57
3 83 43
7 38 6
19 30 28
75 90 9
15 19 15
40 52 2
98 99 53
31 45 1
21 57 46
15 59 42
12 67 54
91 99 28
37 45 49
1 52 21
42 56 9
18 30 32
13 86 10
72 96 2
42 89 36
76 76 6
15 39 46
37 68 53
84 90 27
72 79 25
72 72 12
69 79 52
50 65 19
91 93 56
97 98 24
33 80 24
55 92 18
39 46 1
58 63 19
44 48 42
19 44 50
29 58 58
70 96 37
53 88 41
5 32 7
15 60 58
73 97 27
89 90 53
50 53 24
4 98 20
1 5 2
34 83 50
46 49 17
62 73 18
65 99 53
20 83 39
30 75 18
7 91 36
53 67 43
44 82 22
3 41 25
55 63 34
89 99 6
33 63 54
46 78 12
44 95 42
25 94 54
94 95 9
47 63 52
53 68 15
67 69 51
11 68 42
86 89 14
92 93 28
59 84 49
44 79 55
83 92 47
17 21 43
59 89 59
44 57 56
31 55 54
59 95 43
26 63 13
63 70 13
44 92 40
50 72 41
48 60 45
35 46 43
9 24 32
35 93 58
50 73 9
68 74 38
70 84 40
2 46 22
51 84 22
