270 1350
111
134
195
186
122
122
177
148
132
114
189
155
175
138
189
130
130
185
199
157
132
139
150
103
161
160
101
152
184
181
157
195
130
115
158
122
172
133
145
114
133
113
111
151
172
130
114
135
153
177
141
110
199
153
190
142
163
165
196
194
195
135
120
134
191
137
139
180
182
128
160
188
112
155
160
187
147
181
187
198
166
163
131
179
194
164
111
111
151
167
125
129
178
168
154
137
155
115
144
137
178
177
177
184
121
139
175
183
116
112
166
171
145
161
127
116
135
140
124
107
118
163
192
160
146
148
156
114
130
169
141
129
188
160
177
197
131
152
139
138
149
158
121
200
133
132
128
189
199
194
138
118
168
153
127
190
110
147
200
124
154
126
176
104
163
106
113
171
166
144
143
164
116
133
119
130
153
192
126
110
153
195
196
110
186
195
117
193
157
132
197
167
113
197
128
198
162
194
152
135
166
196
135
148
116
105
162
197
173
159
185
139
165
127
130
123
130
168
129
173
150
130
161
111
182
167
115
170
186
194
130
134
134
143
188
147
148
141
188
131
155
175
147
116
164
118
159
192
102
141
109
103
153
125
162
153
172
179
163
128
151
164
135
166
169
158
134
109
189
107
0 1 36
1 2 32
1 3 10
2 4 22
0 5 32
5 6 21
2 7 29
6 8 3
7 9 53
1 10 17
9 11 30
2 12 10
12 13 48
2 14 2
7 15 32
14 16 42
6 17 47
16 18 60
8 19 14
15 20 23
12 21 24
16 22 46
18 23 54
6 24 32
3 25 54
21 26 8
8 27 57
17 28 10
8 29 53
17 30 13
2 31 46
19 32 14
6 33 8
7 34 19
0 35 51
5 36 14
29 37 28
17 38 41
19 39 50
10 40 1
14 41 5
35 42 31
31 43 29
5 44 17
37 45 31
8 46 6
32 47 4
9 48 39
27 49 40
4 50 55
16 51 59
24 52 11
36 53 42
34 54 20
33 55 29
12 56 28
17 57 21
4 58 43
35 59 38
29 60 1
29 61 22
38 62 45
53 63 10
21 64 8
46 65 16
65 66 3
64 67 43
9 68 46
43 69 38
52 70 45
8 71 35
23 72 40
1 73 39
42 74 51
69 75 28
12 76 24
53 77 40
41 78 12
53 79 8
23 80 25
44 81 14
4 82 26
54 83 8
39 84 29
50 85 47
45 86 29
54 87 7
51 88 47
54 89 47
40 90 51
82 91 58
58 92 48
61 93 6
74 94 33
81 95 6
56 96 25
51 97 17
26 98 41
60 99 11
43 100 9
91 101 23
74 102 57
68 103 40
47 104 7
90 105 1
47 106 1
5 107 28
67 108 49
48 109 52
107 110 57
63 111 23
44 112 29
41 113 40
5 114 57
22 115 15
97 116 38
18 117 25
102 118 41
72 119 0
6 120 47
48 121 28
42 122 12
55 123 10
15 124 26
112 125 41
33 126 40
25 127 5
42 128 53
0 129 57
92 130 24
102 131 59
83 132 50
21 133 3
53 134 39
51 135 32
23 136 7
37 137 4
76 138 35
44 139 4
110 140 57
136 141 30
101 142 19
1 143 1
30 144 1
92 145 0
119 146 21
70 147 53
37 148 17
139 149 16
132 150 9
7 151 52
14 152 42
85 153 46
16 154 25
30 155 39
105 156 19
101 157 47
31 158 39
83 159 15
150 160 26
143 161 43
155 162 12
146 163 50
20 164 25
91 165 59
67 166 50
34 167 18
48 168 60
146 169 16
49 170 60
8 171 55
117 172 27
58 173 32
10 174 33
81 175 37
49 176 21
65 177 45
124 178 18
157 179 32
124 180 0
74 181 30
73 182 41
79 183 58
175 184 43
166 185 11
66 186 43
116 187 35
36 188 27
34 189 14
187 190 52
111 191 11
9 192 43
190 193 33
89 194 13
113 195 47
78 196 50
52 197 26
106 198 55
48 199 27
132 200 3
119 201 59
49 202 5
31 203 39
3 204 41
79 205 39
48 206 27
131 207 29
200 208 52
146 209 40
143 210 7
24 211 38
56 212 23
56 213 6
208 214 21
62 215 34
209 216 59
60 217 32
15 218 14
130 219 25
91 220 57
210 221 54
44 222 56
119 223 51
15 224 6
194 225 6
93 226 57
190 227 52
201 228 39
94 229 32
47 230 42
47 231 36
92 232 13
33 233 54
45 234 2
165 235 19
36 236 29
120 237 4
87 238 45
74 239 59
136 240 13
33 241 28
172 242 41
6 243 34
6 244 41
200 245 19
24 246 11
185 247 31
80 248 51
180 249 53
201 250 23
18 251 21
237 252 6
70 253 32
122 254 37
240 255 13
210 256 1
69 257 36
187 258 11
87 259 55
156 260 17
204 261 51
229 262 16
202 263 4
100 264 37
218 265 3
99 266 49
167 267 7
262 268 43
262 269 53
107 147 29
119 120 22
5 246 25
2 123 39
127 191 38
130 268 59
56 170 16
220 230 10
227 244 52
182 202 41
51 154 2
195 254 3
260 260 58
229 268 24
94 231 2
223 269 19
64 122 51
122 264 56
56 206 58
187 206 58
126 219 21
39 120 42
117 162 60
60 262 24
59 142 45
93 100 15
233 254 20
168 244 20
100 184 54
60 81 46
223 246 34
268 269 31
14 162 46
103 236 23
267 267 53
97 189 9
162 178 43
99 203 30
213 264 9
190 215 39
171 186 34
222 244 48
93 268 54
259 259 36
264 269 9
254 256 55
28 129 24
232 233 36
68 126 6
63 63 9
227 267 1
44 142 18
171 190 46
260 262 34
21 109 12
247 255 49
260 265 11
202 236 29
246 267 53
162 169 54
158 200 23
212 214 16
33 209 26
18 257 48
1 71 33
230 264 26
81 90 38
242 259 48
90 243 10
67 206 29
20 56 57
118 221 52
229 252 52
138 181 27
30 65 35
13 26 24
216 233 11
11 129 12
150 163 8
13 97 7
103 157 21
246 258 30
232 259 57
247 252 2
0 130 16
246 255 56
138 238 24
240 254 57
101 113 22
128 255 7
84 255 23
76 219 3
58 84 39
24 247 56
55 109 27
221 255 59
172 220 35
225 262 21
185 206 12
115 203 22
55 207 41
68 100 37
86 252 21
139 210 19
72 245 17
202 251 37
228 255 38
31 245 13
162 173 59
157 246 56
246 264 26
106 249 45
261 268 4
19 176 47
190 217 55
203 252 49
178 253 3
119 199 51
214 218 27
95 213 17
102 185 33
248 255 34
118 170 27
47 160 39
168 234 23
56 236 48
54 80 25
16 261 31
99 126 10
245 245 1
11 21 59
78 239 13
19 197 10
245 266 34
96 163 14
120 206 29
17 77 59
163 170 14
152 234 38
216 245 36
254 263 22
210 217 52
150 187 19
92 119 58
244 261 4
119 157 52
15 82 21
260 267 25
112 176 4
116 145 5
67 240 13
45 148 39
25 190 7
197 266 20
239 269 43
82 221 41
235 247 27
233 255 5
94 269 36
20 110 21
16 191 53
4 208 9
10 74 45
40 266 39
215 225 35
3 213 12
121 188 6
111 248 1
242 266 20
156 255 30
76 198 52
8 38 54
37 195 17
153 210 57
84 197 59
116 262 15
21 134 43
66 172 32
266 267 22
209 238 43
18 43 34
81 137 14
161 198 33
54 185 59
27 120 58
206 221 46
251 264 27
217 242 19
219 262 7
60 102 57
235 239 13
236 237 29
124 152 23
171 173 28
256 260 32
9 200 53
27 248 2
28 259 2
175 233 43
158 170 52
12 219 25
11 109 36
17 258 52
35 212 44
262 265 45
147 205 59
65 266 22
234 256 35
169 265 9
16 33 43
230 261 25
215 229 53
254 260 24
108 116 35
187 194 9
175 215 17
219 237 13
174 208 24
179 183 7
34 225 60
53 258 56
31 55 53
94 163 51
160 178 28
138 155 11
202 216 36
43 235 52
204 213 0
173 240 42
132 137 4
161 267 9
108 164 50
86 88 16
157 219 20
181 213 37
265 266 21
260 264 8
113 115 10
27 74 21
72 185 42
35 246 42
34 247 8
265 265 22
20 235 1
15 114 58
235 262 47
148 262 55
190 251 0
53 228 11
70 243 35
121 171 37
0 263 28
56 92 54
145 163 1
107 113 4
226 248 54
166 175 43
36 165 53
246 254 39
149 201 53
93 164 16
157 186 23
225 225 30
90 201 18
253 269 21
4 245 36
127 216 43
160 173 17
242 258 36
250 259 11
178 249 7
185 203 37
252 254 17
71 81 58
65 174 24
179 232 42
81 127 1
9 115 38
83 192 2
71 253 14
199 214 52
140 186 3
208 256 53
174 184 22
115 130 5
166 199 35
185 208 28
67 264 43
70 145 9
4 51 23
220 253 60
196 239 36
159 174 5
43 250 11
172 223 38
53 267 42
213 214 43
256 265 11
59 99 7
151 199 9
168 192 7
106 142 6
166 216 21
87 166 56
31 159 35
257 261 34
143 252 26
73 194 36
234 261 38
208 255 8
197 227 47
155 159 24
90 188 59
92 258 9
86 195 56
147 185 22
205 247 41
144 268 60
206 228 9
171 247 48
86 89 32
92 253 31
195 245 32
120 134 45
64 78 5
51 64 40
65 84 33
63 158 38
111 175 43
34 161 40
131 208 58
26 181 0
92 236 60
87 202 20
123 252 28
22 261 56
225 258 3
248 260 34
217 238 25
228 249 35
201 221 53
45 135 53
247 253 5
64 195 34
116 250 9
118 160 17
17 266 21
139 218 11
171 249 39
39 69 20
265 268 9
7 169 31
148 179 13
237 255 7
68 101 31
6 122 57
258 267 54
127 217 40
9 37 58
110 145 31
181 219 17
118 241 1
59 181 24
69 263 28
161 193 4
83 227 27
123 238 11
199 222 28
89 201 18
157 189 57
233 235 29
115 266 34
212 241 42
81 259 16
65 144 55
133 202 51
202 267 4
88 161 36
225 239 56
8 258 59
94 249 34
227 238 31
162 192 57
219 263 27
24 38 59
64 239 29
265 269 12
104 201 58
37 112 20
222 233 44
202 265 57
176 193 31
116 183 20
182 210 12
256 258 36
118 134 12
199 226 10
51 188 30
24 188 43
254 266 34
267 269 60
69 236 56
150 176 43
158 189 28
195 215 14
102 253 58
32 88 31
3 186 39
43 135 34
143 157 43
78 134 11
94 196 47
112 207 37
39 179 54
81 207 10
214 258 32
174 198 45
5 117 8
169 171 22
41 94 44
6 45 48
44 252 57
159 168 23
29 123 14
149 212 53
173 269 37
51 112 46
80 191 8
164 173 46
224 238 27
110 245 32
190 204 16
243 258 48
110 137 19
179 255 60
222 253 15
2 34 48
185 242 60
108 232 23
51 69 33
213 263 10
2 182 1
56 122 48
75 107 20
38 99 31
191 229 51
198 242 50
161 195 47
103 251 18
219 225 39
17 138 37
34 144 58
56 89 36
192 211 23
128 252 30
161 258 30
155 171 9
189 234 3
137 175 50
215 257 6
108 120 16
194 216 31
113 231 53
218 245 29
4 200 18
217 264 5
206 255 15
17 72 33
121 166 47
92 207 1
218 248 20
19 68 54
61 113 19
8 242 39
234 252 38
136 241 38
60 107 30
98 127 14
64 268 47
55 176 16
50 142 59
67 221 1
124 218 14
180 247 46
186 215 1
248 268 17
165 203 6
19 104 22
132 172 53
195 267 40
136 227 8
77 99 6
42 189 18
119 172 35
229 253 59
198 232 32
127 222 20
83 217 8
65 104 59
51 268 5
215 251 27
206 250 37
264 265 26
118 124 34
155 158 39
170 245 52
230 247 51
37 186 17
117 126 59
199 252 20
127 152 5
183 218 22
62 134 5
166 180 49
137 264 26
147 206 53
7 252 58
123 231 32
168 209 52
263 263 18
31 151 18
97 232 19
13 48 8
191 222 8
69 234 48
27 71 32
31 38 33
147 245 47
103 203 35
230 240 7
63 98 21
47 119 5
148 171 40
226 261 6
195 256 1
132 184 22
175 264 51
12 35 37
16 240 11
190 231 59
37 184 2
68 202 16
175 231 36
174 246 49
246 262 43
24 169 55
154 247 17
16 69 40
20 168 2
174 237 53
108 167 6
133 220 36
59 195 57
165 232 60
210 240 34
216 266 30
192 201 16
263 265 49
110 163 17
214 243 42
77 244 43
228 251 42
54 160 35
241 243 16
120 267 9
68 193 6
175 204 12
11 196 54
60 78 43
7 194 29
170 179 37
142 262 42
130 153 29
221 230 27
242 252 57
256 269 10
234 265 16
256 256 24
67 185 40
180 238 28
79 154 19
143 231 25
77 208 27
89 124 14
191 232 2
130 154 55
112 196 44
8 187 57
120 244 60
75 174 45
198 199 19
18 268 49
129 208 49
202 249 57
13 153 26
114 138 58
97 115 40
102 189 27
223 234 41
114 180 7
76 206 9
257 260 35
165 229 0
100 150 16
68 177 9
193 215 47
165 169 47
35 258 31
255 263 37
225 246 23
117 138 48
250 267 6
21 258 19
53 126 28
221 225 9
169 260 17
195 253 39
150 258 37
169 221 20
87 233 19
117 141 8
121 147 10
157 182 45
18 142 6
216 259 57
106 171 34
160 247 15
34 136 35
77 128 30
215 240 34
157 214 16
84 207 29
218 223 35
119 173 38
173 266 58
239 253 7
61 102 46
25 221 16
180 239 56
73 158 25
100 162 48
112 186 6
62 136 22
107 139 11
95 221 11
177 214 57
173 232 11
132 202 38
83 235 50
245 247 50
61 224 15
13 30 26
202 221 19
92 103 39
37 53 28
14 223 17
214 246 9
25 43 60
183 268 43
255 260 11
10 269 36
221 227 41
34 248 24
206 245 7
208 228 31
140 259 2
171 259 13
185 260 0
261 264 38
247 265 49
53 245 26
88 134 22
42 263 45
38 181 3
124 146 21
136 153 3
138 166 23
132 164 43
31 190 60
121 131 29
124 239 46
123 173 52
233 240 36
92 247 3
119 262 49
263 269 39
220 259 29
219 258 17
187 211 14
40 190 17
187 260 56
113 162 59
247 267 18
121 200 41
110 123 50
129 228 14
228 245 35
22 105 38
78 133 50
147 233 17
252 264 46
194 251 44
240 247 28
243 250 59
27 77 26
232 232 7
73 165 40
148 252 19
203 236 11
111 154 45
79 173 40
263 267 29
41 209 0
164 241 20
69 82 7
18 20 60
239 256 18
50 189 10
27 52 40
8 118 15
102 263 55
166 192 21
258 263 24
220 226 22
21 268 3
240 250 1
112 264 50
162 234 29
217 266 33
55 126 12
167 218 2
257 259 7
214 264 24
75 187 2
172 190 18
29 97 20
185 188 50
250 257 12
55 93 19
45 125 2
150 260 54
91 233 26
197 249 43
212 239 23
209 235 44
242 244 44
238 268 18
52 211 59
152 196 52
179 250 12
93 193 10
109 123 7
198 209 45
13 169 22
0 241 41
90 212 57
187 259 1
158 257 38
149 256 29
220 246 9
104 238 17
181 263 7
155 204 22
264 264 29
87 180 51
123 153 15
32 263 30
216 243 12
123 223 2
123 158 18
215 242 46
58 88 0
241 260 37
62 93 14
172 204 8
219 260 50
82 94 52
123 255 10
24 62 39
147 236 33
193 222 18
37 72 43
44 133 43
224 242 16
172 193 5
139 171 8
103 156 18
209 233 15
169 258 44
150 158 46
172 245 48
103 182 51
187 229 26
163 183 42
237 268 16
179 251 43
37 197 23
32 164 28
108 130 55
257 267 19
123 125 46
14 191 27
239 254 6
55 70 24
41 202 22
140 223 58
237 261 57
19 118 38
203 230 21
262 266 10
166 211 43
134 161 6
104 256 39
103 204 44
175 178 54
136 147 11
231 239 53
94 252 14
226 269 54
180 203 40
142 223 1
41 93 41
170 267 10
153 247 36
89 221 28
251 256 57
243 253 44
152 260 21
103 213 9
55 94 12
85 240 15
149 164 41
23 204 38
61 167 41
88 202 36
222 256 11
225 264 19
219 229 44
31 47 39
81 104 55
53 96 10
112 245 23
13 236 4
171 233 7
101 195 15
131 146 32
231 269 13
193 202 27
233 266 57
180 242 0
128 172 50
40 256 49
247 269 31
191 210 50
124 125 12
48 200 30
28 198 56
237 247 0
32 136 30
188 241 24
98 188 20
153 161 29
110 143 30
251 261 59
25 203 26
166 213 43
99 188 0
67 155 32
100 203 35
70 133 42
113 113 49
33 165 32
85 251 2
128 228 37
139 146 19
246 253 31
27 40 10
143 212 52
136 263 11
198 239 22
0 42 14
179 229 54
71 145 1
204 258 17
228 235 30
160 170 7
24 100 36
204 266 58
79 176 16
185 215 39
156 218 18
83 181 53
51 244 13
171 192 9
79 114 27
102 269 38
215 216 53
195 244 8
83 161 21
57 198 56
62 96 4
177 179 18
68 250 14
51 155 52
266 268 18
238 239 34
0 249 2
187 267 12
116 228 59
244 253 47
129 146 31
148 254 34
150 164 7
25 261 51
51 165 5
45 45 58
86 229 16
39 235 37
171 202 44
45 79 56
54 172 7
64 244 43
60 226 13
153 162 37
173 207 1
20 118 18
2 120 4
61 264 34
162 195 46
261 262 55
250 254 8
159 254 0
31 128 49
53 91 23
240 266 2
242 253 54
149 227 3
257 268 39
14 22 22
242 263 5
63 221 46
248 266 38
203 268 53
224 228 5
174 183 20
191 208 8
99 237 45
77 118 19
253 260 40
266 266 57
181 198 10
188 202 60
176 235 52
203 261 10
174 187 13
53 76 1
151 206 25
63 266 13
233 249 56
50 203 21
39 63 47
115 217 15
178 244 57
23 75 0
258 262 38
159 193 36
124 171 20
196 196 34
96 268 40
176 194 37
45 128 3
100 201 24
37 141 0
132 243 29
3 47 40
123 194 13
136 246 47
149 233 34
123 161 17
47 155 48
199 225 53
189 201 60
110 132 40
149 174 5
141 260 47
87 147 51
164 201 9
156 237 0
143 156 55
114 266 38
169 266 12
154 218 55
24 133 18
206 227 24
7 118 3
85 254 60
186 214 21
101 125 37
43 125 24
65 166 45
94 205 9
58 197 52
57 126 52
175 245 32
245 264 24
245 252 30
189 242 35
141 259 6
81 142 14
169 225 33
73 79 50
253 261 50
125 170 10
182 193 14
59 69 31
198 208 45
60 243 16
184 184 23
143 200 46
1 30 0
122 255 6
53 261 21
162 172 12
29 180 60
166 255 16
173 206 6
234 238 17
35 216 29
249 260 16
112 191 39
184 214 54
23 201 42
184 213 8
143 211 50
189 236 14
152 241 54
48 64 4
203 219 13
100 168 14
90 118 0
26 204 34
202 207 20
243 267 29
217 257 8
122 161 48
259 266 48
12 16 57
220 269 21
19 106 28
129 131 10
67 178 37
250 256 20
120 224 25
116 168 2
208 260 30
38 127 22
58 261 0
145 245 45
225 245 25
259 260 5
255 262 1
69 89 6
141 180 21
84 165 24
18 44 14
150 165 41
225 253 42
94 100 11
141 249 5
191 199 50
108 241 43
59 246 9
18 182 41
75 204 19
41 51 57
102 264 34
191 230 51
150 157 48
84 87 14
8 47 30
249 255 13
