260 1300
161
178
105
180
112
141
146
135
192
193
129
122
122
134
193
105
195
188
189
163
122
119
114
137
156
177
186
131
182
189
198
172
137
178
125
156
198
100
172
145
160
109
170
200
133
144
185
154
188
151
123
199
119
136
183
113
119
110
128
152
185
166
190
195
200
159
126
148
153
175
172
171
121
154
155
132
188
200
151
108
155
168
108
160
130
151
105
128
188
121
115
121
155
121
161
118
181
102
156
151
105
155
185
102
179
134
183
121
114
157
146
153
132
165
193
146
152
168
168
107
187
187
169
123
187
171
138
143
144
150
118
142
105
121
122
100
117
190
118
168
195
166
148
147
131
109
159
134
199
189
179
116
116
117
135
122
194
174
145
146
138
121
195
155
179
174
140
185
178
192
110
157
167
111
117
172
193
191
124
192
166
191
188
129
153
161
138
121
116
195
122
167
116
177
188
196
196
145
153
183
174
138
179
125
176
114
119
144
137
159
101
193
147
194
169
111
194
113
111
174
141
144
150
154
135
191
197
192
153
180
188
126
153
149
146
103
185
153
100
100
193
138
197
181
111
121
150
140
152
186
135
127
152
185
157
184
166
109
108
171
0 1 3
0 2 39
1 3 40
0 4 37
3 5 3
0 6 24
4 7 7
3 8 19
6 9 60
1 10 1
6 11 17
11 12 18
8 13 57
1 14 51
7 15 47
13 16 12
1 17 27
17 18 57
8 19 59
11 20 50
15 21 48
4 22 10
12 23 44
2 24 30
21 25 52
12 26 47
4 27 54
23 28 3
11 29 30
8 30 5
0 31 8
5 32 0
29 33 59
14 34 6
5 35 28
16 36 9
24 37 45
0 38 21
10 39 28
36 40 17
32 41 49
13 42 53
25 43 33
12 44 24
11 45 11
3 46 19
8 47 37
28 48 32
16 49 39
15 50 24
6 51 35
12 52 41
35 53 12
10 54 55
28 55 60
3 56 4
12 57 42
24 58 36
45 59 28
35 60 7
18 61 8
37 62 7
18 63 20
6 64 59
53 65 36
31 66 29
35 67 11
8 68 9
20 69 37
32 70 42
41 71 18
33 72 56
65 73 4
43 74 19
30 75 1
26 76 9
65 77 26
50 78 0
28 79 10
28 80 14
14 81 25
17 82 56
12 83 27
79 84 45
57 85 2
9 86 18
82 87 43
4 88 8
65 89 12
79 90 56
28 91 40
25 92 15
35 93 60
84 94 10
50 95 39
28 96 20
13 97 7
14 98 9
81 99 56
0 100 51
44 101 36
72 102 55
45 103 38
0 104 14
2 105 60
88 106 45
10 107 56
9 108 52
42 109 38
15 110 33
76 111 27
55 112 47
19 113 52
15 114 50
63 115 6
93 116 51
80 117 40
96 118 37
103 119 51
90 120 50
104 121 12
20 122 16
0 123 28
77 124 53
48 125 52
85 126 9
117 127 30
48 128 49
13 129 22
62 130 58
26 131 42
28 132 22
92 133 35
7 134 54
54 135 58
28 136 60
50 137 41
91 138 16
131 139 46
128 140 39
31 141 27
64 142 36
119 143 19
101 144 50
133 145 49
10 146 47
61 147 32
44 148 1
97 149 36
109 150 26
65 151 48
82 152 49
16 153 44
70 154 44
85 155 48
154 156 48
136 157 53
36 158 51
129 159 19
149 160 53
46 161 50
53 162 9
11 163 36
73 164 3
147 165 5
105 166 57
59 167 41
152 168 14
72 169 52
27 170 1
39 171 3
103 172 27
106 173 57
76 174 28
148 175 33
118 176 59
44 177 13
33 178 38
148 179 6
18 180 40
63 181 14
82 182 7
146 183 12
6 184 21
33 185 56
17 186 25
134 187 60
107 188 15
76 189 50
61 190 29
158 191 23
170 192 1
156 193 5
117 194 45
147 195 42
22 196 7
80 197 20
20 198 41
39 199 26
179 200 52
73 201 29
51 202 4
22 203 4
154 204 10
103 205 33
126 206 31
191 207 56
149 208 6
162 209 32
134 210 6
53 211 23
175 212 47
124 213 18
25 214 45
39 215 30
66 216 20
182 217 11
25 218 57
161 219 20
80 220 52
195 221 43
8 222 14
152 223 37
118 224 23
75 225 43
18 226 22
79 227 29
8 228 36
144 229 56
117 230 49
191 231 41
222 232 9
20 233 40
177 234 43
76 235 0
179 236 20
26 237 28
189 238 29
8 239 1
88 240 16
116 241 23
165 242 44
129 243 30
163 244 2
28 245 35
141 246 34
236 247 11
222 248 49
122 249 30
155 250 59
185 251 30
42 252 21
134 253 32
73 254 0
223 255 58
141 256 42
102 257 22
235 258 14
128 259 47
174 215 11
62 122 4
3 69 5
61 118 24
40 201 31
166 255 1
182 203 44
243 248 4
98 200 10
3 148 7
113 143 57
229 242 57
233 254 48
244 252 50
131 244 19
108 171 13
94 226 59
197 198 60
100 189 12
176 259 57
72 247 33
170 179 31
136 251 51
24 115 41
114 135 57
159 217 45
146 168 17
180 224 52
140 196 29
207 211 44
256 259 19
133 248 23
227 240 32
116 247 9
85 220 20
223 229 8
249 256 27
74 107 0
6 26 51
85 213 25
135 177 57
104 207 9
186 257 41
170 184 45
29 106 51
217 241 30
111 212 5
152 227 54
164 199 41
200 205 0
138 257 0
21 49 8
160 214 20
48 259 58
111 253 9
36 147 56
246 246 5
121 212 41
74 146 27
14 255 59
173 219 47
111 213 19
159 185 29
74 97 24
184 253 60
75 122 45
170 245 58
50 72 49
136 249 51
94 150 36
255 258 46
243 251 57
211 248 52
211 258 22
58 256 60
165 236 46
113 122 47
115 157 35
190 201 16
222 236 6
126 128 58
141 255 25
82 124 54
61 247 37
93 192 29
106 107 42
254 257 49
67 163 40
75 131 56
182 191 16
38 253 13
18 146 56
70 107 17
222 256 27
236 242 15
185 199 60
134 186 3
68 225 9
138 145 38
220 251 58
83 149 25
252 252 32
149 251 26
131 211 57
242 247 58
55 67 15
136 217 50
188 226 14
50 154 14
208 208 22
235 255 54
66 221 29
108 181 59
151 250 32
105 251 16
140 249 6
87 90 47
17 21 15
256 257 30
164 247 20
199 231 21
169 173 48
171 223 47
246 250 22
107 255 36
70 92 47
130 191 45
98 210 25
191 220 42
245 248 9
107 142 32
172 233 43
133 141 14
202 239 45
69 167 53
192 254 54
234 248 41
164 219 46
194 204 37
100 217 32
118 206 26
78 90 32
176 188 2
17 258 34
205 207 31
222 255 19
206 217 8
94 112 48
89 184 49
62 220 21
235 241 30
254 258 49
189 232 55
25 51 0
34 76 14
151 164 33
214 251 32
215 254 41
194 249 57
161 224 33
100 174 1
7 149 6
187 229 29
228 236 23
29 43 44
203 228 46
154 217 55
72 142 8
161 222 41
154 211 48
65 171 18
14 72 13
233 249 17
22 134 57
24 211 5
206 232 8
157 239 34
245 245 43
39 88 40
66 129 53
22 159 30
177 240 58
157 212 16
192 244 44
106 239 1
9 220 24
221 245 43
115 255 56
175 185 17
239 251 14
233 242 9
59 120 14
23 129 43
155 243 18
16 241 0
62 225 42
100 246 42
201 239 60
52 213 27
134 227 57
230 233 36
178 253 44
89 194 48
10 152 29
251 259 14
26 200 56
27 42 14
172 191 13
52 70 0
83 100 1
133 202 33
129 206 32
102 167 21
64 249 38
127 169 40
149 166 36
178 232 15
237 259 49
37 100 38
129 139 41
186 234 0
167 248 46
39 168 55
41 187 10
226 252 18
149 219 14
103 144 56
235 251 19
226 234 58
129 233 0
0 188 15
74 131 25
148 201 57
184 189 14
59 130 40
36 58 26
243 257 55
136 188 11
183 203 31
107 111 23
47 192 24
185 256 18
196 209 48
17 206 23
83 205 50
58 95 33
101 253 60
217 258 21
158 235 47
85 123 49
162 258 19
117 142 60
236 236 28
113 257 55
195 206 33
172 190 45
207 247 13
48 113 44
147 164 12
88 212 48
22 47 8
209 220 12
135 174 28
67 168 2
206 209 31
90 206 19
208 213 3
151 247 58
212 246 27
9 255 42
103 148 53
13 180 16
241 243 23
230 252 59
24 131 43
31 171 28
182 231 57
89 220 10
135 248 13
208 240 4
205 246 27
75 161 6
106 119 18
92 162 40
218 219 7
205 248 7
36 197 45
162 236 22
210 227 48
93 214 31
36 99 48
225 228 51
255 256 5
214 232 16
39 116 35
254 256 13
133 229 10
101 171 53
13 188 50
185 201 8
41 222 30
82 242 47
135 204 40
205 228 23
79 103 24
13 28 14
8 24 46
135 228 3
56 211 25
43 119 35
157 204 47
8 162 46
205 216 41
16 231 33
108 250 35
200 224 21
234 257 44
127 233 7
23 233 18
87 140 49
127 168 45
3 59 7
192 222 1
210 259 6
233 239 37
245 250 44
50 252 2
152 177 48
20 44 9
186 221 58
13 147 43
128 231 45
238 247 4
212 216 39
198 211 20
115 257 37
106 226 31
257 259 0
71 143 43
168 197 53
81 168 25
35 137 2
160 191 15
154 220 57
185 238 3
3 64 35
100 257 36
63 134 9
150 167 56
196 204 17
191 229 55
27 192 11
43 218 20
174 240 37
47 92 43
17 174 27
24 249 43
140 200 52
243 247 60
6 117 1
180 199 17
36 68 36
178 191 3
112 121 33
204 235 38
224 241 1
210 257 37
189 226 52
249 258 19
34 162 44
25 220 20
96 160 3
81 162 4
38 80 39
148 211 53
202 228 45
76 187 40
54 97 43
133 149 32
88 111 55
173 244 16
49 114 3
50 71 52
153 230 9
8 20 26
132 162 34
56 177 54
219 237 57
232 248 13
1 7 54
186 235 30
133 192 52
156 236 17
15 140 25
112 240 44
121 162 34
134 169 29
163 246 58
226 255 41
116 144 59
86 197 60
130 208 7
164 194 9
248 249 50
201 204 45
93 115 38
235 238 5
234 236 32
120 254 18
146 220 53
167 173 14
100 233 7
168 251 21
142 258 43
121 224 32
164 172 23
156 240 21
97 191 43
192 253 35
0 232 19
123 254 57
179 254 52
64 150 1
62 208 44
34 77 59
130 147 9
55 258 36
41 141 29
115 139 13
241 248 21
167 242 60
225 253 60
238 240 52
135 180 15
137 179 48
159 186 37
32 110 42
188 227 12
2 41 55
197 231 59
187 206 27
53 244 8
67 187 55
221 252 36
218 220 0
103 165 59
44 201 32
245 251 34
106 155 44
205 241 3
65 65 49
17 244 38
190 229 33
111 163 35
54 221 52
95 210 44
203 231 3
188 221 6
86 145 22
113 220 39
100 129 13
134 192 59
151 235 18
177 206 25
251 255 26
228 244 56
66 202 47
44 63 25
13 48 15
117 233 2
175 253 38
153 154 54
244 259 20
58 166 49
26 70 56
108 257 17
251 253 59
91 106 52
207 217 30
72 194 7
160 218 14
249 251 55
11 34 15
106 182 48
210 232 21
228 245 8
155 161 41
39 258 8
1 129 59
131 216 16
35 43 15
186 200 37
91 119 43
15 197 41
184 198 34
199 229 22
125 136 45
138 165 14
39 169 39
180 195 11
247 259 37
176 206 51
82 137 26
246 257 6
179 253 28
67 180 24
218 233 55
234 241 5
254 255 35
188 248 21
159 244 45
6 215 2
95 242 19
146 146 29
229 229 0
174 251 23
20 163 9
148 176 40
169 254 8
234 250 1
88 120 31
144 206 39
236 251 5
146 219 46
219 219 49
152 165 13
137 190 50
250 251 52
3 140 31
19 221 24
234 239 30
184 197 24
141 193 15
68 115 48
248 252 27
168 252 45
67 179 45
249 257 55
140 247 31
3 72 30
239 252 40
103 164 21
99 137 46
6 16 32
21 59 17
245 253 40
103 207 56
136 144 33
119 248 28
9 221 24
55 188 29
28 230 57
210 240 10
82 123 6
114 220 28
173 213 6
130 201 6
157 256 12
201 229 24
68 171 8
142 223 3
116 211 56
248 254 8
119 205 11
72 136 29
247 253 36
86 169 57
63 132 6
172 198 11
55 187 1
21 221 55
75 254 56
174 238 44
149 184 5
5 60 52
250 256 48
162 172 7
64 242 59
172 250 26
109 113 24
45 220 54
60 201 2
52 117 25
205 210 18
211 240 19
156 210 40
75 172 49
112 239 57
222 251 38
142 229 17
103 238 41
179 217 4
21 171 8
127 207 5
243 244 42
129 140 60
190 258 0
74 139 15
108 138 16
235 248 31
228 248 19
237 243 31
118 190 39
83 133 54
255 255 17
172 196 41
193 241 15
98 159 10
240 243 33
227 255 59
208 216 24
249 255 33
200 254 39
92 159 39
219 227 54
75 179 11
193 221 33
197 219 38
127 222 12
73 143 47
237 239 58
142 173 50
106 174 15
254 254 17
40 98 20
91 253 25
154 186 4
65 225 54
254 259 42
80 232 20
195 209 3
153 161 36
156 162 31
190 231 31
186 193 60
192 203 20
105 238 23
52 111 56
89 236 9
232 233 53
145 206 24
187 222 52
110 127 22
171 249 39
208 244 24
113 184 21
54 99 1
89 191 50
107 157 4
205 235 38
22 257 10
135 158 16
143 237 0
138 191 24
190 246 11
257 258 47
137 157 42
57 169 44
153 186 35
98 109 50
52 63 38
179 233 44
207 226 31
113 138 26
162 240 50
223 225 49
171 195 51
39 68 51
230 238 12
86 172 40
241 244 27
217 228 39
7 183 10
30 252 49
155 213 56
220 221 5
208 251 30
152 242 33
111 167 39
232 245 21
47 143 2
131 256 33
9 133 41
50 91 41
200 240 7
175 248 22
103 227 30
202 233 39
74 127 15
99 180 29
172 187 4
57 180 0
64 211 41
79 162 40
167 191 17
12 140 41
160 212 18
84 150 57
164 246 47
170 259 20
63 66 26
228 233 26
195 218 27
156 185 52
180 252 25
184 211 58
165 237 41
182 183 36
4 74 30
70 156 57
186 213 37
102 178 29
37 246 29
63 180 35
222 231 49
88 180 19
163 169 10
126 211 38
221 259 27
174 189 43
74 220 58
100 251 49
231 251 29
97 138 27
104 209 5
109 177 25
100 210 28
71 99 54
25 252 10
60 110 19
217 222 16
158 204 19
155 172 26
173 226 35
166 194 35
231 232 53
81 92 12
163 188 41
142 148 59
88 184 58
44 215 9
225 244 3
156 231 51
193 254 8
162 222 27
185 223 17
76 98 42
84 197 0
131 163 59
56 98 24
88 196 58
13 88 12
44 112 53
142 184 25
138 251 35
220 234 20
194 244 30
32 214 10
87 235 28
89 93 19
170 256 40
214 248 49
33 247 37
66 214 43
221 243 28
80 202 36
118 194 16
13 160 23
76 78 49
187 242 12
160 255 10
168 259 10
164 221 55
126 212 8
6 178 11
237 250 15
40 105 3
154 237 9
47 115 1
85 202 56
204 207 56
212 245 0
244 248 57
116 134 57
24 142 39
222 223 36
146 251 14
201 246 43
169 170 13
154 159 33
154 250 17
28 146 42
112 216 12
52 100 56
6 230 51
220 242 46
20 42 14
71 240 53
157 201 42
1 143 31
51 251 4
177 212 57
46 140 22
49 57 14
53 123 51
123 243 59
205 256 21
110 200 11
201 208 11
19 156 25
60 146 49
39 90 48
224 228 41
157 180 10
17 228 33
212 242 20
141 220 53
207 252 50
63 187 22
201 247 14
53 174 59
60 129 41
244 246 23
40 116 45
183 201 9
2 135 22
160 165 14
73 258 41
26 199 7
131 245 39
232 255 13
210 241 45
47 178 20
56 125 51
62 200 15
148 228 11
160 195 44
109 143 21
60 68 57
218 259 16
99 173 29
199 215 59
210 256 39
175 259 2
32 165 47
50 111 28
110 186 30
172 203 37
238 238 44
195 229 58
119 120 27
35 189 47
147 160 47
22 200 50
135 183 3
141 159 4
100 204 18
14 73 45
57 228 24
68 95 10
126 244 50
137 184 3
77 257 45
181 208 32
117 190 49
31 202 40
78 102 2
248 259 41
196 223 30
160 201 44
236 243 31
22 63 33
234 246 21
142 165 7
101 172 12
196 253 32
68 116 10
28 133 20
84 165 9
26 129 56
6 229 3
71 169 25
45 172 43
240 242 24
174 233 49
118 223 8
6 30 33
107 165 5
173 206 40
46 104 23
89 96 46
157 206 7
162 162 23
98 119 35
244 256 45
211 235 24
144 232 31
211 215 59
81 210 50
122 157 7
126 145 6
189 202 52
63 107 33
127 245 47
147 150 48
258 258 8
54 54 26
182 258 16
34 150 46
175 178 60
175 245 17
62 158 51
233 241 34
22 243 48
247 249 36
143 194 6
217 245 8
199 219 41
56 176 38
247 248 24
179 198 32
238 251 60
59 163 13
101 227 9
33 67 57
218 231 41
8 55 60
122 200 35
7 65 41
149 151 46
5 179 42
34 235 38
135 246 32
99 149 30
1 231 6
111 244 43
228 255 22
98 162 60
125 167 8
119 204 59
196 243 21
150 212 49
168 193 49
85 235 21
25 106 36
19 168 53
219 257 49
73 126 12
148 255 23
200 234 40
202 227 12
149 155 6
197 253 37
96 200 19
255 257 39
150 228 41
85 188 55
131 240 57
213 250 30
161 201 52
194 258 16
20 144 50
110 128 49
157 181 43
106 180 54
132 222 16
201 250 3
203 212 27
224 236 34
56 250 8
103 174 36
135 254 39
178 205 25
125 166 15
168 248 53
179 259 25
181 254 22
252 256 25
150 258 26
18 224 45
20 50 14
196 218 53
229 255 22
178 182 28
59 235 7
107 187 16
19 226 60
134 136 37
199 214 35
33 226 22
203 241 42
181 253 46
69 127 3
116 148 29
79 108 56
42 70 43
177 215 8
37 143 53
214 244 57
12 121 16
186 258 31
76 151 59
183 214 37
134 240 15
101 164 3
103 146 54
149 230 47
45 170 16
224 254 49
198 210 10
105 180 45
182 244 19
128 219 23
96 125 35
170 204 39
236 241 2
7 13 32
95 204 5
168 183 20
102 140 16
190 233 34
189 231 25
221 234 30
65 176 25
170 240 57
10 120 19
121 139 11
80 129 3
39 147 43
153 182 5
94 210 42
38 222 51
117 161 18
58 240 19
253 256 9
185 200 39
176 228 24
33 212 9
162 234 46
142 163 12
193 211 14
