220 1100
178
132
172
170
121
120
150
178
196
136
117
171
124
109
114
126
102
195
197
174
108
129
106
193
153
141
181
137
111
124
148
122
159
145
140
149
177
107
113
172
123
192
100
191
123
138
113
148
132
154
113
114
105
123
142
150
158
165
106
149
190
177
100
113
169
198
154
118
179
189
140
136
154
161
160
101
116
186
196
156
148
156
185
173
174
104
151
182
117
197
176
193
172
119
156
116
193
155
170
194
184
138
180
100
146
198
197
106
156
193
160
137
145
172
141
143
105
116
193
163
172
135
101
138
141
127
173
114
161
156
192
129
178
140
136
197
156
141
165
119
152
112
160
122
180
164
178
110
102
122
185
195
148
177
164
129
192
144
189
140
106
170
136
176
154
121
152
109
169
142
159
113
191
181
121
123
200
157
165
153
112
157
178
138
176
161
102
107
136
124
134
152
149
123
137
132
125
191
176
125
132
148
122
165
189
169
128
116
160
148
166
194
164
153
123
153
131
101
162
174
0 1 54
0 2 33
2 3 24
0 4 41
0 5 55
0 6 48
0 7 48
6 8 4
5 9 26
4 10 59
3 11 40
0 12 34
12 13 2
9 14 0
3 15 26
3 16 59
9 17 16
12 18 51
2 19 5
11 20 10
18 21 46
0 22 17
9 23 50
17 24 2
15 25 47
0 26 6
19 27 37
6 28 18
18 29 16
24 30 19
27 31 60
24 32 8
13 33 3
1 34 57
2 35 56
25 36 26
17 37 32
10 38 56
14 39 48
39 40 9
17 41 13
41 42 21
33 43 24
16 44 49
15 45 14
39 46 45
31 47 19
44 48 2
0 49 23
49 50 58
9 51 2
31 52 41
14 53 13
43 54 5
44 55 6
16 56 26
15 57 1
57 58 45
42 59 46
39 60 0
26 61 32
54 62 51
48 63 8
17 64 19
43 65 39
38 66 32
54 67 10
56 68 54
14 69 24
48 70 18
20 71 19
22 72 16
19 73 56
5 74 59
64 75 4
66 76 38
9 77 4
23 78 42
27 79 26
4 80 42
26 81 4
62 82 22
55 83 9
35 84 56
36 85 13
41 86 42
66 87 9
68 88 29
56 89 48
80 90 27
64 91 58
0 92 26
62 93 2
1 94 54
47 95 52
19 96 26
53 97 8
69 98 58
45 99 9
63 100 16
86 101 45
82 102 26
71 103 17
63 104 8
12 105 5
48 106 25
105 107 20
40 108 34
100 109 0
57 110 35
47 111 59
66 112 55
98 113 18
14 114 42
23 115 7
45 116 18
73 117 46
111 118 1
11 119 59
68 120 54
58 121 9
62 122 30
37 123 18
36 124 48
110 125 34
38 126 21
12 127 43
30 128 11
16 129 0
34 130 8
72 131 50
9 132 3
102 133 3
118 134 18
51 135 10
24 136 54
6 137 5
45 138 36
109 139 11
74 140 54
45 141 16
72 142 42
60 143 30
93 144 21
46 145 58
11 146 12
24 147 44
114 148 16
98 149 57
107 150 31
22 151 54
69 152 6
149 153 9
16 154 35
136 155 54
35 156 39
0 157 21
118 158 27
12 159 10
85 160 38
36 161 47
79 162 12
137 163 7
72 164 39
37 165 36
130 166 46
128 167 8
97 168 41
25 169 5
107 170 17
4 171 52
1 172 16
143 173 47
3 174 40
46 175 50
80 176 36
130 177 10
22 178 30
28 179 5
79 180 17
48 181 26
93 182 34
62 183 29
153 184 12
150 185 29
179 186 55
94 187 30
55 188 30
119 189 28
118 190 8
185 191 22
25 192 60
108 193 16
46 194 19
21 195 55
77 196 10
195 197 35
176 198 45
71 199 22
179 200 54
184 201 27
158 202 45
16 203 46
164 204 44
113 205 43
181 206 39
188 207 37
7 208 35
121 209 10
179 210 49
1 211 6
196 212 37
24 213 15
33 214 27
59 215 28
57 216 34
27 217 50
120 218 0
207 219 17
30 67 23
113 180 47
20 140 19
50 135 26
147 197 42
86 161 17
3 139 31
180 209 41
209 212 29
21 26 58
177 193 0
161 187 36
43 126 7
18 89 4
63 84 42
44 108 2
12 167 26
161 199 23
69 184 5
142 190 27
38 204 43
117 170 19
74 118 36
126 151 35
44 189 8
112 153 57
201 202 8
77 156 18
164 194 0
179 219 7
77 211 42
176 180 30
195 207 37
187 193 9
198 210 13
2 194 46
70 101 11
202 207 56
174 185 10
77 207 23
191 206 17
160 184 45
15 138 51
110 189 16
145 172 29
25 61 19
6 109 47
166 198 8
182 191 24
44 133 53
200 214 31
2 153 55
80 175 7
143 206 36
177 199 49
73 79 26
73 87 39
218 218 18
106 136 21
9 162 23
185 187 56
212 214 28
69 103 20
10 198 57
64 169 26
199 219 17
78 175 43
199 204 45
11 91 39
72 143 35
80 198 15
163 191 48
61 176 3
178 185 17
67 174 57
83 127 54
118 196 19
152 189 2
147 195 24
33 155 29
117 158 54
24 51 26
75 179 43
43 179 1
6 26 18
6 167 35
13 195 36
21 167 11
127 209 31
49 178 51
73 113 23
216 218 40
143 210 51
214 214 21
12 74 49
85 195 29
23 157 7
169 171 27
29 82 40
66 92 12
190 215 50
124 147 31
82 95 54
213 213 20
172 173 25
30 189 41
180 216 45
31 186 38
16 147 49
118 142 59
63 85 46
46 177 4
13 24 41
19 87 31
203 217 15
74 110 38
7 145 19
163 173 7
90 210 33
20 69 44
98 169 26
31 116 8
31 85 4
29 162 52
18 172 28
92 128 20
141 160 52
160 174 51
96 143 3
176 189 25
41 77 10
159 178 51
30 80 21
84 145 52
152 219 6
15 192 18
1 58 1
115 148 50
79 210 4
101 105 24
149 206 58
49 176 25
14 104 2
97 182 21
62 157 20
35 123 10
196 201 10
122 192 16
191 196 29
82 178 55
6 115 36
165 203 29
176 210 2
31 179 56
123 168 9
117 160 50
55 121 47
41 163 29
108 191 31
57 60 31
43 131 29
168 219 13
77 137 22
137 200 26
57 203 27
105 168 54
166 176 22
147 196 0
34 131 30
140 170 48
181 200 28
160 169 43
36 180 10
150 172 39
86 211 50
196 209 15
129 185 44
171 219 23
86 124 30
150 205 51
65 161 28
212 216 2
77 177 44
71 162 18
69 146 19
6 33 30
128 180 16
97 154 32
176 187 45
200 203 50
92 178 5
133 140 60
136 138 48
213 215 20
49 170 37
110 210 1
91 158 60
5 212 34
34 98 2
67 210 49
206 217 47
86 216 16
60 98 13
104 124 50
86 215 44
41 43 39
114 156 24
183 206 14
214 216 59
30 166 45
17 158 55
55 68 39
114 183 35
215 217 20
187 198 15
116 177 22
64 122 5
154 215 31
94 170 31
120 125 37
21 189 31
67 76 3
73 171 29
116 163 60
101 174 35
144 144 30
141 159 48
98 180 54
128 144 50
83 194 17
44 83 25
112 203 26
87 180 42
155 184 10
17 69 19
182 182 36
24 90 47
69 82 15
0 98 32
60 119 49
207 216 5
94 126 29
10 33 59
94 114 29
21 190 16
85 158 30
96 99 13
0 167 53
152 199 53
93 127 60
56 211 53
79 142 34
22 88 31
102 162 24
208 219 22
23 124 38
148 190 15
185 214 0
122 154 34
133 198 28
182 194 9
211 215 14
84 126 17
180 210 26
46 98 32
153 189 49
20 35 25
33 38 34
116 186 32
215 219 33
191 193 26
187 199 22
42 110 1
78 169 15
118 219 57
158 199 6
85 147 48
10 75 43
66 74 39
159 199 6
200 208 9
186 214 56
76 185 3
39 163 17
41 157 49
204 214 38
90 143 42
177 186 6
139 195 17
105 138 55
169 170 1
93 164 35
2 188 46
8 50 28
23 24 29
62 180 5
188 214 18
160 168 14
154 160 19
35 197 34
55 136 47
164 201 8
5 180 44
34 42 16
67 108 47
158 213 42
182 202 54
25 171 9
126 160 49
109 133 8
25 163 8
84 157 37
135 210 20
206 207 12
86 165 49
2 14 41
137 162 18
150 165 2
50 55 52
120 197 32
123 171 3
158 165 32
191 210 48
16 112 43
40 150 41
117 217 52
60 78 7
146 212 2
94 142 52
58 114 30
79 176 41
191 203 60
214 215 55
18 174 37
120 158 55
169 172 11
127 198 4
46 174 20
125 163 6
145 191 33
189 219 45
90 138 29
145 156 44
97 138 10
170 173 2
45 190 37
0 185 45
70 218 42
16 184 31
199 199 60
133 165 17
172 175 8
158 173 3
174 209 7
135 213 58
129 172 42
48 108 45
153 183 0
85 127 52
48 107 52
27 188 45
22 32 35
164 218 15
87 101 38
34 179 49
45 102 21
188 209 22
197 197 46
38 58 35
120 209 20
210 218 47
29 94 1
74 124 51
141 170 19
160 218 45
217 219 18
104 151 5
116 172 60
207 212 7
33 133 32
189 200 22
103 111 36
161 198 31
119 176 23
110 130 18
159 214 47
88 127 7
162 162 43
176 216 60
182 208 7
80 152 22
186 219 30
170 216 37
11 167 55
120 203 49
165 213 28
132 139 4
147 215 26
164 175 38
129 151 8
65 79 22
73 81 3
175 187 16
21 179 22
42 178 50
18 129 15
106 202 52
96 194 15
137 138 14
38 208 35
139 174 44
96 117 15
55 189 29
213 218 33
159 164 4
134 175 43
104 126 44
26 195 44
41 201 42
77 107 44
141 197 21
28 115 27
129 206 4
110 169 49
86 179 7
217 217 53
206 215 46
64 202 6
19 22 22
33 88 40
57 178 28
79 136 49
138 153 38
53 68 25
79 91 16
54 135 23
196 218 47
202 214 37
129 158 13
71 142 11
138 177 53
3 153 31
56 96 46
199 201 35
214 219 14
101 209 22
88 153 44
12 125 7
11 130 33
145 204 54
121 131 38
112 114 0
117 146 13
59 102 45
88 142 47
205 218 28
124 191 30
95 180 11
41 84 27
148 209 3
186 190 32
114 194 9
2 182 34
130 169 29
74 119 44
153 168 34
182 201 2
21 32 58
167 174 52
101 107 8
24 98 8
79 209 31
136 153 20
67 205 32
22 182 27
138 185 50
49 120 28
209 211 35
78 104 18
113 153 36
82 209 45
65 102 27
48 128 56
27 30 27
109 193 7
24 64 53
152 194 28
90 167 55
189 207 46
66 186 7
194 216 47
92 217 24
84 98 54
215 216 5
96 96 10
181 201 45
130 134 19
51 152 35
196 213 26
135 159 40
176 219 12
172 202 25
101 120 36
71 133 35
20 208 5
168 205 52
50 147 58
87 165 17
31 42 45
48 144 42
115 121 42
106 184 49
111 198 1
121 190 5
205 214 46
124 165 3
73 201 42
184 209 14
184 187 21
75 87 16
147 199 57
144 182 39
93 156 9
192 204 46
71 120 34
135 190 6
46 128 6
133 202 26
169 203 1
48 50 33
175 176 19
16 100 53
22 87 0
109 216 50
29 87 49
126 142 31
21 44 37
139 205 34
18 136 10
7 41 18
200 200 0
20 55 9
165 185 33
0 14 33
112 187 38
18 143 13
94 163 47
92 104 9
174 206 45
3 148 48
144 198 16
149 218 57
189 218 39
15 155 19
98 212 39
31 207 37
55 199 36
105 169 51
128 155 0
215 215 21
133 160 29
206 209 60
82 142 26
17 22 30
78 178 2
211 219 9
183 186 53
182 212 55
47 65 18
146 157 44
116 189 26
96 159 23
46 52 59
189 192 57
187 194 20
12 139 0
66 198 21
92 114 10
19 101 5
28 39 12
17 63 59
190 191 6
195 199 4
210 213 20
154 155 58
122 147 16
67 164 28
207 217 46
124 215 26
56 79 33
194 201 22
148 154 20
41 188 31
68 113 9
115 117 37
42 190 18
102 121 11
55 141 32
78 123 40
60 123 25
26 193 27
203 203 0
212 217 58
106 167 11
0 190 53
58 208 60
177 219 17
11 70 26
180 211 59
184 203 59
97 129 14
22 59 10
31 73 0
173 199 8
25 100 9
11 213 29
138 161 55
85 144 4
77 159 27
24 196 27
157 174 58
135 168 18
71 107 37
183 218 46
73 102 17
4 217 1
163 170 28
100 153 44
193 201 44
84 218 4
203 204 37
85 213 32
82 177 14
57 175 0
169 177 27
1 214 5
45 61 20
43 92 13
199 203 44
3 66 22
37 62 21
184 218 26
139 144 4
181 187 47
175 210 50
79 168 45
194 209 54
123 170 13
181 196 38
8 201 16
45 51 50
64 125 49
129 155 37
12 85 54
202 218 21
129 218 35
110 110 19
80 157 30
182 186 7
25 45 5
216 216 57
197 208 5
33 40 36
64 94 2
104 115 59
50 75 21
184 214 8
171 203 10
56 169 40
68 126 31
193 207 57
91 94 45
4 121 59
196 211 31
202 217 0
68 111 35
40 45 35
196 205 31
116 165 4
138 144 43
158 161 47
172 179 46
41 172 8
114 203 32
41 112 35
187 213 32
61 105 31
212 213 55
36 215 14
106 178 2
205 209 6
153 213 17
160 206 3
88 198 4
175 207 49
111 121 35
58 205 1
47 188 43
161 164 29
198 214 9
178 208 11
153 215 4
208 209 47
133 195 11
169 176 17
1 203 1
174 212 31
176 184 36
119 206 30
132 192 14
215 218 44
3 86 11
5 84 0
19 117 9
1 131 39
48 200 26
119 135 43
4 14 44
56 64 27
120 152 11
193 209 58
130 160 56
6 18 43
164 173 49
144 219 33
147 175 42
22 146 11
155 177 36
63 116 39
188 213 14
24 212 53
183 213 44
9 54 28
27 154 53
170 203 56
178 181 6
197 219 55
212 219 43
116 194 0
71 127 60
7 183 7
218 219 20
59 197 7
29 201 2
110 129 17
99 153 25
131 146 50
170 201 19
13 73 29
209 213 16
170 170 22
113 188 36
8 84 57
67 144 39
69 198 38
195 214 60
175 183 25
83 172 10
54 219 19
213 214 21
24 117 17
13 204 1
85 93 57
35 180 17
201 210 3
25 64 48
134 182 45
168 214 51
8 22 29
178 184 17
48 74 54
156 195 43
18 91 57
58 92 4
152 157 31
57 104 48
118 122 7
44 115 60
117 174 34
110 214 59
150 156 57
17 161 3
20 206 58
193 197 55
33 206 23
108 194 57
91 109 6
209 215 23
181 207 3
159 193 54
144 191 31
35 198 17
0 83 11
105 183 20
62 198 20
179 214 47
217 218 18
21 129 14
0 0 26
1 22 45
58 141 42
142 154 51
80 97 43
162 187 38
122 201 52
130 168 35
104 107 6
82 152 44
15 162 16
158 208 11
152 200 47
31 161 38
111 186 15
117 165 51
30 69 6
42 99 21
197 216 33
155 193 34
59 174 52
157 165 34
124 143 32
119 195 28
80 114 56
39 195 23
78 207 43
95 121 15
98 160 56
146 193 4
62 216 42
136 157 46
209 218 26
3 68 53
42 98 1
167 191 35
50 59 5
180 212 8
168 173 7
162 202 58
89 219 2
195 200 48
119 186 11
4 19 43
116 146 7
126 152 17
171 210 18
63 149 2
189 190 6
144 168 46
1 111 39
33 73 32
204 208 35
51 85 15
148 170 25
4 18 58
79 132 32
63 178 18
100 205 31
2 34 49
79 204 28
204 206 11
150 191 29
52 190 55
75 76 42
34 77 32
185 215 18
53 151 48
54 128 37
39 149 22
134 142 33
10 178 15
40 197 16
67 189 2
58 130 23
54 118 29
46 74 56
2 104 20
45 171 46
54 83 26
86 95 41
158 168 40
113 197 48
