280 1400
196
148
186
112
149
179
200
109
131
150
139
159
190
127
176
112
151
101
159
131
169
173
100
159
105
147
195
161
159
134
114
183
146
118
128
170
154
151
170
131
113
186
126
188
131
127
152
129
164
197
144
157
171
162
111
200
196
145
140
140
127
182
164
169
143
138
199
171
126
155
177
141
104
175
122
103
149
155
167
126
155
113
200
103
101
103
160
187
155
163
115
195
166
152
122
126
138
190
104
137
126
197
179
102
196
152
105
175
101
129
126
121
166
143
166
194
143
114
165
196
181
108
150
166
129
112
138
109
148
177
152
141
126
160
137
133
101
111
134
171
122
155
138
132
172
180
160
157
159
132
186
198
189
103
128
142
130
111
167
148
199
200
106
113
162
142
196
140
171
197
113
157
151
184
147
186
133
160
147
173
147
130
124
141
173
162
168
159
125
176
181
198
179
156
171
124
103
183
107
100
175
168
171
125
199
120
188
102
163
115
104
116
148
175
181
118
192
147
147
139
117
183
147
153
128
115
178
199
107
197
133
167
197
183
124
141
172
136
151
189
182
178
176
118
123
126
192
187
117
192
186
137
145
194
106
174
174
102
178
196
167
160
189
115
156
105
130
172
135
149
167
173
190
199
116
136
112
125
158
179
0 1 2
0 2 5
2 3 55
1 4 43
3 5 26
5 6 17
2 7 42
0 8 43
8 9 31
7 10 38
9 11 46
0 12 0
10 13 55
3 14 22
5 15 8
15 16 6
1 17 47
11 18 45
3 19 45
4 20 59
13 21 20
10 22 31
15 23 54
13 24 41
8 25 40
4 26 50
10 27 10
11 28 5
11 29 34
10 30 58
30 31 15
29 32 9
8 33 41
14 34 21
8 35 0
20 36 29
0 37 20
8 38 44
15 39 26
23 40 53
16 41 11
40 42 16
5 43 41
41 44 14
40 45 39
41 46 47
46 47 55
6 48 36
26 49 13
42 50 40
39 51 57
40 52 2
6 53 26
42 54 22
52 55 16
33 56 52
37 57 24
26 58 31
52 59 20
3 60 22
56 61 32
58 62 28
38 63 32
19 64 47
36 65 48
13 66 29
14 67 31
18 68 20
62 69 33
69 70 39
45 71 44
56 72 21
28 73 13
15 74 46
66 75 43
51 76 60
74 77 53
35 78 16
1 79 10
73 80 21
68 81 40
29 82 43
23 83 59
40 84 22
58 85 4
51 86 42
49 87 15
85 88 17
84 89 1
5 90 17
7 91 9
76 92 26
82 93 25
35 94 3
22 95 9
6 96 49
67 97 24
69 98 50
89 99 51
7 100 16
28 101 52
13 102 33
81 103 18
96 104 57
65 105 35
17 106 48
35 107 27
80 108 40
38 109 22
3 110 35
28 111 58
13 112 38
28 113 50
88 114 13
92 115 30
8 116 42
95 117 30
62 118 34
95 119 22
80 120 19
80 121 10
45 122 18
45 123 59
37 124 39
86 125 59
44 126 39
114 127 36
45 128 30
7 129 41
54 130 28
85 131 9
2 132 20
52 133 14
89 134 43
98 135 29
18 136 15
11 137 49
123 138 43
112 139 30
71 140 55
108 141 47
65 142 2
72 143 44
112 144 53
139 145 24
66 146 21
129 147 54
38 148 24
146 149 59
60 150 36
125 151 35
35 152 34
139 153 56
73 154 12
34 155 0
40 156 34
37 157 4
115 158 49
37 159 46
152 160 44
153 161 60
152 162 4
136 163 22
161 164 20
155 165 40
37 166 26
137 167 55
123 168 14
122 169 27
153 170 6
99 171 60
103 172 8
47 173 17
21 174 1
52 175 31
66 176 7
124 177 7
32 178 0
175 179 58
67 180 19
157 181 38
38 182 52
66 183 31
117 184 19
77 185 25
48 186 19
175 187 4
110 188 47
15 189 17
183 190 1
110 191 18
46 192 42
130 193 33
166 194 26
55 195 60
132 196 51
87 197 42
168 198 36
51 199 33
108 200 25
80 201 43
18 202 23
32 203 5
107 204 2
6 205 17
144 206 31
131 207 19
207 208 9
111 209 50
12 210 13
125 211 11
172 212 55
154 213 9
85 214 14
9 215 48
106 216 19
72 217 55
180 218 8
174 219 54
174 220 15
106 221 9
192 222 60
27 223 10
11 224 34
154 225 39
177 226 17
34 227 47
100 228 41
199 229 17
224 230 2
168 231 0
221 232 40
158 233 21
165 234 45
69 235 9
137 236 17
182 237 50
43 238 15
12 239 52
103 240 17
139 241 56
223 242 5
131 243 44
6 244 32
55 245 8
57 246 49
66 247 39
175 248 27
247 249 23
23 250 41
164 251 26
16 252 4
250 253 59
160 254 26
116 255 44
35 256 34
197 257 33
227 258 10
143 259 47
176 260 14
31 261 9
40 262 28
206 263 20
7 264 47
256 265 56
19 266 7
82 267 39
70 268 57
210 269 59
189 270 43
216 271 7
256 272 54
136 273 0
162 274 42
128 275 53
69 276 57
75 277 12
59 278 2
182 279 4
33 164 17
73 229 49
101 204 32
92 176 57
230 278 54
26 165 45
146 196 51
209 262 46
266 278 13
153 211 6
120 137 17
188 193 14
74 84 47
248 279 60
261 278 18
126 246 59
227 264 48
109 180 28
47 80 36
139 226 51
107 255 0
134 198 15
57 156 21
218 275 47
74 100 27
126 150 2
60 121 41
200 223 19
215 252 32
258 269 0
153 225 36
69 262 20
184 210 26
203 253 29
131 176 24
123 263 49
36 179 47
37 154 37
31 207 60
6 263 2
3 31 49
164 239 26
168 247 20
263 268 17
236 271 16
2 14 22
210 250 48
12 164 8
215 228 56
54 252 9
269 279 24
2 97 0
248 255 32
149 252 4
54 145 56
179 245 20
66 262 3
233 277 15
192 192 12
42 64 28
70 265 13
237 256 27
0 221 11
52 153 30
96 139 11
0 124 29
265 270 40
102 172 18
32 67 45
230 242 35
95 271 38
225 234 39
152 263 52
263 272 17
14 254 44
38 159 22
18 64 51
61 197 59
84 210 59
119 137 47
235 268 44
207 228 21
192 264 55
190 252 21
3 102 54
162 201 32
153 167 58
103 166 49
92 106 51
65 163 1
152 220 59
64 86 24
257 257 49
27 265 31
116 273 26
189 213 16
272 272 30
48 245 39
60 232 32
161 216 46
223 240 24
47 116 9
111 272 17
60 119 51
174 194 9
148 209 27
74 88 34
273 279 30
82 100 6
244 266 22
171 222 35
19 191 42
1 201 33
227 244 52
56 233 56
230 238 19
225 271 55
56 212 59
173 206 45
105 265 7
259 278 54
104 141 52
222 278 48
109 264 33
76 243 21
67 71 25
135 244 3
45 142 12
158 170 2
1 238 15
123 197 12
258 267 8
10 55 1
153 257 20
151 268 34
52 147 0
260 276 32
181 192 28
133 239 13
199 273 25
17 167 42
156 246 38
1 198 34
264 271 38
253 261 51
116 217 18
59 234 24
242 269 43
260 275 49
264 275 58
274 277 51
39 153 51
72 120 2
115 256 13
135 261 14
150 151 38
18 118 32
245 274 45
22 56 47
92 122 40
168 172 42
273 275 20
206 268 39
32 231 10
211 266 38
118 198 53
69 91 41
261 262 49
116 209 54
148 182 31
168 178 12
129 252 18
13 134 7
160 206 30
162 269 47
220 247 26
15 231 58
52 268 15
64 254 1
33 177 2
127 187 9
64 189 38
234 278 11
20 44 49
124 145 44
60 245 38
238 244 26
1 175 47
133 216 43
83 118 55
263 264 34
56 153 41
88 258 44
143 222 39
196 216 40
163 238 3
187 193 15
203 264 28
276 279 17
193 207 28
137 252 59
81 207 48
62 97 10
228 233 32
230 269 3
121 133 7
42 239 25
146 174 34
216 228 12
96 190 34
129 211 59
33 234 9
192 206 53
239 248 15
258 274 26
39 181 32
271 279 41
81 230 9
79 153 25
53 88 60
52 218 45
119 274 38
92 168 17
90 132 26
213 233 7
203 210 11
212 267 29
233 234 27
138 229 1
38 102 55
213 221 30
185 260 53
260 277 21
9 246 40
32 90 6
87 106 36
258 268 59
47 64 30
216 222 7
97 103 26
16 91 19
150 189 58
100 119 50
16 191 54
1 188 53
89 237 47
160 273 2
197 267 39
29 255 40
113 241 21
71 230 9
41 186 26
64 92 9
118 120 43
51 241 10
62 243 52
208 236 0
148 265 4
70 122 59
194 271 7
228 271 22
205 242 43
112 154 36
250 255 14
233 272 49
81 138 0
84 146 32
23 32 21
89 128 26
6 127 10
58 256 16
120 231 4
148 233 54
181 229 58
106 160 53
31 157 36
203 268 6
134 205 8
217 231 3
12 207 55
38 134 5
244 270 22
210 259 39
268 279 4
156 244 42
217 247 6
71 184 26
194 204 43
49 156 16
29 39 38
103 157 5
73 221 45
220 250 54
28 173 43
153 260 40
38 106 40
187 254 5
35 153 15
265 266 31
8 12 47
239 269 33
36 114 57
184 259 17
166 190 56
41 78 8
268 278 47
31 114 54
149 221 23
125 136 44
135 230 57
238 271 24
126 198 6
153 186 60
257 261 36
113 183 49
166 264 42
46 60 23
195 246 1
82 158 59
4 56 0
120 261 16
263 277 1
99 211 33
252 270 3
29 87 34
29 267 33
235 266 47
33 158 34
2 136 45
49 257 19
15 171 53
277 277 38
19 254 19
133 164 56
217 243 0
178 263 9
167 247 13
106 136 15
71 121 14
198 222 29
96 193 22
167 199 46
72 271 24
0 30 9
243 273 35
269 272 35
47 161 14
192 198 5
10 21 37
74 117 51
173 175 13
110 122 32
232 252 20
92 266 53
246 269 25
256 256 30
233 274 48
178 178 47
34 244 24
93 252 18
87 147 38
263 275 43
8 179 57
276 276 25
246 268 17
123 208 37
14 178 39
181 227 52
55 140 45
138 264 32
182 204 49
234 255 28
32 114 27
207 254 18
30 114 33
232 242 21
225 249 48
102 243 54
222 262 34
139 176 47
256 267 7
58 114 25
87 186 50
209 218 17
204 213 56
258 260 57
48 276 5
130 174 33
34 58 57
172 275 58
12 60 56
221 237 6
50 74 6
10 106 20
245 272 19
103 162 34
211 221 24
98 258 29
239 242 33
254 256 40
153 266 54
171 173 0
6 94 47
103 202 18
60 60 1
93 256 3
70 262 14
130 213 23
14 75 17
212 269 1
67 165 42
243 271 20
121 219 21
264 270 7
128 277 40
121 256 24
165 186 9
276 278 22
262 266 4
28 93 27
84 189 56
25 179 30
60 116 15
124 270 43
261 275 49
131 172 3
199 228 40
94 200 20
44 219 59
146 151 57
236 259 7
246 257 18
111 142 48
191 279 34
46 246 22
26 142 38
255 260 44
97 120 23
152 203 14
186 189 23
150 152 10
9 144 38
260 263 33
236 276 43
65 180 10
90 211 23
179 277 3
163 242 31
105 142 11
66 164 46
207 245 9
93 249 55
29 229 8
46 201 35
50 138 18
254 276 49
29 72 5
83 241 54
248 254 48
122 258 50
157 207 25
33 73 43
173 256 45
245 249 44
109 175 50
45 253 21
101 160 47
195 231 40
14 99 43
163 202 44
91 176 16
3 136 25
109 271 0
179 226 15
41 194 17
267 273 37
271 271 7
19 136 53
225 239 3
225 269 55
85 144 39
270 275 5
249 269 20
272 276 52
11 154 24
6 270 57
138 275 14
189 247 56
36 127 4
88 253 41
45 172 52
199 249 43
58 128 11
266 271 36
92 244 60
132 235 42
204 208 19
199 206 21
238 266 18
150 183 33
65 231 25
102 145 47
8 83 57
143 202 23
86 240 20
116 177 32
132 147 25
84 140 17
272 275 27
240 258 5
141 252 59
110 177 7
168 204 41
184 213 8
261 269 5
203 212 9
25 238 16
182 242 30
98 200 58
208 242 43
211 239 50
6 219 13
188 204 2
201 253 57
199 262 59
174 233 51
99 143 11
255 274 51
23 208 3
28 255 13
66 279 48
166 257 28
220 268 54
118 276 55
112 191 10
59 201 37
93 109 55
144 192 26
78 261 33
82 95 40
225 230 20
237 252 31
28 99 34
198 220 14
212 228 52
183 231 54
186 263 9
219 232 24
275 279 46
76 198 7
14 116 43
221 279 18
157 192 7
87 178 18
0 267 7
145 176 40
43 232 40
182 252 56
271 277 38
91 118 25
171 263 7
270 279 37
161 272 9
94 241 56
39 118 30
171 190 7
149 191 55
218 241 28
223 243 8
61 64 24
193 253 42
226 276 38
155 214 20
227 252 55
152 228 6
180 195 54
80 247 3
150 268 30
198 199 54
140 211 56
171 268 49
172 277 30
73 257 54
196 212 52
241 241 3
198 209 52
169 237 54
74 229 10
55 146 16
254 263 19
243 245 1
97 138 10
269 276 39
193 278 59
45 105 24
87 127 28
98 269 28
170 217 2
90 197 57
42 103 9
127 185 26
164 275 31
159 248 51
260 268 45
143 223 46
187 205 25
45 56 52
183 196 41
71 143 25
120 265 36
18 196 30
0 243 60
148 279 34
119 204 0
106 139 36
241 276 40
257 277 1
124 190 9
253 266 4
12 152 26
195 201 28
91 205 28
213 226 40
141 273 8
5 92 21
74 175 53
183 241 59
133 263 58
253 264 9
11 249 24
157 183 28
250 272 35
101 162 10
111 181 42
262 268 31
173 257 9
43 259 20
149 171 54
56 140 9
242 246 60
138 153 30
79 262 52
138 260 57
20 48 54
238 249 45
117 123 59
20 174 16
203 226 25
13 107 39
99 135 24
85 200 11
19 112 57
249 267 20
18 244 41
142 253 27
108 224 58
270 277 11
240 241 37
124 149 44
105 132 33
103 137 60
107 147 30
178 225 35
46 57 33
275 276 25
127 139 1
238 247 1
77 273 3
94 124 22
19 246 44
162 171 29
245 279 43
229 273 54
12 274 6
114 240 56
84 152 44
241 272 9
116 150 50
225 257 27
260 274 19
144 180 54
50 161 32
103 229 14
45 63 8
92 268 35
211 218 32
43 125 34
177 269 0
73 198 47
106 121 21
4 52 22
14 120 56
37 279 8
89 142 5
231 269 7
125 152 42
81 90 23
206 222 16
14 32 20
254 270 2
83 222 47
2 200 20
56 115 18
207 231 11
143 194 19
93 272 1
22 72 28
123 255 25
162 268 26
136 209 34
93 255 23
82 140 28
64 114 20
30 223 8
171 174 35
273 273 50
231 259 59
99 157 19
250 268 28
120 143 6
83 112 51
35 155 19
151 277 10
140 222 7
11 72 41
107 243 43
257 258 53
197 214 50
25 38 8
239 256 42
252 260 32
154 247 53
154 184 21
254 254 5
238 255 23
277 278 34
89 222 54
258 263 1
81 93 3
73 244 32
243 265 54
66 254 37
75 95 4
38 72 7
98 148 45
181 200 21
182 188 45
109 208 33
159 161 6
7 48 15
134 223 46
103 135 4
122 145 55
20 234 6
264 274 14
104 177 50
255 255 12
3 63 55
51 210 50
177 268 32
56 180 37
176 244 1
117 178 10
87 232 22
182 253 1
57 141 56
163 218 23
226 237 11
243 278 3
47 211 46
173 194 27
150 187 20
61 244 38
138 148 6
78 159 60
15 182 17
177 278 14
42 156 42
181 203 3
201 207 37
187 234 55
135 209 55
217 221 18
208 215 19
187 187 29
62 116 31
95 146 13
257 269 5
110 216 28
167 250 26
220 249 5
209 222 14
257 276 24
70 149 29
99 115 20
122 261 59
9 123 51
215 233 43
71 90 41
122 132 56
167 276 17
206 231 27
2 172 8
270 270 15
119 179 29
39 128 4
9 178 9
8 206 53
169 221 59
4 102 59
29 168 54
174 259 14
151 214 9
265 268 8
60 163 9
33 45 7
238 261 42
139 201 55
164 202 12
145 269 17
257 267 0
73 276 51
10 85 40
39 210 27
68 133 58
68 261 34
35 97 60
117 255 30
242 270 17
75 126 15
124 141 9
96 234 26
112 197 51
86 218 6
238 270 50
50 59 18
105 114 27
224 254 16
23 158 26
61 109 57
47 237 3
74 277 6
172 224 33
44 120 47
200 242 3
17 197 14
218 272 21
131 215 45
120 258 27
141 209 4
58 64 1
124 229 56
235 248 56
98 221 27
171 177 51
168 249 52
142 181 43
81 253 39
35 90 6
104 229 5
141 175 12
46 241 32
63 185 43
128 266 7
207 240 14
88 160 30
70 145 32
96 177 4
256 259 33
217 264 33
223 271 40
223 267 17
68 187 19
146 261 7
24 29 34
234 270 59
81 182 12
240 243 11
244 258 16
275 278 19
116 248 45
176 228 35
83 146 55
5 207 20
241 278 46
263 270 43
25 106 24
208 267 24
14 128 56
126 129 47
100 140 45
211 271 30
41 88 20
158 216 3
113 161 30
111 136 30
172 200 38
184 247 22
32 275 43
200 226 59
77 229 11
218 263 12
113 227 25
58 225 13
162 233 14
218 237 38
277 279 32
71 120 59
131 266 11
278 278 12
278 279 31
237 247 7
161 265 34
112 213 31
143 161 9
26 269 4
172 271 35
219 269 12
184 268 28
275 277 17
7 88 3
95 263 35
72 150 41
107 220 3
67 227 17
160 244 60
127 267 60
243 263 7
245 273 49
90 93 7
192 272 36
57 115 42
269 275 32
73 149 22
11 227 49
127 170 59
47 154 53
251 263 30
76 223 24
241 248 14
74 247 2
156 161 50
126 155 54
89 219 2
44 47 55
215 272 34
152 234 12
6 188 49
32 68 32
243 276 42
17 120 32
225 256 60
187 202 3
175 278 21
222 275 51
12 136 34
210 252 8
260 278 49
57 140 17
253 265 41
28 29 11
152 198 38
175 191 27
218 231 41
78 157 5
143 198 40
164 187 43
95 181 17
77 252 10
155 232 58
125 253 53
72 232 59
205 245 10
91 245 36
271 272 45
92 138 41
236 274 24
70 215 44
94 157 37
9 73 58
128 206 31
267 269 17
65 244 15
199 218 32
30 124 24
29 192 45
16 114 42
195 224 54
76 112 22
228 245 29
85 121 11
156 224 38
126 252 50
255 273 49
58 228 11
55 188 22
254 268 57
213 257 22
103 246 51
114 121 17
109 164 58
164 231 28
77 170 25
233 254 25
88 109 22
22 153 8
254 265 16
236 253 42
214 277 7
260 271 0
251 269 40
133 235 25
85 227 47
258 279 47
166 226 31
175 247 41
262 262 16
91 117 19
144 264 26
150 229 42
12 272 19
177 185 52
55 83 39
99 129 55
232 269 28
237 263 6
214 242 38
202 249 23
84 233 28
233 271 28
168 234 6
14 103 42
89 216 21
159 165 11
157 259 43
23 136 7
247 256 48
246 258 15
119 164 29
176 278 40
119 230 18
127 276 60
227 231 0
6 157 20
196 210 6
223 256 9
113 131 33
44 256 3
30 55 22
176 253 30
193 223 50
162 278 25
205 271 43
112 272 35
258 258 32
129 201 43
117 277 38
229 277 9
170 187 3
98 175 58
219 275 4
40 118 3
20 218 47
29 123 16
242 250 31
8 263 39
124 269 42
54 183 29
182 236 34
260 261 24
6 24 44
153 233 30
227 247 44
208 253 16
67 101 2
179 180 60
103 184 48
70 75 54
32 223 40
214 237 12
245 253 37
197 242 57
147 258 16
44 255 27
130 183 1
177 267 14
61 69 49
125 277 9
209 275 36
129 172 7
211 251 9
50 54 50
104 140 30
242 259 17
95 101 37
59 104 47
37 51 38
115 192 53
90 176 29
81 238 44
185 269 51
140 176 13
202 221 2
10 116 24
42 269 44
90 217 27
133 219 6
248 276 9
141 197 28
252 269 33
156 263 27
62 73 26
190 260 33
0 61 48
57 205 1
139 172 15
93 119 14
182 206 0
205 230 43
70 141 43
185 245 41
