50 150
110
123
140
191
104
128
143
126
153
116
107
107
187
194
104
184
120
147
146
186
169
143
121
182
159
179
192
192
152
186
146
121
116
110
178
164
119
159
130
152
129
162
173
142
144
149
189
160
143
148
0 1 57
0 2 8
2 3 22
2 4 28
0 5 54
2 6 27
5 7 22
0 8 16
5 9 36
8 10 49
10 11 21
7 12 21
6 13 44
13 14 38
9 15 49
3 16 7
15 17 38
15 18 60
2 19 55
0 20 50
0 21 37
18 22 27
3 23 26
6 24 18
19 25 58
25 26 21
18 27 52
20 28 46
28 29 3
6 30 41
1 31 50
19 32 25
23 33 2
15 34 32
8 35 16
35 36 53
10 37 11
29 38 7
34 39 9
35 40 36
2 41 49
23 42 11
11 43 7
15 44 25
33 45 38
44 46 30
9 47 9
14 48 28
19 49 48
1 2 16
11 49 15
20 40 6
10 41 55
33 46 35
9 21 58
7 14 16
17 43 30
46 47 48
15 49 15
0 23 17
4 25 18
0 43 56
45 46 34
36 38 18
25 33 4
17 17 1
26 26 15
43 45 9
10 46 8
44 47 3
44 45 57
2 5 55
3 3 10
2 20 44
18 39 54
14 36 50
41 46 5
24 24 56
2 39 8
16 34 55
22 43 17
4 28 16
41 45 11
35 49 53
31 48 15
16 30 52
48 48 45
18 45 41
30 38 44
3 26 0
0 26 31
27 28 13
35 37 57
35 48 21
20 48 22
40 49 46
27 42 28
25 49 55
20 31 13
27 41 9
22 41 44
19 48 1
1 37 51
2 37 15
34 48 8
5 32 7
37 46 56
47 49 14
32 42 47
22 28 12
29 37 52
3 47 59
0 32 50
46 46 12
37 45 18
8 11 48
6 36 30
37 49 8
47 47 31
30 46 25
4 16 10
41 48 28
25 42 27
25 38 8
7 41 51
19 21 3
20 35 14
13 20 6
8 17 16
28 34 43
19 43 3
7 38 6
19 41 16
6 16 25
42 43 40
6 32 28
27 29 22
21 47 22
5 34 50
11 17 33
6 31 19
1 46 18
3 22 24
19 34 35
1 27 2
18 42 24
28 33 21
23 47 15
2 49 15
12 33 48
