75 225
145
116
133
127
122
172
163
146
113
175
102
163
200
141
135
145
133
122
165
148
153
167
145
115
106
100
124
195
198
102
153
159
111
181
200
152
124
170
180
176
179
186
156
188
114
117
198
159
109
199
144
179
119
104
183
163
110
115
151
171
142
123
110
124
180
117
197
132
180
176
117
195
150
124
143
0 1 14
0 2 23
2 3 9
0 4 11
3 5 22
2 6 19
6 7 55
1 8 42
4 9 45
3 10 48
2 11 4
9 12 11
6 13 38
8 14 48
14 15 29
6 16 46
6 17 40
4 18 57
6 19 51
8 20 16
4 21 9
21 22 8
9 23 34
20 24 22
15 25 38
13 26 39
17 27 24
17 28 15
8 29 55
28 30 7
1 31 0
21 32 9
29 33 32
28 34 34
6 35 30
11 36 0
33 37 6
9 38 36
6 39 42
36 40 57
12 41 54
16 42 55
9 43 29
40 44 17
34 45 22
35 46 38
23 47 3
46 48 20
30 49 48
27 50 16
41 51 56
36 52 16
29 53 56
51 54 16
24 55 10
32 56 46
47 57 32
44 58 55
4 59 13
36 60 53
45 61 53
14 62 47
48 63 28
32 64 53
49 65 50
50 66 28
8 67 48
28 68 55
19 69 35
12 70 16
51 71 9
44 72 26
35 73 59
21 74 17
45 57 31
66 71 58
37 46 49
54 60 60
4 57 38
6 67 40
61 67 37
37 47 28
73 73 0
65 67 50
65 71 8
70 72 45
2 10 35
40 48 31
41 52 58
41 72 50
6 22 5
70 71 20
32 43 18
1 66 19
44 69 11
11 32 36
45 73 13
55 74 52
45 63 44
18 70 33
32 59 2
24 34 49
57 65 3
51 69 48
22 53 26
71 73 38
64 67 12
50 70 43
41 47 37
45 45 28
25 53 2
49 61 0
31 73 39
36 43 35
43 64 19
14 28 10
62 72 19
52 70 14
70 70 3
15 18 19
37 53 3
22 58 39
0 19 50
44 67 6
25 73 8
56 64 25
62 70 33
64 68 36
42 64 29
25 41 34
50 53 35
5 50 14
33 57 18
39 70 50
12 57 31
11 27 4
11 37 6
66 72 38
6 72 33
15 53 54
70 73 59
11 34 10
17 31 51
51 55 33
18 28 41
64 72 7
15 59 1
57 74 50
46 69 53
66 70 53
63 69 52
50 64 54
44 54 25
59 60 40
22 54 26
50 55 30
35 60 3
62 65 33
46 72 48
39 47 39
67 71 3
67 74 38
30 42 34
12 74 46
60 71 19
59 74 58
71 72 26
56 71 5
55 56 48
28 53 38
28 50 38
25 30 16
38 58 19
28 31 57
66 69 60
26 36 52
21 29 18
67 69 45
73 74 28
36 66 39
58 66 16
38 61 3
38 39 33
30 38 44
54 68 51
18 54 16
21 67 51
54 70 22
51 65 58
22 40 13
12 67 41
65 74 20
7 20 35
18 29 38
8 39 48
60 72 0
43 73 0
41 62 46
8 10 60
24 26 2
14 21 36
69 74 36
60 68 21
21 61 25
43 72 60
0 24 6
34 66 24
4 53 40
48 48 55
8 63 17
50 50 53
2 26 6
27 34 15
12 47 53
15 17 42
51 72 55
11 49 58
26 65 6
50 57 12
10 12 10
63 73 43
37 39 50
28 33 29
58 72 14
7 65 30
