105 315
196
173
155
133
132
153
194
159
189
130
163
196
186
145
131
170
135
154
176
109
129
121
182
148
111
184
139
115
200
196
112
182
170
185
166
185
198
136
187
112
119
189
198
139
152
138
194
140
176
124
162
191
198
188
191
193
119
170
118
112
151
193
141
164
171
195
143
164
142
129
105
111
140
160
148
199
125
148
178
166
168
104
146
110
113
197
170
146
164
112
195
152
130
123
131
129
114
149
111
151
170
196
155
106
160
0 1 40
0 2 24
1 3 32
3 4 44
4 5 28
4 6 5
0 7 40
7 8 43
1 9 11
3 10 22
4 11 3
6 12 22
3 13 54
12 14 26
9 15 41
4 16 59
12 17 0
5 18 10
7 19 50
17 20 26
16 21 57
17 22 8
0 23 17
13 24 3
3 25 59
17 26 16
12 27 2
1 28 53
8 29 1
0 30 22
19 31 7
5 32 19
2 33 40
17 34 34
4 35 0
10 36 54
0 37 60
21 38 32
23 39 53
2 40 60
25 41 40
33 42 3
39 43 56
28 44 8
35 45 53
41 46 12
14 47 58
7 48 56
22 49 39
8 50 34
14 51 28
3 52 44
43 53 9
53 54 37
39 55 4
42 56 50
53 57 19
32 58 34
3 59 56
4 60 8
42 61 15
27 62 21
28 63 6
24 64 15
24 65 10
50 66 47
41 67 43
17 68 8
12 69 20
25 70 10
39 71 6
3 72 38
67 73 4
11 74 55
35 75 60
41 76 3
32 77 5
13 78 40
33 79 5
78 80 47
74 81 60
61 82 6
13 83 46
7 84 48
57 85 44
78 86 8
51 87 9
37 88 43
85 89 18
81 90 59
74 91 57
36 92 28
63 93 44
79 94 43
11 95 13
43 96 6
44 97 25
8 98 51
94 99 27
63 100 21
67 101 25
82 102 26
81 103 23
95 104 49
57 70 4
1 20 14
38 46 24
65 98 48
44 100 13
2 19 49
53 77 55
8 46 49
67 102 14
4 82 34
73 89 7
29 66 7
66 78 5
36 69 26
8 8 44
30 61 39
50 80 5
86 100 21
53 72 8
3 15 54
13 73 28
66 75 37
31 99 48
40 86 12
71 78 26
13 104 43
94 97 0
22 58 15
49 102 23
4 10 13
23 44 4
72 89 48
4 98 28
95 102 2
90 90 21
21 33 60
65 75 49
81 93 36
85 93 42
48 81 3
76 86 28
20 27 20
39 64 31
56 88 46
99 103 31
41 72 54
87 93 14
102 104 14
71 77 12
26 97 1
57 92 12
36 39 13
94 100 43
76 80 2
54 73 36
3 78 2
57 80 18
13 21 37
67 94 44
47 65 48
88 101 47
29 36 29
71 99 37
68 94 19
15 71 14
9 72 42
52 91 51
103 104 38
7 61 5
62 82 37
102 103 6
36 87 40
75 103 35
70 78 57
69 84 2
72 90 33
52 70 4
28 87 13
31 44 9
73 82 37
71 80 46
73 81 15
63 95 22
16 84 60
65 83 45
40 47 56
91 100 16
15 18 42
18 33 15
41 102 55
68 74 22
54 94 0
85 86 36
25 86 34
89 94 12
84 104 22
31 36 42
24 70 17
58 71 8
61 74 54
54 85 40
57 58 24
19 99 19
36 76 21
64 74 38
5 15 42
20 98 50
48 54 5
67 85 8
89 95 15
40 89 27
89 92 47
99 101 10
25 81 17
7 37 5
99 100 13
51 61 38
94 103 51
73 88 44
3 90 39
63 88 7
64 71 56
46 51 16
11 32 30
27 99 56
8 15 41
33 37 23
96 98 5
11 26 59
96 99 6
23 36 55
17 23 52
45 88 29
66 89 37
74 90 1
11 65 42
41 51 14
38 96 46
12 19 23
42 55 10
91 96 8
98 102 11
29 77 31
93 95 43
43 104 30
54 62 21
47 81 3
32 85 51
16 16 2
9 102 10
28 94 14
59 98 2
3 19 32
31 38 1
47 66 57
64 103 26
101 104 43
42 95 9
66 70 6
1 61 14
13 53 24
16 75 34
76 91 24
8 102 35
56 94 26
96 103 21
26 38 0
66 96 40
6 15 56
102 102 22
10 56 46
26 94 43
96 97 58
66 72 24
67 69 47
91 95 35
79 93 23
44 79 58
70 98 57
75 79 3
43 101 46
36 55 12
93 100 44
100 100 43
32 34 58
95 101 19
3 81 50
90 96 46
42 58 52
54 93 8
34 35 32
71 71 16
9 79 58
53 70 21
57 67 55
24 95 32
30 37 24
2 59 26
70 95 35
17 75 28
49 51 41
79 89 33
8 79 28
36 42 34
32 71 19
58 101 20
44 68 58
84 90 27
97 98 25
10 60 35
28 60 55
