30 90
161
102
141
100
196
115
140
184
115
173
119
193
185
119
182
163
112
139
104
175
116
133
195
125
162
180
131
186
156
149
0 1 55
0 2 30
2 3 15
0 4 12
0 5 6
0 6 55
0 7 34
5 8 14
3 9 27
6 10 41
4 11 8
3 12 0
4 13 35
5 14 41
11 15 29
2 16 59
6 17 17
17 18 41
5 19 43
18 20 60
1 21 26
17 22 11
16 23 0
22 24 0
7 25 4
3 26 8
2 27 3
21 28 17
27 29 56
18 24 54
20 25 37
1 25 13
22 29 24
24 27 58
4 6 18
26 27 39
13 28 58
3 15 18
27 27 47
0 23 45
14 16 14
4 15 58
5 27 9
26 29 31
2 23 7
8 29 42
6 11 27
23 26 27
18 29 56
11 17 58
8 24 1
3 23 24
21 23 50
13 25 3
13 20 6
15 15 39
6 20 11
16 17 57
19 25 47
16 18 14
10 21 1
7 16 17
22 26 24
10 20 50
21 26 52
28 28 30
5 11 2
8 12 4
2 10 53
0 22 41
7 15 9
0 14 55
18 19 37
18 26 25
11 12 32
25 27 14
4 23 31
27 28 2
1 7 57
21 21 30
6 19 60
23 25 43
8 11 4
22 28 43
12 18 60
21 25 37
14 28 56
19 20 16
5 12 2
9 11 47
