100 500
178
132
172
170
121
120
150
178
196
136
117
171
124
109
114
126
102
195
197
174
108
129
106
193
153
141
181
137
111
124
148
122
159
145
140
149
177
107
113
172
123
192
100
191
123
138
113
148
132
154
113
114
105
123
142
150
158
165
106
149
190
177
100
113
169
198
154
118
179
189
140
136
154
161
160
101
116
186
196
156
148
156
185
173
174
104
151
182
117
197
176
193
172
119
156
116
193
155
170
194
0 1 11
1 2 36
1 3 28
1 4 26
0 5 27
2 6 56
1 7 16
6 8 12
4 9 56
5 10 24
5 11 2
6 12 8
7 13 30
13 14 57
11 15 46
2 16 56
7 17 15
7 18 35
16 19 4
19 20 50
13 21 40
4 22 28
2 23 0
23 24 33
12 25 14
9 26 21
9 27 24
11 28 51
25 29 27
2 30 55
14 31 26
2 32 34
11 33 45
14 34 16
7 35 38
20 36 5
11 37 43
14 38 1
31 39 33
25 40 46
3 41 36
10 42 27
6 43 34
24 44 32
37 45 32
17 46 52
2 47 13
26 48 59
39 49 58
20 50 50
1 51 59
24 52 22
40 53 10
10 54 39
46 55 54
34 56 42
26 57 38
21 58 53
50 59 52
8 60 31
40 61 54
34 62 33
5 63 24
40 64 41
15 65 55
36 66 48
11 67 48
26 68 4
65 69 26
64 70 59
31 71 40
60 72 34
70 73 2
1 74 0
18 75 26
15 76 59
30 77 16
54 78 51
59 79 5
11 80 10
69 81 46
72 82 17
23 83 50
65 84 2
15 85 47
52 86 6
34 87 37
38 88 18
15 89 16
54 90 19
65 91 60
48 92 8
85 93 3
37 94 57
92 95 56
73 96 26
85 97 32
72 98 56
41 99 48
89 96 13
31 38 4
55 61 49
82 82 47
29 57 19
37 78 13
92 93 58
54 95 18
70 95 13
70 76 56
63 91 26
87 92 19
51 78 46
16 20 25
58 74 51
67 81 0
80 85 39
12 65 3
32 34 54
21 86 48
72 78 19
57 80 60
95 96 59
18 58 10
18 68 4
9 85 8
78 95 42
75 84 27
72 90 9
39 95 44
55 81 42
87 91 39
59 63 48
54 65 51
56 58 26
7 16 15
83 86 52
60 78 30
49 93 0
81 83 45
44 85 33
44 91 8
46 83 19
31 91 20
77 99 2
79 87 35
46 78 34
9 96 18
42 93 11
97 98 18
80 81 15
28 39 59
39 93 59
25 38 30
73 81 50
94 96 34
66 96 41
67 99 11
21 49 13
84 88 50
41 55 49
22 83 18
53 83 45
67 86 5
96 96 54
55 56 6
65 68 30
27 69 14
21 76 12
55 77 57
82 96 3
97 99 6
49 74 19
15 16 54
76 93 59
13 44 27
32 64 17
94 95 47
41 63 42
1 98 39
40 56 38
13 52 8
80 98 60
81 87 17
13 41 41
77 83 47
38 65 8
25 96 36
25 51 48
80 82 5
61 68 11
93 93 34
62 72 1
63 87 29
92 97 55
98 98 30
23 65 32
79 85 22
43 82 42
41 62 19
47 52 60
44 93 35
49 95 44
7 22 54
12 95 39
93 96 46
26 36 0
25 28 39
50 82 20
66 75 10
11 83 18
88 94 37
52 64 35
21 78 28
73 86 58
51 92 0
68 93 23
9 83 23
5 97 47
74 96 19
8 37 26
78 99 42
23 61 17
81 82 41
83 87 29
60 86 58
9 77 0
80 88 36
25 42 7
30 31 4
89 98 2
65 71 23
87 88 5
73 88 27
29 46 43
45 89 19
17 60 36
36 45 14
93 97 35
2 3 8
16 93 57
90 99 8
17 57 18
86 88 0
26 72 7
35 39 42
14 82 30
75 87 37
76 82 9
69 77 13
50 84 46
10 11 11
16 51 56
51 81 10
71 77 23
62 87 17
22 58 45
54 74 51
89 91 16
28 73 29
19 58 19
16 72 8
98 99 24
44 61 53
53 87 31
23 30 55
71 78 7
32 46 36
42 67 49
4 43 26
76 81 39
65 89 18
97 97 21
33 66 23
44 88 56
15 56 20
49 57 57
61 88 26
28 60 17
33 81 43
31 48 45
56 92 39
42 53 35
8 14 15
28 56 48
16 50 3
28 59 17
73 99 57
88 88 19
48 99 24
21 56 29
9 80 54
75 95 26
78 94 43
94 98 1
36 99 35
16 30 36
93 94 11
7 89 31
1 13 51
28 50 23
24 74 40
41 81 51
10 76 21
81 90 49
7 63 29
41 94 7
76 87 27
74 80 40
78 82 12
58 95 50
91 99 31
40 59 54
0 53 20
66 79 41
15 61 45
7 45 38
37 87 49
39 99 46
64 75 4
22 48 41
43 54 31
47 78 15
68 84 38
25 70 19
91 95 7
87 90 33
50 99 44
2 39 26
82 87 6
58 59 8
4 61 4
26 33 52
36 48 28
32 76 20
42 74 52
43 69 51
81 89 3
83 85 25
90 90 21
72 97 52
74 95 6
81 81 18
43 91 1
58 91 50
52 69 4
29 93 24
65 85 58
10 47 25
5 80 2
2 81 20
11 32 10
95 98 29
73 79 55
21 39 36
69 89 29
56 90 2
66 68 6
57 58 9
21 81 50
16 34 47
23 87 29
51 85 31
57 72 31
37 89 29
45 48 13
89 94 22
84 89 45
26 41 26
57 77 27
12 97 54
34 98 22
87 93 0
73 77 30
68 82 48
70 86 28
64 73 43
54 60 10
60 92 39
38 61 50
34 53 15
33 38 44
9 71 23
80 96 30
93 99 51
20 41 28
89 90 2
29 84 44
27 47 19
27 95 30
2 62 16
31 97 32
80 87 45
11 40 50
38 52 5
43 48 48
57 92 20
62 90 1
5 57 34
52 56 2
37 81 49
26 96 16
21 29 13
47 77 50
45 72 14
52 96 59
54 56 45
44 52 55
88 95 39
93 98 35
50 87 20
25 48 15
10 44 5
55 98 31
79 92 31
36 97 31
70 82 3
13 96 29
50 93 60
48 96 30
39 75 48
17 66 54
65 93 50
59 97 17
26 67 25
40 71 26
27 37 42
77 77 10
71 94 19
89 97 36
30 54 47
36 81 15
96 98 32
60 79 49
55 96 29
7 90 59
31 54 29
57 97 16
61 71 30
24 59 13
48 55 53
6 15 60
77 82 53
4 79 34
4 10 31
84 96 24
58 87 22
17 83 38
65 94 0
13 78 28
77 79 9
22 74 14
24 86 17
43 56 32
78 87 49
35 85 25
66 71 34
41 48 32
8 72 26
37 64 22
18 22 1
0 13 15
7 60 57
29 96 6
58 96 48
37 39 43
24 96 39
42 95 6
35 48 9
45 71 56
1 56 3
33 96 17
32 79 49
48 98 38
18 45 42
30 76 6
31 51 17
78 91 35
71 88 46
62 67 29
5 25 5
11 85 18
17 38 34
68 81 8
20 20 44
19 54 16
76 99 47
71 74 42
35 96 54
16 66 9
42 56 49
67 74 31
55 58 8
37 37 8
39 55 37
0 20 20
59 82 12
77 92 49
38 94 18
87 95 32
63 75 3
