25 75
111
134
195
186
122
122
177
148
132
114
189
155
175
138
189
130
130
185
199
157
132
139
150
103
161
0 1 18
1 2 41
0 3 42
2 4 28
4 5 55
4 6 8
6 7 6
2 8 11
8 9 18
7 10 27
5 11 42
11 12 32
1 13 45
0 14 24
1 15 29
2 16 7
1 17 34
11 18 40
6 19 42
2 20 11
11 21 1
20 22 0
21 23 18
22 24 34
23 24 34
19 24 18
15 22 39
10 21 10
23 23 43
0 15 3
3 24 10
17 21 12
16 20 35
21 21 15
10 15 28
13 19 7
19 23 29
7 23 44
1 3 18
21 22 15
17 17 60
12 15 35
9 23 40
13 14 15
14 14 48
15 21 53
6 6 23
1 12 59
5 17 28
13 18 4
18 19 15
13 20 58
0 24 46
0 17 27
3 7 50
22 22 56
17 24 42
8 19 47
15 19 57
7 9 29
4 11 21
14 16 7
16 23 4
4 16 2
18 21 27
17 18 55
3 20 41
11 22 46
14 20 57
13 22 23
17 20 29
3 17 2
22 23 22
8 20 29
0 4 25
