45 135
112
102
151
101
158
192
103
118
169
194
161
174
125
101
164
134
125
108
101
107
155
183
194
114
101
145
189
167
155
171
166
133
167
152
177
162
133
158
111
124
144
168
157
145
154
0 1 59
0 2 32
1 3 58
2 4 57
2 5 51
4 6 22
0 7 2
2 8 3
5 9 40
6 10 60
1 11 55
7 12 24
6 13 12
3 14 48
5 15 52
5 16 13
8 17 43
16 18 29
18 19 35
19 20 59
5 21 42
17 22 8
20 23 16
0 24 50
1 25 31
17 26 51
22 27 39
6 28 19
3 29 46
11 30 59
5 31 18
12 32 39
8 33 22
28 34 40
15 35 53
18 36 4
27 37 8
15 38 5
36 39 7
0 40 37
18 41 32
29 42 42
17 43 26
42 44 17
20 24 36
33 41 31
38 42 35
31 42 19
3 16 4
15 24 19
22 23 16
11 19 41
23 43 28
31 32 57
40 41 19
23 24 50
21 32 5
34 41 13
11 43 19
17 19 57
30 43 22
34 35 56
2 38 24
28 36 1
27 30 35
17 41 35
31 31 40
8 42 2
4 41 20
28 39 41
28 35 6
28 38 5
1 44 42
23 38 9
31 35 44
30 41 46
13 36 3
21 21 42
3 28 2
0 30 53
36 40 27
13 20 29
24 44 2
25 32 27
40 42 15
17 23 35
14 22 10
4 29 5
39 43 57
37 42 53
39 39 50
29 35 36
32 34 14
19 21 18
40 40 11
15 27 57
37 40 41
18 18 54
18 27 12
41 41 51
39 41 31
23 33 9
13 23 8
1 28 8
35 42 55
6 19 54
4 11 45
38 38 15
23 29 25
8 44 9
12 23 51
31 41 57
32 41 11
0 10 19
4 27 48
33 44 19
32 42 56
2 42 15
25 42 5
15 43 15
30 35 10
12 16 4
25 28 49
38 43 59
11 38 12
25 43 38
20 28 48
13 27 17
23 32 5
29 36 2
3 38 45
43 43 7
41 44 15
26 43 30
41 43 38
