230 1150
128
164
124
154
148
127
187
107
112
110
153
133
148
129
121
194
120
139
192
122
124
135
162
171
151
121
150
103
139
156
110
147
127
184
169
200
106
189
103
127
158
192
170
191
174
114
169
152
187
152
147
125
191
113
171
186
143
195
196
118
175
136
153
124
132
118
155
123
124
102
134
182
142
111
139
160
167
107
121
105
180
195
127
151
125
123
112
172
138
127
140
109
129
195
140
132
191
109
117
165
113
195
130
144
125
164
150
170
138
153
173
154
149
148
173
106
162
153
200
174
107
144
154
104
177
152
197
126
114
119
126
158
138
150
183
184
147
105
113
195
157
133
157
161
178
196
118
185
110
129
159
119
162
166
147
112
138
126
162
139
192
105
170
166
158
184
149
143
140
128
188
166
121
174
198
149
140
193
116
127
126
129
165
104
118
128
110
183
115
190
166
190
112
170
108
142
185
199
152
197
141
160
198
167
185
102
154
180
174
126
112
144
181
172
127
183
108
131
113
106
198
148
131
120
130
126
132
163
186
142
0 1 0
1 2 5
0 3 51
0 4 12
1 5 44
2 6 27
2 7 33
4 8 42
8 9 32
9 10 33
1 11 47
3 12 18
8 13 46
2 14 16
10 15 15
10 16 28
2 17 40
1 18 43
10 19 48
9 20 56
6 21 40
18 22 0
17 23 7
3 24 10
2 25 21
13 26 20
12 27 55
7 28 25
17 29 14
28 30 45
14 31 15
19 32 24
7 33 47
18 34 23
12 35 26
8 36 1
31 37 16
17 38 6
29 39 10
10 40 34
13 41 17
40 42 2
22 43 50
23 44 13
0 45 30
24 46 48
46 47 55
5 48 56
43 49 47
24 50 8
14 51 40
13 52 4
9 53 25
33 54 17
31 55 2
53 56 24
24 57 20
48 58 23
3 59 37
13 60 17
6 61 42
29 62 9
29 63 27
49 64 29
19 65 13
16 66 19
56 67 52
2 68 49
50 69 54
66 70 12
21 71 36
42 72 22
53 73 5
59 74 18
18 75 15
46 76 14
32 77 5
68 78 10
59 79 30
76 80 51
58 81 0
41 82 35
27 83 9
56 84 39
31 85 27
10 86 60
42 87 18
40 88 40
78 89 26
16 90 21
53 91 24
11 92 46
7 93 31
48 94 42
41 95 33
17 96 24
93 97 14
35 98 47
15 99 15
56 100 33
3 101 34
37 102 20
52 103 30
85 104 55
28 105 45
32 106 25
74 107 4
58 108 42
94 109 18
30 110 13
58 111 50
74 112 43
43 113 44
98 114 47
111 115 10
43 116 2
97 117 3
14 118 43
106 119 52
107 120 52
68 121 16
73 122 18
50 123 36
8 124 17
114 125 50
59 126 15
55 127 21
84 128 26
68 129 11
63 130 13
47 131 32
96 132 45
52 133 40
52 134 59
117 135 23
64 136 46
52 137 48
113 138 44
95 139 24
47 140 5
16 141 33
20 142 45
92 143 38
53 144 6
7 145 13
18 146 18
45 147 20
133 148 38
67 149 59
149 150 12
94 151 60
106 152 53
23 153 40
103 154 58
58 155 30
147 156 60
96 157 55
124 158 1
84 159 28
149 160 17
67 161 24
5 162 14
1 163 2
74 164 30
26 165 32
80 166 31
31 167 13
149 168 30
125 169 5
90 170 15
84 171 12
30 172 39
2 173 45
10 174 48
123 175 56
144 176 8
42 177 58
175 178 20
55 179 40
36 180 33
80 181 39
19 182 44
132 183 41
68 184 17
63 185 17
65 186 47
38 187 56
90 188 1
51 189 52
139 190 7
48 191 34
46 192 30
44 193 50
56 194 21
101 195 14
3 196 2
132 197 39
148 198 60
152 199 36
114 200 22
43 201 13
100 202 35
15 203 51
194 204 40
150 205 7
29 206 49
153 207 24
202 208 54
114 209 24
175 210 15
91 211 31
146 212 9
193 213 31
148 214 49
209 215 45
126 216 35
109 217 33
24 218 9
143 219 52
157 220 52
96 221 47
213 222 31
196 223 30
53 224 2
191 225 52
14 226 8
20 227 44
42 228 24
140 229 59
100 187 44
204 226 29
213 216 43
80 92 17
45 66 60
69 152 12
161 186 1
65 106 41
198 228 15
40 146 18
127 215 2
49 133 31
227 227 7
18 71 13
210 217 28
116 148 6
19 160 21
12 15 42
13 17 9
146 195 44
56 219 5
59 157 50
197 228 47
150 167 32
116 225 54
13 146 1
215 227 52
38 175 29
73 175 39
145 201 22
68 127 37
50 178 39
223 229 53
190 208 23
201 223 32
133 170 37
79 88 51
193 196 33
95 104 32
224 228 10
115 215 20
152 171 26
220 226 13
126 203 37
169 177 54
214 222 33
150 180 58
54 127 12
44 80 48
194 212 10
140 194 25
224 229 14
82 106 49
203 203 55
166 229 51
173 210 47
95 123 33
153 176 9
95 195 38
115 137 27
152 212 55
118 149 30
45 226 9
6 38 54
4 85 47
188 206 34
28 119 38
210 220 27
84 151 35
216 224 53
198 216 26
164 179 19
206 206 46
111 198 17
117 185 14
16 173 23
7 10 16
186 224 22
44 159 41
219 223 12
69 228 46
189 194 21
185 224 25
29 60 47
1 21 9
125 151 34
21 101 29
71 122 56
109 212 7
59 161 51
179 190 17
219 219 36
62 159 35
92 92 33
158 187 6
112 171 38
161 204 20
88 169 58
15 86 58
228 228 53
66 150 46
37 147 17
53 124 15
32 69 28
59 200 8
207 214 4
26 214 25
116 119 42
16 156 34
205 226 30
195 209 37
140 221 17
24 160 59
227 229 42
56 209 9
137 187 59
8 148 57
7 62 32
94 161 47
25 122 52
108 205 0
51 212 9
86 163 52
201 203 22
34 131 60
32 62 32
184 204 59
199 201 16
166 172 23
128 202 22
18 191 25
44 127 55
71 80 40
54 123 10
89 172 1
221 225 42
6 145 5
53 185 50
97 134 32
136 153 45
143 190 44
116 141 49
142 212 36
184 226 57
69 203 46
22 192 35
137 190 53
180 224 9
185 212 27
39 202 50
27 50 5
61 150 48
177 207 56
2 85 20
97 161 49
218 221 30
161 216 21
130 210 18
159 225 34
196 209 49
211 225 40
215 217 55
64 71 12
114 161 30
9 28 17
220 223 49
79 148 2
158 212 13
187 196 47
113 140 17
64 86 43
201 207 55
185 214 12
163 229 36
222 228 22
173 205 21
209 225 43
149 156 40
176 214 12
189 195 9
73 135 45
184 217 13
155 169 14
46 143 18
47 164 15
178 207 36
64 211 25
86 185 24
177 228 10
190 223 21
143 154 38
155 168 44
114 150 18
5 103 57
129 168 24
194 214 33
23 186 14
52 204 45
141 146 28
127 188 33
218 222 53
79 200 3
145 155 54
17 166 38
16 213 27
95 138 55
149 203 42
96 161 0
17 197 12
78 132 60
179 220 42
79 155 37
68 209 33
191 193 4
81 206 24
137 199 3
89 228 54
33 49 24
43 114 54
203 208 31
75 91 32
167 192 56
7 89 26
127 222 42
211 212 6
111 212 19
192 227 46
35 95 44
208 223 56
72 162 27
67 68 37
108 212 32
38 192 60
139 152 58
54 83 16
46 209 49
61 171 23
82 103 39
91 111 23
204 207 4
223 228 46
171 196 6
97 183 25
50 91 12
136 173 60
96 120 3
68 180 54
155 198 14
60 141 35
211 220 45
123 210 59
84 101 40
35 69 3
141 190 52
94 116 40
28 207 29
118 143 40
132 207 8
157 166 35
16 49 0
139 169 40
139 228 30
211 215 37
115 170 6
14 52 18
132 201 24
181 206 42
130 186 6
135 153 58
17 167 34
143 199 40
85 206 10
162 212 28
103 106 51
10 74 59
122 178 50
74 123 51
37 117 20
157 219 44
124 154 46
24 227 47
107 153 9
150 223 25
72 171 31
157 229 51
42 222 28
217 224 14
193 227 41
210 228 43
63 194 55
198 201 5
219 222 15
114 228 29
156 211 44
137 154 16
131 138 5
214 218 5
147 190 12
163 184 24
137 215 57
124 187 39
39 179 57
152 218 39
126 217 4
96 146 33
14 112 19
104 171 27
92 184 57
37 213 23
143 163 12
212 220 2
127 181 0
54 73 13
113 158 42
162 221 6
223 227 42
116 187 25
152 177 0
78 154 59
132 157 24
218 229 6
6 165 10
94 211 0
214 214 34
40 112 21
182 212 15
163 169 26
69 175 41
165 177 58
223 226 8
33 87 45
49 71 39
140 215 34
48 143 26
98 153 19
57 192 45
117 191 17
95 227 55
25 99 38
78 220 59
78 204 47
215 215 21
75 146 43
48 167 39
205 207 55
99 108 28
32 195 53
77 109 20
158 158 18
39 190 43
131 172 34
179 207 40
149 211 36
20 160 50
134 199 42
221 221 22
55 101 53
189 228 10
145 145 37
27 105 9
95 96 52
41 85 0
145 200 53
130 155 14
202 218 50
154 169 30
143 177 55
90 206 36
93 171 50
143 180 26
161 213 45
224 226 60
158 172 28
73 174 26
22 37 0
181 199 46
36 165 40
13 18 1
44 194 37
226 229 9
193 195 5
98 100 32
41 80 38
67 121 57
210 229 54
217 225 19
68 97 36
176 215 28
13 74 41
166 217 43
197 224 5
97 145 30
124 180 31
33 174 11
79 166 44
156 194 4
205 225 48
140 211 31
213 220 60
27 100 28
72 195 52
227 228 14
109 169 0
63 113 0
179 213 48
19 45 6
80 149 7
16 67 17
116 198 57
37 86 34
61 149 59
195 202 48
216 220 14
121 133 34
149 158 54
196 228 1
111 119 19
135 222 19
179 179 55
70 187 15
57 172 8
74 151 24
26 178 42
130 169 23
104 148 45
28 157 5
215 223 1
66 226 19
60 76 8
111 121 17
222 227 49
146 204 52
26 40 11
21 63 27
72 225 30
159 177 26
199 206 24
39 76 25
187 207 56
18 141 12
122 157 29
31 90 16
93 100 21
170 170 2
107 206 46
0 151 39
49 119 18
4 84 52
99 214 51
221 228 30
130 170 60
179 191 39
156 199 59
52 196 59
31 117 46
29 219 45
178 201 50
212 218 40
61 145 23
151 229 38
77 167 15
40 115 10
102 215 60
121 149 45
2 100 28
170 178 24
35 67 23
63 112 8
17 169 26
2 108 21
197 219 11
25 132 6
138 141 3
28 128 24
36 173 34
92 181 21
136 141 21
224 225 38
13 153 23
136 147 0
222 224 56
115 183 49
116 131 34
220 224 33
151 223 15
179 215 51
74 143 51
140 159 27
70 99 42
148 155 31
16 222 23
38 122 55
42 116 52
16 146 1
107 132 55
158 194 4
132 158 37
9 134 5
31 193 19
129 174 48
137 205 20
32 91 19
88 219 59
222 222 45
50 213 32
34 50 5
6 136 46
168 193 6
1 66 25
223 225 30
202 219 50
31 57 8
139 198 8
138 160 34
31 75 29
202 217 49
180 225 49
169 223 45
178 205 19
157 158 27
89 225 45
37 113 24
7 97 5
11 179 52
25 128 49
94 102 32
96 180 58
97 98 24
50 74 1
147 165 22
35 58 16
12 145 20
86 195 11
48 202 60
34 148 7
160 169 14
35 143 55
101 200 41
4 201 26
20 213 0
214 229 9
138 208 39
154 206 1
13 125 48
97 130 36
42 197 42
190 193 38
3 199 57
195 199 8
56 87 35
12 197 33
219 224 15
130 165 48
111 128 27
219 226 56
181 210 60
197 221 19
203 222 36
177 195 9
31 71 52
153 192 33
211 219 53
92 187 56
168 183 17
213 214 25
60 127 59
174 224 25
145 146 44
183 185 26
84 204 0
135 171 15
177 224 49
51 73 38
70 204 41
42 61 3
59 129 36
76 121 54
132 161 10
200 223 24
150 213 12
99 165 59
195 223 0
181 181 58
168 177 50
125 133 52
135 152 27
151 224 2
159 222 27
129 148 3
9 153 12
127 167 0
96 140 25
216 217 15
47 167 35
185 202 58
165 192 33
146 148 36
0 111 28
103 159 25
142 226 31
157 176 46
142 152 33
206 222 18
120 179 25
39 196 31
3 124 41
180 223 11
222 225 38
76 140 12
81 144 59
104 162 25
130 179 49
110 193 30
104 189 29
65 85 32
111 133 46
175 176 48
164 195 43
79 207 13
41 106 33
92 225 0
171 182 1
14 131 26
52 91 36
92 191 50
188 219 21
215 222 60
32 42 50
161 226 49
99 131 35
70 225 48
46 50 37
70 184 23
58 121 45
134 164 35
47 124 25
88 90 24
198 205 15
178 217 48
31 48 7
101 107 45
125 227 47
71 145 24
208 221 18
4 220 39
199 228 26
84 166 5
93 129 7
55 226 19
38 90 5
182 193 18
62 183 58
177 177 3
28 186 48
66 100 36
214 216 14
34 39 60
19 48 11
120 224 7
55 80 43
17 172 7
158 197 15
2 73 21
200 224 5
145 199 10
58 90 35
1 111 56
80 148 2
86 164 19
157 185 58
119 172 0
61 191 35
1 151 8
91 130 10
53 57 58
4 9 10
116 150 58
218 220 41
86 111 45
71 119 29
127 169 40
118 128 34
46 207 41
143 198 56
116 162 15
99 138 31
73 111 36
96 124 12
138 155 20
185 227 33
173 193 7
26 89 46
152 211 2
42 53 15
23 221 35
139 146 58
215 219 9
163 170 30
67 157 13
176 198 2
44 149 22
151 222 28
164 221 27
156 222 13
174 229 11
129 165 28
24 30 47
77 139 32
125 149 31
11 75 25
187 225 26
114 191 50
47 193 14
167 200 24
86 86 18
0 189 30
102 179 15
198 199 48
52 116 52
35 100 48
176 225 38
143 153 32
132 210 52
77 172 31
56 199 10
157 203 19
90 220 27
184 216 4
6 101 25
212 215 31
21 52 24
189 199 41
28 158 27
160 223 16
112 196 19
97 199 15
130 141 42
122 150 45
211 214 26
132 154 60
197 214 43
192 220 51
176 187 10
164 198 3
15 102 59
14 144 27
154 194 54
59 88 59
219 227 5
195 197 31
184 222 59
214 226 13
156 160 21
200 225 50
187 215 6
123 145 6
0 14 34
142 164 25
18 106 7
86 118 48
213 218 26
74 205 50
180 194 58
121 228 39
167 191 39
148 157 16
80 153 0
28 127 5
125 186 38
135 221 47
143 221 38
128 215 54
87 189 51
185 200 7
31 99 54
35 194 20
177 180 20
104 141 30
150 172 40
84 163 20
141 181 54
92 229 1
216 225 4
204 228 49
152 203 13
144 168 40
126 154 41
23 129 42
3 116 25
38 140 51
94 176 17
135 217 29
31 194 4
170 199 9
165 190 17
73 100 33
58 105 44
166 170 58
191 209 43
124 157 0
49 215 36
14 141 19
8 229 10
159 179 32
200 209 9
28 217 60
47 71 9
1 29 57
125 170 6
189 206 48
23 193 11
63 156 53
109 156 44
162 163 44
121 229 43
153 215 2
108 218 10
59 105 44
186 199 17
149 155 51
226 226 50
169 198 32
192 203 27
221 227 40
188 204 59
191 199 40
165 182 54
178 196 16
39 39 55
113 195 20
162 228 27
78 225 31
153 153 4
80 98 46
69 147 49
187 201 44
182 191 21
170 209 46
4 119 33
152 166 54
200 206 27
206 216 56
172 184 48
48 59 38
171 177 14
127 135 49
20 67 31
134 155 56
205 222 27
4 5 12
209 213 24
86 153 30
21 31 33
45 219 31
5 118 54
144 177 44
45 149 11
138 165 52
33 143 7
177 212 15
123 198 14
35 150 12
28 99 31
149 204 56
21 152 38
209 223 27
74 94 41
113 164 46
65 104 9
150 151 3
105 154 21
96 189 0
85 187 1
36 42 28
215 225 20
192 210 17
75 203 56
190 202 22
27 149 59
135 175 44
140 178 45
210 218 5
137 185 25
111 223 6
9 162 36
208 229 55
105 113 26
121 138 12
74 224 39
109 218 16
193 202 25
121 151 6
1 141 20
3 222 46
178 193 6
122 221 56
146 221 16
28 132 39
175 207 53
190 214 50
94 110 34
115 219 5
94 95 48
2 58 60
74 74 5
55 196 26
100 112 24
91 175 34
200 220 10
166 173 42
28 33 52
148 190 33
81 181 59
143 174 24
75 79 55
7 27 58
147 191 0
19 19 48
153 213 1
66 99 33
64 198 30
