160 800
112
111
182
147
175
184
177
170
111
112
136
136
163
117
107
176
140
122
152
196
161
169
112
126
162
107
177
178
115
109
168
168
143
187
139
147
123
106
195
144
138
165
185
194
133
112
106
111
164
172
150
172
163
156
192
142
110
175
140
131
108
183
163
159
185
153
113
148
169
129
151
135
134
131
135
110
102
182
101
200
170
145
196
177
100
129
162
181
177
123
130
174
117
179
108
155
175
183
178
166
162
115
199
164
199
176
181
162
124
136
166
138
170
130
110
184
171
127
140
196
170
190
112
110
126
116
144
121
132
127
137
171
176
117
144
188
117
165
107
127
129
130
174
128
116
109
150
153
170
167
105
199
116
115
182
165
159
124
129
198
0 1 59
0 2 28
1 3 0
3 4 12
4 5 8
5 6 12
0 7 44
7 8 36
1 9 44
3 10 2
9 11 40
11 12 34
8 13 54
13 14 37
0 15 2
8 16 3
8 17 3
4 18 38
8 19 58
17 20 18
11 21 38
1 22 11
12 23 35
13 24 34
12 25 26
15 26 55
25 27 40
10 28 45
5 29 1
23 30 60
28 31 9
23 32 4
28 33 60
20 34 27
13 35 9
28 36 9
12 37 6
19 38 44
19 39 32
38 40 19
4 41 12
27 42 45
2 43 52
20 44 37
17 45 27
5 46 27
5 47 46
45 48 10
29 49 52
27 50 46
20 51 24
45 52 20
27 53 58
0 54 48
1 55 5
10 56 27
9 57 28
30 58 1
27 59 0
43 60 18
42 61 4
3 62 28
20 63 16
49 64 4
2 65 56
40 66 3
35 67 56
53 68 39
50 69 53
12 70 32
12 71 3
68 72 33
35 73 1
15 74 18
69 75 17
44 76 60
17 77 3
28 78 41
7 79 26
10 80 36
66 81 1
80 82 31
28 83 39
7 84 35
13 85 36
40 86 42
38 87 0
40 88 23
36 89 31
20 90 8
74 91 23
3 92 60
47 93 22
30 94 8
66 95 15
74 96 3
67 97 58
26 98 44
38 99 38
70 100 35
70 101 23
18 102 3
13 103 51
83 104 31
56 105 57
60 106 24
48 107 5
94 108 58
90 109 10
27 110 27
67 111 43
16 112 48
99 113 53
39 114 15
94 115 3
56 116 28
98 117 14
88 118 30
32 119 51
48 120 33
42 121 28
1 122 3
42 123 26
110 124 35
115 125 21
82 126 18
62 127 35
97 128 12
99 129 26
67 130 45
67 131 44
14 132 55
57 133 49
2 134 53
96 135 49
68 136 17
2 137 46
86 138 37
111 139 36
100 140 18
19 141 37
91 142 40
83 143 54
11 144 52
83 145 27
117 146 34
134 147 9
138 148 55
122 149 15
132 150 21
44 151 48
32 152 14
140 153 27
14 154 44
62 155 52
108 156 41
133 157 44
71 158 46
134 159 60
93 136 3
97 113 58
79 140 16
13 145 16
134 156 43
12 36 34
154 159 43
78 147 26
7 140 53
22 99 38
6 149 47
46 66 57
156 157 4
21 44 37
82 152 33
50 151 59
38 47 46
103 130 58
128 133 6
137 159 59
40 135 4
29 42 36
140 154 6
10 36 8
112 151 46
63 121 9
115 123 26
39 65 25
72 115 57
121 122 29
34 113 42
64 124 34
60 130 19
97 130 31
64 86 46
106 130 6
44 159 7
74 119 51
146 158 42
147 155 39
155 157 56
48 81 56
68 85 6
47 109 60
158 159 29
82 124 46
34 51 14
61 107 59
8 114 38
24 84 26
122 133 56
67 147 59
131 158 44
90 110 10
18 141 48
94 124 17
58 128 45
66 84 9
117 126 6
156 158 53
117 118 53
122 131 37
88 109 4
95 148 48
54 75 36
26 95 59
48 72 38
130 136 51
62 110 37
148 158 30
110 118 11
106 120 1
61 85 20
18 57 24
45 138 52
19 121 6
10 117 33
17 82 44
154 158 15
149 159 55
88 146 9
38 111 40
45 115 1
132 149 17
95 111 3
87 134 7
69 92 47
148 151 4
44 64 55
98 109 22
57 118 56
146 146 12
146 150 29
118 152 27
151 153 37
10 26 2
82 97 33
118 154 35
128 156 1
4 38 8
145 146 24
141 145 18
27 49 49
89 104 52
157 159 60
29 112 28
74 129 12
53 149 59
23 111 55
64 158 48
119 128 50
5 110 10
109 138 10
26 38 32
77 79 0
12 139 18
32 143 40
104 136 59
151 151 23
133 147 27
3 51 43
112 159 10
27 76 33
37 81 57
38 141 54
142 159 35
66 139 51
154 155 1
151 154 57
11 104 36
43 65 44
71 125 47
99 115 9
61 127 6
150 159 42
122 136 31
32 141 6
30 156 5
70 106 9
37 72 49
126 130 20
6 98 22
97 154 53
125 146 51
118 145 24
114 118 30
53 126 9
88 137 32
65 129 60
102 144 60
123 156 35
50 121 49
114 143 26
25 147 42
144 154 43
6 123 32
80 143 34
44 88 55
41 140 34
79 150 3
109 154 33
28 111 37
55 133 26
103 136 23
50 56 3
49 89 29
33 137 2
129 158 1
135 149 31
85 102 23
127 156 7
137 138 45
128 157 51
12 83 51
118 124 15
97 124 7
66 83 51
90 128 13
64 145 10
35 154 34
38 118 38
136 137 52
123 151 19
148 153 20
115 124 56
119 136 17
14 113 35
52 54 57
50 78 25
30 66 17
29 103 10
75 81 44
64 97 33
28 88 22
18 68 2
20 25 6
152 157 21
79 95 17
62 128 47
48 134 42
103 118 34
39 120 30
99 127 58
32 155 44
54 97 33
2 97 33
17 148 53
76 120 38
4 9 53
52 121 33
121 155 11
115 158 50
127 134 29
55 148 25
139 148 33
73 82 40
15 85 39
49 69 11
157 158 55
142 150 35
31 82 60
77 80 32
75 124 33
90 120 10
75 84 29
126 150 45
56 73 19
66 151 7
79 142 22
131 153 33
32 76 7
74 120 27
42 99 60
138 156 10
54 84 44
143 146 59
11 66 21
15 115 25
71 75 58
135 154 23
92 144 9
101 132 9
20 26 39
51 98 22
70 87 12
151 156 3
58 70 10
118 158 54
92 112 27
38 82 47
24 122 39
129 148 40
155 158 32
43 61 8
98 125 55
36 50 49
82 98 22
17 41 30
127 153 42
15 77 43
118 140 28
38 56 8
22 27 49
124 155 54
9 64 5
97 143 26
30 158 45
132 142 13
140 149 28
76 121 7
39 145 53
15 149 53
76 106 19
80 87 57
103 120 34
64 155 26
111 154 27
39 130 11
111 122 52
13 118 4
70 132 60
42 85 18
142 158 17
148 152 26
58 72 22
123 135 32
59 66 13
32 70 42
57 121 16
17 140 55
88 157 51
70 157 20
115 126 59
101 138 9
81 135 26
95 143 52
49 68 22
109 122 50
105 146 29
116 139 16
132 138 41
44 157 41
37 144 34
10 112 36
112 153 29
138 151 24
23 132 31
13 111 36
49 50 40
58 158 31
76 108 60
34 124 27
149 149 19
153 154 13
57 153 11
22 82 53
84 151 0
18 157 38
135 142 52
137 144 31
93 97 48
33 117 14
83 84 50
79 114 46
74 128 59
113 152 27
158 158 40
128 151 19
25 76 1
83 134 31
129 150 42
8 22 59
56 70 2
126 135 8
47 58 18
65 100 57
77 90 47
38 128 25
19 65 40
107 110 49
81 105 34
131 143 41
64 108 18
27 109 9
30 109 41
80 95 44
71 151 16
48 91 6
38 117 45
143 149 40
110 114 35
119 127 16
19 20 56
57 80 52
149 157 12
88 128 59
37 52 13
5 102 50
89 141 56
149 154 25
152 156 52
48 146 59
10 18 33
56 82 7
150 156 29
24 46 50
128 128 5
34 83 49
96 126 4
64 132 28
119 141 26
126 159 20
119 155 4
36 79 45
1 52 24
67 150 6
87 137 59
100 110 25
101 156 32
33 65 13
151 159 10
125 153 1
72 110 30
34 143 38
124 154 14
71 82 51
20 36 57
86 137 6
82 82 11
10 99 16
81 134 38
20 119 23
99 114 35
1 12 59
18 110 0
88 98 3
127 158 13
105 136 56
30 148 27
56 66 9
22 52 41
124 151 6
13 43 29
79 86 36
144 159 38
7 122 9
76 123 35
82 101 46
144 145 50
28 137 21
72 85 47
131 151 7
18 130 39
50 82 1
112 126 0
82 93 59
71 108 29
136 147 2
46 84 25
35 89 18
66 140 16
21 127 3
66 157 38
17 88 15
29 41 16
144 151 24
41 60 48
117 142 25
100 155 25
99 102 11
37 59 40
83 98 26
43 54 0
107 151 47
1 53 16
12 55 32
110 138 22
1 86 60
72 119 19
116 140 60
122 145 45
18 94 0
141 156 52
68 112 15
50 90 49
108 127 17
74 125 3
50 135 4
131 157 28
95 139 49
121 123 56
140 155 11
93 157 2
55 57 18
14 96 16
24 139 59
41 148 58
19 72 2
45 110 6
0 126 58
89 126 0
153 153 27
62 74 16
23 84 25
6 92 19
46 96 12
79 80 30
52 122 36
24 83 10
127 150 44
22 101 24
30 147 6
57 151 28
46 68 34
4 142 23
147 156 27
46 132 15
71 96 30
37 55 33
87 104 44
104 134 37
150 157 51
96 137 25
54 93 20
124 127 14
26 91 4
122 146 7
120 134 25
94 104 52
71 126 34
120 146 0
107 115 20
109 131 35
23 35 2
83 144 27
5 150 11
157 157 54
97 148 57
146 157 37
7 22 24
100 143 41
123 138 26
44 158 48
21 139 56
98 144 6
16 83 30
8 88 52
80 156 48
40 128 40
52 88 0
14 29 40
73 110 58
114 120 50
106 152 43
24 49 11
99 149 57
70 70 41
104 110 55
8 39 19
13 142 4
154 154 54
129 134 13
49 124 36
31 88 27
27 128 23
30 84 25
47 122 49
0 122 34
113 130 22
4 60 28
111 149 22
3 55 37
27 119 41
4 59 16
145 153 46
49 135 43
88 117 49
22 81 55
11 156 7
23 55 0
11 35 23
14 130 36
16 69 40
2 133 51
4 14 23
109 142 59
101 104 24
7 91 31
48 97 0
96 139 12
64 94 49
29 102 58
135 135 19
145 154 44
38 78 22
4 107 51
156 159 31
80 125 40
26 101 60
35 104 49
140 151 18
31 143 28
146 154 23
113 149 56
94 111 48
129 152 48
63 155 26
118 153 1
155 156 60
94 127 47
31 155 45
9 149 41
154 157 53
34 94 10
26 105 50
7 58 34
61 149 6
100 131 38
80 94 22
24 71 24
47 112 35
97 97 1
100 125 29
91 153 43
45 86 33
112 140 42
37 156 19
47 117 46
126 131 16
24 91 46
6 54 20
44 47 6
2 47 60
79 111 37
30 34 49
86 90 8
35 70 57
1 76 31
148 155 28
89 106 13
43 121 16
116 153 51
105 127 12
42 87 42
116 150 16
115 120 6
52 133 1
53 132 4
91 132 19
145 149 21
79 128 51
53 72 20
114 122 0
70 114 35
16 29 40
74 99 27
59 59 21
63 69 16
43 97 39
101 153 29
50 110 34
35 131 38
139 142 46
91 136 58
40 47 7
103 112 9
41 104 42
16 154 52
102 126 21
144 156 22
127 155 15
77 126 0
42 145 4
39 94 10
14 110 47
49 88 56
47 140 26
11 124 55
58 135 1
25 45 24
92 153 58
