210 1050
178
132
172
170
121
120
150
178
196
136
117
171
124
109
114
126
102
195
197
174
108
129
106
193
153
141
181
137
111
124
148
122
159
145
140
149
177
107
113
172
123
192
100
191
123
138
113
148
132
154
113
114
105
123
142
150
158
165
106
149
190
177
100
113
169
198
154
118
179
189
140
136
154
161
160
101
116
186
196
156
148
156
185
173
174
104
151
182
117
197
176
193
172
119
156
116
193
155
170
194
184
138
180
100
146
198
197
106
156
193
160
137
145
172
141
143
105
116
193
163
172
135
101
138
141
127
173
114
161
156
192
129
178
140
136
197
156
141
165
119
152
112
160
122
180
164
178
110
102
122
185
195
148
177
164
129
192
144
189
140
106
170
136
176
154
121
152
109
169
142
159
113
191
181
121
123
200
157
165
153
112
157
178
138
176
161
102
107
136
124
134
152
149
123
137
132
125
191
176
125
132
148
122
165
189
169
128
116
160
148
0 1 42
1 2 38
0 3 53
1 4 52
3 5 31
5 6 54
5 7 33
7 8 24
0 9 41
0 10 55
3 11 48
9 12 48
7 13 4
9 14 26
14 15 59
0 16 40
0 17 34
0 18 2
3 19 0
13 20 26
18 21 59
19 22 16
13 23 51
22 24 5
21 25 10
20 26 46
8 27 17
27 28 50
1 29 2
15 30 47
12 31 6
0 32 37
16 33 18
17 34 16
29 35 19
9 36 60
27 37 8
24 38 3
5 39 57
2 40 56
35 41 26
11 42 32
18 43 56
19 44 48
4 45 9
45 46 13
41 47 21
6 48 24
1 49 49
45 50 14
33 51 45
41 52 19
2 53 2
41 54 23
54 55 58
42 56 2
7 57 41
12 58 13
34 59 5
19 60 6
5 61 26
6 62 1
6 63 45
46 64 46
29 65 0
10 66 32
25 67 51
37 68 8
8 69 19
3 70 39
25 71 32
58 72 10
46 73 54
5 74 24
58 75 18
12 76 19
19 77 16
23 78 56
53 79 59
34 80 4
65 81 38
2 82 4
57 83 42
71 84 26
4 85 42
41 86 4
48 87 22
50 88 9
10 89 56
26 90 13
3 91 42
67 92 9
17 93 29
81 94 48
85 95 27
66 96 58
71 97 26
77 98 2
1 99 54
12 100 52
72 101 26
37 102 8
24 103 58
18 104 9
18 105 16
72 106 45
13 107 26
71 108 17
47 109 8
72 110 5
87 111 25
90 112 20
90 113 34
80 114 0
7 115 35
11 116 59
113 117 55
13 118 18
60 119 42
43 120 7
25 121 18
15 122 46
8 123 1
54 124 59
38 125 54
58 126 9
113 127 30
76 128 18
29 129 48
25 130 34
86 131 21
98 132 43
14 133 11
120 134 0
19 135 8
66 136 50
66 137 3
37 138 3
38 139 18
101 140 10
103 141 54
52 142 5
98 143 36
140 144 11
104 145 54
113 146 16
143 147 42
4 148 30
148 149 21
136 150 58
75 151 12
128 152 44
112 153 16
5 154 57
132 155 31
44 156 54
153 157 6
16 158 9
14 159 35
1 160 54
52 161 39
52 162 21
36 163 27
42 164 10
25 165 38
81 166 47
51 167 12
127 168 7
23 169 39
112 170 36
153 171 46
126 172 8
59 173 41
62 174 5
82 175 17
36 176 52
63 177 16
143 178 47
110 179 40
131 180 50
82 181 36
107 182 10
124 183 30
16 184 5
89 185 17
5 186 26
51 187 34
50 188 29
34 189 12
135 190 29
56 191 55
58 192 30
161 193 30
172 194 28
138 195 8
150 196 22
180 197 60
153 198 16
168 199 19
16 200 55
133 201 10
103 202 35
91 203 45
84 204 22
64 205 54
122 206 27
67 207 45
38 208 46
41 209 44
135 138 39
28 182 20
99 194 10
121 193 18
176 186 37
184 192 35
87 138 28
205 208 58
194 206 0
35 179 23
75 182 23
27 33 47
162 178 19
19 19 26
177 198 42
34 193 17
151 153 31
202 207 41
28 35 29
5 126 58
152 182 0
80 188 36
91 189 7
162 199 4
12 135 42
56 186 2
82 141 26
153 189 23
164 170 5
106 206 27
133 155 19
193 194 36
47 136 14
203 207 35
2 51 8
16 163 57
145 199 8
83 157 18
31 123 0
26 76 7
2 84 42
201 203 30
53 194 37
201 202 13
171 177 46
120 121 11
137 209 56
29 41 10
137 163 23
40 59 17
66 78 45
87 87 51
89 157 16
94 163 29
96 180 19
100 161 47
137 200 8
153 181 24
187 190 53
86 144 31
45 52 55
192 199 7
76 136 36
86 205 49
37 89 26
65 87 39
142 182 18
75 120 21
88 94 23
121 178 56
177 197 28
191 200 20
104 206 57
105 198 26
171 191 17
44 109 43
163 206 45
45 191 39
75 173 35
140 188 15
17 133 48
104 166 3
138 169 17
62 138 57
131 131 54
88 168 19
147 184 2
158 209 24
164 193 29
174 204 54
64 197 26
67 105 43
127 177 1
164 202 18
58 153 35
203 203 36
60 143 11
18 22 31
1 35 51
171 193 23
68 172 40
206 209 51
175 176 21
81 111 49
62 102 29
173 195 7
65 119 27
19 72 40
67 203 12
25 115 50
124 179 31
95 154 54
55 108 20
81 97 25
165 189 41
114 150 45
29 107 38
103 150 49
42 120 59
17 163 46
42 137 4
165 194 41
197 201 31
91 139 15
112 146 38
190 195 19
91 157 7
109 121 33
17 28 44
101 150 26
115 155 6
157 200 8
114 171 4
15 206 52
157 204 28
131 149 20
42 140 52
175 184 51
125 133 3
149 166 25
161 165 10
112 194 51
178 206 21
149 185 52
195 197 6
202 206 18
208 209 1
168 201 50
195 200 4
7 18 24
98 181 58
148 176 2
199 208 21
79 206 20
4 191 10
43 70 16
95 168 55
43 204 36
124 128 29
100 134 2
11 109 6
72 115 56
123 179 9
54 147 50
181 199 47
67 186 29
139 172 31
134 164 31
92 121 29
111 202 13
89 193 22
172 173 45
4 201 26
24 194 27
100 163 54
100 164 22
87 148 0
139 194 30
134 172 48
114 160 28
9 138 43
186 194 10
137 196 39
71 160 50
78 163 15
165 186 44
207 207 23
3 12 30
115 150 51
86 151 28
199 200 2
128 156 44
87 119 18
104 148 19
148 161 30
13 135 16
64 120 32
91 160 45
110 153 50
115 195 5
64 94 60
120 200 48
2 34 20
58 179 37
205 205 1
141 169 60
104 111 34
30 82 2
136 207 49
92 119 47
103 155 16
164 178 13
80 124 50
126 157 44
12 65 39
1 148 24
177 182 14
63 74 59
109 151 45
66 178 55
121 160 39
137 169 35
72 143 20
135 158 15
153 160 5
187 187 31
123 178 31
182 207 37
157 181 31
103 154 3
39 191 60
147 174 30
17 126 48
127 176 54
153 170 50
92 153 17
103 177 25
29 66 26
5 51 42
99 126 10
181 204 19
166 196 36
96 124 47
25 174 15
129 162 32
38 181 49
93 115 5
40 103 59
75 104 29
57 122 16
171 181 30
90 93 13
48 57 53
164 203 53
6 87 60
110 185 53
191 207 34
125 186 31
7 166 24
135 167 22
17 90 38
59 183 15
109 178 0
2 16 34
112 197 28
88 144 9
143 209 14
13 78 17
175 190 26
109 134 32
12 109 49
200 205 25
143 177 34
195 205 32
98 197 33
30 90 26
136 208 22
51 90 1
143 181 15
183 209 57
62 183 6
201 209 48
70 135 43
46 90 39
174 203 6
46 142 9
89 159 56
67 67 3
54 129 49
81 122 38
106 159 42
30 196 6
174 185 17
88 190 55
39 70 1
34 157 35
16 190 46
14 152 28
40 181 29
137 167 5
99 203 18
94 198 14
99 111 19
116 178 34
141 144 47
90 207 8
108 170 44
52 108 16
87 143 47
181 184 42
79 129 54
159 173 9
75 124 49
34 195 31
154 182 8
125 183 8
149 165 37
99 133 20
180 189 12
88 99 49
133 152 41
5 158 18
26 171 2
176 181 52
32 131 32
107 208 3
37 87 32
106 115 48
182 182 43
141 143 41
14 127 52
147 172 7
89 136 2
169 173 52
150 158 30
111 157 41
117 157 60
100 109 55
174 200 37
66 80 55
201 201 11
194 202 4
85 111 20
155 158 6
94 191 33
18 183 45
172 204 29
100 156 44
65 130 10
80 203 2
148 180 37
48 187 45
115 183 42
12 18 31
53 174 60
185 208 17
128 189 8
168 197 3
54 93 7
163 200 58
117 172 42
18 94 45
55 69 0
83 208 52
84 195 52
109 153 45
158 186 35
159 194 15
189 189 38
31 207 49
22 182 21
28 193 22
136 202 1
147 181 35
84 123 20
34 42 47
123 181 1
159 182 51
135 193 45
24 59 18
116 185 5
64 74 60
178 180 7
198 201 32
101 159 22
168 194 36
162 185 31
83 181 23
135 165 18
144 155 47
30 105 7
159 196 43
145 153 60
12 24 7
68 92 27
94 106 22
159 209 30
36 138 37
144 146 55
111 167 49
0 168 28
116 131 4
153 202 26
160 197 38
50 82 8
143 159 3
165 177 16
190 202 22
160 160 50
94 133 15
3 165 52
57 60 15
61 156 14
122 178 35
97 99 44
72 189 15
154 198 29
160 170 33
110 127 4
103 174 43
124 152 44
103 111 44
27 147 42
79 125 44
48 48 21
79 172 27
60 134 4
125 194 49
72 171 7
0 183 27
41 105 53
124 127 46
30 120 6
120 177 22
136 165 28
131 184 49
151 166 38
155 168 53
185 209 25
41 204 16
171 203 23
3 137 54
123 184 47
188 192 37
134 183 13
176 203 11
165 183 53
181 189 46
120 137 35
28 69 14
178 187 22
69 95 44
192 205 7
59 97 33
185 194 54
52 96 38
188 206 13
26 207 45
26 56 47
34 71 28
109 146 30
62 78 11
29 206 27
82 135 3
64 80 32
199 209 9
77 103 34
104 107 29
128 129 44
8 63 34
105 138 2
11 22 58
98 144 52
205 209 8
58 136 8
55 115 53
49 143 31
184 205 20
35 189 36
99 204 32
176 200 27
92 165 50
143 204 28
156 179 35
104 176 18
35 54 36
40 79 45
122 179 27
16 140 56
27 164 27
65 74 7
67 127 53
47 164 28
203 208 55
73 189 46
50 140 7
29 143 47
23 99 24
67 88 54
69 201 5
167 167 10
130 134 19
150 199 35
32 129 26
163 190 40
29 29 12
121 191 25
138 188 11
0 103 36
168 195 35
109 164 5
102 111 52
85 172 58
19 32 17
48 86 45
8 196 57
122 162 42
39 117 49
64 69 5
66 75 46
123 134 3
11 147 42
100 131 14
139 209 21
19 183 16
102 149 57
65 156 45
91 141 39
11 136 9
42 110 46
112 159 34
189 199 6
52 122 6
55 105 26
76 190 1
54 180 33
190 206 19
180 198 53
172 209 0
72 170 50
136 145 49
143 167 31
120 198 37
40 60 34
173 198 10
201 208 18
145 200 0
59 190 9
113 209 33
38 196 33
69 189 38
15 15 13
12 81 47
108 108 9
133 199 45
104 153 48
169 202 16
15 201 57
109 169 39
70 125 19
40 68 39
49 50 37
113 170 36
193 204 40
96 152 51
155 205 21
9 57 29
66 151 60
196 201 30
108 126 2
26 29 35
133 190 9
191 202 53
143 153 55
84 127 18
75 87 44
120 173 26
121 165 23
106 144 59
167 197 57
97 129 0
58 76 21
26 64 10
89 130 5
161 169 12
4 91 59
139 182 6
91 117 4
131 137 20
86 203 58
86 101 16
83 197 28
191 191 46
18 109 33
146 155 22
159 163 31
200 203 9
100 197 37
163 194 18
67 192 11
33 47 32
132 149 12
12 51 40
8 71 25
74 89 27
158 181 0
170 207 58
160 166 37
185 200 11
117 117 60
74 81 17
163 164 26
66 113 59
43 181 59
14 202 14
67 104 10
158 206 0
64 100 8
42 177 9
152 156 29
173 178 55
92 150 27
137 162 58
57 73 18
63 95 37
160 184 46
49 85 17
170 183 1
123 136 28
109 198 44
113 144 23
185 199 44
110 193 36
45 200 36
118 176 4
72 77 37
188 209 32
136 141 14
80 140 0
62 131 27
124 144 5
137 146 20
133 186 13
49 172 44
51 124 21
50 64 26
165 188 4
197 203 47
85 105 50
20 189 45
45 75 13
15 108 38
164 199 16
42 90 50
158 167 49
21 61 37
1 187 54
178 184 21
59 124 35
165 165 19
109 117 30
154 181 32
131 144 5
2 110 57
49 106 5
175 201 36
22 100 2
165 178 59
28 139 21
176 194 8
50 56 10
111 163 40
97 114 31
18 186 26
199 204 57
53 155 45
6 39 5
77 187 59
32 119 31
33 54 0
68 177 35
177 206 35
93 168 31
35 145 4
14 58 43
120 161 47
13 72 46
45 161 8
28 133 32
69 156 35
202 209 32
191 206 31
182 203 55
52 75 14
68 82 2
121 126 6
53 157 17
10 36 3
89 104 21
69 146 4
178 191 49
75 187 35
25 150 43
34 124 29
167 194 9
52 182 11
132 192 52
116 156 11
76 115 17
194 200 40
106 166 1
200 208 31
88 164 36
118 153 30
191 209 14
17 120 44
142 150 11
107 151 0
106 137 9
183 187 39
162 202 26
207 208 43
192 202 44
119 148 27
39 138 11
6 78 56
68 154 43
162 187 49
190 209 13
188 205 33
95 193 42
52 156 11
39 60 39
70 151 14
191 201 53
185 204 44
185 187 9
38 154 28
58 191 53
197 205 56
173 186 6
19 34 55
171 179 43
180 196 0
84 160 60
189 200 7
9 173 20
166 189 7
14 87 2
42 93 17
112 204 25
200 209 50
106 157 29
206 206 16
82 82 22
78 81 36
147 208 57
110 204 39
195 203 38
14 80 60
188 199 25
204 206 10
22 29 19
115 125 31
86 113 21
175 198 17
36 173 41
191 192 1
86 162 57
129 204 3
147 195 48
25 38 47
88 106 45
128 178 51
208 208 29
186 192 17
205 207 12
116 124 54
124 147 43
127 201 57
73 203 4
136 199 31
188 190 48
41 164 7
141 181 60
67 181 34
163 185 57
187 197 3
84 106 58
4 170 55
78 130 23
47 132 57
44 145 6
78 205 23
99 185 3
135 168 31
37 200 17
113 141 11
24 202 20
5 50 20
53 128 47
76 123 18
181 208 5
142 178 45
52 139 42
32 122 51
128 209 43
118 139 38
61 124 52
196 198 35
170 193 6
49 96 44
29 171 16
94 178 11
136 188 47
180 202 38
129 163 15
26 58 51
124 135 6
123 163 21
23 180 59
77 119 33
78 102 34
74 98 52
128 160 34
155 177 32
2 159 34
117 130 28
32 38 56
7 194 43
158 189 15
32 80 56
138 175 4
198 206 42
170 199 46
25 195 26
58 71 53
107 183 35
83 92 5
105 171 7
53 200 58
