150 750
195
196
168
138
113
159
160
137
176
132
114
148
198
166
146
190
125
115
122
172
100
191
118
159
109
102
163
189
168
167
101
108
156
113
151
160
145
163
138
184
114
137
159
197
124
123
101
164
165
129
119
129
199
184
123
126
172
161
173
174
137
178
200
104
110
179
170
196
155
162
114
130
184
184
173
175
170
147
197
130
163
188
182
112
106
130
152
143
104
156
191
106
191
146
142
111
128
149
143
122
119
157
133
161
149
121
172
194
178
200
200
120
149
159
186
133
133
129
134
129
160
150
164
184
139
131
180
126
179
106
143
159
194
130
143
151
172
195
139
109
160
188
129
118
191
194
168
106
147
158
0 1 30
0 2 41
1 3 21
0 4 60
4 5 40
5 6 52
1 7 33
1 8 38
3 9 5
1 10 53
4 11 16
1 12 44
8 13 16
11 14 25
3 15 48
9 16 7
7 17 38
10 18 58
5 19 53
0 20 26
18 21 4
11 22 42
13 23 55
14 24 48
23 25 24
25 26 45
6 27 30
11 28 4
12 29 17
24 30 50
26 31 34
12 32 7
3 33 12
21 34 12
15 35 6
4 36 17
19 37 40
14 38 40
23 39 9
11 40 59
19 41 53
37 42 31
18 43 0
31 44 18
38 45 21
10 46 24
6 47 56
3 48 41
39 49 36
11 50 7
26 51 34
28 52 12
12 53 45
1 54 2
10 55 6
45 56 51
38 57 19
7 58 21
31 59 21
56 60 60
24 61 10
28 62 5
13 63 15
4 64 4
31 65 8
3 66 59
51 67 31
17 68 26
64 69 18
61 70 26
9 71 12
22 72 47
36 73 53
32 74 6
44 75 1
15 76 32
14 77 54
21 78 30
64 79 44
9 80 25
37 81 36
51 82 38
9 83 59
10 84 4
56 85 34
65 86 42
36 87 39
10 88 57
23 89 60
79 90 1
6 91 18
86 92 52
17 93 1
62 94 45
85 95 12
94 96 40
81 97 41
41 98 51
70 99 8
66 100 55
73 101 6
8 102 48
72 103 51
101 104 37
29 105 0
24 106 29
100 107 5
78 108 5
36 109 15
85 110 24
6 111 15
93 112 15
58 113 5
28 114 23
5 115 29
110 116 51
109 117 6
20 118 36
113 119 49
73 120 1
20 121 20
21 122 0
39 123 30
112 124 18
39 125 37
79 126 54
64 127 3
126 128 56
88 129 40
108 130 28
125 131 15
24 132 14
32 133 50
62 134 1
116 135 20
87 136 45
58 137 2
112 138 53
51 139 15
97 140 12
0 141 43
116 142 14
80 143 54
37 144 25
92 145 33
102 146 55
137 147 52
32 148 13
72 149 14
129 142 9
73 91 5
122 134 12
143 143 8
107 147 17
97 104 36
1 46 17
52 89 6
7 31 7
1 138 33
25 78 3
83 93 51
74 146 38
111 139 20
5 31 21
66 131 5
1 100 1
98 114 29
108 127 35
111 131 8
55 117 18
109 123 2
71 136 38
47 132 51
3 25 21
63 114 56
11 135 42
68 117 57
103 140 3
141 143 3
32 106 41
36 145 2
141 147 53
105 121 5
140 141 52
120 125 49
37 60 38
17 72 60
128 142 11
85 144 57
43 75 36
58 144 28
40 77 56
14 119 46
87 119 33
84 146 36
116 119 24
12 48 23
25 136 22
132 138 16
89 125 9
81 128 57
131 138 30
87 118 40
79 139 10
56 69 31
15 87 24
106 113 28
120 128 25
108 134 22
75 132 21
36 44 7
89 132 4
71 76 29
119 148 42
143 144 52
44 62 41
103 111 57
63 108 30
66 70 10
83 121 38
38 44 44
72 92 37
54 140 5
26 118 3
115 147 42
8 125 33
46 75 60
48 50 16
9 50 7
50 135 46
18 103 27
30 120 23
5 55 9
86 127 17
97 100 31
126 134 0
31 79 30
141 146 29
56 76 48
38 122 56
58 103 11
15 82 8
93 111 49
35 79 29
125 140 58
115 116 29
119 142 44
75 91 0
107 119 45
118 127 36
143 148 3
41 118 32
2 67 15
6 135 14
50 78 60
111 129 2
50 109 25
88 128 0
129 133 55
102 147 41
117 134 4
102 104 32
42 59 53
147 147 6
93 117 54
106 130 9
120 141 45
96 96 42
21 60 3
1 25 52
124 129 23
32 65 8
118 134 43
69 75 14
148 148 52
27 122 7
58 132 16
115 144 51
66 96 44
7 46 55
106 108 60
122 125 54
79 113 28
13 147 8
121 134 6
8 122 3
105 124 0
143 145 40
85 102 42
126 137 44
132 133 17
15 92 58
47 143 9
68 119 5
66 140 35
5 108 46
117 130 13
25 36 43
66 83 55
73 137 39
62 87 48
68 103 9
129 144 3
67 149 0
115 133 24
73 126 35
92 117 13
114 120 21
141 141 35
135 140 49
23 131 8
53 89 13
68 70 45
139 142 20
6 25 55
3 124 56
56 126 5
46 55 10
0 47 7
10 51 36
86 124 30
56 98 2
17 122 4
23 125 40
101 133 3
73 132 50
121 145 34
28 76 8
25 115 60
129 140 4
119 120 20
88 146 55
10 125 46
17 111 19
67 103 38
131 139 51
19 100 7
24 118 49
101 111 30
74 118 59
51 95 43
121 138 56
127 130 26
135 145 36
95 127 4
62 140 54
96 133 32
79 119 1
128 143 47
25 77 28
106 146 2
122 148 36
80 141 24
118 147 24
148 149 23
64 64 8
108 138 26
10 66 27
23 128 35
4 138 2
101 135 13
85 143 23
32 40 11
59 69 31
145 145 46
20 88 33
140 149 9
60 123 36
113 123 13
12 73 49
125 132 0
52 108 44
72 100 8
62 125 42
49 62 2
104 109 51
127 133 33
136 146 8
13 96 54
40 75 52
22 49 28
56 72 19
73 92 10
81 95 55
74 141 33
82 134 32
43 123 45
100 138 10
10 43 24
113 134 53
88 91 39
139 141 58
99 115 37
110 111 41
46 119 22
27 37 2
5 139 18
53 135 6
96 144 16
120 138 38
67 119 17
49 108 40
143 146 39
58 129 49
140 147 52
72 135 57
53 118 19
66 81 16
105 147 33
114 145 47
67 99 28
28 134 52
35 96 24
67 82 34
143 149 10
55 75 57
22 37 48
127 140 25
87 114 9
20 35 44
141 145 16
73 149 56
18 83 59
49 91 36
8 89 48
14 112 58
55 121 23
89 134 34
89 118 46
66 112 3
54 64 37
80 100 59
94 133 4
49 95 48
68 105 40
92 149 22
31 148 11
126 127 43
113 113 13
59 72 9
132 143 46
35 64 31
117 140 26
103 118 13
119 140 40
67 106 44
19 105 19
95 143 2
129 132 2
115 135 44
3 97 30
113 132 39
81 126 44
26 101 32
42 42 28
142 145 23
60 60 9
7 78 8
32 98 48
43 149 26
11 34 57
133 140 49
53 147 35
134 147 1
56 92 47
86 102 23
77 145 46
31 68 18
93 131 35
12 82 24
3 144 49
99 106 37
118 143 35
118 138 14
34 115 7
107 115 15
110 118 17
96 123 14
87 101 59
106 114 9
99 133 20
36 56 48
5 124 10
103 136 19
61 86 3
84 93 20
4 6 24
12 54 46
0 9 55
21 91 55
8 39 46
42 115 55
128 132 44
146 148 23
83 138 47
137 137 11
7 22 9
65 138 17
20 112 44
38 60 10
21 62 17
139 148 5
114 134 33
86 106 39
110 145 39
18 64 48
76 84 36
20 144 53
107 137 33
93 116 56
54 58 39
29 141 56
12 120 28
65 76 48
70 128 53
43 51 54
88 92 58
83 137 54
27 116 19
49 127 27
43 111 48
42 54 52
70 85 57
92 93 40
116 149 31
9 64 14
43 89 44
109 112 55
79 140 12
85 92 14
99 128 28
86 104 25
133 133 10
5 39 19
114 132 41
71 113 34
124 127 8
34 118 33
1 120 52
48 119 43
43 96 57
124 132 9
87 100 39
12 121 53
132 140 57
14 145 47
89 97 37
76 103 56
4 93 49
126 147 0
132 136 60
33 49 46
57 123 43
52 57 35
137 146 44
143 147 9
132 134 45
104 140 16
47 139 26
72 87 34
19 96 43
124 140 49
41 125 40
119 135 32
133 135 5
98 137 7
75 120 35
2 16 19
39 145 31
130 148 10
33 83 22
116 141 13
50 117 5
44 124 58
62 106 2
92 133 59
103 132 0
116 137 10
4 146 5
18 104 29
58 112 39
60 112 0
113 121 6
124 125 40
102 108 42
126 126 19
6 35 21
36 74 37
112 133 14
118 125 20
8 48 43
71 125 17
19 127 42
104 132 5
126 138 27
45 121 30
36 39 59
120 136 20
14 107 39
22 33 21
38 146 59
56 90 21
32 128 51
129 130 25
118 140 1
94 102 19
48 103 49
15 74 37
86 105 6
64 84 14
7 91 50
59 59 51
59 122 23
0 144 53
19 39 48
6 37 21
58 75 17
13 88 46
114 128 57
31 119 7
121 127 44
25 34 4
73 113 7
14 114 47
53 108 14
21 28 26
138 139 12
34 121 6
32 51 38
32 61 24
45 95 49
64 123 6
63 146 59
78 145 31
108 123 33
142 146 23
77 135 7
55 115 50
120 129 38
59 134 27
66 92 45
43 121 6
36 77 3
43 130 11
20 74 37
84 136 17
31 107 59
72 75 3
97 108 19
0 69 12
1 41 12
59 68 9
51 63 52
42 69 25
6 72 45
17 80 23
2 89 57
137 149 22
134 145 10
147 148 2
5 141 24
69 143 47
32 63 37
77 137 19
28 102 41
136 143 57
31 47 48
10 19 15
92 115 17
58 65 9
59 83 14
28 31 43
56 146 12
64 146 44
113 142 22
33 34 23
102 119 33
56 78 32
119 131 47
130 135 19
45 140 41
41 72 7
139 143 20
79 89 13
120 145 53
56 134 13
129 131 38
28 121 16
54 145 34
138 147 49
33 109 7
102 145 59
119 137 52
13 15 23
94 107 53
67 115 27
77 106 37
21 70 36
25 112 46
123 131 4
41 143 3
40 112 58
41 45 24
135 147 53
84 97 24
36 53 26
116 138 55
1 88 18
7 61 23
126 141 45
84 85 27
33 98 23
52 131 24
78 136 56
105 114 14
85 109 18
75 125 21
118 144 38
8 41 47
103 113 42
119 121 32
14 35 26
147 149 40
125 127 12
84 120 47
116 140 46
118 131 16
87 125 40
34 137 17
73 104 33
110 126 21
118 148 16
93 113 43
99 117 28
41 139 3
93 140 55
41 47 23
28 77 6
28 69 60
7 104 54
138 146 60
50 75 14
119 129 35
81 107 59
64 117 2
103 115 39
85 113 28
106 123 5
112 123 23
3 149 7
