20 60
111
134
195
186
122
122
177
148
132
114
189
155
175
138
189
130
130
185
199
157
0 1 44
0 2 25
0 3 19
2 4 37
0 5 38
1 6 31
3 7 57
2 8 24
7 9 3
4 10 52
0 11 0
4 12 35
5 13 52
5 14 12
3 15 34
2 16 50
9 17 22
13 18 13
3 19 17
10 17 22
18 18 11
18 19 16
10 14 18
11 13 8
6 11 34
7 13 18
17 19 39
4 13 10
3 18 39
16 18 43
3 6 3
2 7 10
17 18 35
5 10 28
9 14 7
10 12 50
6 18 44
1 2 18
8 9 15
14 18 40
9 9 15
2 15 11
5 8 43
13 17 53
15 17 12
12 19 32
5 18 23
6 15 59
13 15 4
8 15 58
11 11 46
7 17 27
15 16 56
3 4 50
4 9 56
8 12 57
0 0 0
7 16 3
16 17 4
7 11 2
