180 900
112
102
151
101
158
192
103
118
169
194
161
174
125
101
164
134
125
108
101
107
155
183
194
114
101
145
189
167
155
171
166
133
167
152
177
162
133
158
111
124
144
168
157
145
154
122
181
123
175
200
168
106
191
148
171
135
134
200
118
137
132
194
141
154
112
176
125
107
185
169
180
105
170
182
127
172
144
175
112
139
183
135
143
184
146
156
172
106
185
138
109
131
183
149
117
124
151
142
185
180
105
181
175
168
163
182
153
160
143
165
139
104
179
116
114
190
164
163
191
151
166
157
148
181
150
102
173
180
165
115
124
129
132
180
116
129
140
162
114
122
180
136
150
142
119
134
179
167
162
166
192
176
154
163
191
150
163
115
177
176
167
183
149
134
138
157
107
131
163
147
162
113
142
187
151
137
140
126
188
100
0 1 19
1 2 26
1 3 37
2 4 22
3 5 47
4 6 57
2 7 24
3 8 20
3 9 3
1 10 35
10 11 27
4 12 25
3 13 40
1 14 49
10 15 9
4 16 20
7 17 20
5 18 53
18 19 6
18 20 37
17 21 34
9 22 42
21 23 29
13 24 8
19 25 9
19 26 7
20 27 59
25 28 46
4 29 17
12 30 44
23 31 42
14 32 50
15 33 4
6 34 53
5 35 22
3 36 25
20 37 29
17 38 56
19 39 34
0 40 27
11 41 60
20 42 0
35 43 35
15 44 56
18 45 36
7 46 5
15 47 28
23 48 2
4 49 29
46 50 46
20 51 43
11 52 53
1 53 1
22 54 52
43 55 36
13 56 31
38 57 47
55 58 40
46 59 17
55 60 56
1 61 11
25 62 9
54 63 36
54 64 41
59 65 31
51 66 4
22 67 12
41 68 45
29 69 40
45 70 51
20 71 15
14 72 11
44 73 9
55 74 40
23 75 18
59 76 8
24 77 27
13 78 31
0 79 54
63 80 41
78 81 59
80 82 5
32 83 14
8 84 17
78 85 25
2 86 41
69 87 53
12 88 4
11 89 11
24 90 47
48 91 57
62 92 52
79 93 24
12 94 19
70 95 44
71 96 20
39 97 19
69 98 42
33 99 13
9 100 15
89 101 52
88 102 17
42 103 15
52 104 19
85 105 51
97 106 4
98 107 20
98 108 51
21 109 31
103 110 5
59 111 11
43 112 59
72 113 30
0 114 22
105 115 38
10 116 47
5 117 13
97 118 17
94 119 31
15 120 42
47 121 2
106 122 52
107 123 4
109 124 7
63 125 45
117 126 4
49 127 30
5 128 45
124 129 59
71 130 0
35 131 60
15 132 22
125 133 15
12 134 51
134 135 33
36 136 40
120 137 53
106 138 10
69 139 7
5 140 18
28 141 43
1 142 3
119 143 5
37 144 37
76 145 44
142 146 25
71 147 11
102 148 9
34 149 13
87 150 53
99 151 16
75 152 50
100 153 32
95 154 25
18 155 41
60 156 51
37 157 53
152 158 41
27 159 43
48 160 37
37 161 60
59 162 6
30 163 52
128 164 40
115 165 36
116 166 44
78 167 41
47 168 4
168 169 57
155 170 52
132 171 24
99 172 4
70 173 33
64 174 19
113 175 55
127 176 18
168 177 16
107 178 43
176 179 5
174 178 27
48 107 56
23 84 30
37 80 18
165 175 28
99 118 55
58 109 45
32 101 6
114 150 50
73 81 47
19 64 8
162 169 3
49 150 45
162 177 43
23 82 57
23 80 27
153 168 22
124 148 11
114 125 6
153 155 45
68 119 18
40 175 29
150 159 11
173 177 6
0 10 17
24 143 51
114 153 21
164 166 4
153 153 50
69 167 21
142 174 21
53 83 25
154 160 16
138 157 7
15 16 30
139 139 48
170 172 13
161 178 49
90 109 6
81 87 22
158 179 14
15 50 38
20 84 35
71 108 29
131 145 30
92 119 58
75 118 49
139 147 43
11 166 16
119 168 57
87 175 13
105 138 5
125 131 38
161 176 49
5 86 21
75 156 54
174 175 28
125 129 43
70 105 36
23 94 0
18 30 11
11 80 31
87 111 27
23 128 23
10 19 52
54 178 22
137 155 43
72 161 35
47 111 10
33 76 23
75 154 49
14 93 3
61 79 52
36 118 36
25 149 54
42 109 45
117 136 59
175 177 10
75 113 10
70 71 5
173 178 38
56 111 43
114 137 6
158 167 27
59 73 18
157 175 56
125 125 49
98 117 4
128 150 18
126 155 28
106 172 4
63 133 13
164 170 57
62 121 10
56 94 8
132 154 6
177 178 39
128 151 22
173 173 60
62 155 44
40 98 12
61 85 30
16 166 26
103 147 9
93 144 13
27 127 25
110 147 8
88 98 7
56 143 15
9 153 8
87 92 10
148 171 31
151 179 28
77 177 35
137 172 36
62 168 21
172 174 38
66 82 24
103 135 3
80 142 11
11 105 38
17 92 48
98 166 46
31 105 30
67 139 46
164 165 50
4 166 50
114 149 51
163 179 28
129 151 44
173 176 58
93 96 60
67 81 48
148 165 28
113 139 20
37 176 39
152 170 46
110 125 14
113 176 29
23 144 32
18 122 44
57 92 12
85 115 46
60 92 45
23 24 55
78 89 44
134 158 7
8 165 47
0 155 0
9 13 42
121 167 53
35 161 4
64 153 36
13 26 58
97 109 48
153 178 45
69 103 43
142 148 51
101 129 54
77 143 52
96 146 44
141 162 39
67 90 51
62 78 26
143 152 49
106 148 58
147 167 31
9 75 23
163 172 53
148 152 5
50 55 51
114 136 38
116 169 0
92 116 56
95 179 13
132 176 51
126 132 59
135 166 50
171 179 20
97 139 18
49 72 22
30 179 1
17 177 57
86 159 33
126 167 45
21 178 49
107 161 53
5 163 16
113 147 29
142 178 6
76 95 52
71 119 14
82 88 34
92 141 43
96 174 24
46 123 22
81 81 31
24 85 59
62 84 26
39 72 18
104 179 25
113 141 19
87 124 45
29 29 50
120 149 22
122 144 12
67 67 15
108 154 19
48 135 54
35 126 3
62 137 49
42 174 37
111 119 26
99 125 43
117 171 39
39 118 56
167 173 19
106 163 5
59 133 39
57 159 50
136 161 11
55 103 29
91 120 23
135 168 36
14 136 50
53 99 10
123 168 25
152 174 42
16 24 56
29 114 31
11 113 24
122 129 38
1 58 41
102 127 49
29 153 37
143 164 32
140 171 43
20 101 42
94 166 18
22 46 7
23 176 22
74 140 42
41 112 1
94 171 2
28 143 51
121 153 43
43 57 42
153 172 27
98 126 10
119 167 60
149 173 52
47 67 40
4 140 54
67 79 56
39 93 55
17 127 0
88 142 9
10 123 30
82 153 10
122 142 23
70 70 14
23 99 43
178 179 5
49 175 56
98 124 22
78 111 60
163 175 38
119 173 10
29 140 53
92 171 11
115 134 46
85 131 60
42 71 25
173 175 49
95 145 34
4 63 56
89 144 8
175 178 25
77 130 42
102 132 3
96 138 20
91 178 29
87 121 48
11 150 27
157 177 48
100 149 17
9 163 54
68 140 11
139 155 33
55 66 42
44 79 58
29 151 40
52 171 13
145 165 2
164 172 8
120 134 19
47 79 30
56 138 12
145 166 46
14 95 58
76 127 42
35 77 31
121 158 31
159 177 41
12 67 47
130 142 46
164 173 2
89 93 11
115 158 44
29 61 26
8 175 23
152 179 39
18 138 43
68 108 26
163 178 5
164 175 54
164 178 17
171 175 45
51 125 1
144 153 11
114 164 46
1 178 28
34 60 23
14 19 26
7 88 7
133 161 34
42 74 15
111 134 23
178 178 27
77 162 22
122 127 41
176 176 32
96 99 26
16 110 28
127 172 31
130 134 48
2 88 3
5 17 30
160 161 49
119 152 3
74 138 49
144 175 20
29 139 3
7 130 30
31 43 33
82 123 30
72 148 14
66 93 24
105 163 38
68 161 13
50 70 32
154 154 24
13 126 43
136 147 15
145 148 11
87 131 30
65 117 41
125 126 11
24 42 1
1 160 8
160 179 55
145 172 32
52 139 56
112 146 28
149 169 26
57 78 36
59 104 44
108 118 14
175 175 9
62 161 1
150 174 6
2 61 36
100 121 20
43 132 44
49 49 2
110 174 28
55 82 21
157 158 39
166 176 38
168 172 42
118 129 51
7 67 17
36 83 13
30 146 10
100 170 36
64 124 10
125 146 38
72 108 54
150 168 31
92 161 23
21 71 13
40 92 1
49 168 23
69 115 32
159 166 42
140 179 38
106 111 31
165 169 17
34 71 33
79 137 31
31 112 37
106 175 58
142 173 20
134 157 1
71 172 48
160 177 3
115 163 12
20 74 45
174 179 47
52 89 52
5 115 14
42 54 7
69 151 8
134 148 51
145 156 59
35 63 19
23 101 33
137 167 34
126 133 24
77 81 10
19 118 44
48 176 24
75 117 9
129 158 43
31 132 51
8 106 50
161 167 15
155 162 10
68 91 16
74 77 20
65 82 51
91 157 33
154 177 16
18 81 43
48 110 8
93 171 19
108 119 45
1 139 7
92 145 23
79 169 46
144 151 1
6 105 32
100 164 4
124 151 19
31 134 20
130 152 18
131 151 37
154 170 16
41 67 52
82 121 26
102 142 10
169 172 37
133 137 16
58 166 52
164 174 32
40 87 32
135 144 37
76 147 24
143 157 23
3 15 51
131 142 21
162 164 5
138 149 30
132 163 17
89 168 41
65 77 13
171 177 12
132 145 60
7 20 33
144 179 42
175 179 3
97 164 3
107 122 51
128 146 51
55 83 40
108 163 51
174 174 46
85 168 25
2 19 49
38 158 6
67 119 35
62 154 41
8 163 60
30 42 26
89 140 60
120 170 50
137 146 58
160 176 16
82 171 10
69 131 14
61 76 50
28 29 39
106 168 13
70 116 59
141 146 28
85 166 42
23 114 38
108 149 46
154 157 36
54 79 44
53 63 42
70 78 43
83 115 29
132 133 47
154 175 43
172 178 36
171 176 36
26 161 14
127 171 54
83 178 54
0 45 48
21 110 1
33 119 33
76 174 55
36 102 16
98 141 2
60 95 16
99 173 1
164 169 41
147 160 10
29 120 51
35 52 56
151 178 37
15 118 16
115 149 27
127 150 51
141 142 40
48 102 46
113 163 35
109 166 21
143 167 50
68 73 58
2 171 40
9 156 30
148 175 30
159 173 35
167 175 35
162 175 50
2 85 42
13 73 31
105 136 32
70 109 20
71 107 13
59 95 16
110 168 16
129 157 49
2 42 55
133 173 24
150 164 31
105 175 1
16 19 51
167 167 0
11 119 49
24 148 24
12 161 22
142 157 31
123 130 39
56 132 51
71 98 41
69 142 0
11 157 25
144 162 48
5 96 39
145 160 26
155 161 8
47 101 32
72 157 22
144 149 55
103 123 13
28 105 49
60 129 7
129 140 55
88 122 36
156 159 60
152 159 25
91 156 30
37 69 1
36 41 2
114 143 9
83 167 4
103 155 8
44 53 33
12 86 57
62 115 54
125 171 31
130 161 0
33 43 2
38 49 16
54 76 4
34 152 55
15 77 37
71 103 13
113 157 10
146 178 21
144 152 21
130 168 56
93 139 40
25 45 48
175 176 57
102 131 40
18 60 9
71 155 47
3 160 33
130 137 51
7 74 6
109 155 35
10 160 58
127 138 23
139 168 5
107 139 0
107 129 22
12 18 46
160 166 58
104 150 58
68 124 11
67 110 38
142 163 1
103 141 50
122 138 18
109 154 54
124 145 39
129 139 3
2 142 55
83 113 12
135 157 0
110 130 32
126 177 7
90 143 3
9 32 0
118 175 23
145 150 34
150 153 8
52 135 35
156 172 27
15 93 23
135 147 56
34 65 23
165 178 18
89 94 3
134 138 15
58 60 19
81 92 32
20 99 56
21 151 47
165 165 57
116 131 2
167 171 39
49 134 16
144 171 50
72 175 52
30 63 12
75 93 16
126 146 7
128 148 16
45 48 11
121 146 58
162 170 2
119 141 35
12 116 19
154 168 23
118 126 10
4 162 32
23 141 36
8 122 52
154 158 50
176 177 33
138 144 24
11 145 36
89 106 17
75 158 45
44 177 0
70 72 43
44 106 44
26 79 24
41 152 22
84 93 26
124 149 1
2 62 55
127 155 8
99 133 50
83 98 50
94 156 32
51 53 7
106 155 7
58 152 37
98 125 19
40 117 60
82 177 22
19 139 3
26 116 12
54 86 37
49 106 15
14 131 14
143 153 1
8 85 33
89 157 27
75 149 9
156 161 40
29 119 20
112 159 47
116 157 52
33 103 3
42 50 29
148 179 43
29 142 10
77 96 52
77 122 6
2 63 12
64 112 32
33 64 20
138 161 25
89 164 30
157 178 33
94 173 30
149 156 23
63 157 33
32 162 31
142 168 11
61 151 4
84 86 22
42 48 35
