190 950
111
134
195
186
122
122
177
148
132
114
189
155
175
138
189
130
130
185
199
157
132
139
150
103
161
160
101
152
184
181
157
195
130
115
158
122
172
133
145
114
133
113
111
151
172
130
114
135
153
177
141
110
199
153
190
142
163
165
196
194
195
135
120
134
191
137
139
180
182
128
160
188
112
155
160
187
147
181
187
198
166
163
131
179
194
164
111
111
151
167
125
129
178
168
154
137
155
115
144
137
178
177
177
184
121
139
175
183
116
112
166
171
145
161
127
116
135
140
124
107
118
163
192
160
146
148
156
114
130
169
141
129
188
160
177
197
131
152
139
138
149
158
121
200
133
132
128
189
199
194
138
118
168
153
127
190
110
147
200
124
154
126
176
104
163
106
113
171
166
144
143
164
116
133
119
130
153
192
126
110
153
195
196
110
186
195
117
193
157
132
0 1 24
0 2 50
0 3 9
3 4 31
2 5 42
5 6 44
3 7 24
7 8 57
4 9 44
0 10 1
4 11 0
8 12 59
9 13 23
10 14 29
9 15 3
9 16 13
15 17 7
11 18 27
4 19 55
10 20 2
6 21 58
15 22 22
20 23 55
17 24 22
2 25 20
21 26 41
13 27 11
17 28 3
21 29 57
20 30 54
6 31 11
6 32 23
22 33 54
27 34 19
30 35 19
30 36 22
14 37 40
30 38 12
6 39 29
29 40 43
18 41 36
13 42 32
8 43 10
10 44 22
25 45 32
41 46 21
0 47 29
30 48 3
1 49 53
21 50 17
17 51 30
42 52 10
27 53 48
18 54 2
32 55 32
54 56 42
12 57 47
54 58 60
9 59 14
55 60 23
7 61 24
10 62 46
14 63 54
22 64 32
48 65 54
51 66 8
32 67 57
9 68 10
23 69 53
17 70 13
32 71 46
27 72 14
40 73 8
65 74 19
50 75 51
33 76 14
25 77 28
9 78 41
38 79 50
10 80 1
50 81 5
51 82 31
3 83 29
29 84 17
72 85 31
12 86 6
40 87 4
57 88 39
30 89 40
44 90 55
84 91 59
60 92 11
53 93 42
46 94 20
33 95 29
28 96 28
49 97 21
28 98 43
0 99 38
29 100 1
95 101 22
92 102 45
52 103 10
29 104 8
46 105 16
49 106 3
91 107 43
77 108 46
15 109 38
72 110 45
24 111 35
23 112 40
72 113 39
70 114 51
4 115 28
56 116 24
102 117 40
3 118 12
56 119 8
63 120 25
32 121 14
64 122 26
21 123 8
79 124 29
10 125 47
45 126 29
69 127 7
35 128 47
93 129 47
0 130 51
47 131 58
114 132 48
105 133 6
70 134 33
6 135 6
80 136 25
36 137 17
106 138 41
34 139 11
23 140 9
120 141 23
106 142 57
46 143 40
15 144 7
95 145 1
21 146 1
23 147 28
43 148 49
80 149 52
7 150 57
88 151 23
68 152 29
105 153 40
15 154 57
87 155 15
81 156 38
104 157 25
8 158 41
56 159 0
6 160 47
115 161 28
24 162 12
91 163 10
39 164 26
117 165 41
61 166 40
147 167 5
82 168 53
3 169 57
12 170 24
82 171 59
3 172 50
39 173 3
111 174 39
171 175 32
31 176 7
147 177 4
16 178 35
0 179 4
30 180 57
76 181 30
179 182 19
57 183 1
78 184 1
132 185 0
81 186 21
97 187 53
89 188 17
186 189 16
57 117 52
59 59 55
85 176 25
156 158 28
1 40 47
120 133 46
75 121 26
77 134 34
80 111 50
37 73 8
1 44 50
136 180 34
121 151 16
129 189 2
107 120 27
1 76 17
64 146 37
172 173 21
167 185 18
134 165 9
128 180 30
68 109 23
181 182 43
20 103 43
55 94 35
138 153 12
13 119 52
87 147 52
50 67 33
153 185 24
67 105 50
183 183 44
145 188 27
106 177 58
178 186 5
37 167 38
66 185 39
38 163 43
161 184 52
25 102 28
23 33 38
162 162 20
165 186 21
173 184 57
186 187 32
186 188 60
132 170 57
59 66 3
44 144 51
171 183 14
51 59 57
175 189 56
57 144 32
115 128 19
117 188 13
67 140 46
45 158 19
140 152 22
88 97 45
52 152 42
104 188 28
55 84 53
93 167 41
166 169 7
115 118 31
186 186 60
134 180 23
175 175 41
135 180 32
69 106 7
50 170 1
131 177 59
180 187 55
185 188 9
173 185 16
16 106 13
109 116 3
0 59 25
7 144 43
10 45 25
122 137 29
40 76 22
114 136 25
35 35 39
5 115 38
155 188 59
53 185 16
98 131 52
130 186 41
115 170 2
28 39 3
147 165 58
162 177 24
151 161 2
154 160 19
144 156 51
11 16 56
38 110 58
117 166 58
43 160 21
142 175 42
51 178 60
101 183 17
116 130 24
51 80 45
71 101 15
122 122 20
0 160 20
139 172 54
78 113 46
80 88 34
62 165 31
144 160 46
157 157 23
95 97 53
47 144 9
46 98 43
183 187 30
141 174 9
137 147 39
77 154 34
39 110 48
15 117 54
34 133 36
54 101 9
29 154 55
96 125 24
3 146 36
109 186 27
143 158 6
128 137 9
117 129 1
93 150 18
138 184 46
7 111 34
49 143 12
131 154 49
98 167 11
97 103 29
135 162 53
71 111 54
180 182 16
146 171 49
145 183 26
18 93 48
57 83 33
155 174 26
164 167 38
177 184 48
24 39 10
133 162 29
129 138 57
188 189 52
54 80 52
116 171 35
59 110 24
30 141 11
156 178 12
92 105 8
46 60 21
75 77 30
4 141 57
1 178 2
64 86 16
135 157 56
175 179 24
182 186 57
66 148 22
85 145 7
159 175 23
52 173 3
9 99 39
125 125 56
115 129 27
18 68 59
128 188 35
87 100 21
34 179 22
172 179 41
159 188 37
109 134 21
26 37 19
40 117 17
90 91 37
176 189 38
36 166 13
115 120 59
155 189 56
122 164 26
107 171 45
77 116 4
19 52 47
142 155 49
157 162 3
0 188 51
1 12 27
166 176 17
58 118 48
64 147 33
121 149 34
109 176 27
60 138 39
138 164 23
80 142 25
83 158 31
54 54 10
2 51 1
96 104 59
160 189 13
65 186 34
109 164 14
14 88 29
118 125 59
164 169 14
63 153 38
70 129 36
142 151 22
35 117 52
78 99 19
105 158 58
81 82 4
27 61 52
66 125 21
8 173 25
15 88 4
26 145 5
44 93 13
15 68 39
17 46 7
64 70 20
82 86 43
166 189 41
85 97 27
159 181 5
43 70 36
172 188 21
37 100 53
164 166 9
167 183 45
131 136 39
134 186 35
54 68 12
62 158 6
144 188 1
61 181 20
32 57 30
164 176 52
77 106 54
52 95 17
49 172 57
12 131 59
93 96 15
132 167 43
110 176 32
145 152 22
5 30 43
14 47 34
155 176 14
35 87 33
132 139 59
163 175 58
142 189 46
78 167 27
184 185 19
38 166 7
47 186 57
112 140 13
170 177 29
165 181 23
6 46 28
153 153 32
39 153 53
36 55 2
61 107 2
67 102 43
19 27 52
134 145 25
30 150 36
62 76 52
11 120 45
52 86 59
97 186 22
118 176 35
107 162 9
35 164 43
104 173 25
99 150 53
4 64 24
109 117 35
179 188 9
131 134 17
162 166 13
31 185 24
164 181 7
24 183 60
38 175 53
34 143 51
75 163 28
137 148 11
127 181 36
58 93 52
149 187 0
123 169 42
152 169 4
107 160 9
109 165 50
121 123 16
74 170 20
153 166 37
12 130 21
188 188 8
124 128 10
93 135 21
184 189 42
154 189 42
96 97 8
53 110 22
135 155 1
65 174 58
48 80 47
34 60 55
78 91 0
45 155 11
135 143 35
70 174 37
119 167 54
35 158 1
133 168 4
126 172 54
101 189 43
109 184 53
146 158 39
66 79 53
80 134 16
48 168 23
65 175 30
159 172 18
119 157 21
177 178 36
80 92 43
136 171 17
9 53 36
20 99 11
55 78 7
98 138 37
102 106 17
5 182 58
163 163 24
9 165 19
11 104 42
158 162 1
41 107 44
26 79 38
110 145 2
119 152 14
12 185 52
89 148 3
10 64 53
129 139 22
160 180 5
56 189 35
64 114 28
170 170 43
99 182 9
157 189 23
119 156 60
102 146 5
149 189 11
122 187 38
39 123 42
36 146 43
161 177 11
131 135 7
9 111 15
52 136 9
167 186 7
168 174 6
135 179 21
156 184 56
89 140 35
101 161 34
11 60 37
49 162 26
32 90 36
170 189 38
63 131 47
120 154 24
85 168 59
102 178 9
90 163 56
86 156 59
181 186 22
168 182 60
73 177 9
26 75 48
10 169 32
93 121 31
74 100 32
142 156 45
9 89 5
77 113 40
178 181 33
114 172 38
68 159 40
107 179 58
79 145 0
109 131 60
141 175 20
143 182 28
73 164 56
74 136 3
100 140 34
14 121 25
68 78 10
76 145 35
103 141 53
102 114 53
170 181 5
166 171 34
143 163 9
114 156 17
184 187 21
146 155 11
46 151 39
119 147 20
45 49 31
3 39 13
163 178 7
57 181 31
100 186 57
37 142 54
108 150 40
52 182 58
96 183 31
149 167 17
69 124 1
31 53 24
82 189 28
79 134 4
108 156 27
180 189 11
17 109 28
109 135 29
61 164 42
14 82 16
73 104 55
60 65 51
137 181 4
138 159 36
137 146 56
154 188 59
36 81 34
83 130 31
55 139 57
17 159 27
59 142 59
42 89 29
68 178 12
174 189 58
140 153 20
144 175 44
123 180 57
183 185 31
138 163 20
116 134 12
29 45 36
26 46 30
12 64 43
6 66 34
129 140 60
2 100 56
19 54 43
141 144 28
130 165 14
113 159 58
70 74 31
98 162 39
102 172 34
97 179 43
164 188 11
48 144 47
15 65 37
54 152 54
45 149 10
104 150 32
63 116 45
40 187 8
60 80 22
52 55 44
100 157 48
71 103 57
134 140 23
45 165 14
70 82 53
112 178 37
11 107 46
99 118 8
27 145 46
39 118 27
45 140 32
146 172 16
131 168 48
132 175 19
93 147 60
102 141 15
64 72 48
71 107 18
20 162 60
153 161 23
129 160 33
176 184 10
169 183 1
100 132 48
138 157 20
156 167 31
32 70 51
108 182 50
56 84 47
135 152 18
121 166 39
76 132 37
2 92 58
63 69 36
79 137 23
24 24 30
162 185 30
35 51 9
30 103 3
124 183 50
47 111 6
74 156 5
122 152 16
22 68 31
76 134 53
83 121 18
15 42 5
119 180 15
158 178 33
65 84 47
67 175 1
106 188 20
8 75 1
97 144 54
3 55 19
97 174 39
131 163 38
96 107 38
70 177 30
176 187 14
101 121 47
185 186 16
115 172 59
47 187 1
57 119 14
101 119 46
162 168 23
139 184 17
93 112 6
107 151 22
2 174 53
113 189 55
67 169 40
50 177 8
46 157 6
95 147 18
108 173 35
177 179 59
120 164 32
60 77 20
41 98 8
19 69 59
163 188 5
38 92 27
81 172 39
151 158 34
85 93 39
164 185 52
164 177 27
113 188 51
144 147 17
31 55 59
14 126 20
184 184 5
47 106 5
84 142 49
151 155 26
77 167 53
164 171 58
41 153 32
74 133 52
73 181 18
146 178 18
45 97 19
3 19 8
37 48 8
69 88 48
64 90 32
74 104 33
182 183 47
165 184 35
95 180 7
112 120 21
83 87 5
103 104 40
50 109 6
90 176 1
56 136 22
30 179 51
32 143 37
145 166 59
149 149 2
83 173 16
113 161 36
89 163 49
182 182 43
47 163 55
126 163 17
155 184 40
6 140 2
151 174 6
27 155 36
164 165 57
69 172 60
24 56 34
74 110 30
45 185 19
65 189 16
124 160 49
68 89 17
174 179 42
47 107 30
60 88 43
134 143 42
142 176 35
82 162 16
25 127 9
86 109 6
57 105 12
58 158 54
69 163 43
81 145 29
2 187 37
97 141 42
51 58 29
8 115 27
139 180 57
52 135 10
136 185 16
31 125 24
111 137 40
62 80 28
62 148 19
58 154 25
184 188 27
146 161 14
165 178 2
73 153 55
11 168 44
141 183 57
86 178 60
125 159 45
137 150 19
26 132 49
48 82 49
161 169 57
180 186 26
33 134 58
117 163 40
40 169 27
97 101 41
12 142 7
115 168 9
139 186 35
137 162 16
128 155 9
28 57 47
40 89 47
82 132 31
113 138 37
93 185 23
107 156 48
142 167 6
102 134 19
111 163 9
140 172 17
19 74 39
80 158 37
6 72 20
179 187 19
135 167 8
16 79 45
15 83 6
156 165 57
178 179 34
46 153 15
65 140 34
103 106 16
106 139 29
136 143 35
175 176 38
128 187 58
50 88 7
78 177 46
50 106 16
98 169 56
61 157 25
94 176 48
187 189 6
165 176 11
34 112 11
136 158 57
99 99 11
170 175 50
140 167 50
125 183 15
12 33 19
115 142 9
63 162 60
171 185 43
54 181 11
3 188 3
35 94 36
49 188 41
142 148 24
53 104 7
55 107 13
63 89 0
45 115 38
39 88 49
147 188 26
120 152 22
125 187 45
174 188 21
149 183 3
103 182 23
0 88 60
130 148 29
179 184 46
34 120 52
128 150 49
68 127 29
45 163 14
49 59 17
84 141 56
187 188 59
140 165 18
33 102 41
62 97 46
125 163 50
30 115 14
112 189 35
165 187 38
25 86 50
78 85 17
158 174 46
98 119 44
151 173 28
150 180 59
127 159 26
109 140 7
2 14 40
