30 90
196
173
155
133
132
153
194
159
189
130
163
196
186
145
131
170
135
154
176
109
129
121
182
148
111
184
139
115
200
196
0 1 37
1 2 48
2 3 6
1 4 27
1 5 27
2 6 32
0 7 40
1 8 29
0 9 52
2 10 53
1 11 45
5 12 59
11 13 8
6 14 12
5 15 57
8 16 48
16 17 12
6 18 14
10 19 36
1 20 5
20 21 59
15 22 0
0 23 44
13 24 28
16 25 3
19 26 57
12 27 14
3 28 44
18 29 30
3 19 15
2 12 36
10 18 35
28 28 39
4 13 57
21 22 40
26 29 22
18 19 44
16 21 13
11 17 40
6 13 8
7 7 22
26 28 48
1 7 54
15 19 47
22 23 59
25 26 11
9 14 50
8 18 1
14 17 8
6 25 57
13 27 45
21 24 53
0 0 7
17 27 4
8 21 34
22 24 51
23 26 60
5 26 50
22 22 60
16 28 1
23 28 56
23 27 56
0 5 12
16 19 0
22 29 39
3 13 46
2 19 44
9 23 28
11 29 4
6 26 45
19 29 34
3 27 37
13 17 15
11 18 5
17 28 15
13 20 50
25 28 43
14 26 57
0 24 10
23 29 16
13 13 4
11 20 33
18 25 5
6 24 3
25 27 6
16 18 1
26 26 43
24 24 6
4 14 43
23 25 25
