220 1100
112
111
182
147
175
184
177
170
111
112
136
136
163
117
107
176
140
122
152
196
161
169
112
126
162
107
177
178
115
109
168
168
143
187
139
147
123
106
195
144
138
165
185
194
133
112
106
111
164
172
150
172
163
156
192
142
110
175
140
131
108
183
163
159
185
153
113
148
169
129
151
135
134
131
135
110
102
182
101
200
170
145
196
177
100
129
162
181
177
123
130
174
117
179
108
155
175
183
178
166
162
115
199
164
199
176
181
162
124
136
166
138
170
130
110
184
171
127
140
196
170
190
112
110
126
116
144
121
132
127
137
171
176
117
144
188
117
165
107
127
129
130
174
128
116
109
150
153
170
167
105
199
116
115
182
165
159
124
129
198
137
180
100
175
157
119
131
113
145
181
158
193
157
125
125
105
120
160
103
191
154
165
160
135
105
162
162
183
117
133
150
187
178
129
151
170
125
121
107
163
150
198
133
145
168
185
180
187
198
182
132
121
165
119
112
178
171
110
164
173
0 1 9
1 2 4
1 3 60
0 4 27
3 5 9
4 6 9
4 7 6
1 8 44
1 9 32
8 10 19
1 11 12
3 12 45
11 13 52
8 14 37
2 15 27
9 16 27
15 17 46
15 18 10
0 19 52
7 20 46
5 21 24
19 22 20
3 23 58
0 24 48
6 25 5
0 26 27
0 27 28
12 28 1
10 29 0
13 30 18
15 31 4
9 32 28
20 33 16
17 34 4
17 35 56
4 36 3
19 37 56
7 38 39
29 39 53
12 40 32
7 41 3
14 42 33
9 43 1
43 44 18
9 45 17
10 46 60
41 47 3
16 48 41
14 49 26
0 50 36
42 51 1
22 52 31
32 53 39
43 54 35
43 55 36
10 56 42
35 57 0
12 58 23
48 59 31
50 60 8
14 61 23
57 62 60
32 63 22
6 64 8
46 65 15
62 66 3
38 67 58
44 68 44
35 69 38
20 70 35
38 71 23
18 72 3
1 73 51
19 74 31
56 75 57
34 76 24
26 77 5
46 78 58
4 79 10
7 80 27
40 81 43
24 82 48
65 83 53
45 84 15
14 85 3
10 86 28
86 87 14
30 88 30
41 89 51
78 90 33
19 91 28
79 92 3
36 93 26
4 94 35
25 95 21
64 96 18
13 97 35
81 98 12
48 99 26
77 100 45
11 101 44
26 102 55
39 103 49
58 104 53
66 105 49
26 106 17
8 107 46
98 108 37
74 109 36
40 110 18
31 111 37
77 112 40
96 113 54
35 114 52
68 115 27
49 116 34
38 117 9
30 118 55
46 119 15
12 120 21
81 121 48
82 122 14
107 123 27
60 124 44
77 125 52
84 126 41
57 127 44
53 128 46
92 129 60
86 130 5
19 131 3
22 132 26
90 133 58
102 134 16
96 135 52
34 136 60
9 137 43
108 138 42
10 139 23
68 140 43
51 141 5
65 142 2
94 143 53
44 144 35
73 145 49
82 146 47
90 147 3
141 148 2
101 149 4
79 150 54
47 151 51
33 152 33
15 153 44
65 154 41
103 155 46
72 156 38
30 157 38
119 158 6
91 159 59
15 160 25
74 161 4
1 162 10
136 163 40
92 164 6
4 165 52
151 166 9
113 167 46
16 168 43
108 169 59
148 170 26
77 171 58
31 172 23
33 173 57
50 174 45
107 175 32
34 176 42
174 177 51
26 178 23
120 179 19
117 180 53
43 181 25
40 182 46
128 183 37
83 184 37
99 185 7
162 186 29
178 187 37
164 188 42
2 189 35
107 190 1
188 191 56
141 192 42
148 193 23
190 194 56
128 195 50
89 196 4
158 197 60
50 198 31
95 199 14
3 200 46
132 201 43
195 202 1
168 203 59
96 204 5
10 205 52
189 206 49
180 207 1
43 208 57
60 209 56
106 210 13
93 211 44
90 212 44
185 213 57
129 214 28
144 215 48
209 216 40
1 217 33
105 218 45
81 219 53
30 34 6
99 184 53
48 92 53
5 190 37
94 187 4
200 218 48
150 187 36
176 197 59
6 78 38
154 202 51
206 212 37
172 218 30
218 218 11
175 207 1
115 157 20
129 162 24
18 120 52
49 175 6
46 207 33
185 192 44
133 152 15
158 171 55
25 182 9
5 122 40
27 181 1
60 217 17
38 93 3
144 219 7
75 132 47
205 205 4
80 160 55
26 95 22
78 149 56
113 166 12
122 126 29
139 161 27
40 141 37
214 218 2
178 193 33
79 160 35
98 174 1
31 152 8
10 41 24
213 216 18
21 92 49
119 219 52
133 159 60
35 203 28
83 107 12
4 151 60
77 120 55
97 110 48
86 189 50
89 159 10
10 90 10
125 178 0
110 117 0
186 191 18
200 219 40
164 196 59
55 187 23
79 204 27
15 143 43
124 219 10
57 196 33
88 153 57
128 197 54
130 183 35
33 169 51
61 143 1
127 187 57
143 213 36
193 206 44
50 189 47
21 188 9
25 70 6
12 105 42
11 63 31
74 131 6
114 188 5
160 166 9
43 78 49
183 193 20
132 202 22
214 217 53
31 163 24
93 162 30
107 109 9
85 89 32
62 106 60
114 184 60
99 110 35
206 209 49
141 203 26
16 204 42
159 218 19
93 134 43
114 159 32
2 121 34
14 210 55
101 200 34
58 210 3
73 121 33
196 219 37
52 151 26
154 178 23
185 201 3
97 143 29
42 210 2
45 190 1
9 208 31
127 162 23
94 216 7
74 204 45
5 33 51
9 207 51
157 184 15
124 202 7
3 132 51
24 146 13
112 145 10
26 61 34
77 203 38
129 196 55
19 191 52
168 181 19
16 189 20
76 112 56
215 217 17
80 183 35
70 78 57
167 217 25
78 218 17
161 182 10
123 184 44
202 217 33
208 208 22
171 183 2
4 45 21
107 173 6
203 212 21
94 191 17
131 179 47
141 177 42
178 202 34
24 58 30
192 205 58
59 187 44
18 125 33
8 87 33
197 201 53
211 216 38
16 105 53
187 190 33
16 101 11
67 128 50
106 173 29
157 208 25
136 187 33
87 133 39
85 138 11
163 191 55
169 213 35
208 211 60
179 199 32
135 184 33
75 130 10
45 124 29
153 165 45
116 133 19
60 197 7
61 97 22
137 182 33
50 136 7
186 207 49
92 194 27
102 159 60
54 182 10
48 218 44
197 198 59
11 45 21
111 141 25
215 216 58
159 200 23
20 212 9
218 219 9
8 122 39
165 212 22
178 189 12
79 153 3
79 163 10
190 218 54
92 92 27
14 142 47
69 135 39
105 145 40
94 195 18
128 217 32
91 181 8
80 101 55
105 177 49
127 212 22
155 179 30
190 219 42
138 214 43
151 218 28
170 188 29
17 198 8
205 207 49
166 215 54
102 217 5
94 104 33
145 149 26
216 218 45
117 206 13
65 214 28
13 114 10
85 118 7
3 204 53
24 69 53
211 211 19
161 219 57
148 204 34
4 71 26
51 163 27
33 47 11
96 108 52
142 190 4
79 189 60
120 137 18
157 209 17
22 164 26
52 198 22
177 180 32
8 49 13
20 170 42
117 181 16
32 47 55
176 190 52
49 55 51
145 187 20
22 159 59
176 209 9
135 196 26
14 174 52
148 191 22
88 197 50
114 133 29
197 213 16
90 94 41
7 47 35
89 110 41
7 147 34
193 199 36
208 213 29
90 181 24
47 117 31
160 213 36
208 209 40
151 176 31
4 60 60
109 127 27
23 87 19
150 172 13
15 166 11
70 106 53
189 217 0
48 131 38
126 193 52
44 70 31
33 219 48
0 57 14
95 210 50
1 72 46
23 185 59
59 146 27
95 97 40
95 211 19
112 163 1
50 71 31
177 191 42
65 175 59
119 190 2
24 67 8
20 34 22
17 21 18
74 211 57
89 162 47
23 127 25
98 119 47
68 182 49
45 217 34
11 36 41
82 168 18
57 92 9
153 169 41
44 213 16
216 219 6
17 203 45
56 211 40
116 180 35
182 205 16
112 218 56
6 120 52
110 162 12
193 215 59
64 79 13
137 146 50
212 216 56
131 150 25
53 219 52
138 140 59
172 204 33
11 114 7
121 194 13
84 96 29
135 174 50
101 133 5
193 197 49
9 54 4
211 213 28
66 121 20
185 195 4
132 211 45
166 199 24
1 36 53
118 204 6
18 23 59
97 188 25
213 214 29
38 107 32
15 94 13
16 162 10
122 192 1
93 148 30
16 143 38
157 178 14
155 196 51
191 201 57
110 165 6
43 118 11
97 132 16
9 96 38
50 149 23
90 108 35
82 195 59
105 137 0
4 14 3
10 134 13
135 171 56
156 206 27
182 186 9
73 124 41
118 193 6
31 187 29
58 146 36
51 108 38
67 182 9
76 135 35
139 218 46
159 216 50
196 197 21
18 67 47
104 191 8
5 183 7
66 154 39
185 212 1
200 205 36
100 213 59
161 218 29
160 207 2
127 150 25
206 214 18
150 198 16
9 40 3
12 99 38
41 86 15
149 182 16
170 216 48
150 162 25
136 143 25
192 194 11
61 101 40
182 216 51
23 116 26
151 216 0
170 177 47
94 218 16
207 208 32
64 145 7
125 173 22
73 101 60
189 203 19
71 215 60
212 213 45
63 204 4
30 84 0
86 170 15
143 183 49
150 157 17
32 103 3
20 115 4
203 213 28
83 191 49
17 140 3
55 96 56
45 108 26
56 79 11
3 139 2
112 174 18
8 186 16
192 203 59
56 119 58
154 201 2
117 188 6
142 153 60
72 142 58
95 178 0
90 149 27
137 211 16
23 67 25
148 198 12
109 179 30
133 164 36
84 143 10
7 69 44
214 215 24
93 145 6
174 188 28
209 218 56
121 170 34
154 196 23
30 44 27
139 195 15
23 78 30
103 211 33
129 167 44
191 212 37
18 129 51
75 202 25
84 89 20
79 146 49
138 189 21
169 202 14
185 214 4
2 44 7
150 164 25
107 153 34
48 186 0
125 182 20
65 132 2
104 154 27
185 210 11
100 139 54
40 181 57
113 145 37
169 184 24
88 119 41
189 204 26
53 172 48
153 214 56
158 204 6
40 179 30
158 210 52
206 218 48
169 188 40
16 88 0
215 215 24
140 201 40
13 32 58
165 177 50
171 212 11
132 195 57
37 151 41
38 44 55
89 95 19
199 202 4
163 199 54
156 214 13
100 184 36
66 90 23
78 190 25
104 183 49
96 194 34
29 83 22
214 216 28
27 51 22
159 171 37
104 142 14
207 212 41
97 206 16
179 193 16
31 171 46
202 216 43
43 132 49
124 207 55
20 138 7
44 115 0
20 213 23
20 80 36
34 117 40
122 153 51
28 182 23
22 79 59
106 169 31
135 147 0
93 104 12
199 211 49
38 151 58
21 90 19
58 139 44
8 21 3
140 178 22
4 23 51
81 110 31
92 169 40
20 193 60
104 128 49
162 190 39
140 151 18
94 161 28
71 99 23
44 66 56
187 204 48
117 169 48
0 130 26
80 154 16
112 171 1
56 199 60
1 187 47
184 206 45
117 123 41
172 178 10
126 213 18
128 131 50
58 118 34
136 188 6
10 191 38
32 210 22
123 218 24
35 179 35
82 151 1
100 125 29
46 54 43
39 200 33
106 164 42
61 158 33
124 138 19
26 111 46
21 49 16
160 177 47
0 191 46
60 154 20
89 124 6
38 103 60
40 126 37
99 124 49
41 50 8
128 204 57
106 208 31
190 209 28
86 117 13
184 217 16
114 183 12
5 188 16
130 135 6
7 166 1
86 123 4
109 162 19
52 117 44
109 188 21
40 215 51
134 156 34
14 70 20
159 173 0
91 193 9
1 57 35
19 65 40
101 218 27
13 40 33
170 213 21
141 207 16
13 112 39
62 64 29
173 175 34
92 160 38
175 214 46
47 51 1
130 133 58
202 203 7
64 181 9
113 118 42
154 190 52
174 216 21
39 175 22
4 124 51
47 196 17
169 209 15
164 215 0
153 175 4
150 218 10
119 150 47
181 214 56
182 197 26
130 195 1
217 219 24
4 26 50
111 193 9
87 122 20
177 216 30
147 168 54
137 149 35
52 63 18
111 149 39
64 199 43
158 167 46
61 65 4
48 155 0
135 135 41
121 195 42
121 196 28
113 218 40
185 185 23
99 108 40
37 51 0
28 194 3
70 96 59
209 209 3
179 191 60
154 157 45
168 183 56
141 208 49
2 68 14
186 211 21
42 218 24
175 195 30
84 116 18
6 125 31
90 144 40
20 57 41
166 175 47
44 91 12
117 133 40
53 189 57
16 191 57
17 134 47
40 41 58
83 89 26
83 160 44
166 171 7
63 218 31
139 216 26
83 189 19
109 141 21
115 136 20
111 165 40
74 205 12
175 205 34
90 211 1
141 171 13
198 203 19
179 188 41
120 155 37
167 186 59
51 110 46
138 219 3
92 149 47
180 190 51
87 179 16
69 193 24
179 207 25
56 158 24
76 105 52
144 177 27
3 30 32
149 168 40
141 152 11
21 91 26
152 155 5
135 195 15
210 219 51
74 139 14
25 57 8
15 29 22
84 167 54
166 184 45
0 165 17
210 216 0
167 201 19
27 160 50
129 212 42
67 143 13
142 186 41
98 207 32
118 121 6
93 127 44
81 118 52
1 70 52
75 148 29
148 189 37
49 134 10
16 52 13
204 217 19
20 172 48
140 163 48
117 173 23
123 219 40
173 192 32
2 138 5
77 218 54
17 51 17
76 217 1
107 196 60
139 178 34
39 59 37
139 140 24
82 189 54
118 136 57
24 63 22
214 214 43
37 114 14
181 193 10
129 137 38
53 63 31
141 145 32
34 110 56
32 205 37
119 138 33
59 214 14
87 217 16
175 176 26
15 53 32
54 163 21
202 211 31
138 211 6
0 111 29
111 130 39
44 53 6
165 169 45
57 151 41
143 178 25
85 155 16
9 135 60
83 219 22
47 187 32
117 196 45
4 219 23
84 146 50
129 209 55
37 215 9
185 207 48
42 87 17
109 197 57
192 216 17
10 211 22
173 201 59
106 142 10
55 79 42
23 134 9
198 214 57
133 171 10
199 219 15
77 166 20
169 179 37
47 109 18
56 133 16
124 157 15
197 212 41
85 115 58
125 199 30
62 110 0
143 177 24
2 215 38
70 140 27
106 205 3
82 194 38
123 154 58
20 30 16
77 129 4
62 170 57
208 217 27
170 181 28
181 181 52
125 151 1
132 218 17
47 129 58
212 217 28
25 124 6
63 91 11
71 202 46
53 131 55
95 217 30
172 190 40
149 156 12
152 177 27
166 174 57
62 133 38
159 159 50
212 219 30
138 173 25
171 194 39
57 89 29
194 201 56
16 157 29
102 130 36
150 183 19
36 90 59
182 194 47
188 198 6
184 198 16
89 131 36
6 8 29
194 214 9
136 182 41
197 206 60
206 210 46
181 189 53
204 204 6
33 42 52
40 109 15
139 201 42
165 196 43
48 70 59
76 211 25
198 211 39
59 95 4
110 175 13
193 204 50
43 70 45
146 198 59
69 121 0
70 207 23
103 179 15
138 167 22
14 105 43
132 145 47
186 197 54
143 199 17
6 10 57
89 158 12
134 144 34
183 188 40
76 186 1
11 196 29
28 160 55
131 213 6
89 94 4
25 42 20
143 167 42
135 154 45
41 42 45
187 192 58
147 167 43
150 193 7
3 148 40
30 101 32
68 157 52
18 59 5
19 78 35
73 81 42
140 208 19
32 215 9
89 192 48
12 141 58
208 216 45
124 171 7
165 189 20
120 212 37
88 99 15
45 67 12
156 198 17
122 165 0
92 166 22
128 166 45
178 180 54
202 215 3
120 213 5
172 198 4
104 194 8
181 202 34
99 170 32
