180 900
161
178
105
180
112
141
146
135
192
193
129
122
122
134
193
105
195
188
189
163
122
119
114
137
156
177
186
131
182
189
198
172
137
178
125
156
198
100
172
145
160
109
170
200
133
144
185
154
188
151
123
199
119
136
183
113
119
110
128
152
185
166
190
195
200
159
126
148
153
175
172
171
121
154
155
132
188
200
151
108
155
168
108
160
130
151
105
128
188
121
115
121
155
121
161
118
181
102
156
151
105
155
185
102
179
134
183
121
114
157
146
153
132
165
193
146
152
168
168
107
187
187
169
123
187
171
138
143
144
150
118
142
105
121
122
100
117
190
118
168
195
166
148
147
131
109
159
134
199
189
179
116
116
117
135
122
194
174
145
146
138
121
195
155
179
174
140
185
178
192
110
157
167
111
117
172
193
191
124
192
0 1 27
0 2 23
0 3 26
1 4 25
0 5 53
0 6 50
4 7 24
6 8 18
6 9 2
2 10 57
2 11 23
6 12 59
12 13 13
0 14 44
12 15 16
11 16 24
16 17 28
9 18 28
4 19 25
17 20 20
7 21 7
6 22 53
15 23 39
7 24 32
11 25 53
25 26 48
20 27 12
8 28 5
21 29 50
22 30 11
8 31 24
8 32 7
23 33 11
1 34 8
12 35 53
2 36 28
35 37 39
30 38 13
9 39 25
27 40 32
5 41 3
12 42 39
15 43 40
36 44 37
33 45 3
12 46 24
41 47 7
35 48 19
35 49 60
11 50 1
29 51 17
11 52 18
37 53 57
23 54 51
7 55 47
37 56 12
2 57 27
11 58 57
16 59 59
31 60 50
54 61 48
46 62 10
56 63 44
58 64 30
16 65 52
34 66 47
3 67 54
67 68 3
56 69 30
18 70 5
60 71 8
21 72 0
49 73 59
36 74 6
50 75 28
8 76 9
53 77 45
20 78 21
56 79 28
76 80 17
26 81 49
77 82 53
12 83 33
56 84 24
76 85 11
31 86 19
37 87 37
68 88 32
47 89 39
25 90 24
6 91 35
80 92 41
75 93 12
90 94 55
43 95 60
67 96 4
39 97 42
12 98 36
78 99 28
95 100 7
38 101 8
29 102 7
18 103 20
70 104 59
23 105 36
51 106 29
31 107 11
92 108 9
24 109 37
22 110 42
92 111 18
57 112 56
37 113 4
71 114 19
80 115 1
58 116 9
56 117 26
98 118 0
5 119 10
68 120 14
98 121 25
25 122 56
98 123 27
27 124 45
2 125 2
115 126 18
26 127 43
124 128 8
59 129 12
119 130 56
1 131 40
89 132 15
73 133 60
72 134 10
25 135 39
28 136 20
62 137 7
36 138 9
48 139 56
120 140 51
29 141 36
136 142 55
136 143 38
24 144 14
7 145 60
106 146 45
44 147 56
121 148 52
46 149 38
35 150 33
65 151 27
127 152 47
126 153 52
113 154 50
38 155 6
93 156 51
56 157 40
58 158 37
1 159 51
90 160 50
150 161 12
12 162 16
25 163 28
25 164 53
48 165 52
117 166 9
123 167 30
112 168 49
21 169 22
32 170 58
13 171 42
4 172 22
74 173 35
121 174 54
119 175 58
148 176 60
26 177 41
91 178 16
90 179 46
94 117 20
12 66 50
84 121 12
156 160 32
133 155 23
16 52 26
38 134 1
7 149 44
93 155 48
31 120 48
126 173 32
88 88 19
170 174 16
28 154 9
92 100 11
53 88 5
159 175 5
60 153 14
23 165 34
20 57 3
104 126 11
97 128 28
41 66 29
68 138 13
140 140 56
163 177 40
133 177 3
11 171 12
6 151 52
47 150 25
44 57 19
141 156 50
1 35 21
19 89 1
67 142 55
11 38 42
140 166 44
123 132 41
139 172 1
127 147 29
99 102 11
14 68 10
47 62 21
172 174 56
8 153 23
92 144 6
53 131 2
71 177 18
174 174 33
151 164 20
125 127 53
101 157 20
178 179 57
12 64 14
167 178 18
59 155 43
69 157 12
67 82 36
142 160 5
164 175 41
149 178 7
41 79 43
66 160 36
19 125 28
54 145 41
24 95 16
9 120 21
155 156 30
146 158 41
26 117 34
71 102 2
122 162 30
147 174 49
21 34 21
173 175 52
164 167 58
28 51 15
72 86 14
135 167 25
127 160 11
103 119 4
118 140 5
78 109 24
160 161 31
13 138 1
110 117 44
4 50 4
10 54 10
84 90 7
165 165 57
89 153 9
107 107 57
121 132 48
58 132 50
165 167 19
108 123 13
136 148 59
22 120 60
163 176 12
174 179 57
104 147 33
152 155 31
153 176 51
83 150 41
125 129 57
132 162 45
9 145 17
162 172 52
14 140 29
86 107 19
67 74 23
160 166 32
72 131 9
166 175 20
176 177 8
136 176 27
72 75 0
136 158 51
129 133 25
40 102 57
23 79 9
75 101 41
5 39 45
148 155 51
105 136 30
62 165 5
98 149 54
76 135 41
71 73 0
130 133 0
85 103 8
45 79 20
63 97 58
29 72 9
164 179 56
120 160 5
143 168 41
178 178 27
91 136 59
37 54 47
88 105 19
152 164 29
141 152 24
49 97 60
118 121 45
33 168 58
51 91 49
98 147 51
125 157 36
114 157 46
83 100 57
118 137 52
51 123 60
95 101 46
83 103 47
70 97 35
71 172 16
34 142 6
61 135 58
156 176 25
111 127 54
43 154 37
15 145 29
74 163 42
164 177 49
143 146 40
65 76 56
169 170 16
113 141 13
97 149 56
94 161 17
51 85 27
90 168 15
138 167 60
43 151 3
16 105 9
156 169 38
52 171 58
78 174 25
65 160 32
135 153 26
91 128 57
54 59 58
0 76 45
176 176 15
108 169 50
102 152 14
156 170 14
81 87 22
46 101 54
118 155 29
78 105 20
105 158 59
131 175 32
133 146 16
30 169 6
81 110 47
172 179 15
30 67 30
120 143 20
41 179 21
23 110 48
32 152 47
60 64 22
34 168 36
121 159 47
99 117 45
5 159 25
5 88 9
140 159 32
119 157 43
74 127 14
22 133 45
83 85 53
110 154 54
37 95 46
165 169 37
58 115 32
70 80 26
67 131 32
175 177 2
3 28 34
52 113 31
79 173 19
131 143 8
168 174 48
10 113 49
93 173 21
8 118 30
150 172 49
63 107 55
89 178 0
1 113 14
61 80 33
134 171 32
151 165 41
33 34 57
35 58 33
75 149 1
148 154 43
35 171 6
59 171 29
17 111 23
147 161 44
3 118 46
62 121 55
100 114 8
2 81 41
100 117 48
127 149 18
35 104 13
48 85 17
57 88 57
90 109 5
121 126 8
110 119 34
162 171 43
160 165 40
2 119 53
122 179 30
5 163 58
92 104 16
53 175 44
151 159 1
110 147 24
48 66 56
83 154 17
57 99 14
123 126 9
89 150 14
91 117 43
148 152 18
7 128 0
96 145 42
123 147 42
61 115 60
120 173 27
141 144 57
105 123 36
142 149 44
11 92 48
171 172 29
57 149 14
149 154 56
52 120 14
68 119 13
145 164 0
143 145 1
169 171 32
5 158 21
164 165 38
160 162 40
69 86 36
49 176 15
117 117 49
146 159 38
88 106 41
142 178 0
75 99 46
120 130 55
120 149 10
80 144 18
139 160 14
125 163 56
76 121 19
149 168 58
25 91 0
80 88 15
88 91 25
167 167 57
36 105 14
2 63 40
80 118 26
63 131 55
87 108 11
116 155 31
139 169 23
1 21 24
22 132 18
30 167 48
45 72 23
81 107 50
78 79 33
52 168 60
50 160 21
120 167 47
47 127 49
154 178 19
88 146 60
2 22 28
51 120 55
29 76 33
49 87 45
107 160 13
19 58 44
61 119 12
11 138 8
60 146 12
6 90 28
72 153 2
45 102 31
170 176 19
26 151 3
87 121 27
71 78 42
7 133 53
170 179 16
87 96 23
88 94 59
168 179 43
85 170 28
137 173 57
41 143 10
106 109 13
106 124 4
29 145 27
15 146 6
157 163 18
89 124 40
6 145 7
153 161 7
132 172 22
167 179 48
137 144 31
88 179 48
167 171 51
10 166 5
3 132 16
141 153 35
22 108 13
170 172 10
89 179 53
46 153 50
133 142 8
158 170 30
118 150 47
146 174 40
20 168 23
104 158 24
117 146 14
149 159 46
145 148 3
77 96 25
77 169 35
106 144 47
172 178 46
38 130 41
18 149 33
168 168 21
175 176 44
23 37 7
161 166 18
60 103 49
49 81 45
173 178 7
120 122 1
53 61 6
35 65 37
173 179 2
105 151 48
86 122 9
127 128 58
63 80 43
53 94 45
59 123 4
30 178 39
60 69 20
122 177 37
76 118 31
110 144 0
23 24 43
60 129 53
10 124 25
22 175 2
11 70 15
26 36 57
74 108 3
139 141 36
13 64 9
144 160 17
37 138 55
43 98 11
78 82 20
52 68 37
108 120 43
46 104 27
165 168 43
75 135 52
99 111 60
129 164 1
45 144 17
30 98 36
21 89 3
72 105 33
92 123 38
135 170 1
85 112 37
105 115 52
135 156 19
158 162 44
128 141 20
133 160 3
159 174 39
69 122 53
87 118 45
33 109 40
134 179 43
50 159 32
63 122 16
84 124 3
147 153 52
117 133 9
102 156 26
14 62 34
103 171 54
68 108 57
177 179 13
63 119 54
41 108 30
154 167 52
8 176 17
95 155 25
28 60 44
115 144 34
170 173 29
117 162 58
65 148 41
168 172 59
16 71 60
103 131 7
67 119 9
67 110 50
45 114 45
0 153 38
47 103 55
166 172 32
44 118 18
138 152 53
63 99 14
85 178 7
137 170 21
49 79 43
81 134 23
114 162 21
111 174 43
59 99 50
10 71 35
134 140 19
88 111 52
79 120 1
16 88 44
116 159 59
148 177 9
146 152 36
78 177 13
78 96 60
102 130 60
91 158 52
157 158 15
155 165 48
141 150 42
87 102 12
20 85 55
142 161 59
142 167 27
33 41 8
37 91 55
73 86 36
95 145 59
115 159 32
101 142 34
14 63 44
40 71 3
19 92 49
34 103 38
116 135 33
27 111 35
170 171 52
177 178 44
51 121 3
46 63 22
39 173 39
76 145 13
5 161 59
151 172 18
8 168 25
30 142 26
113 131 9
62 78 56
158 165 25
121 154 15
98 174 2
160 178 38
85 86 54
125 132 20
81 96 49
0 26 56
40 173 52
50 115 30
6 134 7
103 160 55
143 160 48
23 177 21
51 102 41
87 158 8
63 161 59
141 178 16
29 74 15
41 133 37
0 65 43
133 176 41
116 126 34
143 162 22
9 83 45
58 85 14
171 171 11
32 51 37
20 178 51
141 170 6
159 170 12
75 173 28
121 135 24
43 115 55
169 177 5
98 163 35
104 116 21
12 27 45
5 68 2
21 90 19
173 174 29
146 150 0
107 128 23
20 83 9
89 174 8
14 120 1
169 178 31
59 118 39
126 129 5
14 103 46
89 109 49
20 93 13
75 143 50
168 171 52
35 40 31
142 146 24
169 169 30
97 120 24
102 151 15
128 151 48
65 115 23
67 137 27
151 154 45
107 133 45
35 36 55
121 161 31
89 151 30
56 178 40
163 167 21
169 173 32
95 120 17
14 83 40
153 164 56
40 132 33
122 151 28
104 164 24
114 136 29
3 131 57
105 160 10
112 177 6
162 176 28
47 52 6
70 131 29
2 56 14
153 163 6
171 174 12
15 119 24
24 43 8
41 101 3
11 33 56
149 164 8
138 149 11
142 150 29
36 113 36
48 119 57
115 124 6
43 77 39
147 173 11
13 161 1
43 47 55
159 177 56
79 124 44
81 176 5
167 169 48
106 148 7
148 178 59
119 144 26
32 37 24
13 68 54
12 145 2
15 130 18
142 176 19
29 71 40
167 168 49
160 179 57
61 109 38
101 155 17
53 174 41
6 140 4
30 164 8
79 86 5
129 130 42
110 127 60
132 148 0
32 67 15
125 152 16
84 142 31
56 82 33
154 160 19
3 173 31
26 52 39
132 155 54
118 172 17
71 96 41
32 85 15
163 172 10
36 103 33
22 33 59
134 146 24
70 164 33
111 129 39
171 178 39
154 170 54
87 164 11
140 173 33
142 170 38
150 179 12
64 171 47
153 174 58
36 130 15
32 42 17
63 98 20
104 170 25
25 170 4
145 150 54
115 136 42
109 131 20
45 124 31
95 119 60
129 132 23
60 159 56
115 141 9
141 154 53
144 157 52
67 130 22
1 84 39
138 160 24
105 119 21
139 146 50
113 124 38
92 107 10
70 98 16
112 178 0
68 171 24
122 132 11
75 97 47
127 142 42
133 173 44
43 78 35
31 77 50
34 171 55
44 119 38
3 141 44
123 142 31
148 179 51
166 170 26
46 84 50
46 143 49
78 171 43
51 77 51
77 141 51
27 85 17
