140 700
179
109
159
165
140
114
184
200
175
134
165
118
112
154
200
173
112
132
183
145
137
125
169
114
154
123
156
164
143
120
159
197
172
116
155
107
128
181
162
100
195
109
139
200
185
120
139
158
142
149
156
176
104
126
110
149
105
140
117
121
170
192
142
139
129
180
128
187
200
155
131
117
110
103
135
192
172
121
177
158
153
173
150
138
182
170
168
152
142
152
180
138
112
197
145
134
179
156
103
122
134
178
101
146
157
133
102
186
198
117
159
104
171
141
124
109
108
103
175
118
122
196
122
190
121
196
161
156
198
114
154
171
166
131
103
188
108
154
167
142
0 1 34
0 2 57
1 3 43
3 4 20
1 5 44
2 6 49
4 7 44
7 8 55
5 9 14
1 10 1
9 11 31
3 12 30
5 13 0
12 14 22
6 15 48
2 16 23
4 17 23
15 18 35
9 19 25
13 20 15
0 21 18
7 22 2
5 23 52
20 24 41
22 25 56
24 26 33
6 27 29
24 28 26
6 29 24
6 30 25
0 31 55
8 32 10
14 33 51
13 34 29
33 35 20
26 36 36
10 37 17
33 38 15
2 39 23
3 40 27
2 41 49
10 42 32
41 43 58
33 44 13
18 45 3
21 46 60
10 47 30
33 48 54
16 49 36
3 50 57
48 51 11
14 52 6
36 53 51
9 54 41
28 55 1
15 56 15
19 57 40
32 58 9
7 59 38
41 60 37
56 61 46
32 62 60
60 63 33
4 64 21
7 65 9
23 66 58
38 67 31
20 68 8
14 69 55
62 70 5
15 71 41
34 72 6
3 73 18
45 74 8
3 75 36
2 76 60
72 77 18
24 78 47
59 79 35
34 80 9
50 81 34
55 82 7
33 83 25
37 84 52
81 85 10
58 86 19
40 87 37
28 88 51
82 89 18
73 90 38
44 91 56
2 92 14
20 93 41
89 94 48
57 95 29
64 96 21
44 97 48
17 98 60
17 99 58
42 100 18
76 101 41
64 102 22
17 103 50
44 104 41
72 105 53
0 106 30
61 107 36
36 108 7
85 109 46
21 110 19
34 111 34
26 112 15
86 113 5
52 114 50
25 115 7
68 116 5
115 117 58
43 118 58
52 119 18
119 120 41
73 121 19
60 122 51
33 123 21
85 124 33
26 125 13
0 126 48
10 127 39
61 128 50
124 129 30
21 130 43
37 131 20
61 132 48
85 133 42
13 134 51
42 135 28
95 136 9
70 137 3
32 138 33
138 139 46
118 137 4
59 124 57
10 38 53
67 135 24
7 123 41
119 124 48
74 77 6
124 125 14
23 98 25
95 131 53
12 22 54
34 126 42
4 117 42
57 92 6
45 51 28
74 88 25
39 68 17
6 84 47
103 120 17
1 139 23
120 120 51
123 125 34
125 126 43
50 130 42
15 137 19
78 134 1
15 17 21
54 139 23
2 135 42
33 70 35
11 125 31
136 137 33
1 12 33
44 69 58
77 94 36
62 62 0
108 121 15
47 72 37
75 124 29
19 79 53
115 132 42
57 60 58
91 137 41
97 138 36
113 133 11
134 138 42
21 95 10
31 46 26
97 137 39
122 123 25
96 131 27
88 119 60
108 114 16
137 139 34
66 69 25
72 73 11
128 133 13
22 113 23
14 42 2
110 110 28
54 116 34
50 102 0
64 130 3
89 135 9
104 125 56
76 114 2
108 138 32
105 135 26
1 122 28
13 133 60
19 107 24
80 129 22
49 62 35
82 86 49
1 102 35
61 133 26
15 93 20
132 137 10
126 139 8
65 133 40
62 134 57
79 84 45
22 57 4
80 86 42
112 124 28
91 130 28
77 133 59
109 134 13
57 118 20
39 94 1
129 138 48
54 76 55
36 52 9
36 118 30
100 109 28
119 129 19
131 134 28
138 138 48
84 105 57
80 92 0
22 60 18
10 133 14
18 42 35
5 51 23
65 84 41
40 107 40
130 130 55
126 132 20
79 92 21
47 120 34
125 125 11
68 75 45
17 121 44
109 116 7
38 132 41
21 30 1
126 137 33
50 75 57
28 98 38
125 138 25
113 131 26
112 137 12
127 128 59
107 113 47
95 105 7
121 128 15
130 135 50
66 128 37
98 100 57
1 34 23
111 124 4
59 59 17
20 61 18
66 117 8
112 138 0
31 78 45
78 118 31
1 27 28
38 41 1
2 109 59
79 81 52
111 119 51
114 133 23
102 130 35
96 101 17
125 137 0
63 132 44
12 79 44
130 132 3
66 76 35
36 75 48
107 124 22
70 121 39
44 57 58
18 68 51
40 73 5
134 136 1
126 133 51
18 116 27
65 120 2
110 116 46
123 134 59
125 129 47
70 129 44
120 138 5
123 128 50
120 135 22
86 132 20
82 94 52
38 66 55
25 111 23
28 135 0
103 132 28
104 120 8
7 51 56
22 24 36
81 116 14
62 83 24
71 80 10
118 127 38
20 139 22
14 96 5
39 56 20
137 137 50
60 66 23
45 69 35
4 60 56
127 127 43
73 127 57
49 55 7
67 94 58
12 131 35
119 130 37
56 78 31
79 119 8
81 110 2
132 135 5
86 128 49
124 132 22
10 138 36
121 122 38
57 98 49
26 34 0
59 126 45
50 76 35
121 135 38
24 95 28
136 136 17
15 133 13
50 65 45
130 136 40
104 108 48
30 131 10
67 108 21
103 138 56
106 116 23
14 39 16
75 121 28
42 110 4
96 138 17
39 127 42
121 134 39
128 134 52
24 41 17
124 133 47
1 18 44
130 131 1
79 109 40
9 137 10
83 86 3
56 69 2
43 98 37
116 117 40
73 116 17
70 90 39
18 122 12
116 126 33
21 52 9
100 106 42
79 138 2
59 81 19
135 136 3
94 139 32
46 123 16
59 91 7
101 128 15
111 134 57
70 122 19
123 133 2
106 118 4
120 139 49
4 37 15
104 104 33
38 61 7
29 93 14
35 64 13
55 131 54
107 123 38
38 83 19
114 128 18
56 85 55
81 89 3
81 90 58
47 50 7
79 101 11
95 104 50
18 120 56
7 25 39
86 106 6
21 29 40
136 138 21
77 93 60
85 138 37
6 66 13
17 64 42
92 118 27
67 104 26
5 29 19
4 20 13
119 121 15
14 123 8
49 69 2
35 39 16
56 60 28
78 111 56
58 122 40
11 90 7
7 73 39
5 26 4
46 55 59
8 19 59
7 97 6
37 81 46
70 92 27
130 139 3
34 52 27
71 74 26
35 60 29
131 135 50
16 131 8
111 131 41
72 115 31
66 91 41
61 122 37
33 52 32
113 114 38
92 93 51
30 88 16
69 116 14
45 90 59
24 73 45
126 138 27
72 117 36
8 137 60
16 23 0
52 95 19
36 116 24
122 137 49
89 134 3
119 126 13
94 126 5
63 133 4
67 91 24
22 111 0
51 100 3
59 138 16
2 2 44
111 130 48
101 131 12
57 127 6
4 40 34
38 107 24
86 120 11
86 112 51
25 117 17
131 137 5
103 123 18
36 48 44
55 101 3
103 117 33
36 36 58
8 126 37
47 83 4
61 135 59
117 131 34
77 107 4
109 135 51
74 112 5
97 97 34
83 103 35
111 122 30
5 17 43
59 88 21
6 109 53
45 65 7
88 116 16
65 109 60
98 105 8
106 120 50
45 56 26
135 135 4
66 98 58
62 87 24
11 39 5
118 119 52
116 119 18
127 133 25
50 98 29
39 131 38
77 136 40
110 115 23
74 81 17
45 49 21
122 130 28
15 85 48
113 138 13
110 133 59
10 89 0
73 107 18
74 109 12
85 86 31
69 100 15
95 102 15
104 110 30
75 94 44
10 10 14
28 73 36
61 89 27
104 135 55
77 82 30
35 71 10
102 124 20
128 138 26
17 109 52
85 113 34
111 129 21
108 135 57
5 106 43
51 123 5
75 131 59
98 109 30
106 134 38
35 98 16
1 77 18
12 122 38
117 124 19
132 139 19
122 138 29
105 130 22
86 129 39
118 134 58
34 114 20
89 139 56
36 57 15
119 128 55
107 120 59
127 139 7
134 137 27
80 123 10
108 129 34
74 101 47
58 79 1
67 123 34
30 31 49
45 91 52
67 115 16
128 137 30
118 121 40
24 60 48
116 128 47
50 127 4
75 127 23
70 115 1
37 93 21
77 97 35
40 44 38
57 132 2
41 74 55
77 91 58
124 138 5
101 125 16
50 138 17
120 123 3
124 127 42
31 103 46
104 136 13
78 125 29
73 87 3
48 68 54
95 116 37
109 126 38
29 86 8
93 107 38
47 80 40
53 67 12
0 98 60
52 66 49
49 117 55
28 47 42
49 139 7
73 117 3
48 120 5
126 135 19
61 74 46
4 59 52
17 84 11
74 129 50
68 93 12
100 133 11
87 115 34
132 134 59
42 42 19
107 114 60
10 98 49
104 105 17
122 129 42
73 99 7
87 106 34
104 111 39
28 99 23
79 79 32
23 85 26
119 133 52
48 92 15
88 126 57
103 119 4
55 137 0
93 128 36
2 102 54
118 123 12
126 130 49
127 130 48
101 102 21
117 123 49
137 138 53
66 67 2
97 116 41
106 114 29
98 107 12
52 91 30
111 115 7
65 79 7
76 109 55
29 123 7
55 56 34
120 122 8
37 125 0
62 121 26
26 31 25
25 127 57
18 99 15
44 54 5
76 102 0
102 132 26
39 51 41
31 106 52
103 112 6
112 122 39
53 101 58
133 138 23
74 103 5
91 102 19
64 76 3
76 118 29
9 67 16
30 119 27
126 129 55
25 114 2
84 106 38
92 138 27
109 132 34
61 84 28
54 87 3
84 91 18
81 102 22
72 98 20
127 138 17
80 126 19
95 114 41
40 113 31
16 92 32
0 75 58
109 110 17
12 60 12
5 45 4
82 87 43
108 137 34
47 115 19
121 129 31
87 129 9
34 125 29
81 112 52
81 124 36
18 69 10
9 68 31
9 123 17
116 138 55
114 118 14
18 36 11
5 33 22
32 66 0
