70 210
162
155
194
175
131
101
180
191
170
191
177
103
110
113
110
151
138
192
141
134
185
149
143
159
157
124
162
158
113
117
108
145
151
149
106
114
150
140
120
107
164
161
142
142
195
125
110
130
198
180
131
160
185
139
150
112
167
119
174
191
200
180
131
119
160
175
167
116
140
142
0 1 20
0 2 19
0 3 47
3 4 7
1 5 3
3 6 60
6 7 58
7 8 53
7 9 35
5 10 25
4 11 24
2 12 50
6 13 50
12 14 15
5 15 37
7 16 31
2 17 27
2 18 10
11 19 34
0 20 51
16 21 54
9 22 36
19 23 55
13 24 51
5 25 5
8 26 50
15 27 52
9 28 10
11 29 8
15 30 31
28 31 2
17 32 38
25 33 39
27 34 3
30 35 48
13 36 58
29 37 17
4 38 57
29 39 57
39 40 22
19 41 46
37 42 17
18 43 25
39 44 3
31 45 7
20 46 43
18 47 31
39 48 24
45 49 46
47 50 23
9 51 40
11 52 44
43 53 49
24 54 8
34 55 53
31 56 9
26 57 60
42 58 43
7 59 34
15 60 17
50 61 28
17 62 39
2 63 47
26 64 27
58 65 33
9 66 19
15 67 47
10 68 53
29 69 36
19 63 18
46 62 17
47 53 56
17 20 10
59 65 50
47 59 41
2 38 1
54 59 37
27 60 55
42 52 33
51 67 55
50 62 3
6 48 49
21 53 55
29 53 2
65 68 26
19 57 57
43 52 11
55 56 23
3 49 2
53 69 17
40 69 47
48 57 39
44 66 33
51 58 17
53 59 43
66 66 26
16 55 42
26 66 48
48 60 12
49 57 9
57 61 53
29 50 33
58 59 11
1 67 29
4 40 46
8 23 30
43 58 25
12 30 59
47 48 4
48 50 40
63 63 39
11 46 13
35 40 26
17 69 1
67 68 27
36 53 5
45 68 49
46 59 57
39 69 52
18 64 37
46 57 28
28 60 36
38 41 13
31 55 3
49 55 58
7 23 32
49 51 37
4 15 35
13 14 47
28 57 19
25 28 30
66 69 15
62 69 14
47 56 38
4 65 36
39 64 56
40 44 43
47 57 48
10 32 31
44 68 35
15 18 3
37 67 27
53 68 11
36 69 5
23 49 2
24 58 56
6 31 45
4 18 38
33 40 53
21 41 10
5 59 44
12 51 58
0 15 58
57 69 16
15 25 26
53 67 55
37 55 17
64 64 32
40 49 56
15 45 29
17 28 17
23 43 16
55 69 43
32 66 56
15 35 30
34 34 37
47 51 0
10 56 21
8 69 50
66 68 8
61 69 19
11 51 58
49 59 16
44 50 38
57 60 24
17 57 39
5 7 52
64 65 24
13 16 35
45 61 52
3 16 32
20 64 23
44 55 17
20 35 38
33 51 13
50 52 9
9 43 35
5 68 23
50 58 7
22 66 4
39 65 8
62 65 4
33 64 7
55 66 48
41 62 50
3 38 57
27 37 24
0 25 1
39 43 38
26 35 10
4 22 53
18 19 38
22 65 6
54 69 53
16 38 46
66 67 46
13 55 21
63 69 36
3 59 1
68 69 55
