75 225
195
196
168
138
113
159
160
137
176
132
114
148
198
166
146
190
125
115
122
172
100
191
118
159
109
102
163
189
168
167
101
108
156
113
151
160
145
163
138
184
114
137
159
197
124
123
101
164
165
129
119
129
199
184
123
126
172
161
173
174
137
178
200
104
110
179
170
196
155
162
114
130
184
184
173
0 1 55
0 2 5
0 3 19
2 4 35
4 5 21
1 6 2
6 7 0
7 8 53
6 9 53
2 10 29
7 11 45
8 12 36
1 13 45
12 14 8
13 15 10
11 16 52
8 17 57
16 18 21
8 19 33
1 20 29
3 21 9
10 22 19
13 23 6
10 24 22
6 25 13
3 26 29
19 27 37
23 28 3
3 29 37
19 30 2
24 31 49
22 32 37
16 33 56
16 34 38
18 35 2
2 36 28
3 37 27
23 38 26
0 39 39
17 40 8
11 41 51
1 42 27
23 43 35
18 44 32
33 45 8
14 46 40
27 47 21
31 48 12
2 49 23
2 50 38
22 51 43
50 52 32
43 53 11
16 54 40
38 55 31
52 56 60
28 57 37
41 58 56
11 59 53
0 60 38
48 61 36
28 62 33
23 63 4
47 64 53
42 65 52
43 66 55
12 67 0
64 68 55
48 69 28
2 70 4
47 71 32
37 72 40
72 73 6
67 74 54
19 24 54
16 19 59
41 61 40
26 49 0
70 73 52
22 33 24
54 54 19
2 15 36
31 71 12
19 42 12
20 42 29
30 58 6
58 73 52
63 71 21
51 59 57
38 68 10
66 68 21
37 68 4
30 52 15
70 72 31
47 59 55
40 58 26
9 49 43
47 73 53
19 34 26
71 71 32
27 38 42
12 21 44
27 32 17
49 71 38
53 74 39
20 30 34
54 69 2
15 24 57
0 19 16
43 74 18
15 34 26
8 31 45
2 43 22
27 73 41
68 70 42
32 42 55
66 73 3
51 53 51
68 71 12
17 45 29
66 71 32
65 67 15
24 59 37
28 59 15
71 72 10
49 67 29
42 70 58
24 49 36
11 68 20
14 14 21
39 48 18
16 60 23
67 68 3
45 50 16
71 73 28
30 48 29
41 57 50
34 44 39
17 48 45
17 33 59
32 61 15
11 55 46
58 70 14
38 53 59
46 74 33
29 47 46
23 71 13
32 74 48
23 46 9
14 32 12
58 64 8
12 71 17
14 67 17
20 46 6
8 35 7
62 72 51
73 73 38
48 58 20
37 43 21
50 71 5
14 73 1
49 65 29
50 68 35
34 39 8
13 24 18
17 65 2
72 74 38
49 59 51
4 58 21
58 61 56
4 65 42
30 31 57
5 36 3
42 50 3
40 56 39
59 67 41
30 36 53
35 56 5
44 59 52
46 72 49
28 58 38
1 40 60
7 33 11
7 74 57
32 59 36
15 45 28
2 35 56
1 36 46
2 41 33
16 24 36
2 12 24
55 55 23
58 59 22
51 69 16
34 69 9
18 32 57
47 55 30
65 74 40
4 64 10
64 74 31
52 72 28
2 33 25
5 31 22
20 57 21
9 11 7
30 67 29
34 62 42
47 48 52
1 49 41
38 44 57
41 49 10
20 59 38
15 57 44
36 56 37
27 65 5
55 71 3
33 65 42
11 58 33
10 26 60
54 62 7
43 68 46
44 53 27
60 60 23
23 69 9
2 28 17
