80 240
161
178
105
180
112
141
146
135
192
193
129
122
122
134
193
105
195
188
189
163
122
119
114
137
156
177
186
131
182
189
198
172
137
178
125
156
198
100
172
145
160
109
170
200
133
144
185
154
188
151
123
199
119
136
183
113
119
110
128
152
185
166
190
195
200
159
126
148
153
175
172
171
121
154
155
132
188
200
151
108
0 1 7
0 2 13
0 3 43
2 4 53
2 5 54
5 6 18
1 7 46
5 8 40
0 9 23
2 10 35
5 11 16
3 12 43
1 13 37
8 14 45
13 15 3
1 16 22
4 17 21
4 18 7
7 19 44
4 20 20
0 21 57
10 22 10
3 23 20
16 24 2
23 25 40
15 26 22
10 27 12
23 28 21
19 29 45
4 30 43
3 31 6
13 32 49
6 33 14
5 34 9
0 35 53
0 36 19
30 37 58
4 38 19
38 39 16
32 40 0
21 41 37
27 42 36
0 43 6
37 44 40
8 45 13
27 46 21
1 47 4
37 48 17
27 49 16
8 50 24
33 51 27
32 52 23
45 53 26
31 54 25
25 55 53
40 56 50
22 57 24
44 58 18
26 59 2
32 60 57
59 61 23
16 62 59
38 63 13
60 64 44
22 65 16
55 66 24
12 67 28
23 68 28
56 69 25
17 70 20
49 71 7
46 72 53
72 73 39
69 74 32
36 75 53
23 76 48
36 77 12
52 78 5
41 79 50
11 18 24
55 72 12
50 70 8
62 63 3
1 29 39
67 67 51
37 58 32
4 34 58
30 52 40
72 74 51
2 14 24
5 65 25
59 79 60
7 20 4
68 73 18
50 68 41
46 79 47
35 46 42
68 79 57
8 34 12
57 77 48
7 32 13
38 73 30
31 66 17
64 74 54
31 39 3
52 67 5
25 32 45
54 79 59
78 78 29
55 55 9
38 47 17
76 76 28
56 60 47
62 70 53
21 64 7
4 12 11
55 70 32
22 58 40
64 65 35
9 61 30
1 56 55
70 72 41
7 64 42
59 63 28
15 78 7
63 71 18
74 79 20
63 66 3
23 49 29
29 79 24
71 73 37
54 58 40
7 22 56
51 51 17
29 67 1
54 67 10
42 43 0
16 50 6
41 76 25
0 59 25
4 8 45
1 8 32
57 71 43
41 43 5
72 78 56
63 76 29
24 49 60
75 75 18
17 69 20
35 60 19
47 56 56
75 76 16
18 53 33
51 63 60
7 51 52
77 79 52
7 33 4
6 51 27
26 30 8
15 68 50
62 65 32
26 41 40
62 77 51
28 63 50
11 20 58
22 66 28
8 41 37
30 53 9
2 39 20
34 42 22
45 79 22
26 48 27
8 33 58
29 53 17
5 73 16
53 67 1
8 76 27
71 75 20
64 69 12
8 36 32
58 66 23
61 62 26
26 70 1
28 70 44
38 67 48
13 53 48
21 42 32
12 20 19
0 4 16
50 50 9
73 79 11
57 68 5
39 76 14
51 62 34
35 57 3
31 33 11
7 63 28
63 68 29
32 38 13
33 40 40
25 41 3
11 63 52
47 65 25
30 71 19
35 77 50
35 43 21
22 29 1
23 70 55
70 71 42
60 66 44
52 70 41
6 66 1
29 46 29
14 54 10
26 57 21
20 34 56
49 72 23
57 64 2
3 74 18
3 38 33
15 69 20
63 75 53
8 47 20
8 73 57
40 60 14
50 78 18
25 66 43
71 72 12
69 76 36
74 74 5
58 73 41
51 74 7
57 57 43
24 58 36
49 77 28
26 63 41
16 33 30
1 49 41
34 47 34
0 46 2
