240 1200
161
178
105
180
112
141
146
135
192
193
129
122
122
134
193
105
195
188
189
163
122
119
114
137
156
177
186
131
182
189
198
172
137
178
125
156
198
100
172
145
160
109
170
200
133
144
185
154
188
151
123
199
119
136
183
113
119
110
128
152
185
166
190
195
200
159
126
148
153
175
172
171
121
154
155
132
188
200
151
108
155
168
108
160
130
151
105
128
188
121
115
121
155
121
161
118
181
102
156
151
105
155
185
102
179
134
183
121
114
157
146
153
132
165
193
146
152
168
168
107
187
187
169
123
187
171
138
143
144
150
118
142
105
121
122
100
117
190
118
168
195
166
148
147
131
109
159
134
199
189
179
116
116
117
135
122
194
174
145
146
138
121
195
155
179
174
140
185
178
192
110
157
167
111
117
172
193
191
124
192
166
191
188
129
153
161
138
121
116
195
122
167
116
177
188
196
196
145
153
183
174
138
179
125
176
114
119
144
137
159
101
193
147
194
169
111
194
113
111
174
141
144
150
154
135
191
197
192
153
180
188
126
153
149
146
103
185
153
100
100
0 1 24
0 2 7
2 3 11
3 4 8
2 5 53
2 6 28
3 7 39
4 8 13
3 9 25
7 10 32
8 11 3
6 12 39
7 13 40
6 14 37
3 15 3
0 16 24
3 17 7
11 18 19
18 19 60
11 20 1
14 21 17
11 22 18
16 23 57
17 24 51
2 25 47
19 26 12
11 27 27
9 28 57
19 29 59
1 30 50
15 31 48
28 32 10
14 33 44
20 34 30
1 35 52
34 36 47
4 37 54
3 38 3
2 39 30
38 40 5
24 41 8
39 42 0
40 43 59
4 44 6
5 45 28
20 46 9
12 47 45
32 48 21
33 49 28
26 50 17
29 51 49
15 52 53
18 53 33
8 54 24
16 55 11
35 56 19
25 57 37
32 58 32
31 59 39
25 60 24
3 61 35
40 62 41
36 63 12
62 64 55
43 65 60
61 66 4
28 67 42
64 68 36
6 69 28
45 70 7
13 71 8
23 72 7
0 73 20
6 74 59
38 75 36
41 76 29
31 77 11
56 78 9
54 79 37
2 80 42
53 81 18
5 82 56
44 83 4
41 84 19
55 85 1
44 86 9
47 87 26
12 88 0
34 89 10
8 90 14
40 91 25
57 92 56
26 93 27
25 94 45
2 95 2
55 96 18
42 97 43
6 98 8
35 99 12
89 100 56
68 101 40
35 102 15
62 103 60
30 104 10
10 105 39
34 106 20
51 107 7
12 108 9
107 109 56
0 110 51
104 111 36
44 112 55
102 113 38
102 114 14
92 115 60
110 116 45
23 117 56
93 118 52
75 119 38
35 120 33
22 121 27
69 122 47
87 123 52
65 124 50
118 125 6
15 126 51
100 127 40
92 128 37
49 129 51
80 130 50
83 131 12
48 132 16
108 133 28
87 134 53
93 135 52
11 136 9
72 137 30
100 138 49
68 139 22
102 140 58
28 141 42
50 142 22
22 143 35
97 144 54
39 145 58
122 146 60
35 147 41
79 148 16
96 149 46
98 150 39
117 151 27
44 152 36
147 153 19
115 154 50
48 155 49
148 156 47
28 157 32
126 158 1
137 159 36
79 160 26
8 161 48
126 162 49
13 163 44
42 164 44
10 165 48
158 166 48
77 167 53
120 168 51
47 169 19
159 170 53
126 171 50
5 172 9
147 173 36
137 174 3
132 175 5
5 176 57
78 177 41
136 178 14
76 179 52
157 180 1
101 181 3
89 182 27
128 183 57
62 184 28
138 185 33
108 186 59
148 187 13
159 188 38
125 189 6
48 190 40
188 191 14
36 192 7
49 193 12
84 194 21
93 195 56
75 196 25
53 197 60
105 198 15
187 199 50
131 200 29
49 201 23
168 202 1
117 203 5
191 204 45
197 205 42
174 206 7
153 207 20
184 208 41
121 209 26
29 210 52
192 211 29
127 212 4
46 213 4
176 214 10
128 215 33
146 216 31
131 217 56
41 218 6
31 219 32
144 220 6
218 221 23
105 222 47
163 223 18
155 224 45
219 225 30
168 226 20
22 227 11
123 228 57
139 229 20
10 230 52
199 231 43
102 232 14
75 233 37
24 234 23
205 235 43
90 236 22
191 237 29
82 238 36
70 239 56
27 45 41
23 145 7
213 238 43
16 218 36
108 207 28
186 223 41
129 185 16
110 160 21
186 217 30
5 22 41
65 163 34
225 226 2
90 96 30
220 229 49
155 182 21
32 189 52
21 111 58
78 229 15
25 104 14
113 156 25
59 132 11
16 144 4
86 118 5
58 139 24
130 181 31
86 173 1
78 237 44
167 221 4
120 144 10
58 132 7
161 203 57
14 239 9
147 191 57
96 207 48
159 237 50
32 193 19
60 147 13
119 153 59
212 220 60
11 148 12
42 47 57
112 235 33
115 239 31
232 239 51
149 152 41
112 147 57
208 238 45
39 199 17
202 216 52
99 101 29
27 161 44
110 219 19
140 189 23
124 206 32
159 191 9
214 229 20
227 239 8
206 232 27
171 210 0
32 38 51
38 44 25
23 134 57
24 223 9
222 227 41
236 238 45
230 235 51
25 221 30
142 147 5
228 231 54
200 203 41
117 127 0
141 177 8
203 209 20
225 238 58
218 220 9
3 170 56
186 226 5
45 215 41
154 236 27
37 140 59
63 220 47
234 239 19
221 234 29
121 234 24
105 157 60
196 239 45
168 171 58
106 160 49
163 173 51
201 210 36
114 121 46
67 109 57
30 165 52
14 172 22
51 180 60
40 181 46
215 230 47
150 227 35
8 21 16
146 196 6
132 178 58
26 76 25
54 178 54
133 200 37
56 195 29
212 227 42
17 193 49
194 237 40
200 206 56
77 218 13
56 96 56
78 95 17
121 207 15
214 221 60
226 236 3
146 235 9
81 220 38
128 135 58
78 228 25
8 224 32
59 107 26
1 150 57
237 239 58
128 192 45
5 117 15
137 216 50
118 220 14
182 232 14
141 147 22
187 203 54
63 116 29
79 128 20
38 79 59
179 191 32
170 206 16
227 237 6
222 224 47
2 45 15
153 229 30
79 239 20
52 114 21
55 205 48
50 172 47
102 208 22
26 94 36
1 77 47
74 137 45
183 203 42
3 93 9
166 179 32
116 157 43
48 101 14
42 209 45
217 229 53
47 51 54
7 64 41
115 197 46
158 188 37
90 237 32
23 203 32
222 222 2
39 223 34
64 77 31
132 163 19
37 168 8
85 132 48
157 181 49
78 110 21
132 226 30
15 127 49
32 180 55
19 69 0
137 210 14
29 110 33
124 197 32
154 234 41
195 238 57
15 213 33
14 74 1
227 227 43
162 186 6
221 237 29
8 208 23
211 215 44
147 178 46
80 235 55
104 134 8
80 175 41
29 149 48
184 230 18
156 202 13
24 121 17
188 226 57
129 208 5
7 109 8
21 41 34
93 150 43
91 165 40
197 216 53
14 149 30
102 159 58
130 230 16
180 196 44
238 239 1
108 145 24
70 218 43
23 75 56
19 233 17
110 132 14
47 218 9
90 142 14
179 229 43
49 225 18
160 193 0
183 238 42
71 218 42
7 92 60
211 229 36
9 132 48
52 152 29
7 20 14
125 134 56
204 228 14
6 185 13
156 210 0
171 227 1
128 216 33
200 237 32
55 138 21
237 237 38
33 171 40
162 167 36
87 210 15
54 60 49
39 67 38
58 182 41
156 216 0
127 180 46
120 130 55
90 239 10
103 175 18
216 217 14
127 197 56
42 57 19
91 146 58
19 181 0
99 153 15
17 138 25
196 229 57
14 49 14
180 239 40
150 238 26
62 86 55
200 232 11
215 232 31
135 190 23
188 207 24
117 119 18
159 227 48
230 232 23
120 125 50
17 204 33
135 158 60
61 180 21
21 104 47
198 229 49
90 146 19
56 206 60
176 192 28
81 114 55
231 239 33
202 230 45
214 238 13
3 208 44
117 118 12
24 148 48
105 108 8
76 234 12
218 232 28
32 145 2
88 221 31
188 188 19
69 105 3
29 47 58
52 230 27
197 219 42
226 238 53
62 91 16
238 238 23
13 99 59
155 165 43
44 76 28
160 173 57
58 142 10
41 118 13
233 237 4
219 230 27
222 239 6
20 77 18
6 28 40
68 135 7
189 197 7
103 204 45
169 182 22
121 152 48
60 75 48
156 166 51
148 174 5
173 207 16
198 231 35
14 152 13
46 106 53
114 151 50
224 225 8
4 166 30
185 225 47
89 94 40
19 167 23
232 232 33
6 122 24
50 65 14
47 184 46
115 208 3
111 122 25
4 96 35
130 132 47
219 226 46
13 134 41
21 236 33
31 40 35
218 238 21
135 236 44
20 23 7
164 169 18
16 203 49
146 168 45
70 202 1
67 112 6
70 150 37
202 208 44
36 58 2
90 211 48
107 205 9
32 63 58
89 237 43
234 235 45
230 239 4
66 142 39
148 237 20
154 225 37
179 195 31
73 202 0
22 22 43
227 229 53
0 14 25
21 21 2
66 213 15
1 88 57
226 234 3
166 237 35
235 237 36
29 127 9
137 238 56
61 115 17
36 89 55
46 94 11
169 232 20
59 151 37
72 156 43
228 238 27
220 233 43
90 120 52
166 195 60
224 237 1
17 34 17
165 233 36
97 111 3
51 138 33
199 217 38
45 155 1
56 235 37
207 232 52
135 216 19
44 122 44
130 165 20
96 220 3
190 218 4
220 234 39
81 194 53
1 90 45
114 127 40
150 169 43
210 219 32
92 219 55
187 215 16
86 188 3
176 229 52
58 214 9
1 190 26
6 103 54
213 214 57
98 152 13
198 239 54
3 141 30
42 159 52
201 229 17
124 200 25
90 226 44
94 211 34
207 218 29
42 132 58
163 179 41
196 208 59
2 99 60
229 235 7
142 158 9
37 108 50
117 174 45
218 219 38
88 106 55
132 219 5
78 120 32
120 194 18
161 194 53
61 141 14
161 238 7
69 128 21
133 210 43
168 198 32
186 212 23
96 204 21
44 156 43
39 161 50
174 233 35
33 131 19
173 212 57
158 213 52
153 196 1
160 184 44
63 145 59
50 87 9
10 188 36
38 173 29
2 135 13
9 29 21
116 160 60
175 203 60
186 196 52
2 36 15
167 178 48
223 239 37
231 237 42
57 219 12
166 199 55
156 169 59
46 223 27
149 220 8
55 234 55
221 224 36
59 67 0
25 120 59
213 235 32
159 180 34
228 235 44
36 111 3
80 155 49
5 145 38
47 99 33
204 216 35
151 230 52
18 202 44
163 190 3
193 225 22
108 236 39
86 197 13
211 225 59
122 220 18
179 208 25
128 184 26
220 224 56
17 154 47
171 187 25
179 236 15
51 121 2
224 230 38
182 210 54
130 137 20
234 234 49
73 104 56
164 237 17
126 146 59
121 149 52
167 183 30
66 194 7
98 120 14
124 158 55
229 236 15
99 226 48
191 223 21
66 83 8
59 230 41
94 138 8
40 113 59
194 219 16
116 193 15
181 231 37
103 132 43
73 187 41
183 216 34
75 137 22
232 237 45
70 153 14
182 200 39
116 163 11
141 215 37
20 238 51
21 95 26
230 231 6
99 176 12
229 234 28
126 206 24
93 108 55
82 99 5
94 161 35
85 206 21
62 219 45
51 212 2
190 232 19
51 234 29
207 216 0
98 213 23
227 235 40
169 213 8
13 237 1
215 239 39
229 230 5
130 209 46
167 197 49
56 185 13
59 94 50
68 235 52
92 213 31
153 197 24
25 178 30
235 239 24
218 237 15
225 236 48
179 219 23
105 184 27
154 198 45
215 224 45
22 33 55
143 192 31
101 134 30
155 185 40
162 169 21
29 172 32
150 195 17
101 125 40
146 203 56
195 227 33
72 159 28
109 115 24
41 231 29
199 219 57
131 222 10
167 202 6
49 128 28
0 187 6
202 206 14
203 226 6
101 206 12
36 149 24
27 52 8
106 155 3
212 231 56
207 210 8
126 134 29
7 201 36
157 172 57
19 171 6
180 216 39
38 230 11
108 201 1
15 88 55
7 51 56
23 73 44
127 166 52
40 86 48
121 131 59
68 74 26
105 132 24
224 233 54
199 239 2
198 199 25
128 141 18
3 171 19
211 227 40
221 235 49
115 214 57
67 96 38
77 235 17
220 228 41
189 236 4
75 224 8
158 227 5
167 179 42
221 233 60
42 238 0
82 207 15
200 222 16
192 202 31
70 234 33
64 212 19
127 175 31
79 133 39
95 105 54
105 235 17
208 232 41
9 185 15
74 165 10
70 73 33
27 103 59
203 234 24
188 236 33
98 228 39
17 20 39
45 87 54
195 209 11
152 201 33
126 154 38
103 238 12
10 17 47
24 35 50
210 218 20
171 190 25
109 140 4
79 126 54
221 230 42
118 184 3
170 232 36
139 167 31
214 219 60
153 195 20
114 234 23
166 185 56
139 236 53
68 209 24
112 161 52
44 85 22
178 219 39
56 128 24
154 239 21
201 207 1
192 201 50
121 222 4
126 143 38
34 91 10
191 239 16
24 190 0
82 85 24
7 213 11
182 188 47
111 200 42
138 237 44
68 82 35
207 230 50
161 225 55
205 219 38
143 229 44
59 146 31
49 178 51
223 236 26
136 224 50
46 49 49
161 234 43
107 149 51
125 139 17
184 231 55
145 196 40
179 186 27
20 225 39
64 86 10
12 114 49
229 232 56
170 201 5
89 147 30
4 70 33
218 227 21
60 161 26
21 117 2
154 206 39
187 209 33
185 236 41
120 221 41
64 100 7
88 117 22
75 161 39
184 209 15
122 139 4
98 106 0
35 170 41
131 208 40
31 199 17
124 199 43
21 64 41
149 173 18
75 174 57
14 30 47
76 173 20
217 239 26
15 104 26
134 232 27
123 217 52
116 125 53
68 160 25
170 223 58
172 187 41
62 153 36
77 105 30
214 236 57
161 204 26
211 238 37
159 194 29
234 238 42
33 108 29
221 223 47
174 186 35
187 197 49
93 204 19
211 234 7
136 162 10
203 235 38
85 236 27
100 153 43
231 233 58
31 38 49
76 208 29
24 56 27
74 127 5
118 161 6
184 218 25
36 130 28
159 214 54
135 207 10
57 78 19
60 164 16
1 211 19
101 114 26
230 233 35
128 180 35
151 167 12
157 198 41
119 210 59
196 220 58
134 187 9
130 177 51
58 210 8
194 216 27
156 176 17
80 134 42
125 197 0
76 113 59
207 231 24
56 220 58
178 184 12
96 164 53
131 193 25
171 205 20
171 209 30
189 189 28
170 191 19
62 156 40
115 148 49
212 226 37
161 224 43
57 205 28
134 180 36
62 136 16
12 140 23
2 70 49
40 123 37
73 93 12
75 205 10
134 183 10
75 87 55
226 230 8
10 186 11
190 196 15
229 239 3
214 227 9
63 126 8
0 27 56
2 103 56
81 183 0
163 232 57
76 150 57
172 234 39
66 127 36
182 227 14
212 215 43
216 237 13
115 202 33
45 193 17
65 224 42
195 217 56
162 178 51
184 191 27
139 197 46
71 116 14
163 164 53
222 230 42
144 166 31
87 152 4
132 150 57
65 134 22
182 217 14
20 206 51
236 239 59
7 162 21
79 81 11
101 112 11
97 233 25
30 206 49
44 62 48
102 238 41
139 224 46
33 55 10
163 202 33
38 94 20
17 95 53
69 77 50
71 136 22
55 220 14
60 100 59
199 218 41
132 166 23
162 176 45
65 86 22
137 237 14
43 83 2
63 88 41
130 193 7
2 206 39
6 23 13
189 198 45
71 74 20
144 189 51
19 110 15
49 144 11
52 63 44
160 194 21
216 232 57
178 187 16
40 67 29
203 206 39
143 208 2
136 235 28
211 233 30
4 75 37
42 218 44
11 202 58
157 214 27
84 139 47
69 190 50
194 226 3
228 230 4
120 184 18
213 224 45
25 144 24
235 236 10
181 202 50
169 176 3
119 205 45
150 150 32
209 213 49
181 235 40
117 163 2
190 201 41
200 221 44
34 157 31
119 228 33
229 238 21
192 207 7
86 135 32
54 192 10
61 162 20
170 231 9
68 89 3
163 191 25
67 110 43
101 232 24
4 117 49
48 81 8
175 206 33
191 238 5
168 195 40
143 153 23
115 189 46
15 209 7
87 99 23
76 193 35
50 162 45
127 211 31
122 229 59
93 103 50
181 200 7
93 237 6
106 230 38
165 238 23
99 135 52
33 190 33
4 208 47
84 125 48
54 220 8
115 115 60
58 198 26
172 210 46
79 154 60
217 234 18
164 193 17
23 225 51
7 200 34
214 231 48
66 222 36
17 106 6
5 184 8
217 235 41
41 117 24
128 176 32
112 165 60
63 137 13
117 201 9
113 160 57
18 187 41
2 49 60
216 231 52
170 188 35
56 160 41
135 233 41
170 227 46
33 159 42
213 219 32
219 234 30
225 237 6
21 229 43
232 235 22
7 132 60
106 140 8
1 232 22
167 229 21
81 217 27
113 150 49
199 210 49
27 93 53
42 182 21
215 216 36
4 174 53
126 196 49
143 170 12
215 222 23
