110 550
178
141
102
149
104
146
157
128
172
155
193
200
162
125
124
169
117
108
181
161
114
181
126
103
113
138
169
149
138
164
151
158
135
146
136
167
133
156
197
157
185
189
128
139
135
128
173
170
120
126
129
113
112
197
163
156
134
140
128
177
166
133
189
118
107
141
108
125
196
115
146
166
152
176
168
105
141
126
186
116
170
200
104
132
162
178
107
122
108
181
197
135
173
114
147
113
116
196
163
180
141
139
104
163
182
192
158
108
137
164
0 1 0
1 2 8
0 3 21
1 4 22
2 5 35
3 6 11
2 7 3
0 8 53
0 9 47
4 10 56
7 11 3
6 12 21
5 13 3
3 14 44
14 15 1
3 16 51
0 17 45
0 18 34
11 19 18
14 20 55
10 21 27
15 22 14
17 23 52
19 24 49
9 25 44
20 26 2
18 27 34
18 28 59
9 29 29
27 30 28
30 31 33
27 32 4
13 33 32
20 34 8
24 35 28
34 36 57
0 37 34
3 38 48
4 39 46
5 40 50
14 41 0
16 42 53
20 43 15
39 44 52
35 45 32
32 46 9
3 47 6
44 48 6
21 49 25
8 50 12
49 51 16
42 52 58
43 53 46
34 54 46
14 55 55
48 56 29
23 57 58
56 58 55
51 59 60
48 60 57
30 61 51
37 62 56
39 63 2
45 64 40
50 65 35
22 66 10
65 67 29
54 68 50
7 69 46
35 70 34
33 71 3
44 72 33
36 73 5
63 74 24
27 75 26
46 76 10
50 77 38
30 78 10
47 79 55
38 80 16
63 81 28
53 82 36
37 83 16
37 84 48
83 85 53
17 86 19
20 87 44
77 88 18
74 89 12
24 90 17
49 91 58
12 92 42
33 93 55
26 94 20
66 95 44
67 96 5
82 97 42
96 98 50
51 99 25
95 100 2
96 101 40
92 102 10
33 103 1
52 104 11
94 105 42
6 106 50
19 107 59
15 108 42
78 109 0
74 105 1
2 53 24
65 81 25
85 106 43
73 87 45
65 78 49
76 109 29
0 103 4
7 23 32
92 109 2
52 102 47
99 102 0
85 97 8
14 97 7
76 102 51
43 94 30
4 27 55
56 85 48
91 94 48
31 75 1
70 85 7
56 103 6
104 107 7
89 95 13
39 40 31
73 99 35
5 61 9
27 40 53
45 53 45
29 92 25
27 97 50
96 106 54
84 102 57
69 104 37
29 105 1
37 97 53
41 48 41
98 109 55
54 95 57
52 65 12
30 32 8
9 76 7
33 61 24
90 94 42
80 106 21
82 93 42
35 95 17
100 105 48
79 105 26
1 65 39
37 52 10
101 105 9
56 67 7
100 109 58
107 109 32
1 80 58
54 79 21
91 109 33
96 103 31
4 68 16
20 83 6
77 104 2
100 102 15
5 108 37
49 70 3
98 99 18
24 34 53
46 78 48
72 78 21
39 99 19
16 48 15
46 106 28
42 83 27
77 87 13
24 55 58
102 108 59
26 108 54
88 108 51
32 102 8
28 79 20
73 109 42
79 94 60
94 102 21
28 54 43
32 63 12
81 89 34
78 101 26
80 83 60
50 88 40
10 54 3
48 100 60
97 102 18
37 92 22
86 102 19
49 105 49
64 107 55
101 104 17
63 107 8
17 87 21
12 104 47
41 70 51
0 58 60
70 95 4
105 109 26
67 70 39
83 103 8
77 93 15
12 54 37
72 73 33
10 69 18
73 89 17
53 96 57
6 37 49
18 38 26
15 43 2
37 57 41
54 84 17
81 87 33
54 92 48
6 75 50
21 48 0
40 41 9
49 85 46
40 82 43
91 104 18
1 40 30
61 107 44
52 106 1
34 95 17
4 79 42
14 50 55
69 96 40
79 96 12
33 49 60
25 101 34
39 58 15
87 102 44
98 102 54
91 107 26
1 84 3
26 101 20
106 108 40
57 67 49
62 93 43
36 91 3
13 85 40
2 3 47
25 63 30
47 105 10
1 5 0
51 90 54
60 106 13
47 49 46
91 91 46
59 95 5
9 81 51
80 87 55
54 101 2
21 85 58
21 90 42
67 75 19
92 104 42
14 109 19
89 104 21
4 71 28
72 79 25
1 92 25
92 106 31
80 90 34
5 60 59
16 38 15
40 97 6
108 109 36
10 48 8
65 68 34
101 101 9
9 55 30
33 91 4
37 76 6
73 96 32
26 43 34
86 104 49
90 92 59
75 81 43
56 96 37
102 105 12
32 103 44
93 103 39
98 105 46
3 94 10
65 100 10
42 57 41
57 81 51
108 108 11
34 84 36
1 25 11
61 86 8
86 108 40
78 90 53
38 75 54
48 69 46
72 89 11
78 79 12
16 34 34
54 67 15
73 94 16
18 97 43
5 57 41
18 58 48
96 108 24
5 38 19
27 56 51
84 104 49
55 67 25
61 87 22
58 87 12
0 7 3
59 69 59
66 105 22
103 104 26
31 77 35
49 58 1
29 35 37
94 106 57
43 75 24
50 91 15
6 76 41
14 56 34
29 56 52
10 26 40
25 65 59
37 72 8
48 67 8
50 89 21
58 102 49
53 83 44
29 50 13
77 108 18
31 93 46
48 103 25
72 98 18
1 30 10
97 101 29
74 94 60
102 106 53
32 74 21
61 80 57
44 45 59
11 48 33
4 48 25
85 87 47
93 109 17
27 57 44
79 81 56
100 106 39
27 47 53
37 106 43
49 83 7
53 73 33
49 86 31
69 102 3
52 99 48
104 104 10
86 87 36
39 91 10
50 99 18
61 70 41
24 95 60
65 92 7
62 68 44
69 101 23
49 59 38
57 82 55
65 74 24
8 9 38
49 72 22
7 105 6
21 69 52
22 63 17
26 29 15
36 103 11
1 105 56
55 90 26
20 20 32
61 102 39
6 71 12
32 33 26
23 47 44
43 73 59
27 107 34
63 70 46
19 46 53
39 90 38
71 99 43
80 98 43
4 97 44
93 105 23
24 67 28
26 98 39
84 88 39
39 68 10
104 105 32
46 62 7
85 96 10
77 90 36
1 22 50
61 99 5
84 98 10
27 94 14
76 79 3
35 72 36
3 50 16
102 103 58
0 20 30
10 92 42
31 83 48
23 28 59
2 73 22
43 58 57
94 97 54
105 107 41
35 97 53
56 72 59
19 98 24
82 105 58
26 65 47
94 96 36
3 85 7
36 49 59
3 13 22
45 89 35
44 68 10
13 61 34
41 109 59
1 100 31
58 96 33
63 66 53
50 106 43
57 96 44
100 103 18
19 59 23
105 108 28
41 88 1
9 66 28
65 103 9
72 85 5
94 109 59
62 88 57
89 99 56
32 47 22
98 107 0
104 106 42
28 39 40
24 38 48
107 107 15
75 98 14
49 57 19
33 58 28
90 101 33
51 94 48
76 98 56
82 92 37
70 83 39
18 72 8
9 82 36
95 101 2
27 74 47
83 99 1
91 103 39
35 105 17
83 100 6
73 107 27
68 82 43
70 90 26
67 106 37
92 97 21
46 95 45
78 84 28
36 63 2
10 109 60
3 56 59
74 103 15
22 75 42
100 100 22
66 107 30
71 96 35
61 83 32
41 51 5
61 106 59
99 106 4
77 80 5
87 108 16
38 87 31
27 104 10
0 57 42
47 61 27
50 71 40
74 76 59
56 79 5
0 74 54
9 12 51
73 78 36
19 27 26
63 63 34
10 101 54
30 84 17
100 104 42
85 95 12
67 103 41
67 93 16
63 103 8
63 104 27
8 56 22
42 99 0
39 105 42
42 65 39
53 56 6
7 17 27
20 104 24
34 88 19
68 89 23
32 35 43
37 81 57
22 42 41
25 84 47
49 97 15
107 108 30
25 26 3
29 104 10
0 32 12
53 95 57
36 37 23
51 68 1
30 30 1
22 31 58
5 103 40
38 102 33
84 86 27
64 87 24
43 81 32
105 106 24
