40 120
145
125
164
106
139
197
170
197
190
195
179
126
137
123
179
188
114
171
115
136
193
153
131
193
100
164
112
106
157
142
155
160
154
181
196
137
181
118
163
196
0 1 50
0 2 57
0 3 11
3 4 10
3 5 3
2 6 15
6 7 7
4 8 40
3 9 44
9 10 6
0 11 23
10 12 48
6 13 3
5 14 31
10 15 21
11 16 37
6 17 48
13 18 37
14 19 21
14 20 48
8 21 0
2 22 14
3 23 45
7 24 40
5 25 15
4 26 16
26 27 56
6 28 12
8 29 59
28 30 47
26 31 45
9 32 51
14 33 36
33 34 32
20 35 42
16 36 12
13 37 50
2 38 41
17 39 12
33 36 33
7 38 28
3 30 26
35 38 37
34 39 30
19 37 26
13 35 28
25 39 23
16 21 39
11 39 27
18 27 38
25 34 30
25 25 30
8 12 21
17 36 32
18 33 31
22 27 9
34 37 39
22 30 34
15 36 46
20 29 37
17 30 27
16 29 13
26 38 56
9 11 10
16 30 23
31 35 60
23 36 49
1 17 60
33 37 19
35 35 26
1 35 41
25 28 34
37 39 39
2 27 45
7 34 47
35 39 0
32 37 12
0 12 9
23 29 11
29 39 35
24 35 6
21 28 27
3 10 1
32 32 52
7 30 59
12 24 14
18 29 51
0 21 24
13 19 54
11 15 50
24 39 56
16 22 13
15 32 51
27 39 19
28 29 50
13 36 17
10 33 50
4 29 55
2 18 4
19 23 11
0 10 46
15 38 42
33 33 38
10 28 12
36 36 32
4 32 42
36 39 18
38 39 34
11 17 21
31 36 5
12 17 49
2 29 34
15 26 40
17 20 4
12 12 29
6 39 25
13 26 10
27 28 16
26 33 27
12 15 3
