120 600
178
132
172
170
121
120
150
178
196
136
117
171
124
109
114
126
102
195
197
174
108
129
106
193
153
141
181
137
111
124
148
122
159
145
140
149
177
107
113
172
123
192
100
191
123
138
113
148
132
154
113
114
105
123
142
150
158
165
106
149
190
177
100
113
169
198
154
118
179
189
140
136
154
161
160
101
116
186
196
156
148
156
185
173
174
104
151
182
117
197
176
193
172
119
156
116
193
155
170
194
184
138
180
100
146
198
197
106
156
193
160
137
145
172
141
143
105
116
193
163
0 1 2
0 2 8
0 3 30
1 4 57
1 5 46
2 6 56
5 7 15
7 8 35
5 9 4
9 10 50
9 11 40
6 12 28
3 13 0
1 14 33
12 15 14
9 16 21
5 17 24
5 18 51
0 19 27
2 20 55
12 21 26
2 22 34
3 23 45
4 24 16
22 25 38
18 26 5
9 27 43
26 28 1
21 29 33
5 30 46
14 31 36
20 32 27
5 33 34
2 34 32
12 35 32
23 36 52
2 37 13
6 38 59
13 39 58
30 40 50
31 41 59
36 42 22
12 43 10
16 44 39
6 45 54
18 46 42
6 47 38
15 48 53
28 49 52
38 50 31
50 51 54
34 52 33
28 53 24
18 54 41
25 55 55
28 56 48
27 57 48
2 58 4
18 59 26
14 60 59
43 61 40
22 62 34
18 63 2
21 64 0
18 65 26
15 66 59
56 67 16
10 68 51
37 69 5
61 70 10
39 71 46
8 72 17
28 73 50
31 74 2
15 75 47
44 76 6
30 77 37
34 78 18
16 79 16
4 80 19
54 81 60
40 82 8
60 83 3
71 84 57
77 85 56
31 86 26
50 87 32
28 88 56
61 89 48
49 90 9
74 91 13
81 92 21
45 93 24
0 94 49
30 95 14
63 96 45
80 97 19
8 98 2
95 99 23
49 100 58
8 101 2
91 102 41
47 103 13
77 104 5
64 105 6
86 106 26
87 107 1
33 108 45
93 109 46
89 110 0
25 111 32
76 112 51
18 113 8
95 114 19
63 115 39
94 116 32
85 117 10
100 118 54
36 119 24
37 85 19
45 99 60
106 119 59
67 117 10
36 50 4
72 114 8
33 56 42
4 111 27
102 114 9
98 107 44
34 76 42
45 84 39
96 116 48
59 86 51
62 104 26
36 72 15
73 74 52
25 98 30
105 112 58
41 99 0
64 75 45
113 119 33
61 88 8
60 67 19
71 93 20
55 92 2
59 118 34
99 116 18
8 105 11
55 73 18
60 101 15
17 84 59
11 65 59
85 108 30
53 61 50
114 116 34
117 118 41
99 101 11
7 34 13
36 100 50
83 101 49
104 115 45
84 88 5
45 89 23
21 89 54
67 88 6
96 104 30
23 83 14
45 106 12
60 71 15
72 118 57
47 108 3
90 104 6
13 105 19
34 42 54
44 49 59
55 61 27
118 118 17
66 97 47
57 84 42
77 84 39
86 102 38
78 90 8
23 48 60
39 98 17
5 94 41
48 81 47
13 112 8
24 59 36
93 107 48
13 45 5
74 95 11
25 61 34
51 85 1
89 97 29
31 44 55
10 60 30
111 118 32
97 109 22
10 85 42
81 102 19
76 97 60
63 88 35
78 109 44
78 102 54
52 63 39
23 65 0
40 98 39
65 117 20
112 119 10
91 108 18
29 57 37
48 84 35
88 95 28
83 109 58
105 111 0
1 47 23
95 117 23
85 85 19
65 85 26
47 97 42
47 48 17
71 88 31
82 83 41
44 113 29
50 56 58
37 93 36
22 22 7
78 79 4
52 73 42
75 77 2
46 111 26
60 111 23
103 117 5
104 116 27
46 84 43
29 44 19
24 36 36
69 73 14
88 119 35
50 107 8
6 71 57
26 67 8
94 95 18
53 110 0
37 92 7
106 114 42
104 108 30
61 64 37
3 9 9
100 106 13
29 100 46
99 109 11
16 71 56
51 108 10
4 39 23
62 77 17
50 54 45
110 118 51
66 75 29
60 96 19
8 13 47
23 39 8
37 90 24
96 97 53
15 24 31
56 91 7
36 106 36
89 115 49
83 88 26
107 113 39
36 60 18
30 30 21
85 109 23
7 84 28
70 96 20
71 77 57
17 99 17
79 117 43
32 34 45
15 56 39
109 114 35
92 98 15
97 108 48
30 94 3
107 115 17
1 74 57
33 87 54
92 100 19
100 101 2
9 104 24
49 76 29
112 114 54
35 80 26
76 114 43
12 28 1
71 90 18
93 110 35
77 94 36
35 53 11
101 114 31
100 110 51
14 108 23
5 72 51
68 106 21
110 114 49
15 80 29
3 38 27
98 104 40
74 108 12
55 75 50
89 96 31
102 117 20
34 93 25
68 79 41
39 117 45
95 112 38
57 107 49
0 78 59
91 105 46
49 69 4
117 119 41
0 8 31
91 118 15
9 74 38
94 115 19
1 67 7
38 64 33
83 117 44
65 67 8
37 39 4
83 90 52
37 55 28
76 84 20
26 38 52
15 59 51
83 110 3
43 78 25
19 46 10
76 76 51
77 99 21
106 115 6
3 108 1
101 102 50
62 85 4
33 73 24
82 85 58
57 103 25
79 100 2
94 94 21
108 115 20
59 76 10
22 43 10
90 114 16
62 67 29
57 99 55
118 119 36
9 55 29
51 104 2
39 99 6
15 98 9
83 111 50
29 82 47
51 59 29
66 107 31
52 58 31
40 97 29
40 103 13
66 104 22
76 113 45
59 74 26
66 110 27
65 73 54
100 114 22
3 61 0
62 111 30
23 81 48
19 25 28
100 109 43
2 28 10
55 117 39
114 117 50
30 55 15
26 71 44
24 78 23
21 30 30
114 119 51
54 99 28
11 88 2
53 101 44
71 82 18
45 80 19
9 54 30
111 113 16
99 99 32
70 107 45
32 79 50
21 85 5
24 46 60
88 90 48
29 87 20
89 106 37
64 74 1
95 109 60
88 117 34
92 96 2
48 101 49
1 61 47
0 116 16
98 100 13
82 94 50
10 27 44
60 77 39
2 104 24
40 57 14
26 82 59
43 115 45
105 109 55
57 88 39
84 113 35
43 110 20
86 105 15
23 41 22
22 29 31
94 114 31
82 107 31
13 64 3
92 106 29
73 103 60
2 53 35
46 86 30
62 63 48
90 94 54
11 43 50
41 58 17
0 63 25
80 86 42
91 114 19
31 93 36
112 117 15
23 57 49
68 103 5
0 86 29
104 111 59
30 104 29
86 117 16
75 103 30
76 83 13
3 75 53
85 107 60
6 43 53
36 63 34
86 96 31
72 116 24
7 64 38
73 118 15
63 67 34
93 119 28
92 102 9
44 62 14
104 114 17
27 87 26
21 97 32
107 117 49
64 111 25
10 37 34
31 82 32
91 116 33
112 112 26
89 92 22
88 114 1
74 107 15
49 57 57
109 116 6
30 92 48
95 95 43
82 116 39
39 95 6
101 115 9
89 116 56
65 65 3
113 114 17
66 69 49
62 98 38
18 111 42
13 89 6
61 101 17
47 49 55
77 82 1
84 100 46
108 118 28
46 109 29
93 98 5
28 48 14
110 110 19
87 95 34
66 90 47
55 87 8
33 41 16
73 104 47
66 116 9
31 54 49
92 113 31
83 107 8
78 99 8
75 82 37
45 114 12
5 66 49
82 92 41
109 111 2
81 101 52
93 94 32
92 109 32
41 109 48
15 99 43
80 110 41
37 54 52
90 118 7
104 118 2
96 96 52
113 117 30
56 99 41
79 85 60
26 27 55
34 74 37
51 98 55
58 72 11
68 84 4
30 56 20
47 55 6
102 109 33
101 107 45
9 58 29
102 110 44
40 105 10
97 115 2
9 63 37
78 103 45
3 85 42
12 36 31
31 114 60
26 83 17
40 107 8
84 102 39
92 93 3
28 63 7
7 38 58
76 115 42
82 108 45
99 114 0
86 118 52
40 99 52
78 117 45
90 112 35
77 110 57
115 117 15
48 67 49
11 104 21
16 70 46
89 108 1
1 56 35
62 75 20
42 100 47
23 51 1
42 116 19
35 73 45
67 92 5
38 76 60
3 8 7
14 49 32
64 116 22
98 98 36
102 119 31
69 77 23
80 80 18
66 113 47
22 83 7
60 112 43
78 80 60
85 116 7
25 119 27
115 115 30
49 109 37
54 56 55
11 86 49
101 117 28
60 75 4
11 51 26
31 57 38
19 91 22
25 103 3
8 23 16
83 99 22
40 110 50
53 87 15
43 47 52
62 112 15
64 80 35
44 83 44
23 45 15
51 82 33
