200 1000
179
109
159
165
140
114
184
200
175
134
165
118
112
154
200
173
112
132
183
145
137
125
169
114
154
123
156
164
143
120
159
197
172
116
155
107
128
181
162
100
195
109
139
200
185
120
139
158
142
149
156
176
104
126
110
149
105
140
117
121
170
192
142
139
129
180
128
187
200
155
131
117
110
103
135
192
172
121
177
158
153
173
150
138
182
170
168
152
142
152
180
138
112
197
145
134
179
156
103
122
134
178
101
146
157
133
102
186
198
117
159
104
171
141
124
109
108
103
175
118
122
196
122
190
121
196
161
156
198
114
154
171
166
131
103
188
108
154
167
142
132
186
145
185
129
141
200
175
106
196
152
175
130
139
118
104
106
122
152
112
190
123
161
145
148
169
137
152
148
179
139
143
131
105
194
199
167
125
142
200
113
162
175
196
196
128
146
198
196
125
154
171
180
157
159
105
189
118
130
154
0 1 55
0 2 10
2 3 51
3 4 29
3 5 20
2 6 36
0 7 17
3 8 15
2 9 23
3 10 27
9 11 49
4 12 32
9 13 58
5 14 13
3 15 3
11 16 60
9 17 30
3 18 54
13 19 36
3 20 57
0 21 11
10 22 6
13 23 51
9 24 41
3 25 1
25 26 15
13 27 40
8 28 9
7 29 38
11 30 37
11 31 46
14 32 60
9 33 33
22 34 21
32 35 9
23 36 58
26 37 31
26 38 8
11 39 55
2 40 5
23 41 41
16 42 6
12 43 18
1 44 8
18 45 36
6 46 60
16 47 18
12 48 47
6 49 35
44 50 9
5 51 34
39 52 7
40 53 25
49 54 52
11 55 10
2 56 19
22 57 37
0 58 51
4 59 18
43 60 38
3 61 56
42 62 14
5 63 41
13 64 48
62 65 29
4 66 21
29 67 48
15 68 60
23 69 58
52 70 18
53 71 41
10 72 22
42 73 50
36 74 41
27 75 53
40 76 30
25 77 36
18 78 7
23 79 46
11 80 19
76 81 34
46 82 15
56 83 5
76 84 50
40 85 7
54 86 5
28 87 58
55 88 58
45 89 18
59 90 41
27 91 19
70 92 51
90 93 21
59 94 33
91 95 13
30 96 48
35 97 39
61 98 50
52 99 30
31 100 43
43 101 20
37 102 48
1 103 42
17 104 51
27 105 28
23 106 9
71 107 3
68 108 33
13 109 46
41 110 31
81 111 4
91 112 44
17 113 54
92 114 53
5 115 30
4 116 26
42 117 41
29 118 2
22 119 6
84 120 6
67 121 6
2 122 25
122 123 25
114 124 48
19 125 45
51 126 54
29 127 4
81 128 52
19 129 42
53 130 8
78 131 30
60 132 28
45 133 2
119 134 18
64 135 17
8 136 39
106 137 31
115 138 17
0 139 53
80 140 14
115 141 51
17 142 3
133 143 14
90 144 43
65 145 6
7 146 29
109 147 19
3 148 38
41 149 38
15 150 21
124 151 44
41 152 19
58 153 42
22 154 56
128 155 60
71 156 31
71 157 34
117 158 8
99 159 33
37 160 43
108 161 6
0 162 36
86 163 1
117 164 18
157 165 15
84 166 19
23 167 11
92 168 29
81 169 32
77 170 31
24 171 42
10 172 18
97 173 12
56 174 41
147 175 31
4 176 25
98 177 36
173 178 23
47 179 0
98 180 42
80 181 28
93 182 47
36 183 26
105 184 8
127 185 14
105 186 25
19 187 18
111 188 4
15 189 60
53 190 30
55 191 32
63 192 34
5 193 27
125 194 32
88 195 11
176 196 41
54 197 55
139 198 23
146 199 38
79 82 28
130 164 34
190 192 0
169 184 3
157 197 9
187 188 56
5 97 2
17 67 32
87 131 26
138 157 28
133 149 60
113 187 24
98 141 22
9 146 35
120 160 49
87 175 35
156 182 26
96 187 20
178 195 10
194 197 8
122 184 40
88 172 57
73 155 45
27 30 4
189 195 42
93 111 28
141 184 28
168 185 59
35 187 13
91 198 20
94 191 1
135 165 48
13 114 55
46 114 9
120 146 30
157 182 28
58 89 19
76 141 28
107 157 48
18 81 57
172 192 0
2 108 18
78 89 14
37 77 35
50 141 23
30 169 41
91 194 40
82 160 55
124 142 20
40 185 21
193 196 34
139 139 11
34 169 45
181 184 44
19 180 7
89 174 41
140 145 1
78 117 33
103 109 57
0 94 38
43 174 25
44 116 26
113 156 12
112 168 59
113 131 47
76 77 7
62 93 15
139 185 50
32 72 37
47 103 57
25 59 23
34 183 4
57 108 17
117 161 18
4 137 8
109 156 0
192 198 45
13 139 31
124 146 28
6 119 1
147 181 59
171 176 52
133 197 51
146 149 23
75 138 35
99 152 17
38 50 0
39 157 44
163 195 44
185 187 17
14 156 3
55 194 35
62 157 48
108 172 22
74 83 39
77 126 58
59 137 51
32 181 5
95 161 24
96 104 1
40 45 51
154 180 27
173 198 2
121 151 46
109 181 59
178 186 47
71 141 18
129 185 44
51 143 5
185 199 50
169 179 22
106 142 20
173 175 52
28 86 55
87 158 23
22 156 28
129 177 0
93 157 28
171 179 8
66 75 56
21 44 36
39 193 14
65 119 24
88 122 10
195 199 38
133 168 22
180 186 5
178 196 20
47 116 50
30 176 23
20 89 35
107 138 56
82 131 43
37 142 57
47 49 7
183 190 58
103 172 35
27 73 37
21 21 31
99 198 8
67 181 2
117 122 5
74 170 49
144 176 22
89 179 49
164 170 36
188 192 56
49 80 38
140 161 49
85 146 0
171 177 45
194 196 35
56 92 38
164 179 28
56 128 17
46 159 13
19 91 14
90 165 45
49 127 40
86 90 48
89 127 10
57 174 21
88 137 56
114 198 23
66 155 16
123 188 28
29 56 4
105 162 17
155 183 42
17 100 39
94 190 52
188 193 17
20 57 47
96 116 44
183 191 1
52 184 40
5 188 10
55 171 3
120 121 2
63 81 37
133 175 40
29 131 5
185 191 17
74 136 39
153 186 12
159 190 33
90 151 31
86 102 9
10 15 21
160 166 42
85 99 2
8 49 58
89 129 19
83 170 3
50 115 32
90 98 7
123 144 15
98 118 57
132 178 19
16 27 2
32 182 4
19 197 49
114 172 51
110 183 15
177 182 33
34 127 7
18 137 14
160 164 13
97 194 54
5 120 38
154 173 19
62 198 18
101 130 55
120 143 3
131 133 58
191 191 7
160 190 11
144 165 50
23 136 56
101 128 39
160 170 6
102 103 40
112 150 21
78 140 60
104 187 37
58 194 13
190 194 42
131 163 27
86 196 26
186 191 19
71 79 13
196 199 15
60 155 8
157 170 16
126 170 28
185 197 56
32 148 40
41 75 7
160 192 39
75 91 4
170 187 59
31 125 59
21 135 6
173 199 46
64 120 27
73 120 3
137 181 27
32 114 57
37 64 26
165 190 29
24 44 50
36 195 8
77 119 41
52 103 31
66 163 41
4 44 37
174 198 32
103 176 38
115 120 51
189 192 16
138 166 43
35 82 14
100 180 59
194 199 45
165 177 27
191 193 36
190 195 60
123 187 0
40 187 19
20 60 24
46 197 49
21 78 3
6 88 37
153 199 13
101 166 17
84 196 5
118 141 4
45 56 24
14 185 0
172 188 3
112 185 16
19 127 44
7 42 48
25 137 12
66 146 6
44 188 34
28 187 24
85 169 11
83 118 51
16 131 17
134 170 5
71 96 18
147 155 44
108 115 3
71 104 33
156 160 44
165 193 58
195 195 37
12 91 4
159 164 59
36 178 34
108 196 39
18 90 4
92 149 51
85 101 5
145 150 34
80 100 35
103 117 30
150 192 43
144 190 21
122 143 53
80 135 7
159 186 16
159 188 60
186 193 8
46 68 50
29 135 26
99 132 4
83 183 58
141 162 24
19 177 5
29 68 52
192 195 18
131 158 25
37 44 29
89 166 38
143 199 40
44 115 23
93 154 17
100 139 21
60 174 28
56 199 48
163 182 13
73 195 59
114 197 0
80 193 24
24 154 18
197 199 12
150 151 31
8 48 15
151 195 46
27 134 15
16 126 30
174 193 44
142 168 14
169 169 36
178 179 27
27 159 55
41 76 30
146 182 10
147 194 26
150 198 52
101 151 34
156 187 21
24 51 57
16 181 43
76 192 5
198 199 59
41 133 30
42 114 38
16 153 16
145 194 18
102 144 38
134 163 19
97 171 29
0 20 22
136 189 39
124 170 58
132 132 20
65 91 56
146 193 15
67 97 55
17 51 59
29 100 7
147 162 27
172 195 10
44 133 34
65 150 1
189 197 34
145 146 49
32 147 52
151 190 16
66 115 30
35 49 40
67 71 48
162 164 47
163 173 4
188 196 23
152 165 1
22 123 21
80 164 38
26 64 2
84 149 55
143 184 58
142 160 5
14 41 16
189 198 17
59 110 3
184 187 42
4 120 46
39 42 13
136 155 29
29 55 3
102 160 54
49 181 37
114 168 38
170 197 8
187 199 38
108 147 40
72 198 60
55 118 49
188 198 60
2 67 42
79 139 7
125 192 16
109 150 3
160 178 52
83 86 5
114 123 19
128 191 46
16 63 52
54 109 11
186 189 50
193 199 12
27 52 11
36 162 34
192 194 59
191 199 19
193 198 60
186 190 49
176 189 17
94 143 42
0 31 7
185 194 34
175 181 39
31 186 23
137 140 32
136 182 9
36 43 26
20 82 52
150 188 15
71 103 57
130 134 26
93 187 4
4 76 54
179 191 12
48 158 49
84 128 48
69 87 21
127 176 13
53 70 15
62 183 49
87 129 53
7 116 2
167 181 41
48 94 29
80 131 12
54 75 30
10 135 7
95 156 55
137 174 7
39 89 34
92 145 37
15 192 8
176 176 0
22 59 26
10 129 25
21 77 7
144 161 57
78 159 15
40 114 5
107 175 0
94 148 16
109 177 26
2 115 41
47 174 52
1 8 6
4 154 39
187 195 23
100 165 5
145 178 19
121 139 3
116 154 29
19 124 16
168 173 27
174 182 2
10 34 38
55 111 27
173 188 34
25 107 28
178 191 26
166 169 3
108 151 18
5 128 22
195 196 20
149 154 17
8 163 25
41 66 25
86 174 30
8 18 19
156 190 41
125 198 31
23 47 32
158 171 1
112 183 17
68 72 12
128 186 4
159 160 58
41 91 43
138 177 9
57 64 11
6 27 29
118 136 52
93 185 36
148 184 4
134 135 10
139 142 31
6 186 19
82 82 17
168 174 55
41 173 14
113 141 11
40 188 22
55 166 0
19 71 27
58 151 51
84 195 11
102 184 43
114 184 25
149 165 50
135 185 57
110 124 49
66 125 32
72 115 1
170 185 12
29 198 16
33 167 36
9 137 35
71 154 35
149 182 24
105 138 36
85 159 21
180 185 17
117 188 24
96 105 27
167 175 48
9 166 34
196 197 39
107 132 32
86 113 27
82 166 58
6 136 38
65 98 34
70 154 6
79 189 11
40 145 32
187 196 0
18 77 38
24 158 30
10 128 36
6 189 36
9 135 54
78 121 16
41 177 49
14 64 0
182 182 53
14 96 9
125 126 24
7 38 11
132 156 60
166 183 39
92 133 46
38 130 35
133 145 6
70 187 55
16 38 54
131 138 20
21 186 18
84 173 54
47 69 7
25 161 38
100 124 2
51 77 44
42 97 2
124 163 36
57 77 0
171 190 57
154 157 6
6 22 13
97 181 54
74 109 37
20 85 24
54 137 34
176 195 50
124 141 17
100 137 34
26 83 13
101 168 54
89 198 32
159 170 26
5 194 12
129 148 54
15 97 40
143 163 31
118 126 5
103 127 43
3 130 0
101 167 60
24 64 4
56 131 34
63 158 37
60 161 13
109 175 24
171 199 45
39 164 48
156 177 6
117 173 34
159 175 46
4 102 25
13 153 37
43 125 9
172 180 48
41 101 26
21 180 20
154 158 43
140 162 14
171 184 56
69 100 21
69 85 55
23 70 46
122 156 7
30 35 31
197 198 48
71 180 32
76 79 29
96 118 16
92 93 13
192 193 56
142 198 4
49 69 21
24 110 10
65 183 23
26 144 1
37 136 29
163 166 6
98 144 14
155 188 3
89 195 8
100 199 58
32 151 59
180 195 15
182 188 14
5 199 53
191 192 28
34 55 18
135 198 53
35 156 16
110 160 14
43 76 11
133 179 9
184 185 6
118 179 46
54 144 13
64 188 48
105 192 23
1 95 7
69 195 33
187 192 31
71 121 18
1 43 35
198 198 22
19 157 19
103 114 44
50 56 32
139 165 23
153 182 26
181 194 9
78 155 8
140 195 31
51 52 51
95 103 29
164 193 45
41 186 42
175 180 55
7 7 36
102 121 29
149 193 37
165 175 49
125 178 49
136 157 25
142 185 40
5 86 43
125 186 35
24 125 27
35 159 46
46 101 5
169 195 37
2 153 59
179 187 24
69 96 17
179 197 59
159 161 43
137 178 32
148 157 28
139 174 53
22 129 52
166 195 57
79 162 37
162 169 1
16 32 6
184 198 37
171 189 10
55 155 3
101 103 55
9 76 11
25 117 51
41 90 43
3 19 1
141 159 9
134 173 52
73 148 54
121 189 27
126 148 25
89 113 41
22 113 1
83 90 15
74 162 45
24 89 2
12 37 12
103 132 39
142 159 19
85 157 43
150 170 36
101 125 4
26 162 21
61 81 58
134 146 10
17 111 27
153 153 19
171 175 54
134 139 42
117 168 50
182 192 0
141 198 57
5 168 51
62 152 49
57 87 58
6 83 33
173 179 52
44 190 6
10 64 43
48 119 8
179 179 15
74 191 57
11 74 21
133 148 30
45 194 27
63 161 41
74 164 2
76 159 33
59 185 0
69 158 53
0 151 57
118 176 30
114 176 51
183 192 22
9 16 22
30 98 2
71 153 59
34 187 45
35 190 52
130 132 8
114 169 47
155 171 31
95 101 44
34 135 5
122 166 30
151 165 48
107 192 23
82 103 35
163 186 13
98 187 18
33 186 11
31 69 20
9 49 48
23 157 24
86 166 26
106 188 10
111 159 46
191 196 7
57 96 42
181 195 41
140 196 37
111 119 60
17 41 21
55 161 8
78 172 6
172 174 51
41 122 27
20 53 4
15 120 56
