40 120
196
148
186
112
149
179
200
109
131
150
139
159
190
127
176
112
151
101
159
131
169
173
100
159
105
147
195
161
159
134
114
183
146
118
128
170
154
151
170
131
0 1 43
0 2 19
2 3 9
1 4 54
2 5 23
1 6 21
1 7 15
2 8 43
4 9 46
6 10 45
0 11 47
7 12 19
0 13 25
0 14 22
6 15 45
1 16 48
11 17 23
7 18 12
14 19 39
1 20 32
16 21 56
20 22 22
3 23 9
21 24 25
20 25 45
7 26 42
1 27 42
11 28 9
23 29 45
19 30 13
3 31 2
19 32 41
8 33 19
15 34 40
15 35 7
28 36 11
12 37 8
11 38 23
19 39 6
18 35 20
21 26 12
2 37 38
32 32 17
4 16 53
31 35 23
29 38 26
13 18 41
8 17 34
37 38 29
29 31 2
30 37 34
2 35 6
9 38 46
9 19 59
22 36 54
4 38 25
28 33 21
23 31 29
29 33 10
32 34 18
27 37 15
15 16 56
6 21 35
32 36 45
31 34 43
37 37 36
0 26 42
14 29 16
7 25 2
35 35 29
30 39 40
26 31 14
22 35 60
16 26 31
11 19 7
29 30 46
38 38 15
21 33 26
1 17 45
33 38 39
19 21 52
34 37 49
13 33 33
14 35 24
8 34 8
19 31 23
34 39 12
29 32 51
38 39 5
2 14 32
5 29 26
18 36 44
23 39 43
6 11 0
28 35 46
20 37 22
33 39 24
24 39 47
17 23 21
16 30 59
10 17 56
7 35 43
36 39 50
8 19 34
11 37 6
22 29 9
17 24 22
13 17 7
10 13 44
6 35 43
20 23 11
21 37 40
32 33 14
10 33 19
15 18 55
27 33 15
21 22 56
33 36 26
25 36 33
21 31 52
