105 315
128
164
124
154
148
127
187
107
112
110
153
133
148
129
121
194
120
139
192
122
124
135
162
171
151
121
150
103
139
156
110
147
127
184
169
200
106
189
103
127
158
192
170
191
174
114
169
152
187
152
147
125
191
113
171
186
143
195
196
118
175
136
153
124
132
118
155
123
124
102
134
182
142
111
139
160
167
107
121
105
180
195
127
151
125
123
112
172
138
127
140
109
129
195
140
132
191
109
117
165
113
195
130
144
125
0 1 55
1 2 55
0 3 17
3 4 5
1 5 52
5 6 6
1 7 60
0 8 48
7 9 13
2 10 32
10 11 46
9 12 49
2 13 32
9 14 52
4 15 32
6 16 31
14 17 56
6 18 57
5 19 0
11 20 33
6 21 50
10 22 48
3 23 56
1 24 60
17 25 26
15 26 11
25 27 7
21 28 0
15 29 31
7 30 56
3 31 14
25 32 57
1 33 22
12 34 46
30 35 44
8 36 27
28 37 30
34 38 2
20 39 39
8 40 43
17 41 7
13 42 10
20 43 56
37 44 29
18 45 27
9 46 42
44 47 30
17 48 10
23 49 43
5 50 38
16 51 21
2 52 10
8 53 7
27 54 22
17 55 40
10 56 34
9 57 48
13 58 54
52 59 8
46 60 22
23 61 58
12 62 6
58 63 23
15 64 56
29 65 35
0 66 55
64 67 8
63 68 42
68 69 18
60 70 36
67 71 27
26 72 31
8 73 30
45 74 9
34 75 26
37 76 45
22 77 19
75 78 13
44 79 39
15 80 40
48 81 18
48 82 3
9 83 25
69 84 19
15 85 15
73 86 3
60 87 35
31 88 38
51 89 19
82 90 10
75 91 18
28 92 27
84 93 1
59 94 43
63 95 49
80 96 9
23 97 48
21 98 0
29 99 6
12 100 37
87 101 32
43 102 23
94 103 22
7 104 21
82 92 46
26 74 30
95 100 39
2 75 56
61 83 54
91 93 40
27 69 43
31 67 17
83 85 31
75 92 20
43 94 48
32 74 17
33 103 6
95 104 27
68 85 11
45 69 19
26 49 38
80 99 54
71 93 26
23 45 22
42 44 34
48 96 15
48 102 16
31 101 10
68 82 55
43 77 0
48 98 15
67 77 39
76 93 53
4 44 18
101 104 14
100 104 21
42 63 8
88 92 31
25 38 42
0 91 24
73 79 4
33 94 15
89 96 12
48 88 20
13 32 46
100 103 45
71 102 19
25 73 42
62 99 46
17 91 50
82 99 38
2 24 47
94 94 49
70 78 3
58 102 42
16 60 52
11 49 36
71 84 36
92 95 29
11 68 15
87 97 14
62 81 11
18 50 55
47 55 45
0 25 37
69 79 23
14 30 33
77 102 44
13 13 12
73 104 33
19 35 28
92 93 6
61 77 31
28 83 20
101 103 53
12 74 12
53 88 17
73 91 40
4 82 8
103 104 60
43 48 18
10 18 28
8 79 12
65 73 14
9 68 50
72 79 32
68 91 52
43 69 30
93 99 60
21 99 12
13 74 43
29 98 48
50 77 11
32 34 58
93 96 14
78 81 33
20 55 2
52 64 41
91 100 59
49 84 47
21 86 2
0 95 35
44 62 30
54 78 44
97 99 14
88 91 6
50 93 60
2 54 37
77 87 13
39 97 23
78 87 40
2 29 29
64 96 24
24 81 17
102 104 15
55 70 35
59 63 31
44 93 31
103 103 35
41 63 52
39 76 8
75 100 31
95 95 24
33 54 52
49 72 35
14 15 47
75 82 44
21 69 29
86 89 43
7 61 17
57 92 60
32 40 1
16 53 41
22 100 15
70 86 18
76 79 2
73 97 31
71 71 7
39 64 13
91 92 28
9 77 6
66 86 21
44 95 42
90 104 9
31 48 44
97 102 5
13 76 50
8 32 47
87 100 32
81 100 54
22 35 1
35 62 52
28 54 29
63 86 39
17 80 22
45 80 37
64 94 39
3 102 53
63 99 23
88 104 37
78 88 51
102 102 33
45 73 10
34 81 20
79 98 26
5 91 13
42 48 37
32 38 54
65 97 33
97 103 58
73 98 12
5 43 48
62 101 10
40 95 14
42 90 49
49 62 55
82 103 51
78 82 47
80 98 33
8 10 9
100 100 38
54 89 27
60 75 55
79 88 30
28 34 9
15 37 54
77 80 47
85 99 34
65 102 38
24 49 59
41 43 27
66 93 35
95 101 53
67 101 26
55 102 19
62 80 46
56 101 17
35 70 23
23 59 16
48 75 22
43 96 41
1 1 12
71 98 46
32 102 21
48 66 25
90 94 47
46 85 9
42 47 34
7 83 29
88 99 56
2 26 7
75 101 17
49 77 36
62 72 35
47 85 33
