45 135
162
180
129
197
114
109
173
139
195
172
100
140
173
198
167
108
122
178
157
147
145
163
157
148
164
162
106
146
154
178
105
144
108
148
110
130
193
125
104
189
103
165
114
194
183
0 1 47
0 2 32
1 3 6
1 4 34
1 5 26
4 6 51
0 7 52
5 8 6
8 9 49
6 10 13
7 11 2
0 12 59
11 13 19
13 14 27
0 15 34
13 16 14
12 17 13
15 18 44
10 19 2
1 20 31
8 21 11
12 22 44
1 23 4
3 24 15
7 25 44
6 26 1
16 27 4
4 28 18
17 29 48
23 30 21
22 31 22
4 32 55
9 33 49
12 34 50
33 35 41
12 36 8
18 37 39
1 38 58
16 39 19
20 40 53
14 41 7
31 42 42
20 43 48
18 44 46
22 39 41
14 18 35
19 32 19
37 40 25
38 40 8
21 41 41
3 9 17
8 10 42
2 19 18
14 35 31
20 27 27
8 11 34
6 42 3
17 41 18
29 41 31
35 43 49
40 42 7
14 42 20
12 12 55
43 44 0
3 39 39
6 31 50
21 42 48
17 23 58
32 38 6
0 23 52
19 41 2
27 34 30
32 43 25
17 30 25
18 28 1
23 24 18
12 25 56
39 44 59
18 43 25
26 33 28
29 37 3
27 44 20
15 23 46
33 39 6
38 39 41
34 41 45
26 41 2
41 43 60
8 26 54
39 40 18
35 41 6
15 33 27
17 26 42
31 44 6
16 40 44
42 44 37
4 36 17
18 41 8
30 37 57
4 18 19
7 18 20
33 36 12
38 41 3
17 17 19
7 9 56
25 43 29
22 28 36
28 33 56
39 42 32
24 44 16
5 30 37
7 38 5
38 43 7
24 25 42
5 29 24
2 35 34
40 44 35
9 32 30
23 33 52
33 44 54
32 40 37
10 25 53
36 39 17
16 23 11
31 37 17
3 40 60
4 44 7
8 34 10
30 30 15
16 20 55
7 7 49
5 9 40
21 36 9
5 18 4
12 29 31
