105 315
145
116
133
127
122
172
163
146
113
175
102
163
200
141
135
145
133
122
165
148
153
167
145
115
106
100
124
195
198
102
153
159
111
181
200
152
124
170
180
176
179
186
156
188
114
117
198
159
109
199
144
179
119
104
183
163
110
115
151
171
142
123
110
124
180
117
197
132
180
176
117
195
150
124
143
144
165
133
141
177
157
109
158
125
116
184
164
197
134
132
150
144
107
143
138
110
140
135
157
165
164
175
128
125
117
0 1 46
1 2 40
1 3 57
1 4 51
3 5 16
4 6 9
2 7 8
1 8 34
2 9 22
5 10 38
10 11 39
8 12 24
8 13 15
8 14 55
13 15 7
5 16 0
16 17 9
8 18 32
15 19 34
1 20 30
17 21 0
11 22 6
11 23 36
0 24 42
16 25 57
24 26 54
7 27 55
4 28 29
20 29 17
4 30 22
23 31 38
29 32 3
4 33 20
25 34 48
7 35 16
26 36 56
24 37 16
35 38 56
9 39 16
34 40 10
30 41 46
8 42 32
25 43 55
0 44 13
36 45 53
43 46 53
42 47 47
36 48 28
15 49 53
24 50 50
26 51 28
34 52 48
6 53 55
13 54 35
32 55 16
43 56 9
44 57 26
39 58 59
25 59 17
12 60 13
17 61 31
28 62 19
34 63 28
14 64 49
52 65 34
17 66 20
26 67 38
7 68 40
9 69 44
45 70 37
11 71 40
16 72 41
69 73 0
65 74 25
6 75 28
70 76 8
21 77 0
59 78 37
3 79 35
35 80 15
13 81 17
79 82 58
72 83 12
73 84 8
38 85 5
77 86 43
44 87 3
85 88 18
44 89 60
20 90 25
26 91 11
29 92 22
70 93 11
17 94 13
62 95 21
84 96 48
95 97 44
88 98 11
46 99 49
40 100 33
23 101 60
10 102 7
28 103 49
11 104 11
15 39 48
54 74 26
3 93 38
70 96 12
0 30 43
83 103 37
21 21 28
85 93 2
57 99 0
59 59 39
62 82 35
35 54 19
9 75 5
54 101 10
84 98 19
94 97 14
28 66 3
5 8 19
59 83 3
28 95 39
2 76 50
48 102 6
73 97 8
10 95 19
90 92 33
8 72 36
0 25 29
9 13 34
12 77 35
47 84 14
79 95 18
71 72 50
85 92 48
50 77 31
31 69 4
3 27 6
96 102 38
16 98 33
77 91 54
98 98 59
41 64 10
13 19 51
61 77 33
40 73 41
76 99 7
23 23 1
15 28 16
69 104 50
52 72 53
61 91 52
88 94 54
76 91 25
86 92 26
48 67 30
23 50 3
78 88 33
78 90 48
39 83 39
99 103 3
43 64 38
94 102 34
12 56 46
26 39 19
3 82 58
10 99 10
35 42 26
6 27 5
9 102 48
40 75 38
99 104 16
12 17 19
16 33 57
18 63 60
0 59 52
101 101 18
75 79 45
91 104 28
70 75 39
36 86 16
64 71 3
24 60 33
64 94 44
80 102 51
12 81 16
27 67 51
23 49 10
14 51 22
47 87 58
0 45 13
26 81 41
35 74 20
9 38 35
72 89 38
48 99 48
71 90 0
96 96 0
61 71 0
39 46 46
84 95 60
18 20 2
52 58 36
57 86 36
62 70 21
13 77 25
91 98 60
52 67 6
54 100 24
50 87 40
40 53 55
60 92 17
52 83 53
10 94 6
101 104 15
76 83 53
61 75 42
95 102 55
9 47 58
64 91 6
42 90 12
28 48 10
15 37 43
59 67 50
50 58 29
42 51 14
47 65 30
72 85 37
26 86 1
46 86 11
87 94 13
61 68 58
20 76 50
34 98 6
86 99 2
51 82 47
102 102 54
91 100 57
77 95 38
44 63 14
2 41 31
57 96 22
14 25 18
41 75 18
46 91 36
16 63 53
57 64 19
2 19 36
0 27 56
56 86 44
43 102 7
60 86 12
83 97 7
88 95 21
28 34 29
49 59 17
26 38 42
88 93 36
101 103 55
95 100 25
33 76 57
15 47 40
0 40 23
7 32 36
46 64 55
78 85 21
6 35 25
53 62 34
63 90 0
100 103 12
37 42 30
37 54 12
91 97 22
40 72 60
58 97 23
73 73 35
37 40 19
31 88 21
63 71 18
78 98 58
31 72 58
85 103 22
89 98 11
57 98 50
65 65 21
34 82 5
53 79 50
95 104 11
66 103 39
40 95 36
88 88 45
51 76 28
79 100 44
85 104 13
91 103 4
56 95 53
57 102 40
16 104 20
71 77 51
51 93 15
88 89 59
55 55 45
44 80 52
53 55 59
16 62 28
33 56 42
96 98 16
41 73 34
55 103 8
42 64 59
4 42 37
30 67 3
16 71 60
