130 650
145
125
164
106
139
197
170
197
190
195
179
126
137
123
179
188
114
171
115
136
193
153
131
193
100
164
112
106
157
142
155
160
154
181
196
137
181
118
163
196
139
116
184
102
193
141
156
147
165
104
125
145
192
179
170
170
187
190
173
200
118
179
132
129
118
160
185
139
198
102
189
124
114
140
152
149
190
174
131
137
178
119
178
186
105
157
154
137
125
116
104
187
143
173
129
106
165
176
150
151
120
176
153
121
187
146
113
181
134
140
139
137
154
147
131
123
161
142
108
197
149
131
127
129
170
135
186
139
163
158
0 1 20
1 2 30
1 3 59
2 4 2
0 5 28
3 6 13
1 7 21
6 8 39
1 9 50
1 10 20
7 11 38
1 12 0
3 13 53
12 14 30
9 15 23
9 16 17
6 17 32
12 18 31
5 19 55
18 20 9
2 21 28
8 22 44
2 23 34
22 24 17
14 25 52
4 26 37
22 27 49
17 28 21
17 29 13
8 30 22
2 31 15
7 32 10
25 33 50
22 34 37
10 35 60
3 36 31
7 37 37
23 38 60
8 39 57
20 40 45
27 41 26
23 42 39
26 43 30
10 44 34
43 45 41
15 46 39
17 47 45
38 48 56
39 49 36
33 50 0
23 51 55
33 52 14
47 53 59
37 54 7
2 55 45
16 56 9
30 57 16
33 58 19
12 59 13
10 60 47
13 61 9
51 62 6
40 63 39
44 64 1
55 65 2
45 66 58
66 67 19
51 68 52
24 69 37
26 70 13
31 71 14
57 72 34
32 73 12
60 74 51
8 75 59
65 76 0
9 77 54
52 78 48
59 79 40
48 80 56
32 81 58
35 82 0
24 83 51
40 84 28
46 85 56
15 86 50
86 87 24
60 88 37
55 89 38
45 90 37
79 91 29
33 92 55
51 93 55
83 94 46
44 95 11
3 96 22
5 97 37
91 98 42
2 99 56
78 100 56
54 101 12
33 102 41
74 103 19
62 104 42
30 105 23
43 106 48
48 107 34
13 108 33
66 109 56
9 110 9
40 111 43
33 112 25
4 113 49
60 114 49
66 115 43
44 116 40
80 117 53
86 118 12
48 119 29
104 120 42
83 121 55
9 122 25
27 123 27
56 124 21
75 125 16
112 126 37
119 127 51
94 128 3
93 129 42
41 116 59
48 57 4
15 37 49
100 108 57
1 18 38
30 85 15
30 90 1
118 123 29
108 117 42
33 83 17
99 126 45
69 106 23
34 46 22
89 98 10
6 20 9
41 126 55
93 118 30
101 129 58
7 121 10
112 122 26
112 112 1
106 111 55
101 101 24
47 66 15
3 77 5
103 119 24
30 91 60
97 122 32
9 59 3
53 106 55
100 101 15
85 122 53
74 102 58
110 122 56
42 50 39
84 113 47
36 39 53
26 75 38
29 107 2
44 58 23
85 117 49
53 85 18
64 108 35
24 98 35
9 115 32
52 86 58
29 51 40
34 105 51
50 58 32
71 78 40
31 58 28
30 106 8
21 46 1
65 74 43
63 69 20
108 126 35
31 43 10
119 123 14
68 105 17
59 112 22
57 86 51
23 28 39
61 67 58
67 116 3
41 107 41
116 118 14
68 110 14
97 110 12
125 126 36
127 129 32
60 104 2
54 119 43
45 84 39
15 124 10
96 102 9
6 102 9
66 79 53
112 129 22
19 63 4
30 48 52
0 100 20
7 128 49
64 67 14
75 102 23
100 126 55
49 65 37
7 73 59
49 111 28
66 110 11
68 90 49
31 109 31
123 124 48
2 82 53
36 61 28
122 123 32
82 95 35
98 114 13
41 72 54
79 103 48
80 129 44
75 76 35
35 60 30
46 59 33
57 93 38
1 59 54
116 126 33
21 56 54
72 86 32
16 68 47
25 119 2
27 106 51
80 110 59
62 92 49
89 108 8
23 122 1
111 119 23
127 128 35
59 69 39
82 129 29
45 68 56
81 116 17
67 78 43
121 121 49
51 129 8
61 116 38
63 113 36
100 106 33
117 129 37
24 76 20
56 60 46
36 110 16
92 121 53
89 117 60
6 128 49
76 90 56
97 129 36
27 92 39
25 59 32
3 15 1
35 100 7
108 123 57
128 128 50
5 84 47
43 96 12
3 34 21
98 112 8
95 108 17
6 64 5
76 113 23
125 125 31
78 78 20
87 106 43
71 95 7
25 32 8
13 116 38
110 127 40
63 87 51
108 119 10
103 116 14
69 126 6
13 103 33
11 13 39
43 122 35
63 85 15
74 117 47
31 88 41
107 107 60
59 73 45
45 51 49
87 87 59
40 41 1
115 120 42
82 124 56
69 96 30
25 78 58
105 107 45
61 128 53
122 127 46
43 99 49
79 85 49
58 122 20
8 51 4
11 88 0
4 84 38
25 124 3
124 129 40
109 129 27
38 119 55
64 66 47
15 126 20
78 107 18
51 82 32
71 74 32
8 41 8
27 37 52
93 103 3
28 85 38
94 105 28
66 114 53
12 129 0
101 120 30
77 105 21
18 42 6
118 125 31
22 93 14
74 115 7
89 106 28
50 95 56
28 108 6
50 101 31
66 121 2
88 127 19
72 83 40
48 96 44
46 108 38
31 124 13
107 109 43
12 25 42
25 85 48
110 126 46
32 83 13
93 127 1
42 43 44
33 116 23
124 125 19
126 127 49
45 123 50
40 72 47
47 88 38
70 116 17
98 106 30
38 71 53
15 53 8
64 78 56
38 45 37
18 78 13
102 118 2
110 110 28
70 128 30
98 115 10
35 104 41
17 59 47
24 30 54
126 129 35
72 74 12
95 116 54
76 107 54
114 127 1
25 54 17
4 78 28
106 110 46
23 106 57
36 64 50
75 94 34
53 126 17
56 120 1
107 119 36
72 101 37
87 109 7
24 41 30
81 90 29
14 56 14
71 106 14
20 87 6
5 38 11
45 48 49
85 96 0
23 61 15
44 102 44
90 100 3
91 125 54
80 102 54
5 124 47
91 118 39
26 102 42
37 117 49
30 122 58
45 104 55
66 77 45
15 78 5
31 37 31
113 125 7
41 86 18
43 56 40
4 94 27
122 126 43
21 33 56
120 120 25
30 108 56
6 122 27
41 96 39
67 70 16
57 82 12
73 75 50
113 114 14
110 121 45
20 69 7
5 92 23
73 127 39
127 127 1
37 98 47
61 119 42
34 57 51
83 125 28
7 20 52
62 80 3
31 39 29
117 126 36
12 79 13
62 106 36
70 108 2
44 98 18
100 109 18
77 94 60
74 122 17
3 70 48
89 128 58
97 118 9
56 61 11
35 54 59
49 66 2
3 118 27
7 88 29
40 50 46
54 84 6
97 119 45
80 95 60
4 58 54
109 111 47
109 116 36
67 79 33
86 108 24
75 99 54
82 98 21
31 115 12
45 125 15
73 124 8
110 116 7
80 84 59
14 33 38
70 96 2
37 73 45
23 71 10
10 36 16
96 100 55
50 76 60
52 67 53
31 91 34
113 113 60
58 108 38
106 128 25
13 106 38
48 54 13
68 114 4
114 114 56
24 115 27
38 74 36
115 125 39
91 119 36
100 124 44
62 85 34
100 105 41
81 118 10
35 103 46
126 128 41
60 115 19
94 107 28
98 129 17
68 71 0
12 36 42
4 108 5
24 106 5
26 104 45
63 117 2
65 68 59
1 74 3
71 115 25
51 75 37
80 101 21
58 107 30
52 122 6
48 88 0
48 84 27
62 78 56
55 81 17
44 65 2
16 72 33
41 103 20
31 92 55
80 91 10
85 104 1
124 128 37
34 74 57
23 79 44
76 80 52
7 92 40
0 69 15
37 41 29
52 68 33
51 102 19
61 108 58
2 67 40
34 61 36
54 122 9
9 78 48
118 127 49
9 113 0
111 123 8
94 106 12
70 89 25
99 115 49
115 126 60
122 129 29
69 84 22
98 126 54
9 48 52
27 117 55
54 65 53
82 116 42
23 88 26
103 121 60
65 116 21
60 87 15
33 119 24
99 125 13
20 27 5
0 67 17
106 115 41
26 86 37
120 127 22
108 116 11
57 75 18
47 87 26
111 118 25
47 89 0
90 111 6
16 35 7
36 93 35
104 113 35
79 115 42
28 78 1
113 118 23
34 83 42
68 99 34
58 112 59
114 117 14
31 55 54
70 113 16
45 54 26
24 89 29
99 103 9
50 53 52
5 69 53
28 80 8
93 99 21
43 119 4
56 75 49
53 98 15
82 114 29
75 110 55
35 89 50
40 94 29
114 125 48
70 79 5
80 104 3
84 128 14
70 123 46
72 82 38
83 118 30
22 62 51
0 58 8
16 17 17
63 82 27
18 55 56
2 124 30
90 120 18
121 128 7
54 114 50
108 120 17
51 127 24
55 73 42
66 90 22
26 74 29
40 80 32
128 129 47
104 109 9
121 125 3
62 82 11
77 82 59
86 103 29
74 82 48
75 118 14
3 46 59
22 83 1
41 44 49
47 104 52
84 86 37
62 77 3
3 69 4
30 78 56
33 125 45
100 111 27
58 72 25
85 119 58
35 74 45
2 2 57
4 114 17
40 123 38
63 73 49
53 55 10
96 101 57
96 124 59
23 68 42
64 97 55
112 114 55
32 43 11
48 83 52
81 91 29
76 83 39
99 113 36
34 95 19
