120 600
196
173
155
133
132
153
194
159
189
130
163
196
186
145
131
170
135
154
176
109
129
121
182
148
111
184
139
115
200
196
112
182
170
185
166
185
198
136
187
112
119
189
198
139
152
138
194
140
176
124
162
191
198
188
191
193
119
170
118
112
151
193
141
164
171
195
143
164
142
129
105
111
140
160
148
199
125
148
178
166
168
104
146
110
113
197
170
146
164
112
195
152
130
123
131
129
114
149
111
151
170
196
155
106
160
158
178
173
120
124
200
188
175
128
169
200
136
116
149
185
0 1 8
0 2 45
1 3 56
3 4 48
4 5 50
1 6 19
6 7 47
5 8 35
3 9 22
5 10 11
9 11 20
2 12 55
9 13 1
13 14 29
10 15 46
9 16 57
2 17 3
2 18 27
16 19 45
16 20 47
8 21 57
21 22 29
1 23 54
9 24 10
10 25 4
14 26 33
4 27 23
0 28 51
9 29 17
11 30 17
0 31 50
19 32 13
14 33 15
31 34 1
5 35 50
29 36 44
27 37 56
13 38 23
34 39 13
18 40 0
6 41 41
16 42 18
25 43 46
4 44 8
44 45 13
29 46 28
41 47 49
20 48 35
30 49 45
21 50 2
36 51 12
4 52 37
9 53 13
29 54 42
54 55 5
25 56 2
12 57 13
25 58 50
11 59 27
12 60 20
20 61 57
12 62 28
48 63 29
58 64 16
31 65 41
61 66 51
34 67 35
26 68 1
66 69 35
40 70 33
18 71 53
42 72 60
22 73 3
42 74 40
22 75 23
75 76 1
10 77 60
31 78 5
11 79 41
24 80 55
2 81 43
20 82 30
26 83 40
18 84 30
22 85 6
25 86 46
72 87 32
33 88 44
4 89 57
1 90 3
78 91 54
34 92 40
62 93 32
49 94 48
70 95 20
87 96 12
32 97 54
96 98 49
42 99 59
89 100 14
52 101 34
24 102 13
77 103 24
19 104 44
24 105 24
86 106 13
41 107 36
20 108 16
53 109 55
13 110 30
60 111 49
92 112 14
33 113 32
40 114 30
110 115 7
70 116 4
51 117 15
48 118 5
8 119 58
39 71 44
31 69 39
40 55 5
59 85 21
57 104 8
67 96 54
36 72 28
47 84 37
113 113 48
10 61 12
62 105 26
32 67 43
90 94 0
34 86 15
20 85 23
113 114 13
116 119 4
51 107 48
60 69 25
20 92 28
18 49 2
96 114 21
26 52 60
39 42 49
42 66 36
51 52 42
19 21 3
4 43 28
47 72 20
14 105 31
118 119 46
61 112 31
109 112 54
37 46 14
15 113 14
6 50 12
73 84 1
58 75 12
42 42 13
82 107 43
104 112 2
74 82 36
69 93 2
84 119 18
76 104 37
114 115 44
118 118 29
59 111 48
72 77 47
9 50 37
59 67 19
31 83 14
40 103 42
32 45 51
70 117 38
103 119 5
87 109 37
75 79 6
14 61 40
29 108 35
97 98 57
87 100 6
73 104 2
114 117 33
56 111 4
18 79 13
71 84 9
40 65 37
63 72 44
7 60 46
64 80 15
112 116 22
63 101 60
101 115 56
96 115 16
57 114 42
109 114 15
97 114 55
17 89 22
99 106 0
98 109 36
42 45 34
108 113 12
70 118 22
66 97 42
82 84 17
65 91 8
98 111 54
66 79 24
98 114 19
32 105 21
78 105 38
58 60 42
38 54 50
52 91 5
101 119 8
98 116 15
75 109 27
15 58 47
84 98 10
27 32 17
37 59 5
113 117 13
71 90 38
47 102 51
82 109 44
49 50 39
39 79 7
62 101 56
108 108 16
9 51 56
86 108 41
110 118 23
2 108 5
14 110 11
76 89 59
56 60 6
53 79 55
31 36 52
65 75 37
22 65 1
1 44 42
7 88 14
15 70 23
84 88 10
22 111 8
38 59 48
105 113 11
90 100 31
102 116 43
39 58 30
38 113 21
77 90 3
85 117 51
9 111 2
45 119 4
50 105 10
51 119 14
46 109 2
21 49 32
31 63 1
59 71 57
100 111 26
57 73 43
69 99 13
21 83 9
52 82 6
80 92 14
111 114 24
19 81 34
22 52 24
90 99 35
79 96 26
88 100 29
77 109 21
34 111 0
49 72 40
18 96 56
72 96 22
62 68 46
47 83 43
23 83 58
115 119 24
10 44 47
2 6 35
108 114 23
75 103 57
71 77 3
102 109 12
112 115 44
40 109 31
25 95 43
88 88 58
86 114 19
89 98 50
29 71 46
55 68 52
54 63 8
6 101 32
13 32 16
104 110 58
24 117 21
95 105 55
44 87 32
94 114 24
30 65 26
67 102 28
58 88 41
22 102 33
99 117 34
90 111 20
32 57 58
96 111 27
19 80 25
73 117 35
47 115 55
22 77 38
88 89 17
102 114 15
26 93 40
94 94 59
96 117 12
102 107 24
115 116 36
6 45 47
111 118 15
3 25 12
70 70 9
65 90 56
66 77 57
30 54 30
61 107 52
1 119 3
102 108 14
26 70 44
34 69 10
20 38 13
67 95 23
65 83 46
93 118 4
93 113 13
115 115 21
77 114 9
23 116 57
74 96 36
11 70 30
0 77 14
35 63 22
78 117 30
49 102 22
18 80 7
95 98 21
104 108 43
5 96 49
40 99 60
95 112 45
110 116 46
111 117 34
23 117 57
69 109 7
31 119 7
83 107 27
46 77 45
39 41 12
73 99 34
45 115 19
92 103 16
0 84 48
106 118 3
54 114 60
43 89 59
29 72 57
106 111 9
43 60 31
34 96 58
73 81 0
85 88 2
37 69 20
55 74 58
54 99 30
21 118 23
9 106 6
21 53 37
76 101 11
37 86 22
73 113 0
15 26 19
27 113 3
32 75 28
108 112 12
84 108 18
81 97 18
8 118 47
79 115 24
11 67 20
50 74 46
25 34 21
76 118 23
6 102 23
21 70 21
28 94 16
24 106 49
91 111 29
21 98 36
20 21 32
68 118 30
59 64 31
98 107 44
103 115 4
90 95 58
73 118 37
64 117 11
20 106 8
6 95 59
3 101 21
93 100 5
3 69 24
21 23 39
11 80 3
109 119 37
30 108 10
108 119 5
98 112 26
18 101 26
78 104 12
61 92 44
14 107 45
55 77 16
113 116 18
62 95 10
76 99 56
111 112 20
46 64 27
28 92 15
63 115 36
100 110 15
83 86 52
52 81 38
56 113 28
64 67 24
3 66 46
67 77 13
12 104 16
98 102 28
87 112 41
105 107 38
47 60 57
55 85 16
97 115 60
56 99 45
94 104 1
70 102 39
27 65 40
27 104 11
11 119 27
57 61 35
64 66 54
110 110 37
62 66 13
80 105 9
68 96 21
45 91 53
45 100 9
56 84 5
70 115 36
17 101 32
102 111 60
30 78 46
76 76 51
82 87 33
53 69 21
92 100 38
75 101 36
69 108 2
64 106 15
83 83 41
100 119 23
76 83 48
54 80 55
39 85 55
98 98 43
34 53 31
45 97 51
69 75 32
0 30 60
101 109 53
98 110 9
104 116 14
96 112 59
27 80 58
77 85 50
79 103 38
100 107 28
96 103 17
49 49 21
47 62 44
2 8 21
61 76 4
22 99 7
18 74 30
115 117 53
25 41 58
78 88 55
25 103 27
68 85 51
90 97 37
103 113 56
30 42 42
53 89 7
66 117 58
69 82 21
72 117 27
8 82 54
56 115 43
93 94 8
78 100 28
35 103 20
15 73 23
100 103 41
84 96 11
59 104 13
40 64 42
44 102 50
44 98 22
94 106 30
20 24 19
11 118 10
87 104 18
112 117 2
59 96 48
93 114 32
29 38 3
54 101 28
58 102 29
86 102 10
68 95 4
17 24 23
55 116 11
57 69 32
59 68 39
95 97 51
19 117 36
117 117 5
45 77 45
32 53 2
37 84 47
72 75 39
94 101 2
50 113 1
33 48 34
33 60 7
61 87 47
88 110 4
102 112 0
90 90 3
51 108 36
68 76 49
75 85 28
15 89 22
6 112 60
57 72 20
95 113 26
49 87 34
93 117 25
74 89 30
53 88 38
26 36 3
27 38 44
91 115 42
112 119 42
49 97 39
32 51 10
81 101 2
108 116 40
90 113 20
40 107 21
84 104 52
23 86 8
51 84 26
96 107 12
102 105 47
22 79 26
66 109 12
30 47 41
10 80 1
14 87 28
88 91 13
15 110 47
60 75 47
15 31 10
77 119 30
24 33 55
8 90 33
58 111 35
4 105 48
34 95 42
1 45 12
78 97 3
8 107 47
59 118 35
20 64 44
