280 1400
146
194
120
123
140
166
197
101
193
174
151
110
188
186
153
192
143
161
117
120
116
197
174
103
108
183
133
121
129
131
164
132
124
152
180
178
176
143
128
139
183
137
129
197
142
133
122
134
119
127
153
141
184
175
151
163
158
191
196
143
122
137
152
149
140
133
171
100
100
142
108
176
172
167
152
134
120
168
122
179
161
125
123
124
158
150
114
166
160
188
155
123
148
120
126
127
126
102
191
194
148
180
150
104
128
188
192
157
161
194
112
171
153
135
117
197
190
166
174
140
196
125
117
150
174
156
102
138
198
171
112
154
154
107
123
138
163
160
187
185
198
108
126
156
123
125
142
181
155
164
179
119
157
178
200
135
132
140
123
155
130
151
164
194
153
194
184
150
180
146
166
100
127
115
177
169
126
193
173
145
134
164
134
199
151
162
103
173
106
146
101
179
145
143
121
188
107
103
152
158
116
123
127
186
120
166
146
130
174
126
140
115
131
116
159
142
188
160
130
139
179
166
168
196
179
151
183
156
186
158
147
162
154
139
138
166
135
156
123
119
130
110
148
152
110
149
120
125
148
156
136
199
175
141
143
200
188
147
109
167
179
170
148
195
115
117
101
197
118
157
100
140
151
169
191
114
129
123
126
135
0 1 22
1 2 17
2 3 47
3 4 36
2 5 15
5 6 1
6 7 37
0 8 43
4 9 45
9 10 20
4 11 18
11 12 49
9 13 12
0 14 5
4 15 43
11 16 10
6 17 19
0 18 46
17 19 52
1 20 6
17 21 28
8 22 53
12 23 39
0 24 42
19 25 2
3 26 32
21 27 54
1 28 40
21 29 14
26 30 13
30 31 32
5 32 11
27 33 5
17 34 26
21 35 35
25 36 17
14 37 47
36 38 24
25 39 43
30 40 59
21 41 29
8 42 40
8 43 59
33 44 10
40 45 32
29 46 15
24 47 33
36 48 27
45 49 15
23 50 2
42 51 1
9 52 48
33 53 37
35 54 23
46 55 39
15 56 39
6 57 26
38 58 9
15 59 9
46 60 39
42 61 55
42 62 56
45 63 34
33 64 11
47 65 55
7 66 12
35 67 50
57 68 23
5 69 36
34 70 37
19 71 24
9 72 48
56 73 22
21 74 21
70 75 40
70 76 52
52 77 13
65 78 51
66 79 22
22 80 42
60 81 21
52 82 3
67 83 39
77 84 51
2 85 37
5 86 44
27 87 37
78 88 23
39 89 59
28 90 14
69 91 39
78 92 51
48 93 45
60 94 30
44 95 35
32 96 9
30 97 39
76 98 31
39 99 26
78 100 39
90 101 27
88 102 14
3 103 6
64 104 31
9 105 29
80 106 43
16 107 1
103 108 40
44 109 1
57 110 31
99 111 54
89 112 12
5 113 49
58 114 45
63 115 24
92 116 40
20 117 19
49 118 6
12 119 49
33 120 48
40 121 59
106 122 34
86 123 24
51 124 59
106 125 1
50 126 60
104 127 55
92 128 17
110 129 15
85 130 29
68 131 53
59 132 44
127 133 27
119 134 54
75 135 41
30 136 16
75 137 9
86 138 3
12 139 59
93 140 3
5 141 44
62 142 36
53 143 40
78 144 57
38 145 23
45 146 34
129 147 36
77 148 45
32 149 10
50 150 11
8 151 59
86 152 9
114 153 1
90 154 4
101 155 39
122 156 34
36 157 15
152 158 31
112 159 6
109 160 37
61 161 41
12 162 32
80 163 0
93 164 27
161 165 17
36 166 14
42 167 34
42 168 8
53 169 10
63 170 54
102 171 46
14 172 31
47 173 42
132 174 41
97 175 43
46 176 54
162 177 30
134 178 44
149 179 38
52 180 2
4 181 57
60 182 16
146 183 21
120 184 34
30 185 38
125 186 53
48 187 35
184 188 29
145 189 24
55 190 43
173 191 23
61 192 39
4 193 27
59 194 19
148 195 43
5 196 36
64 197 55
90 198 19
188 199 26
141 200 2
67 201 50
121 202 58
129 203 55
110 204 16
176 205 34
48 206 50
49 207 10
40 208 35
204 209 4
101 210 43
209 211 10
178 212 25
78 213 17
108 214 6
124 215 6
197 216 15
67 217 12
81 218 41
176 219 12
57 220 39
24 221 7
151 222 40
183 223 59
176 224 43
122 225 49
94 226 28
36 227 42
111 228 51
173 229 22
87 230 22
183 231 13
167 232 19
158 233 32
53 234 38
163 235 19
90 236 44
52 237 40
58 238 45
213 239 50
53 240 35
49 241 59
225 242 19
73 243 1
83 244 26
170 245 20
54 246 11
155 247 35
32 248 45
39 249 51
82 250 20
81 251 14
15 252 51
125 253 52
238 254 49
169 255 31
67 256 54
220 257 48
151 258 10
93 259 55
20 260 37
140 261 41
49 262 51
262 263 24
16 264 30
33 265 26
144 266 11
252 267 10
2 268 7
257 269 2
165 270 47
6 271 21
180 272 8
175 273 29
28 274 60
191 275 38
105 276 19
226 277 12
92 278 46
142 279 47
222 248 26
250 270 37
140 246 25
20 197 38
174 274 15
26 276 20
147 162 20
266 270 57
36 175 26
129 227 17
247 262 22
41 210 28
191 271 11
167 268 21
96 101 60
2 215 36
234 273 33
58 149 16
108 277 59
207 256 16
237 273 6
171 206 48
189 197 10
165 244 35
178 241 37
154 169 47
183 271 14
23 134 11
95 278 46
202 217 58
217 235 55
116 182 57
269 276 0
249 258 9
164 206 13
31 158 35
58 66 13
87 132 49
78 107 34
213 234 23
174 178 10
237 242 52
233 271 20
262 276 59
40 56 52
50 277 22
109 151 5
203 266 12
109 110 2
253 267 59
14 18 22
266 279 13
12 80 46
23 245 2
37 87 10
253 269 44
167 191 34
158 265 59
269 278 30
156 212 15
55 205 43
251 268 6
13 256 56
277 277 45
133 237 33
42 186 40
85 213 51
198 252 26
205 218 37
56 256 42
264 264 52
182 271 44
168 240 44
225 230 45
31 250 6
162 192 36
277 278 36
4 86 21
69 234 30
172 251 22
278 279 47
260 277 7
82 248 24
22 223 56
234 265 5
99 107 48
150 244 48
140 223 26
277 279 41
104 216 49
46 259 51
152 180 15
66 138 52
70 137 36
140 157 56
202 264 32
39 212 33
98 183 20
19 163 58
14 43 11
205 219 25
68 180 34
262 279 3
95 226 46
110 261 50
170 192 58
25 182 25
43 220 16
85 166 21
265 267 18
32 247 5
81 249 28
214 255 54
237 243 7
7 38 1
125 145 10
23 26 9
200 260 7
161 180 54
66 174 37
101 188 21
208 225 15
1 4 16
186 228 12
236 269 41
185 211 47
122 153 30
27 249 47
180 207 42
233 254 2
266 274 29
191 207 13
123 244 26
72 168 25
16 246 45
130 166 6
168 270 4
74 183 7
211 224 47
13 24 34
252 266 40
245 271 33
264 275 58
52 89 44
115 268 58
147 255 28
31 146 44
231 277 31
77 116 5
77 255 36
130 267 49
165 204 21
222 253 5
185 235 34
182 198 33
263 277 8
263 270 54
178 279 29
3 56 55
222 235 9
69 192 32
252 270 39
35 269 25
246 256 15
167 213 49
63 163 23
220 256 14
45 82 46
57 126 4
20 232 13
43 162 33
250 257 27
201 212 6
93 199 55
241 271 7
236 266 58
222 266 54
32 275 33
37 216 16
153 243 17
190 194 59
86 253 27
116 236 26
4 35 45
56 174 10
75 184 56
76 121 55
14 196 51
262 273 46
242 277 19
73 221 40
176 245 54
273 275 27
56 159 48
108 154 28
12 71 47
172 211 52
74 171 23
92 186 23
61 250 38
195 209 45
127 264 9
209 270 22
194 232 38
237 266 4
31 193 34
155 246 18
119 195 2
1 184 30
262 271 26
140 205 40
219 271 53
61 129 43
274 274 8
97 270 12
97 217 30
168 168 34
181 209 39
67 116 32
199 216 56
219 244 37
164 196 29
8 264 57
233 269 12
28 94 45
143 237 23
202 262 15
243 276 57
261 277 33
50 111 18
57 109 25
214 225 34
34 146 49
232 261 21
203 232 50
224 247 51
182 211 4
248 256 17
222 261 59
160 262 29
34 251 21
139 262 46
269 273 16
181 273 48
69 173 7
82 85 47
71 165 40
138 182 52
52 268 48
209 219 56
93 174 30
111 275 29
118 148 42
248 274 13
106 155 60
53 99 32
238 244 56
83 232 32
17 27 18
165 272 37
224 242 50
172 257 58
48 189 47
267 273 19
117 153 27
49 71 1
170 180 44
120 227 12
200 269 9
164 171 1
46 235 57
206 249 4
269 271 28
252 258 4
238 251 44
134 276 33
244 256 26
260 270 34
110 138 7
108 116 53
276 277 45
262 274 49
192 208 3
170 190 54
77 145 38
21 253 27
109 277 42
69 175 30
125 274 13
52 230 25
234 247 9
131 153 34
165 228 39
4 270 33
33 71 11
124 134 50
34 138 52
259 273 11
72 220 19
95 240 34
41 258 55
241 257 13
107 139 28
26 211 58
3 74 22
194 270 11
93 228 18
29 238 48
69 273 33
32 98 34
210 220 40
122 122 48
237 246 10
244 254 16
110 251 40
24 279 51
18 228 59
234 264 60
2 245 18
213 235 9
74 95 14
69 142 38
44 201 55
112 233 30
257 278 0
92 154 50
224 251 7
42 201 9
111 120 30
31 144 10
29 231 21
36 187 14
66 153 38
20 90 54
205 278 59
88 250 33
20 176 35
96 196 1
80 270 50
270 277 13
17 179 26
15 18 8
22 191 19
195 267 42
182 252 0
259 269 6
241 246 43
138 193 30
34 59 39
240 241 17
157 279 59
131 259 34
72 138 45
18 240 51
61 265 15
165 250 16
137 220 35
242 249 44
69 190 39
135 182 46
181 242 41
130 247 52
0 212 37
254 264 15
134 244 5
241 261 33
35 96 28
71 129 37
83 103 27
188 193 54
237 240 34
136 216 54
83 136 37
85 250 39
167 259 8
160 202 36
251 260 31
176 232 59
2 177 2
137 270 30
99 266 17
65 86 8
191 226 59
41 136 27
34 80 25
12 177 6
243 274 4
64 143 55
18 66 7
86 112 20
140 277 59
195 273 18
242 268 21
220 245 31
67 71 52
269 274 20
259 259 46
0 104 24
159 266 52
192 241 31
166 207 18
190 266 55
10 126 26
232 279 39
151 151 3
227 263 59
178 230 34
201 237 38
199 229 18
75 124 32
129 149 0
205 214 34
70 163 17
130 165 39
176 263 4
271 272 36
188 223 38
157 233 30
23 202 6
96 279 48
51 234 46
137 196 39
135 151 53
56 83 57
0 225 33
255 275 58
127 265 58
194 257 53
184 224 18
0 199 50
43 118 21
16 118 12
113 130 17
87 109 27
47 95 37
19 156 18
254 265 54
65 112 57
11 277 57
83 125 7
154 250 23
217 268 52
252 268 1
5 67 46
241 243 34
103 132 59
108 230 33
20 180 39
204 276 5
195 238 17
78 274 57
74 181 32
259 262 19
271 275 51
244 257 33
62 134 31
211 259 3
159 169 57
114 140 38
132 178 49
79 112 31
25 230 19
43 98 36
21 265 1
155 174 7
75 217 25
12 229 33
44 61 54
136 266 45
247 268 36
68 209 12
0 143 22
126 163 19
190 260 13
80 248 53
110 183 11
225 274 12
21 172 38
86 238 13
125 232 33
167 180 32
208 214 40
192 253 54
109 263 31
52 214 38
71 213 28
81 104 46
213 225 23
2 96 48
195 235 32
212 238 22
223 237 35
252 257 35
27 132 35
24 125 58
164 238 20
256 272 38
167 261 1
219 267 17
232 272 40
138 196 60
111 126 34
104 109 30
131 132 0
264 270 5
114 132 17
164 261 8
274 276 0
49 86 9
34 186 4
270 274 53
212 221 15
246 274 0
15 67 35
239 239 38
24 106 19
10 172 35
212 213 31
60 121 54
217 223 30
169 178 27
155 237 46
150 223 13
102 219 6
180 203 32
54 76 35
72 183 31
144 259 31
241 247 12
57 269 51
127 149 48
6 143 7
42 80 2
129 137 23
99 204 38
37 132 14
176 182 6
222 224 30
262 262 25
258 268 6
33 146 28
54 248 43
17 67 56
20 39 6
118 270 48
121 145 2
123 134 49
269 279 53
115 185 29
257 274 11
122 262 36
5 66 52
232 276 34
5 222 46
160 214 16
165 180 17
135 157 47
238 265 28
276 279 20
275 276 52
133 159 1
156 248 50
248 266 44
33 76 57
245 257 19
61 127 3
90 111 29
99 129 55
12 254 24
13 243 35
98 249 27
188 226 14
123 206 60
260 275 58
132 184 47
107 202 31
221 228 12
223 227 33
240 240 44
239 271 1
109 168 37
136 176 51
211 268 28
193 236 43
130 219 44
5 198 47
234 234 13
255 264 14
229 246 54
33 268 47
14 197 42
26 69 3
179 252 0
195 278 21
182 224 34
110 236 29
14 217 36
273 274 35
84 230 59
94 127 2
107 153 59
204 242 46
49 181 41
1 100 10
267 275 26
247 264 44
2 171 28
80 126 56
177 223 60
146 160 24
244 248 28
173 222 60
51 246 56
121 141 32
202 258 1
66 257 2
15 110 57
107 169 5
259 268 39
225 246 21
173 230 52
169 225 5
6 246 2
150 261 40
110 270 12
142 260 28
5 176 47
88 123 39
94 234 30
175 200 7
161 227 28
59 273 17
149 168 56
46 254 49
223 250 3
216 222 30
121 222 56
103 116 27
229 265 60
268 275 52
33 188 33
122 248 21
134 243 28
272 278 6
56 232 29
20 118 0
87 269 17
60 129 55
183 193 22
210 245 23
5 68 12
200 215 50
146 166 56
193 226 21
144 267 48
172 213 15
57 193 8
15 271 2
138 199 1
210 266 33
50 145 26
256 269 44
76 147 30
17 160 34
107 141 58
109 120 5
139 175 2
195 214 13
154 202 55
255 271 58
61 144 38
224 269 4
79 124 60
92 119 60
66 148 14
263 274 12
139 276 21
168 278 22
183 216 12
108 110 32
105 130 40
107 223 3
138 245 12
50 260 52
158 198 58
245 275 29
32 239 40
227 265 26
162 274 56
122 186 43
86 176 37
136 154 57
102 163 50
110 249 55
100 135 43
39 43 45
166 199 8
128 141 42
275 278 35
98 235 40
218 236 15
60 162 4
189 205 35
171 175 9
228 247 15
170 258 31
224 225 32
7 118 46
51 202 47
101 104 29
148 165 29
8 33 52
123 148 43
213 223 38
58 278 51
57 252 34
140 220 32
15 258 18
84 137 23
187 250 1
145 148 0
15 197 50
68 121 2
212 224 37
94 191 21
264 272 55
167 230 23
97 210 56
39 116 32
114 114 12
38 264 44
212 275 25
258 261 33
85 278 34
163 276 14
25 229 20
38 270 3
151 180 22
11 128 7
164 252 1
100 238 36
148 203 1
87 150 16
249 276 49
124 254 60
121 241 34
214 218 31
274 278 42
26 95 13
104 220 16
62 185 17
6 16 10
205 241 54
245 279 5
240 278 14
24 116 17
69 276 4
254 267 40
43 62 36
73 101 13
46 82 14
43 270 20
137 235 49
105 181 17
198 235 25
175 196 21
37 95 27
154 170 38
215 229 10
176 261 13
180 245 44
55 200 1
23 93 58
8 208 5
190 244 22
152 157 4
8 246 21
60 221 31
103 218 10
163 257 28
204 252 28
110 117 31
102 135 17
134 216 41
188 232 22
157 191 1
21 196 30
222 238 9
224 263 21
62 270 53
92 206 22
190 252 42
178 271 14
259 274 57
110 158 46
88 204 37
250 276 41
40 172 55
128 267 5
173 238 46
64 205 44
80 125 11
55 185 53
107 142 36
243 279 56
162 215 25
75 197 60
122 199 23
58 89 29
39 160 20
105 246 60
250 255 4
238 239 13
20 29 8
208 248 15
20 266 21
8 237 20
144 247 15
131 217 14
3 222 48
10 51 9
231 279 51
35 147 45
9 255 19
223 261 5
60 206 42
26 94 1
202 218 40
97 166 8
32 138 23
1 146 56
93 144 7
123 196 31
4 174 44
270 271 2
96 113 25
268 268 22
107 238 30
147 245 30
134 236 19
175 250 9
254 255 10
133 192 52
199 274 16
215 224 3
179 186 29
225 254 7
25 80 8
270 275 34
217 231 57
265 277 3
11 116 27
216 236 31
100 183 3
205 230 56
156 269 8
251 258 30
0 191 12
42 207 19
138 195 14
119 138 42
248 275 0
197 200 46
59 172 28
86 203 14
25 154 7
115 258 20
55 112 18
273 278 1
67 245 26
23 210 18
81 232 26
216 253 1
233 233 39
95 159 52
66 263 41
83 159 28
207 248 23
134 208 12
39 198 36
92 259 10
264 269 52
87 265 29
96 249 10
207 241 31
123 165 40
60 257 18
191 272 54
48 229 41
198 223 35
10 11 3
187 247 34
155 257 46
18 45 28
107 164 45
44 93 34
69 150 0
154 239 58
9 30 11
113 233 52
278 278 45
127 200 17
197 247 0
130 163 33
189 206 48
224 230 39
168 254 2
33 210 51
213 262 11
24 25 60
188 261 33
261 270 23
156 227 47
254 278 32
113 210 54
60 168 0
94 148 49
121 171 1
236 271 42
256 262 24
109 203 29
66 73 28
129 266 14
185 194 41
52 168 15
110 189 29
242 243 50
267 271 48
96 104 41
115 178 46
131 232 55
264 268 0
191 227 29
94 195 8
111 240 33
131 278 54
215 253 49
109 228 38
67 191 25
109 227 47
197 258 0
119 172 47
170 274 19
232 275 10
256 273 31
121 223 28
88 207 53
173 257 52
235 258 55
71 186 35
149 267 35
227 258 44
88 208 6
86 248 54
118 219 44
176 208 55
199 272 46
94 206 49
247 273 8
103 216 43
188 202 3
85 135 19
8 8 35
3 241 28
11 267 52
10 168 31
17 277 33
185 214 50
129 267 3
95 131 5
186 212 49
169 218 35
168 185 15
231 278 25
94 98 42
45 259 26
110 186 19
192 275 44
240 250 54
144 144 42
107 108 21
15 114 19
253 277 39
31 78 20
56 172 54
131 170 48
203 203 53
199 270 19
18 278 12
179 259 13
242 246 12
171 218 60
13 192 51
136 255 43
169 262 12
72 252 29
240 248 40
147 226 44
3 189 17
133 253 14
72 131 4
28 44 39
149 274 7
38 125 60
78 208 27
204 238 3
155 200 52
134 256 2
96 135 47
44 255 60
120 189 51
145 199 42
79 179 2
149 215 46
176 212 25
179 227 4
223 267 24
176 234 40
125 208 34
61 178 35
70 185 3
37 123 60
243 257 30
22 40 60
108 271 40
179 274 23
190 273 1
71 238 43
259 270 17
54 95 16
86 158 39
178 215 41
166 217 17
55 176 39
253 254 35
96 124 2
84 177 52
215 270 36
138 159 30
92 153 39
104 114 55
73 80 38
116 164 18
74 242 60
137 164 60
205 238 30
120 179 48
73 264 41
46 175 55
5 44 31
238 272 29
146 201 13
141 207 24
149 240 18
90 237 14
200 219 20
7 98 8
86 264 5
197 277 26
190 269 35
23 212 5
68 78 1
167 179 14
247 252 53
29 65 1
182 199 57
73 135 19
100 114 32
173 246 4
149 241 0
78 211 9
264 278 15
266 275 37
38 168 58
93 218 15
104 233 46
271 277 54
259 264 27
106 240 37
125 151 4
242 263 15
254 262 56
153 161 15
72 251 42
260 267 5
163 215 38
100 189 10
260 279 24
34 95 4
5 96 2
62 148 45
75 231 3
46 180 21
204 222 30
169 202 43
239 258 45
215 264 40
245 266 10
22 257 28
69 89 49
267 277 10
84 104 30
210 252 0
228 258 29
238 238 4
246 265 23
132 176 29
23 136 35
157 251 4
156 211 24
148 183 10
265 272 25
32 185 9
193 195 37
11 140 40
138 246 55
192 251 1
207 252 31
145 261 5
272 272 31
218 264 13
