250 1250
144
139
145
132
103
177
164
124
135
177
155
115
145
162
150
199
190
118
178
177
124
171
183
193
105
119
148
168
166
174
142
186
164
175
118
194
172
197
164
147
175
134
116
145
187
136
172
183
166
104
135
117
120
101
182
163
163
105
105
133
161
175
168
165
187
101
122
164
193
175
126
147
194
149
168
120
110
132
160
175
153
127
193
127
109
118
147
194
175
177
146
199
168
166
183
193
121
169
189
136
113
135
106
179
140
115
180
132
110
145
113
136
137
197
151
163
151
157
144
130
195
173
176
148
113
120
127
190
159
188
120
171
111
192
189
155
124
200
117
173
104
196
155
166
190
171
199
151
146
152
145
194
159
153
192
151
169
185
130
109
164
144
149
153
165
200
115
130
155
174
136
142
147
199
198
185
126
156
118
118
132
121
173
150
110
127
116
126
187
110
129
140
117
178
177
142
181
181
176
136
182
120
130
126
184
142
144
149
125
148
110
118
197
164
194
134
173
109
127
107
184
193
189
163
187
103
157
181
109
187
123
103
108
129
148
161
134
119
127
183
136
103
157
112
179
135
193
167
175
106
0 1 49
0 2 27
2 3 4
0 4 10
2 5 18
4 6 33
4 7 17
2 8 47
3 9 28
6 10 20
0 11 59
2 12 39
10 13 24
11 14 42
2 15 39
4 16 58
11 17 20
4 18 18
16 19 13
17 20 58
12 21 55
0 22 3
3 23 0
11 24 5
13 25 20
6 26 36
15 27 17
12 28 14
16 29 60
7 30 55
26 31 59
5 32 45
28 33 10
25 34 2
15 35 47
1 36 41
32 37 44
10 38 45
13 39 13
1 40 17
16 41 42
20 42 22
20 43 13
19 44 52
25 45 39
24 46 15
10 47 7
10 48 43
43 49 43
46 50 5
21 51 20
38 52 55
39 53 56
26 54 59
4 55 53
31 56 58
40 57 43
38 58 36
40 59 29
24 60 26
26 61 22
40 62 46
58 63 57
26 64 31
4 65 7
22 66 33
57 67 55
21 68 13
42 69 10
62 70 36
41 71 27
32 72 27
45 73 28
17 74 48
20 75 4
40 76 6
13 77 15
12 78 14
20 79 20
12 80 45
3 81 49
46 82 59
0 83 12
6 84 24
22 85 6
64 86 47
43 87 18
10 88 7
76 89 54
35 90 50
47 91 47
31 92 31
36 93 54
12 94 9
10 95 39
77 96 5
96 97 60
45 98 26
33 99 38
56 100 21
60 101 32
22 102 57
57 103 45
54 104 33
53 105 44
94 106 57
105 107 55
100 108 17
45 109 29
15 110 7
99 111 35
7 112 0
104 113 19
112 114 40
24 115 31
42 116 26
4 117 17
82 118 46
51 119 37
108 120 38
42 121 32
8 122 34
2 123 36
42 124 6
49 125 35
65 126 58
11 127 58
59 128 22
16 129 35
96 130 19
95 131 0
84 132 36
98 133 22
104 134 34
124 135 22
19 136 36
27 137 38
31 138 38
72 139 33
95 140 14
31 141 40
50 142 16
39 143 13
108 144 37
31 145 42
35 146 60
128 147 33
67 148 17
129 149 48
90 150 52
56 151 57
13 152 18
33 153 40
53 154 6
99 155 14
110 156 31
12 157 33
67 158 24
16 159 60
148 160 36
83 161 53
137 162 17
113 163 31
15 164 22
68 165 45
132 166 47
87 167 11
104 168 7
129 169 23
106 170 15
122 171 3
102 172 28
145 173 48
22 174 45
145 175 28
90 176 30
176 177 45
53 178 16
105 179 8
8 180 36
76 181 53
136 182 28
110 183 9
153 184 45
90 185 35
72 186 4
165 187 59
72 188 22
87 189 36
168 190 59
5 191 17
185 192 48
34 193 48
79 194 13
169 195 0
129 196 53
142 197 56
194 198 21
78 199 6
99 200 41
6 201 52
56 202 56
163 203 4
169 204 5
68 205 15
180 206 51
195 207 54
52 208 38
94 209 27
203 210 10
44 211 9
105 212 56
135 213 42
49 214 55
33 215 9
197 216 56
166 217 42
100 218 26
11 219 55
3 220 48
41 221 49
214 222 31
189 223 4
30 224 25
183 225 16
137 226 33
54 227 51
14 228 23
72 229 50
145 230 16
125 231 3
65 232 56
165 233 15
197 234 31
65 235 52
22 236 31
139 237 40
205 238 34
93 239 23
223 240 46
145 241 19
168 242 3
224 243 21
191 244 33
112 245 55
218 246 26
24 247 53
127 248 31
183 249 29
30 110 52
226 236 49
31 238 23
109 119 45
95 176 20
98 145 8
226 231 50
207 247 34
241 245 44
80 159 43
231 235 59
206 238 52
34 73 21
118 178 45
8 87 41
237 249 46
178 219 33
178 200 26
79 221 53
34 82 12
64 70 22
17 233 15
71 227 12
182 183 3
12 169 44
138 193 4
104 235 33
244 249 24
45 102 23
114 151 38
65 164 35
183 226 50
4 13 19
121 121 19
51 172 30
55 88 53
7 47 18
248 248 24
176 233 40
7 100 29
231 246 40
153 210 25
64 137 55
238 247 30
191 224 19
248 249 9
36 245 4
86 169 47
19 150 1
212 236 16
1 143 11
244 246 52
150 174 40
165 215 16
22 175 36
151 175 9
230 242 32
153 225 28
51 206 32
149 177 45
83 231 60
237 239 48
214 234 60
158 223 49
73 228 12
109 130 57
60 90 50
23 177 20
5 62 46
103 122 33
175 230 23
82 227 20
136 236 46
89 248 0
191 205 2
239 240 11
216 221 43
117 128 2
33 162 47
2 42 40
43 212 7
106 166 45
231 236 35
235 238 39
121 153 15
45 145 8
150 158 54
199 244 59
114 241 56
139 182 38
120 121 3
72 148 47
179 223 14
12 221 35
247 247 60
241 246 10
122 216 43
52 113 20
69 179 25
177 224 7
219 221 42
163 244 30
21 232 59
169 197 4
23 64 25
81 186 50
96 187 51
171 185 39
93 171 26
28 131 25
22 227 33
147 240 27
154 174 19
224 247 53
168 180 51
231 243 41
199 223 2
243 247 3
121 222 2
167 217 41
207 233 17
32 155 21
87 205 52
144 170 13
132 230 26
36 104 49
246 246 51
107 222 9
196 243 11
181 222 28
19 109 46
69 220 35
143 245 53
200 243 28
245 246 35
109 150 24
17 139 59
198 244 45
48 247 9
0 247 25
2 4 15
218 244 56
238 249 51
189 236 42
195 209 7
94 104 10
50 206 50
123 152 58
51 176 47
158 248 44
118 213 28
239 241 52
110 207 55
50 55 42
11 163 35
188 204 22
184 246 18
104 232 28
188 228 14
187 249 35
176 190 44
151 216 23
199 222 22
95 144 57
126 186 51
184 229 16
5 7 8
212 247 13
149 158 1
62 129 6
166 198 26
222 230 15
63 194 48
175 188 11
91 128 45
91 101 22
238 246 24
135 224 37
149 239 3
114 218 0
220 249 11
11 211 1
110 150 56
242 248 52
180 222 16
123 215 1
178 222 4
149 229 40
211 222 24
26 222 10
35 65 16
101 190 26
99 137 9
97 117 30
30 173 16
11 227 57
58 160 7
108 151 9
141 191 26
79 136 57
115 210 48
95 141 6
52 105 49
221 221 2
79 215 22
166 171 14
59 106 17
238 239 43
129 222 6
23 229 28
188 218 1
216 228 57
170 217 29
205 230 6
23 68 12
156 175 20
3 99 0
116 210 44
30 248 6
101 225 57
72 207 29
139 149 31
31 190 19
234 236 23
174 206 10
49 201 49
177 189 52
0 75 47
56 79 14
62 146 31
71 118 58
216 227 50
84 104 18
167 214 28
206 230 33
172 182 13
34 131 5
223 237 13
88 110 20
221 231 44
46 164 26
133 154 4
22 133 17
125 226 30
77 124 53
159 238 39
78 109 37
99 106 14
113 182 24
3 179 60
119 136 59
28 236 3
233 248 35
186 228 34
175 197 13
165 168 19
231 239 47
116 194 9
185 220 50
200 237 4
220 240 53
95 166 3
4 213 51
128 236 24
194 231 40
4 225 1
59 222 6
3 210 37
87 179 7
122 243 57
208 214 6
184 191 20
97 119 50
237 243 54
241 247 41
74 206 44
207 239 32
56 118 44
154 213 11
61 109 7
173 186 7
205 241 43
90 184 10
198 222 34
161 183 6
241 248 7
58 84 6
52 106 24
167 233 13
227 241 55
12 208 11
169 249 13
232 232 13
65 133 42
50 73 45
213 231 20
58 118 44
19 198 50
20 38 1
14 184 27
229 237 49
136 238 14
3 118 56
229 236 14
123 183 23
230 236 7
227 233 0
40 101 37
48 125 35
230 247 27
19 81 10
178 184 23
19 218 47
71 185 56
54 159 0
163 176 37
55 130 17
197 238 55
184 220 1
113 170 0
70 245 55
110 224 14
215 220 47
200 201 7
175 183 47
242 244 26
137 140 16
2 193 4
210 223 9
179 188 49
241 249 26
68 135 8
139 183 3
222 233 58
239 245 8
195 201 50
133 237 3
233 245 47
166 211 56
36 154 2
96 242 52
152 155 33
227 238 38
55 86 14
151 160 42
211 224 53
135 200 34
82 216 45
18 49 55
158 190 54
58 227 21
184 225 54
18 170 28
125 143 31
245 247 45
141 221 1
163 167 59
160 221 4
30 120 24
4 79 25
134 197 28
105 236 12
149 205 9
22 158 46
178 225 45
168 185 43
13 36 25
120 231 17
46 210 13
154 167 46
4 134 53
78 111 60
32 230 21
140 222 27
189 234 38
160 230 4
225 232 49
76 99 2
186 211 11
144 148 2
6 183 39
74 156 13
154 179 34
135 212 48
21 121 56
106 118 57
109 140 38
41 118 36
172 201 18
232 239 42
74 74 10
103 169 58
76 129 37
211 247 46
74 161 4
11 209 38
124 174 17
124 144 13
58 122 41
68 222 11
45 174 8
12 227 47
115 145 41
171 225 43
176 212 45
104 179 37
70 173 59
113 205 22
194 201 8
71 167 41
127 158 27
225 230 4
18 233 44
212 232 55
181 244 23
207 229 16
188 230 48
142 200 31
27 193 33
192 200 14
39 109 50
138 214 3
184 198 10
51 233 57
96 136 51
86 158 60
55 221 42
174 247 4
30 76 8
122 242 31
183 220 13
25 85 37
23 145 6
93 175 58
112 209 29
58 72 8
88 168 47
195 202 23
66 112 7
109 120 3
14 52 58
209 232 51
64 217 45
127 216 51
19 205 45
140 148 3
227 247 40
88 220 10
246 248 13
95 181 5
88 164 26
51 141 4
8 202 46
155 169 9
13 138 46
122 143 48
89 224 59
119 188 9
10 52 43
133 242 34
159 167 38
49 116 40
75 196 16
35 125 27
10 93 60
209 209 59
246 249 4
203 216 50
229 240 47
138 156 34
75 87 12
222 228 21
1 243 40
19 228 11
204 229 60
241 242 49
94 153 41
117 229 6
1 229 2
167 209 57
226 227 60
54 183 38
34 140 30
108 123 50
161 238 20
108 135 0
20 64 44
108 220 33
78 141 43
115 189 40
93 220 13
7 102 28
127 211 9
63 116 52
163 185 24
122 166 53
33 171 25
101 107 10
113 175 58
49 108 43
78 119 14
197 237 21
18 84 7
131 218 31
17 176 17
69 144 2
62 121 23
154 215 39
141 148 44
205 211 39
40 79 43
128 149 41
175 225 57
82 207 31
16 37 21
22 179 45
183 222 33
98 196 38
59 137 49
154 245 10
232 244 40
224 227 12
101 123 8
176 232 17
56 145 21
3 115 56
45 200 17
122 150 28
21 90 30
223 224 56
175 181 44
149 165 2
223 233 16
83 197 51
239 242 10
218 219 40
214 233 32
222 243 6
93 111 53
41 111 1
44 184 32
97 104 43
37 41 2
78 245 20
5 67 45
141 217 40
220 241 41
110 166 24
222 245 42
161 185 54
30 104 49
87 217 26
27 44 23
242 249 20
26 211 32
188 240 46
112 212 30
114 246 23
172 243 14
231 231 46
98 167 26
20 168 42
2 86 8
60 244 36
208 249 22
196 231 17
105 163 15
72 210 32
56 217 14
100 123 33
178 210 33
7 8 4
187 234 17
143 169 20
172 216 37
144 190 7
57 117 32
39 249 44
135 215 38
159 188 55
218 234 10
134 242 28
84 110 35
211 212 10
234 245 38
224 245 27
142 220 20
55 225 30
190 206 33
240 249 16
110 142 2
13 187 9
82 177 5
176 199 42
176 208 33
57 202 28
222 241 50
198 237 25
55 174 10
24 184 57
137 206 30
233 234 7
136 193 4
38 78 55
177 181 25
192 231 42
61 175 17
116 116 30
50 202 38
55 149 57
4 62 49
83 226 49
85 159 2
209 218 38
206 218 2
114 164 31
199 218 6
112 206 21
204 237 25
160 236 54
243 246 40
170 176 56
210 219 22
44 240 39
164 239 51
67 75 26
139 150 19
61 230 19
232 238 39
28 231 58
109 198 53
89 127 36
16 39 19
96 142 56
171 211 56
27 65 42
101 203 0
185 235 49
92 143 5
196 208 31
52 100 55
172 195 11
156 162 45
216 243 51
133 239 26
192 248 11
174 196 60
133 220 32
213 216 52
38 194 33
86 206 0
177 199 31
151 217 6
133 158 32
120 181 25
177 218 15
101 129 6
97 190 34
237 238 29
54 165 50
63 179 17
189 237 54
232 233 7
233 239 33
186 227 40
206 222 12
235 244 16
238 241 23
148 152 10
110 133 10
244 248 3
131 135 7
104 173 3
50 65 29
33 234 9
170 194 18
112 183 32
105 239 6
183 233 48
223 249 9
134 154 2
76 101 59
97 206 43
122 168 1
35 214 40
112 217 18
112 142 29
109 158 1
227 228 13
20 137 15
209 215 52
4 204 28
216 216 44
106 143 13
34 125 32
240 241 42
138 208 5
221 229 43
85 229 20
243 248 54
17 83 48
154 170 60
97 236 51
13 41 8
55 60 24
170 188 28
218 228 46
182 226 51
18 161 59
173 228 17
208 241 54
177 226 41
169 179 1
201 228 38
72 226 32
128 135 8
167 194 55
120 207 58
32 157 12
122 236 43
55 57 43
210 217 57
107 225 27
51 131 56
39 210 32
81 229 41
85 123 49
96 102 3
163 227 8
178 192 31
205 206 5
11 121 46
7 56 50
212 215 2
185 209 5
20 204 57
230 233 51
77 221 59
17 45 23
65 207 15
57 62 22
9 80 35
223 231 14
161 246 58
150 162 57
120 229 47
73 156 8
91 118 48
74 208 43
187 201 18
185 212 8
147 157 15
182 231 54
199 214 22
47 101 58
239 248 8
158 237 43
83 83 26
92 219 8
48 240 6
164 199 8
91 239 57
127 166 28
203 205 31
184 231 45
13 78 6
218 240 6
218 229 50
14 224 32
151 157 11
16 21 30
159 211 53
158 158 13
75 148 60
10 224 24
229 234 12
147 213 21
1 1 17
41 246 6
15 120 5
225 249 6
61 238 52
30 70 28
66 108 54
202 232 60
15 139 0
111 157 29
144 165 35
187 190 36
145 158 36
88 238 44
24 248 13
80 242 27
169 183 26
128 196 48
98 202 11
222 246 51
204 247 58
216 220 48
8 42 40
236 247 57
176 193 32
203 217 43
41 217 57
180 215 45
26 235 32
75 81 46
78 232 38
174 180 24
178 205 55
217 238 6
116 197 41
217 240 14
115 166 51
162 205 1
121 248 12
116 151 11
14 129 13
202 204 54
66 141 11
102 229 34
143 158 9
212 226 11
168 183 40
197 221 4
0 229 51
188 249 10
210 222 34
200 244 27
27 147 27
102 179 58
0 240 1
2 17 11
200 209 16
41 65 4
106 201 5
95 207 30
163 248 58
8 93 39
229 248 52
28 138 47
51 204 24
236 243 30
65 138 54
36 188 21
123 225 31
86 230 57
217 220 37
141 219 21
71 172 2
106 161 53
6 72 48
58 168 31
126 213 39
92 233 2
120 204 34
4 30 58
40 72 38
128 218 60
151 247 44
113 221 54
235 235 26
42 225 14
94 138 10
143 225 37
211 215 17
177 183 21
185 228 22
193 231 2
162 200 26
156 168 14
38 222 18
139 198 0
225 245 18
10 57 50
232 245 25
105 150 11
208 225 36
210 226 4
150 166 37
99 100 0
142 207 39
205 233 54
140 146 48
86 170 23
2 249 23
114 193 4
31 219 3
46 145 19
62 77 38
180 186 47
188 201 55
236 238 22
207 234 25
149 218 31
217 227 12
205 240 38
53 193 15
7 51 48
135 226 0
12 150 55
144 219 6
40 187 41
225 235 22
221 249 22
33 92 8
198 247 30
94 229 44
81 110 50
79 163 2
72 111 60
43 110 55
13 69 3
161 211 53
66 216 34
44 50 31
10 164 20
192 221 12
128 148 15
57 195 49
149 155 39
116 124 31
207 207 39
55 242 40
132 213 45
50 209 32
152 169 0
95 139 44
111 127 17
25 87 54
176 246 19
46 107 13
33 72 53
172 236 27
123 158 23
29 193 9
184 221 30
216 218 5
91 129 18
35 130 41
16 248 53
108 166 33
108 205 40
240 244 34
134 138 6
61 237 20
115 212 19
91 164 27
228 247 23
16 104 7
29 112 53
159 217 3
136 208 58
223 229 44
203 211 40
192 194 11
187 210 36
169 206 16
66 76 1
225 225 39
184 226 29
148 223 56
170 228 56
148 221 0
66 220 12
106 245 17
88 129 10
129 236 45
22 124 41
240 247 55
76 125 9
152 174 55
157 207 35
125 201 21
134 175 3
36 54 3
233 249 5
189 210 11
86 97 36
27 130 49
112 229 10
188 233 27
97 210 36
153 222 58
87 120 19
175 200 40
218 221 34
70 113 41
11 105 27
174 192 52
106 147 7
67 189 42
90 147 34
218 245 37
112 227 25
188 246 11
156 184 31
160 178 35
36 65 13
107 230 44
105 201 4
