140 700
178
141
102
149
104
146
157
128
172
155
193
200
162
125
124
169
117
108
181
161
114
181
126
103
113
138
169
149
138
164
151
158
135
146
136
167
133
156
197
157
185
189
128
139
135
128
173
170
120
126
129
113
112
197
163
156
134
140
128
177
166
133
189
118
107
141
108
125
196
115
146
166
152
176
168
105
141
126
186
116
170
200
104
132
162
178
107
122
108
181
197
135
173
114
147
113
116
196
163
180
141
139
104
163
182
192
158
108
137
164
186
171
137
152
137
136
180
181
109
174
175
167
166
169
117
175
144
156
128
100
103
171
122
111
129
155
133
144
192
158
0 1 51
0 2 45
0 3 34
3 4 18
4 5 55
1 6 27
0 7 14
2 8 52
1 9 49
9 10 44
7 11 2
3 12 34
5 13 59
10 14 29
12 15 28
10 16 33
10 17 4
13 18 32
13 19 8
4 20 28
16 21 57
20 22 34
4 23 48
16 24 46
5 25 50
25 26 0
13 27 53
4 28 15
5 29 52
5 30 32
25 31 9
24 32 6
2 33 6
7 34 25
28 35 12
22 36 16
7 37 58
4 38 46
4 39 46
34 40 55
33 41 29
5 42 58
25 43 55
7 44 60
33 45 57
35 46 51
45 47 56
18 48 2
24 49 40
0 50 35
37 51 10
37 52 29
11 53 50
31 54 46
35 55 34
14 56 3
8 57 33
10 58 5
40 59 24
27 60 26
7 61 10
51 62 38
24 63 10
33 64 55
53 65 16
12 66 28
63 67 36
11 68 16
55 69 48
3 70 53
26 71 19
50 72 44
50 73 18
72 74 12
24 75 17
24 76 58
9 77 42
30 78 55
75 79 20
16 80 44
55 81 5
35 82 42
68 83 50
66 84 25
65 85 2
81 86 40
38 87 10
0 88 1
51 89 11
4 90 42
83 91 50
11 92 59
48 93 42
13 94 0
14 95 24
70 96 1
61 97 35
47 98 36
57 99 25
26 100 28
10 101 57
95 102 45
44 103 15
75 104 11
94 105 29
45 106 54
27 107 16
88 108 32
84 109 52
102 110 6
40 111 47
74 112 28
51 113 22
96 114 8
14 115 17
114 116 44
67 117 51
104 118 58
103 119 26
71 120 55
92 121 55
69 122 52
22 123 48
52 124 52
110 125 26
96 126 7
2 127 4
125 128 10
76 129 7
117 130 54
100 131 14
32 132 31
11 133 58
32 134 4
124 135 35
5 136 59
112 137 32
87 138 53
88 139 4
87 136 25
11 73 50
69 80 54
29 97 57
89 95 37
41 54 1
68 111 53
108 110 41
89 136 55
79 122 57
4 127 12
58 96 8
100 133 7
29 61 24
118 124 42
16 76 21
127 127 42
17 17 17
112 113 48
42 105 26
4 139 39
108 133 10
20 138 9
124 139 7
19 86 58
109 113 32
97 104 58
55 106 33
4 21 31
117 135 16
79 84 6
5 14 2
138 138 15
0 33 37
60 137 3
85 132 45
67 71 18
21 45 53
104 124 48
73 117 21
54 87 19
59 134 15
79 89 28
4 45 27
134 135 13
137 139 58
35 37 59
94 98 54
22 78 51
105 113 8
69 76 20
101 106 42
58 79 60
85 134 21
117 134 43
74 87 12
24 119 34
8 91 5
4 19 26
70 133 60
114 134 40
9 57 3
69 115 60
77 122 18
1 74 22
116 132 19
22 120 49
88 93 55
5 53 17
22 47 8
101 138 21
119 134 47
96 103 8
0 40 51
100 128 60
35 110 4
34 124 26
42 111 39
42 77 8
41 99 1
118 136 37
110 123 33
63 115 18
135 137 7
25 108 17
115 127 57
64 119 49
105 109 52
77 80 26
112 127 2
107 123 41
6 138 17
81 84 40
90 121 33
100 130 48
61 112 50
25 61 0
33 103 9
85 118 46
48 132 43
60 131 18
25 65 30
77 88 1
46 97 17
8 53 42
26 134 55
58 85 40
61 126 12
97 112 60
39 129 34
8 131 15
45 120 54
136 137 26
32 57 3
114 119 20
21 127 40
9 97 49
69 95 43
124 137 3
104 115 40
65 78 47
86 113 30
14 135 10
24 71 0
135 135 54
78 137 48
68 86 13
24 70 46
114 137 46
92 135 51
96 131 55
27 72 2
19 74 58
18 50 42
5 102 19
111 133 42
136 139 19
129 139 21
45 121 28
21 44 25
125 125 25
75 90 31
53 108 34
124 136 59
81 110 15
51 108 6
43 76 36
98 122 34
104 122 9
27 110 30
117 118 4
33 114 6
22 56 32
38 115 34
19 132 49
27 73 59
59 130 43
28 40 37
46 59 44
111 111 39
0 19 46
98 110 10
48 84 34
63 132 10
72 87 41
74 91 51
107 134 9
71 94 36
118 127 11
11 51 0
30 130 8
77 138 40
102 128 53
81 130 54
137 137 46
25 93 11
128 129 12
28 114 34
117 136 15
28 56 16
95 117 43
109 115 41
34 60 48
87 122 19
85 86 51
97 117 49
128 128 25
31 79 22
130 135 12
103 120 3
130 133 59
110 113 22
83 102 26
30 79 35
46 79 1
6 27 37
98 98 57
52 112 24
35 91 15
10 28 41
60 70 34
34 58 52
74 82 40
37 93 59
60 84 8
120 129 8
80 119 21
56 56 49
90 105 44
57 75 13
63 83 18
30 34 23
33 65 46
17 25 25
127 131 29
5 61 60
88 100 53
80 116 21
119 138 57
38 123 59
114 130 3
10 21 33
129 130 26
38 40 25
97 103 47
13 96 58
16 125 17
24 85 44
94 114 56
10 116 39
70 106 53
2 66 7
117 125 33
94 94 31
110 119 3
52 95 48
130 132 13
51 129 36
29 52 10
59 102 18
39 83 60
100 113 41
19 108 60
117 138 7
27 52 44
102 138 23
86 107 55
30 64 24
120 139 38
93 124 22
52 119 4
1 80 6
70 77 52
109 119 17
78 79 15
94 131 11
21 134 56
100 120 26
105 130 32
73 128 39
64 97 12
50 99 26
101 110 28
24 106 44
127 139 59
66 68 34
92 107 46
36 100 3
90 129 53
82 127 38
116 126 43
135 138 43
118 119 44
89 101 23
71 137 24
131 132 28
65 119 39
58 138 10
118 139 32
6 130 7
40 101 10
97 138 36
55 127 50
104 134 5
133 133 10
89 90 14
125 135 3
39 113 36
50 130 16
110 139 58
0 90 30
37 85 40
28 86 42
118 126 2
44 123 48
51 72 22
59 59 57
16 47 54
89 100 41
56 133 53
87 89 59
5 133 58
39 64 47
0 22 41
104 130 36
69 132 7
32 51 59
99 104 20
111 113 28
28 93 22
60 114 35
114 117 9
65 80 10
36 93 34
45 133 59
118 131 31
78 98 33
68 116 53
37 136 60
12 12 43
75 118 44
76 77 18
60 73 23
71 91 28
40 107 1
36 51 28
119 121 9
67 67 5
29 121 59
136 138 57
56 66 56
54 111 22
18 27 0
33 77 42
82 91 40
46 66 48
5 137 15
18 91 14
134 139 19
72 113 30
86 132 28
23 88 33
76 122 48
111 130 56
17 129 37
94 133 39
122 128 8
109 128 36
7 42 2
46 99 47
14 80 49
118 120 39
0 120 17
56 136 6
79 125 27
111 117 43
111 114 26
103 137 37
77 136 21
104 133 45
71 87 28
77 116 10
33 118 32
100 105 2
88 137 15
48 49 42
11 85 22
44 81 30
98 133 36
87 127 5
89 132 40
124 125 59
126 131 4
66 93 5
29 55 16
61 82 31
73 82 10
89 91 42
18 82 27
100 101 40
24 110 59
44 67 59
125 127 5
71 92 54
20 117 51
120 131 36
53 102 26
34 91 34
133 136 54
61 83 17
108 138 42
73 100 12
6 105 41
128 136 27
16 128 22
28 77 0
69 135 42
33 51 39
41 68 6
13 15 27
28 64 24
98 102 19
23 56 23
45 85 43
56 114 57
12 88 41
99 123 47
1 75 15
82 107 54
79 83 30
9 103 10
96 106 12
80 127 40
12 57 57
36 63 23
53 64 1
91 128 1
134 137 58
132 136 43
95 133 40
123 134 33
81 133 27
124 127 24
114 138 32
97 102 24
122 129 41
115 120 10
121 132 48
76 109 2
54 137 23
88 105 15
92 122 53
38 85 14
49 66 30
70 105 29
40 120 7
17 54 15
91 126 5
121 125 11
120 136 42
81 115 24
119 124 2
19 137 34
30 48 26
129 134 50
70 114 19
7 25 39
49 135 42
63 113 8
105 118 40
26 42 35
101 122 26
110 130 57
34 51 31
72 125 24
61 109 38
81 126 10
83 129 46
70 90 15
4 24 4
114 128 19
112 126 54
10 44 19
59 86 54
23 52 36
44 65 25
49 106 26
112 116 15
132 135 17
60 79 11
26 35 17
20 47 6
48 87 23
43 139 53
73 112 17
36 70 13
81 118 27
39 97 32
54 56 55
95 104 33
107 125 36
9 80 35
72 102 43
99 119 30
1 135 13
40 53 57
56 76 17
93 101 19
48 60 50
12 48 25
53 53 40
31 128 23
121 127 24
98 121 47
107 135 30
44 82 26
38 131 44
38 134 59
23 87 12
78 119 55
97 135 28
84 124 60
96 97 41
29 34 53
130 137 8
42 85 38
96 133 59
83 136 3
37 86 43
61 119 30
42 96 47
75 122 35
16 112 54
77 119 14
22 83 18
43 68 21
90 104 43
67 84 60
105 114 42
68 75 7
64 131 8
37 99 6
79 124 50
9 70 12
68 99 12
109 110 6
115 129 9
106 126 42
19 67 0
11 72 46
40 138 46
24 131 56
128 137 48
75 126 2
31 74 38
61 121 40
7 19 5
7 36 31
3 21 13
74 95 59
117 120 50
113 126 17
71 85 10
77 129 25
126 137 22
70 110 47
30 67 38
91 124 50
63 70 5
18 138 0
127 137 26
100 135 0
100 139 45
34 104 27
85 127 32
86 106 56
65 73 14
3 120 1
53 136 55
3 104 24
56 130 6
