80 240
179
118
190
144
157
140
190
150
150
154
175
181
150
170
143
115
127
146
133
132
177
111
189
193
114
186
145
109
169
193
161
131
148
117
117
193
119
196
145
119
189
140
100
148
163
109
198
146
131
121
137
175
178
100
130
156
182
115
174
115
146
181
130
144
101
157
183
194
184
115
103
147
175
118
143
129
196
127
166
118
0 1 57
1 2 39
1 3 1
1 4 30
2 5 34
0 6 34
0 7 45
7 8 29
4 9 30
2 10 26
1 11 17
1 12 4
7 13 45
8 14 36
1 15 60
11 16 32
16 17 22
12 18 8
18 19 29
8 20 17
5 21 5
8 22 45
6 23 45
19 24 53
1 25 45
18 26 46
8 27 45
5 28 21
27 29 2
0 30 6
24 31 44
16 32 15
27 33 15
33 34 5
8 35 26
12 36 54
19 37 37
32 38 56
12 39 34
38 40 51
20 41 7
0 42 30
11 43 14
38 44 35
6 45 38
23 46 51
33 47 45
44 48 6
20 49 0
2 50 57
7 51 39
39 52 10
24 53 6
38 54 55
48 55 11
54 56 39
4 57 8
57 58 44
51 59 18
40 60 7
40 61 5
18 62 55
32 63 47
36 64 15
28 65 37
11 66 10
0 67 39
40 68 7
48 69 18
48 70 50
27 71 24
56 72 55
32 73 28
52 74 32
14 75 5
60 76 2
41 77 40
45 78 50
53 79 49
32 69 41
55 65 53
46 66 24
55 71 17
75 76 56
2 20 24
72 74 53
66 78 23
65 66 54
46 79 4
54 64 60
43 54 24
27 65 42
76 77 42
58 79 38
41 44 56
73 73 13
23 33 44
26 46 7
61 69 26
58 70 28
18 34 29
22 79 52
4 44 57
58 73 22
64 71 12
26 61 19
52 72 57
77 77 47
74 74 37
49 62 9
67 75 16
67 69 41
74 75 43
45 79 7
36 57 46
59 76 19
71 74 1
60 78 7
50 75 0
29 56 55
71 71 46
78 78 13
47 60 53
17 79 26
78 79 60
25 77 35
71 75 13
52 58 28
14 42 50
71 77 3
9 53 51
30 45 13
4 5 11
48 50 28
6 73 34
8 50 44
32 76 13
48 49 37
24 65 1
67 74 57
61 76 45
5 11 24
37 61 23
57 69 1
46 65 38
56 65 48
66 75 35
31 37 50
30 70 33
59 73 39
71 78 57
58 61 27
38 46 23
62 66 54
62 79 36
6 9 40
27 77 56
26 69 37
12 77 5
3 34 11
72 79 10
49 56 27
16 55 40
41 47 45
64 72 50
55 56 35
51 74 24
10 49 41
50 62 6
70 74 45
17 22 8
74 79 59
21 72 24
0 62 38
2 53 38
43 48 54
20 37 26
36 54 23
49 77 31
3 36 33
42 72 23
37 37 0
4 79 60
16 61 5
18 67 22
77 79 6
47 52 55
57 65 53
68 69 57
64 70 3
46 54 32
60 65 45
29 63 3
14 47 52
15 76 34
1 13 29
16 42 33
8 52 46
20 47 26
63 68 59
37 79 26
57 73 60
75 79 1
75 77 50
74 76 51
27 63 54
52 76 31
50 51 11
16 72 0
46 62 13
37 40 17
60 73 14
42 77 14
47 75 35
5 18 13
54 63 25
36 45 12
48 73 31
41 66 22
35 36 27
39 46 57
16 59 53
28 70 44
56 56 38
67 67 4
43 58 42
68 68 59
76 76 52
29 65 32
31 43 1
49 68 27
70 71 57
2 29 3
45 63 39
49 51 29
59 68 46
0 75 21
64 76 21
6 30 22
44 67 7
