60 180
163
157
116
192
166
171
173
161
173
170
148
188
127
142
186
155
132
115
109
118
108
159
186
170
199
143
183
173
185
174
116
184
122
119
124
155
145
199
153
151
174
116
154
136
144
117
110
117
119
102
159
156
177
135
131
105
172
120
197
134
0 1 46
0 2 27
2 3 38
0 4 5
2 5 22
0 6 38
5 7 44
0 8 40
5 9 51
6 10 1
9 11 53
2 12 32
3 13 36
0 14 22
14 15 51
4 16 6
10 17 18
17 18 36
9 19 56
13 20 26
15 21 54
8 22 26
1 23 2
8 24 0
19 25 54
5 26 17
26 27 0
12 28 32
17 29 33
13 30 40
12 31 30
5 32 37
0 33 40
15 34 27
8 35 9
23 36 36
30 37 57
28 38 30
20 39 41
36 40 38
12 41 41
27 42 30
30 43 5
11 44 59
40 45 11
22 46 7
25 47 47
38 48 28
4 49 27
43 50 25
9 51 9
5 52 29
36 53 24
20 54 36
50 55 44
36 56 28
3 57 4
44 58 52
32 59 27
56 56 31
20 55 35
0 18 30
55 59 55
58 59 14
58 58 15
13 35 28
19 36 34
5 29 37
39 56 50
5 21 36
54 55 53
20 57 35
50 56 58
42 45 24
1 8 47
53 54 10
16 43 53
40 46 45
0 59 50
52 59 56
32 56 19
16 36 45
13 34 14
46 52 6
23 30 42
47 58 7
8 27 60
52 52 45
7 55 9
9 15 47
39 48 41
14 20 45
19 23 56
18 46 41
33 40 8
16 40 45
32 39 45
29 51 40
4 11 36
29 37 38
44 47 49
20 53 60
24 55 25
29 58 38
10 58 38
40 53 44
9 13 4
3 54 24
24 47 35
35 48 25
45 57 57
36 58 11
51 57 24
11 19 3
51 56 8
52 57 51
1 41 8
26 51 24
9 48 58
16 49 39
24 36 41
48 58 26
15 54 17
19 33 43
30 42 36
5 23 50
26 42 16
18 23 4
25 39 51
10 15 39
20 50 40
8 32 60
25 44 31
6 25 12
21 47 7
42 58 14
20 31 58
47 57 22
40 59 53
53 59 30
19 24 2
19 30 9
8 38 36
22 58 39
2 2 45
5 48 34
7 47 0
48 53 36
42 55 18
30 51 10
10 14 5
48 59 39
6 12 19
5 27 27
26 46 27
8 8 10
18 38 39
13 41 17
22 53 51
46 47 19
50 52 0
5 42 41
19 29 18
49 53 52
37 51 0
50 59 45
52 53 1
11 57 29
25 30 1
9 34 6
15 19 52
23 54 16
1 54 54
20 22 43
34 38 16
21 53 44
31 34 7
10 22 33
5 40 35
18 37 46
