300 1500
111
134
195
186
122
122
177
148
132
114
189
155
175
138
189
130
130
185
199
157
132
139
150
103
161
160
101
152
184
181
157
195
130
115
158
122
172
133
145
114
133
113
111
151
172
130
114
135
153
177
141
110
199
153
190
142
163
165
196
194
195
135
120
134
191
137
139
180
182
128
160
188
112
155
160
187
147
181
187
198
166
163
131
179
194
164
111
111
151
167
125
129
178
168
154
137
155
115
144
137
178
177
177
184
121
139
175
183
116
112
166
171
145
161
127
116
135
140
124
107
118
163
192
160
146
148
156
114
130
169
141
129
188
160
177
197
131
152
139
138
149
158
121
200
133
132
128
189
199
194
138
118
168
153
127
190
110
147
200
124
154
126
176
104
163
106
113
171
166
144
143
164
116
133
119
130
153
192
126
110
153
195
196
110
186
195
117
193
157
132
197
167
113
197
128
198
162
194
152
135
166
196
135
148
116
105
162
197
173
159
185
139
165
127
130
123
130
168
129
173
150
130
161
111
182
167
115
170
186
194
130
134
134
143
188
147
148
141
188
131
155
175
147
116
164
118
159
192
102
141
109
103
153
125
162
153
172
179
163
128
151
164
135
166
169
158
134
109
189
107
133
144
119
191
136
120
195
146
137
108
194
167
157
139
197
117
148
176
104
127
126
168
181
108
148
156
186
169
131
100
0 1 42
1 2 47
1 3 60
3 4 14
0 5 23
3 6 24
0 7 46
1 8 54
0 9 32
8 10 54
7 11 8
2 12 57
11 13 10
7 14 53
2 15 13
9 16 46
1 17 14
3 18 8
14 19 19
15 20 51
2 21 14
3 22 28
15 23 41
10 24 50
20 25 1
15 26 5
26 27 31
16 28 29
16 29 17
7 30 31
3 31 6
22 32 4
24 33 39
33 34 40
9 35 55
1 36 59
17 37 11
34 38 42
25 39 20
13 40 29
35 41 28
26 42 21
11 43 43
11 44 38
44 45 1
33 46 22
26 47 45
29 48 10
24 49 8
6 50 16
44 51 3
38 52 43
39 53 46
34 54 38
17 55 45
36 56 35
5 57 40
22 58 39
31 59 51
9 60 28
30 61 24
12 62 40
2 63 12
56 64 8
8 65 25
65 66 14
37 67 26
11 68 8
12 69 29
45 70 47
58 71 29
39 72 7
24 73 47
27 74 47
25 75 51
32 76 58
15 77 48
1 78 6
66 79 33
16 80 6
26 81 25
49 82 17
67 83 41
36 84 11
68 85 9
8 86 23
8 87 57
24 88 40
13 89 7
60 90 1
72 91 1
78 92 28
25 93 49
34 94 52
7 95 57
30 96 23
49 97 29
70 98 40
59 99 57
37 100 15
34 101 38
63 102 25
93 103 41
4 104 0
6 105 47
73 106 28
74 107 12
46 108 10
22 109 26
62 110 41
84 111 40
22 112 5
34 113 53
24 114 57
97 115 24
55 116 59
65 117 50
88 118 3
7 119 39
81 120 32
119 121 7
17 122 4
49 123 35
114 124 4
90 125 57
85 126 30
93 127 19
55 128 1
12 129 1
17 130 0
36 131 21
31 132 53
116 133 17
70 134 16
102 135 9
7 136 52
71 137 42
85 138 46
96 139 25
5 140 39
90 141 19
114 142 47
54 143 39
11 144 15
50 145 26
47 146 43
80 147 12
115 148 50
4 149 25
136 150 59
42 151 50
77 152 18
84 153 60
108 154 16
34 155 60
140 156 55
111 157 27
110 158 32
106 159 33
126 160 37
78 161 21
59 162 45
132 163 18
64 164 32
79 165 0
43 166 30
13 167 41
49 168 58
16 169 43
21 170 11
111 171 43
120 172 35
6 173 27
163 174 14
157 175 52
149 176 11
24 177 43
83 178 33
126 179 13
23 180 47
122 181 50
38 182 26
169 183 55
18 184 27
22 185 3
80 186 59
116 187 5
155 188 39
36 189 41
149 190 39
41 191 27
86 192 29
153 193 52
168 194 40
128 195 7
141 196 38
13 197 23
197 198 6
152 199 21
117 200 34
122 201 59
170 202 32
30 203 14
148 204 25
91 205 57
43 206 54
191 207 56
38 208 51
67 209 6
104 210 6
197 211 57
142 212 52
129 213 39
189 214 32
167 215 42
146 216 36
158 217 13
3 218 54
168 219 2
145 220 19
197 221 29
129 222 4
90 223 45
76 224 59
121 225 13
11 226 28
185 227 41
42 228 34
194 229 41
30 230 19
180 231 11
106 232 31
142 233 51
228 234 53
166 235 23
184 236 21
72 237 6
48 238 32
43 239 37
120 240 13
202 241 1
235 242 36
43 243 11
233 244 55
241 245 17
144 246 51
190 247 16
23 248 4
130 249 37
3 250 3
72 251 49
101 252 7
175 253 43
99 254 53
168 255 37
87 256 29
128 257 35
138 258 10
119 259 25
4 260 13
151 261 47
27 262 38
205 263 12
30 264 47
170 265 16
243 266 31
208 267 7
58 268 52
55 269 8
265 270 49
114 271 2
238 272 4
184 273 38
187 274 58
136 275 46
145 276 47
241 277 2
141 278 30
29 279 25
53 280 51
211 281 39
74 282 30
208 283 58
21 284 46
90 285 55
29 286 21
209 287 17
216 288 5
78 289 60
272 290 53
91 291 11
108 292 24
184 293 48
184 294 52
106 295 15
12 296 58
214 297 14
34 298 20
104 299 15
111 111 46
0 38 34
171 247 31
122 160 46
178 181 23
17 179 53
252 283 9
176 216 43
133 271 30
260 288 9
281 284 39
22 204 34
140 210 48
15 247 54
210 243 36
285 287 9
227 259 55
240 273 24
51 101 36
225 272 27
126 194 6
8 227 9
18 49 1
44 96 18
129 247 46
12 140 34
51 139 12
254 262 49
131 185 11
294 294 29
193 207 53
113 162 23
19 183 16
79 278 49
189 275 26
170 283 48
150 295 33
4 278 26
124 227 38
58 151 48
281 283 10
101 167 29
107 169 57
183 186 52
34 196 52
97 227 27
120 155 35
245 265 24
270 281 11
210 226 12
93 208 8
291 291 7
178 280 21
132 264 30
274 285 57
138 288 2
116 256 16
55 202 56
117 292 24
231 257 57
8 194 22
171 246 7
168 225 23
28 89 3
233 291 39
217 245 56
198 227 27
74 214 59
113 248 35
223 274 21
279 294 12
190 293 22
113 133 41
119 232 37
149 203 21
279 280 19
101 177 17
9 282 37
150 159 38
218 234 13
212 219 59
4 257 56
151 184 26
137 265 45
3 127 4
206 293 47
237 297 55
43 128 49
137 278 3
31 65 51
211 239 27
84 238 17
221 230 48
39 275 33
27 268 34
72 124 27
218 276 39
223 245 23
229 292 48
168 230 25
44 179 31
69 288 10
146 149 1
115 236 59
30 269 13
40 123 10
181 214 34
192 247 14
254 256 29
80 283 59
74 81 14
221 288 38
241 241 36
296 297 22
254 273 52
268 273 19
19 65 58
214 289 4
293 294 52
103 207 21
7 209 25
87 127 4
156 295 5
218 223 13
226 279 39
292 299 7
80 200 20
39 106 43
117 171 27
233 249 5
218 249 36
113 197 21
134 243 53
41 217 9
229 266 45
105 151 39
82 214 35
13 200 12
96 128 6
189 257 1
53 233 20
106 289 30
4 32 52
57 271 54
109 213 17
259 264 57
264 287 59
39 71 15
82 97 43
51 172 32
294 295 22
44 50 43
261 289 34
232 256 14
179 224 33
147 224 59
298 299 58
194 243 46
41 67 27
186 259 19
96 292 7
158 174 57
113 269 13
139 252 29
1 62 23
102 104 28
199 254 32
127 273 53
238 283 2
62 219 2
162 251 43
190 212 52
96 147 25
50 260 36
156 186 52
85 277 44
16 195 45
265 289 59
263 298 22
252 262 35
34 191 9
288 289 43
134 141 25
110 189 53
176 298 24
149 233 35
60 193 9
271 273 17
43 164 13
61 99 24
117 178 7
293 298 60
24 102 56
164 181 53
232 277 51
216 252 28
146 251 11
238 242 36
158 221 52
193 273 0
118 172 42
292 297 4
152 282 9
89 279 50
7 145 16
272 272 20
182 268 37
134 272 21
260 284 8
290 290 10
253 288 21
182 245 42
254 291 42
208 261 8
162 196 22
35 150 1
244 258 58
11 116 47
41 66 55
28 121 0
213 265 11
108 193 35
227 290 37
121 134 28
153 293 54
273 297 1
26 77 4
215 228 54
272 297 43
227 248 53
81 122 39
153 240 53
50 54 16
26 74 23
86 277 30
165 276 18
266 299 21
116 287 36
101 148 43
47 203 17
187 191 36
7 110 11
296 299 7
235 278 37
133 179 17
2 78 58
271 277 24
283 283 19
293 297 42
3 130 1
11 270 44
145 190 38
143 232 2
158 191 14
35 129 52
150 256 3
154 162 53
98 158 22
273 287 5
99 232 35
206 272 28
36 116 43
235 240 9
269 283 23
153 227 60
172 267 36
260 272 5
50 115 11
129 246 38
272 276 42
201 223 43
179 253 11
48 80 7
57 87 15
13 126 7
17 148 6
188 294 21
56 196 56
133 135 35
55 189 34
41 80 37
19 94 26
108 188 36
23 232 38
202 235 8
295 295 47
221 294 24
179 214 59
294 296 9
50 123 56
229 235 59
89 249 22
196 258 60
234 296 9
278 299 48
53 179 32
222 249 31
220 290 32
59 140 45
1 233 5
163 272 40
5 264 33
233 267 38
51 268 43
49 110 40
124 185 58
138 207 0
97 110 60
62 180 20
114 126 28
131 248 56
240 258 3
6 112 34
91 154 25
191 237 10
243 255 35
196 233 53
156 264 53
24 99 5
269 272 34
219 233 9
151 163 17
140 269 21
55 266 11
278 279 39
88 283 20
53 109 9
77 237 31
62 115 13
110 197 7
203 225 31
82 236 57
277 294 54
78 114 40
175 218 58
98 199 31
50 69 17
117 127 1
92 280 24
234 281 28
239 276 4
21 47 27
122 215 11
136 147 28
116 186 18
211 214 57
166 217 29
122 295 34
155 242 42
168 280 16
61 182 55
130 145 51
175 269 4
275 286 36
0 14 56
78 232 59
86 143 34
15 273 31
81 123 57
67 169 27
262 298 59
153 165 29
260 274 12
240 291 58
65 253 20
168 203 44
235 251 57
130 217 31
55 283 20
239 282 12
194 276 36
66 158 12
207 242 10
71 259 30
194 210 43
28 232 34
165 191 60
139 226 56
246 290 43
267 273 28
233 293 14
174 283 58
140 144 31
115 224 39
260 282 34
174 232 43
199 256 11
67 140 47
130 245 37
275 289 54
44 69 10
257 260 32
275 299 45
15 297 8
48 248 22
196 253 44
22 59 48
261 297 23
13 24 14
115 182 53
262 264 37
190 209 46
85 101 8
68 249 46
186 248 27
42 115 32
76 250 16
159 183 48
19 157 19
150 207 60
272 295 15
232 284 48
201 206 18
245 277 60
182 186 23
69 75 33
121 253 1
167 239 48
184 239 20
58 261 31
166 216 51
269 295 50
133 187 47
81 229 18
228 288 39
233 240 37
89 221 58
100 201 36
276 277 23
139 267 30
70 291 30
207 223 9
69 90 3
177 227 50
16 257 6
71 265 5
242 258 16
110 284 31
50 98 53
34 279 29
66 118 18
243 248 5
207 292 33
286 288 47
220 239 1
251 283 1
198 230 54
88 204 19
160 262 39
259 298 38
153 190 38
96 179 30
91 293 14
295 299 47
233 278 16
13 100 59
185 257 1
213 276 14
53 162 46
131 149 23
159 206 1
189 288 17
242 275 6
179 181 22
72 280 53
266 273 55
102 162 40
225 242 8
238 297 18
159 180 35
107 134 59
35 249 32
225 282 20
120 120 8
12 17 59
264 298 5
63 183 27
293 299 39
269 271 37
43 172 26
292 298 34
64 291 39
195 280 52
57 291 27
232 293 51
68 115 17
32 65 59
227 256 20
140 256 22
89 271 5
156 282 49
240 271 26
120 260 53
73 122 58
149 293 32
267 281 52
130 161 18
129 167 18
193 194 19
102 173 8
66 167 8
158 180 48
75 272 32
113 240 33
97 98 47
248 297 35
268 278 7
121 181 21
40 237 40
81 215 6
49 157 1
97 99 22
248 289 51
20 187 37
224 242 11
107 253 59
127 133 2
186 226 16
90 201 36
253 262 49
63 100 43
215 223 55
216 257 17
245 249 40
34 274 2
204 267 53
174 190 36
196 223 57
289 293 60
92 130 34
154 292 30
1 40 19
187 276 16
278 292 49
2 259 17
27 189 42
92 243 30
156 164 43
169 255 42
48 154 35
248 292 16
178 273 9
294 297 6
186 196 12
102 136 54
89 299 43
100 212 29
90 299 37
196 220 42
264 299 29
29 80 27
82 184 57
105 293 10
27 103 16
261 286 24
57 182 40
131 215 28
97 189 19
119 168 25
290 299 14
146 268 2
45 119 55
75 215 44
99 248 57
259 268 60
173 281 45
40 265 19
48 298 49
139 167 49
285 297 57
14 290 26
125 243 58
150 282 40
89 111 27
39 250 41
270 282 7
8 248 9
152 286 35
84 289 0
265 285 16
39 98 9
261 275 47
11 85 47
18 194 31
277 290 37
141 153 23
212 255 48
156 229 6
252 252 19
15 31 28
243 262 9
248 252 17
87 118 39
223 268 37
200 290 20
55 282 19
18 276 8
101 270 10
96 285 45
221 299 6
262 263 57
166 183 34
96 263 15
234 298 35
98 111 30
175 250 34
91 189 16
138 267 29
169 289 35
98 282 38
137 282 58
267 267 7
130 231 46
169 238 16
44 175 56
228 228 25
140 222 48
47 192 6
176 178 22
48 258 11
197 232 57
209 209 11
140 172 38
119 276 50
71 171 50
116 185 15
40 299 26
256 279 19
7 242 39
170 250 28
241 255 17
194 264 9
189 240 60
142 280 43
169 290 11
205 213 3
233 268 36
6 208 41
244 250 24
60 67 7
36 202 31
265 284 2
285 292 13
139 139 0
152 180 38
244 275 26
35 67 22
187 298 45
53 255 3
115 264 21
42 225 3
267 295 23
238 288 43
290 298 60
239 270 29
268 293 46
182 208 52
33 124 36
67 270 3
167 277 49
235 250 39
168 207 29
15 198 17
74 235 14
223 256 17
247 251 56
159 181 59
113 208 18
196 230 41
40 91 46
70 153 50
265 265 14
2 283 35
159 228 38
42 223 50
38 85 17
155 251 46
149 170 44
157 244 28
192 269 26
50 212 7
263 265 40
199 230 19
250 279 11
32 149 45
291 293 40
86 162 29
237 240 0
289 289 20
190 253 7
132 218 60
97 200 18
275 284 10
134 186 40
61 158 15
221 247 55
9 123 21
72 89 24
122 256 22
288 298 3
231 267 29
181 197 33
168 173 12
212 272 2
294 298 24
139 175 2
21 214 18
235 267 20
170 293 50
245 292 12
225 288 19
266 286 2
81 227 54
35 193 26
256 273 43
162 257 23
183 249 44
216 230 18
98 103 59
81 143 52
262 266 12
274 293 10
277 291 7
34 283 45
59 65 22
17 30 41
46 206 57
251 259 38
166 228 29
127 190 9
296 296 17
218 231 7
131 214 22
190 256 29
227 252 51
274 283 15
196 291 30
114 261 12
117 277 2
32 141 18
290 297 46
188 234 0
17 185 37
116 191 26
43 161 14
258 290 8
91 215 50
150 178 52
280 299 10
8 18 39
113 201 33
201 274 18
211 262 43
213 285 43
166 284 16
5 299 5
280 285 8
189 256 18
271 271 15
63 288 44
65 243 46
109 177 48
222 275 51
289 299 26
71 247 42
135 298 16
245 282 43
232 248 23
16 224 28
221 251 55
37 105 19
58 232 46
234 257 27
197 245 6
252 265 24
127 196 22
145 188 58
149 165 57
178 183 38
223 260 21
182 228 10
276 281 43
158 205 6
244 252 39
262 284 44
203 224 54
255 283 11
41 70 53
43 82 14
256 299 54
128 281 40
294 299 1
166 192 41
279 296 10
7 69 36
38 275 28
282 290 57
23 168 44
157 281 21
58 275 9
166 259 12
123 270 15
83 298 38
95 246 41
242 292 37
224 268 36
64 194 11
104 297 19
152 182 44
93 166 39
43 108 55
65 86 10
25 247 4
247 298 6
126 167 7
114 153 33
32 121 15
127 240 32
131 217 7
169 291 27
152 185 57
55 203 50
27 197 49
3 48 31
245 290 50
53 171 12
267 293 30
201 261 56
64 255 0
103 127 30
154 241 24
46 170 20
273 299 29
9 119 41
274 275 30
131 267 59
270 293 26
263 274 14
10 130 41
243 268 43
55 200 0
52 142 32
118 207 35
40 263 42
76 160 49
298 298 32
65 161 2
42 202 37
250 295 19
270 289 31
23 94 10
213 286 52
285 295 11
129 251 22
35 92 14
65 139 54
236 275 41
277 289 17
41 125 30
191 241 7
114 172 36
137 242 58
82 121 16
84 194 39
67 99 18
199 224 53
108 204 9
133 227 27
204 275 38
120 221 53
193 215 8
167 217 4
25 140 40
248 268 14
69 272 52
116 266 18
256 277 34
7 128 2
222 224 12
175 286 59
57 149 31
33 77 34
30 164 7
214 291 51
189 192 5
7 132 58
151 172 16
196 269 37
51 85 44
2 127 56
160 298 7
227 269 43
118 158 13
284 290 37
275 298 18
266 274 31
268 286 4
27 159 34
114 159 46
270 295 55
9 34 8
194 286 0
289 296 49
200 267 23
136 198 2
157 250 54
52 155 3
101 282 39
255 279 22
161 240 5
171 227 46
154 296 38
288 293 11
122 242 53
194 218 5
258 291 20
190 196 35
28 188 8
8 291 45
133 186 19
43 179 40
207 249 57
103 152 10
141 159 60
282 299 52
112 144 10
230 265 13
119 283 54
74 277 43
60 238 25
20 56 13
195 247 56
76 105 21
99 234 47
34 216 57
36 250 0
166 288 38
96 187 36
100 102 0
115 174 20
106 222 34
113 172 40
47 183 3
139 250 24
116 181 0
137 175 29
161 230 9
121 150 40
17 145 13
95 220 47
207 215 34
248 262 17
191 276 48
264 267 53
82 180 40
48 139 5
12 87 51
283 295 9
261 270 0
112 283 55
111 212 38
206 277 12
129 285 55
82 183 18
25 146 51
117 122 3
111 160 60
180 247 38
153 160 21
135 224 37
148 172 24
279 283 45
157 202 9
218 247 52
76 281 52
262 294 32
269 282 24
87 128 30
215 293 35
179 215 6
58 97 14
133 204 33
24 169 50
58 177 50
127 278 10
107 268 51
174 213 14
81 190 31
18 124 45
153 252 16
163 239 23
30 220 46
192 256 0
70 169 6
268 280 21
15 130 12
182 232 60
278 283 16
214 281 6
25 282 17
285 293 51
159 161 16
275 293 39
257 287 54
248 270 42
21 71 8
80 249 50
216 275 14
92 281 54
273 277 4
116 128 13
124 188 14
38 222 0
238 284 34
255 257 20
250 293 29
27 294 8
32 159 48
189 298 48
85 89 57
61 116 21
229 229 28
8 80 10
292 295 37
119 238 20
105 194 25
15 30 2
168 240 30
97 215 22
126 207 0
59 134 25
152 226 5
256 292 1
256 298 6
201 264 21
272 281 24
103 213 14
53 102 41
167 278 42
71 106 11
149 171 5
147 150 50
17 45 24
208 237 43
217 250 41
120 144 19
260 277 57
230 281 49
36 198 34
88 134 51
170 227 48
121 281 14
96 191 30
66 198 13
40 117 50
42 280 18
265 278 12
114 138 8
208 226 5
171 207 38
278 297 9
12 128 25
172 276 19
227 284 45
247 265 52
283 299 33
214 248 31
147 189 32
254 265 52
7 75 27
259 296 56
92 185 34
143 289 32
179 285 28
186 192 47
31 255 50
79 253 20
88 138 45
80 281 60
58 284 58
217 294 20
276 289 47
181 259 24
77 93 38
75 178 14
125 224 58
110 291 15
243 270 45
72 149 28
162 290 29
209 238 59
22 151 47
135 182 40
177 183 26
47 256 26
3 28 29
27 88 17
150 267 7
131 200 39
258 279 31
153 268 11
51 96 11
23 120 41
260 268 10
52 221 53
174 259 13
18 171 60
97 261 43
297 298 58
203 283 45
168 242 56
134 278 33
100 155 35
146 264 16
208 246 21
8 234 26
150 255 53
0 253 45
30 248 36
166 210 26
30 43 7
111 211 37
239 286 5
12 201 16
176 290 50
172 246 16
295 296 6
56 162 7
118 232 46
245 275 31
44 62 59
147 218 16
48 50 8
229 277 21
197 237 28
113 270 40
212 220 19
159 293 5
272 299 57
105 282 54
151 232 54
158 184 7
180 252 47
200 286 35
12 67 8
20 97 48
226 265 6
72 260 17
275 287 20
209 245 42
23 260 20
31 278 39
76 84 4
131 245 15
93 236 6
230 245 33
32 230 58
10 66 15
77 173 46
174 271 54
224 253 24
219 259 29
138 176 59
104 229 33
35 154 14
25 285 38
98 113 51
273 298 22
81 296 43
67 269 29
228 238 41
34 287 47
63 67 56
16 288 55
234 273 39
102 200 50
242 251 6
103 178 24
235 258 5
40 290 40
181 273 37
287 298 5
207 230 6
205 239 41
217 265 21
221 261 60
34 241 24
110 129 54
80 188 43
138 254 12
25 71 22
169 209 42
49 299 47
86 296 12
21 87 27
61 176 0
153 163 1
162 286 33
186 239 39
8 159 9
10 187 37
