220 1100
144
148
176
111
187
102
170
176
177
197
131
145
183
178
160
141
104
132
162
199
130
157
102
103
199
115
137
180
126
113
144
120
140
109
182
179
129
145
147
133
135
165
144
194
165
125
130
171
154
177
117
183
126
175
102
170
139
114
128
127
137
165
191
170
159
178
110
104
110
135
198
177
192
198
177
159
134
173
150
135
174
137
112
120
198
191
103
167
200
161
100
141
102
196
174
190
145
176
183
122
170
136
131
142
176
109
107
134
193
116
140
170
128
177
148
156
124
155
194
141
198
105
106
178
190
167
198
131
126
200
133
112
156
164
182
147
101
101
144
178
187
191
112
151
186
180
170
138
188
153
158
115
121
105
183
166
165
160
183
131
100
142
100
194
150
163
139
111
138
107
132
121
162
171
172
187
106
190
134
108
192
155
153
101
120
127
145
131
125
138
187
144
183
137
108
150
173
106
154
121
199
174
150
105
141
151
127
194
137
193
174
188
130
150
171
118
114
151
195
140
0 1 44
0 2 46
2 3 22
3 4 3
0 5 52
3 6 45
5 7 30
6 8 9
2 9 59
1 10 48
5 11 39
10 12 44
8 13 33
1 14 33
13 15 13
14 16 53
10 17 43
5 18 19
13 19 29
8 20 36
1 21 58
10 22 37
14 23 6
15 24 18
4 25 50
10 26 20
6 27 39
3 28 22
16 29 13
19 30 12
25 31 17
21 32 56
29 33 33
29 34 29
33 35 17
18 36 24
8 37 13
1 38 60
19 39 38
14 40 56
34 41 28
13 42 38
3 43 37
9 44 34
40 45 42
32 46 54
22 47 36
6 48 7
21 49 51
10 50 29
19 51 28
35 52 2
20 53 13
48 54 11
36 55 33
3 56 15
56 57 57
9 58 4
56 59 29
45 60 5
56 61 40
39 62 1
22 63 52
12 64 35
63 65 57
55 66 43
65 67 60
52 68 34
58 69 27
68 70 42
48 71 24
30 72 54
6 73 2
70 74 38
17 75 40
75 76 27
22 77 32
60 78 12
14 79 31
0 80 20
73 81 24
35 82 24
34 83 54
0 84 6
46 85 49
68 86 53
69 87 21
60 88 9
47 89 7
17 90 31
8 91 25
1 92 18
47 93 10
15 94 31
29 95 26
94 96 21
12 97 23
69 98 8
89 99 19
10 100 9
91 101 25
66 102 21
14 103 52
86 104 38
47 105 57
26 106 60
46 107 48
103 108 48
30 109 47
9 110 59
93 111 43
15 112 18
104 113 4
8 114 41
67 115 15
31 116 26
107 117 13
75 118 30
57 119 42
46 120 47
22 121 0
86 122 7
80 123 38
106 124 34
82 125 17
70 126 52
15 127 36
26 128 56
14 129 27
68 130 44
115 131 13
87 132 54
16 133 11
32 134 30
113 135 48
125 136 40
112 137 24
106 138 37
68 139 47
85 140 41
52 141 4
94 142 52
81 143 25
77 144 29
57 145 33
110 146 4
77 147 58
17 148 20
16 149 42
31 150 25
34 151 1
17 152 5
42 153 50
24 154 55
111 155 7
85 156 0
21 157 38
123 158 39
100 159 27
146 160 40
153 161 34
31 162 47
43 163 55
39 164 24
77 165 26
118 166 55
110 167 34
117 168 0
34 169 7
112 170 55
51 171 38
109 172 27
65 173 33
146 174 53
42 175 41
136 176 27
59 177 56
8 178 50
113 179 57
162 180 37
118 181 60
67 182 59
101 183 56
100 184 40
167 185 0
79 186 60
181 187 9
171 188 21
82 189 60
99 190 42
15 191 7
35 192 50
47 193 56
7 194 51
3 195 22
104 196 20
144 197 10
6 198 21
53 199 19
41 200 2
84 201 32
11 202 13
174 203 31
85 204 19
90 205 32
152 206 45
173 207 4
38 208 22
53 209 53
42 210 35
178 211 17
2 212 9
6 213 40
129 214 33
70 215 18
147 216 47
105 217 54
161 218 43
187 219 49
127 187 42
63 193 18
151 190 45
129 133 10
4 74 32
123 151 39
102 206 57
215 219 10
78 199 46
20 71 14
25 185 14
82 185 45
33 190 59
149 179 39
66 210 47
176 193 5
176 213 41
19 113 35
11 15 12
118 144 3
86 87 35
143 174 31
134 199 7
177 215 42
147 177 13
58 219 18
80 132 15
161 193 1
146 208 6
53 166 41
196 200 58
55 159 7
101 186 27
102 115 24
157 163 58
17 122 50
197 216 30
188 200 27
85 155 7
45 94 10
43 68 36
121 153 24
218 218 9
18 88 10
66 118 15
57 172 38
148 150 57
28 180 57
71 208 20
118 125 22
116 138 5
38 180 5
28 147 8
55 125 51
155 192 36
199 200 46
21 193 33
149 170 55
175 210 3
5 36 42
214 215 33
28 132 21
203 209 42
121 164 20
111 182 51
51 152 29
7 140 1
178 182 6
210 219 11
38 165 60
111 123 10
196 204 31
113 126 13
13 64 58
176 206 45
47 109 31
77 191 45
169 180 50
86 180 54
71 178 9
175 207 19
89 153 4
129 188 23
116 117 41
149 187 52
8 99 30
150 175 18
17 54 33
185 218 3
192 205 11
94 95 27
118 196 49
30 141 35
14 152 49
83 215 47
197 209 9
111 135 18
126 199 0
172 212 23
21 178 47
168 216 14
85 219 38
80 152 45
174 189 12
21 176 37
91 119 49
144 181 56
97 99 43
130 168 20
142 197 58
78 176 30
58 213 42
96 122 27
18 125 23
24 39 54
32 186 10
142 181 3
173 175 11
198 204 58
100 195 29
216 217 12
70 163 34
63 176 25
87 110 13
198 205 11
188 205 19
212 214 28
35 115 13
158 181 5
189 203 10
72 116 58
17 175 34
173 216 10
97 121 36
28 160 46
31 130 21
165 196 39
25 101 20
176 178 35
36 193 1
23 25 38
139 158 24
153 218 21
137 174 26
53 110 35
139 216 42
21 181 60
202 218 32
181 219 46
101 166 7
60 206 30
4 10 45
39 142 44
26 122 25
110 210 15
16 18 29
39 187 16
34 113 37
49 192 59
162 217 50
118 195 36
83 197 19
78 112 50
186 201 60
173 197 27
38 155 1
150 182 14
73 192 10
156 213 47
161 215 16
99 165 37
184 213 47
52 90 6
181 188 47
82 182 26
177 191 47
62 208 31
3 147 39
78 79 2
68 150 59
155 176 54
41 147 20
23 61 40
120 141 15
83 152 44
166 189 59
124 125 1
207 212 10
130 176 22
37 183 3
111 122 24
160 187 40
117 178 17
26 177 26
140 161 58
86 107 35
157 219 32
86 186 1
133 188 23
22 178 5
65 157 49
61 117 7
152 175 1
132 170 42
136 198 32
19 35 36
88 153 16
182 207 4
108 138 45
123 174 8
71 167 23
113 193 48
142 198 41
39 54 55
96 147 27
129 207 53
49 105 28
25 144 41
160 209 37
66 116 3
73 75 18
71 150 7
15 84 39
120 182 21
91 128 38
207 216 36
83 151 0
199 211 23
153 173 6
179 205 21
40 44 3
136 196 35
128 137 3
156 190 20
50 175 33
31 122 47
213 216 45
111 125 1
208 212 0
160 217 28
5 204 12
141 142 13
174 202 15
76 156 2
38 93 29
134 171 16
12 51 28
158 217 9
148 170 17
48 118 19
209 211 16
89 115 26
113 206 4
15 48 35
116 216 31
45 80 51
23 157 15
37 39 28
204 207 12
20 60 12
172 215 46
186 188 20
114 172 33
199 203 24
112 204 46
20 55 22
145 164 43
108 157 35
52 199 31
93 162 40
196 202 14
83 210 20
27 131 42
203 217 36
45 154 39
85 126 7
118 167 50
0 158 16
171 199 35
128 145 7
90 125 9
60 68 7
159 172 27
80 170 59
33 206 46
21 79 55
138 142 16
161 168 58
46 82 4
97 169 15
109 146 30
83 166 11
90 112 17
47 87 30
129 178 13
84 88 45
132 190 43
63 147 0
155 178 20
203 210 53
9 77 32
218 219 19
26 98 27
59 61 40
164 164 39
192 199 8
188 213 31
178 183 19
76 93 23
59 181 18
153 190 4
70 90 34
184 189 41
81 184 51
194 209 8
145 165 25
87 188 41
45 146 50
192 194 46
147 210 15
80 208 17
170 210 41
180 203 11
25 33 22
134 218 23
162 205 26
129 202 10
27 72 9
26 114 29
42 211 44
157 208 23
153 170 32
170 185 19
170 178 31
85 188 9
179 191 12
111 146 19
140 162 17
98 118 17
151 173 15
184 212 56
21 87 13
50 217 18
49 69 43
14 51 27
35 216 7
193 199 46
131 158 10
74 114 10
213 215 25
5 20 17
160 195 40
177 185 1
37 47 58
159 193 29
93 125 45
128 214 20
15 58 10
207 208 36
212 212 27
130 212 17
197 206 19
138 200 32
62 160 42
78 190 58
196 214 39
95 181 5
140 205 32
78 86 28
143 173 42
210 218 22
180 195 24
96 208 18
99 131 15
203 215 59
156 162 11
89 103 45
151 187 53
114 127 16
157 176 42
142 142 53
30 151 28
57 132 42
170 217 25
148 202 47
64 193 7
145 191 47
158 169 26
35 214 45
77 178 32
188 194 42
138 213 60
89 118 6
79 85 45
88 176 18
181 182 48
151 188 27
120 193 39
64 198 59
100 188 0
55 79 22
183 207 53
154 181 22
109 184 0
202 206 40
7 196 24
182 203 42
43 176 7
175 206 49
56 76 26
99 106 33
73 85 54
189 209 20
106 189 15
208 209 12
8 90 7
37 83 54
26 66 31
212 215 53
190 196 0
166 199 19
0 128 27
124 148 35
179 212 57
78 90 20
164 166 21
136 192 33
20 87 12
80 86 22
28 134 6
13 171 53
14 177 35
68 172 0
202 204 54
56 90 27
112 168 60
171 184 7
44 209 39
95 201 9
95 179 27
187 188 52
119 213 1
197 213 50
31 144 1
54 69 41
88 185 39
126 146 53
50 116 47
176 187 16
147 163 20
127 207 15
131 133 25
149 194 20
60 69 51
77 99 35
41 65 47
65 101 43
87 105 7
14 119 55
68 120 23
21 86 58
81 122 26
164 187 34
206 214 41
103 115 60
66 174 29
7 79 14
196 206 16
74 192 52
153 166 34
143 191 22
81 117 46
203 218 2
23 126 10
197 207 20
90 140 40
35 112 2
53 189 13
62 202 16
92 140 3
162 168 57
191 206 16
190 210 3
40 148 15
200 206 5
30 203 28
205 213 60
76 215 11
77 94 37
14 20 57
125 211 46
113 136 38
152 168 48
103 125 2
17 78 19
164 169 56
28 105 41
121 161 23
186 193 58
110 194 40
49 130 3
182 216 11
9 218 41
173 199 35
210 217 22
206 207 32
70 172 18
105 111 52
1 47 14
196 203 45
184 215 23
163 170 47
134 163 53
194 210 60
188 218 19
165 167 54
116 200 8
126 216 53
39 76 22
66 108 44
173 218 2
39 210 22
180 217 51
206 218 36
84 219 45
96 172 3
64 115 49
91 182 9
119 198 59
48 127 32
192 196 58
189 218 0
127 128 11
191 211 40
199 201 55
73 150 56
114 180 48
217 218 50
138 178 21
207 215 11
52 209 1
78 151 18
8 19 59
61 118 59
24 173 10
169 181 24
71 100 21
84 195 58
134 215 21
44 202 33
77 125 18
158 165 17
109 145 8
156 212 23
75 124 21
4 208 11
77 216 10
151 174 37
153 172 32
140 169 12
174 212 30
156 214 52
110 206 45
89 208 22
195 208 59
22 39 3
67 181 57
108 201 16
75 196 33
110 120 7
197 200 54
121 206 27
49 71 22
49 120 47
87 113 55
29 192 36
15 65 29
130 208 33
120 120 9
162 219 13
163 216 42
103 164 10
121 127 57
182 215 16
33 68 36
116 157 38
135 179 34
157 162 49
155 167 31
159 209 4
134 202 5
9 116 40
72 171 39
39 126 41
157 178 46
34 109 35
68 111 56
97 123 47
134 193 47
101 201 38
196 216 15
37 95 21
66 79 45
65 207 42
25 148 11
91 100 11
21 219 43
20 144 11
104 208 46
104 128 8
180 208 22
80 211 20
96 204 35
46 200 54
11 78 36
40 74 5
11 161 3
161 211 6
198 212 27
9 133 40
210 213 7
197 208 47
127 138 31
35 88 22
28 165 53
38 40 20
70 89 41
70 123 13
114 150 57
137 188 3
214 218 47
127 157 19
139 184 23
211 217 51
154 219 55
122 218 53
1 180 13
31 195 16
58 121 3
185 188 29
125 156 27
122 202 54
5 58 31
96 123 49
192 193 27
201 217 5
177 209 59
174 190 5
90 164 49
15 137 32
185 201 50
214 219 22
180 192 18
102 178 11
154 178 32
93 112 33
97 150 50
140 193 51
196 209 20
179 182 22
60 217 51
52 94 9
162 179 31
153 213 60
43 110 24
115 195 5
160 182 27
103 168 43
55 185 60
176 204 36
160 172 50
202 215 12
193 201 23
171 172 28
43 64 18
120 139 11
19 99 0
33 170 3
74 87 20
184 196 20
3 127 32
115 126 16
133 154 32
32 80 52
89 213 10
173 210 56
191 216 12
24 179 26
132 177 47
73 106 13
99 145 11
124 200 44
17 62 42
146 185 53
181 186 47
16 35 46
120 151 44
31 135 32
165 165 29
152 205 18
61 143 59
11 219 39
154 175 23
84 85 60
42 57 12
20 131 23
126 173 33
86 151 59
193 202 20
19 108 35
43 55 16
54 207 0
64 147 39
201 204 52
143 211 58
65 105 58
23 121 55
82 138 4
63 86 10
92 187 13
28 158 49
150 189 8
118 198 23
21 207 45
178 210 11
186 207 31
102 146 3
147 178 27
189 195 13
165 171 56
100 101 31
205 208 47
55 103 10
200 200 18
127 215 48
155 207 24
47 94 49
4 32 29
105 105 22
138 155 21
7 169 54
132 150 45
136 217 21
94 207 3
33 129 39
201 209 22
166 182 19
57 170 45
137 163 10
90 118 51
175 197 54
41 51 46
107 112 35
95 151 23
64 165 52
207 211 32
23 77 18
96 175 54
26 142 43
161 204 53
55 196 57
198 202 50
4 36 1
110 125 25
71 142 50
202 210 48
68 159 20
43 151 46
3 208 50
124 194 32
81 141 54
125 154 28
50 100 52
23 183 55
178 209 33
23 51 4
12 212 42
46 129 1
199 207 54
101 147 9
20 31 10
122 196 59
71 182 46
130 134 14
94 183 27
34 56 7
37 159 8
211 212 5
58 143 3
20 93 26
5 22 58
208 211 58
19 147 27
154 214 49
100 165 13
51 88 59
52 120 17
54 181 26
44 89 0
136 161 15
217 217 30
9 145 38
20 44 53
104 163 12
95 191 60
169 191 18
193 214 11
118 204 33
152 171 49
178 195 53
162 186 21
109 150 51
78 204 59
88 112 50
159 159 53
67 164 44
53 206 52
65 130 1
167 200 29
9 182 31
68 110 41
46 122 38
113 174 43
122 159 17
75 157 15
171 182 13
72 215 39
164 167 29
174 178 0
13 141 37
38 103 19
122 209 0
87 215 14
133 148 45
43 146 21
141 214 24
159 179 42
39 143 40
195 206 38
145 157 41
142 143 35
48 78 60
86 181 27
167 219 36
76 106 24
105 133 6
143 161 0
146 210 51
213 217 54
125 162 9
56 101 60
119 204 6
70 217 4
138 186 1
126 218 32
5 171 7
53 130 17
73 191 2
144 188 48
104 164 49
156 165 43
153 208 50
182 204 3
194 197 35
35 125 10
200 209 6
173 200 6
193 195 24
177 213 25
183 195 33
23 38 14
212 218 29
129 171 51
165 203 30
148 148 35
96 176 43
166 212 23
36 71 56
69 165 9
49 191 53
182 214 0
