200 1000
163
157
116
192
166
171
173
161
173
170
148
188
127
142
186
155
132
115
109
118
108
159
186
170
199
143
183
173
185
174
116
184
122
119
124
155
145
199
153
151
174
116
154
136
144
117
110
117
119
102
159
156
177
135
131
105
172
120
197
134
103
138
152
174
182
114
187
178
144
182
149
171
102
190
131
141
174
196
157
187
176
157
119
164
191
176
116
161
181
147
170
102
100
147
113
122
163
129
199
122
184
198
103
166
131
145
167
144
184
100
153
155
158
123
162
187
117
179
115
106
185
140
181
196
104
159
108
151
115
121
164
183
104
199
130
192
179
113
161
175
104
184
162
152
168
189
131
143
166
133
199
154
185
190
119
157
161
120
119
170
169
131
158
154
148
104
119
122
154
130
109
136
132
156
121
188
113
194
163
129
107
199
170
126
184
162
198
163
198
103
171
101
145
116
101
132
129
142
152
120
0 1 2
1 2 49
0 3 37
1 4 42
1 5 49
5 6 36
1 7 30
5 8 19
0 9 35
2 10 49
3 11 22
11 12 24
8 13 14
8 14 19
9 15 10
11 16 7
14 17 31
1 18 45
15 19 54
15 20 30
7 21 56
20 22 16
10 23 59
10 24 45
21 25 54
4 26 57
4 27 6
23 28 34
11 29 12
4 30 7
6 31 42
8 32 40
15 33 45
27 34 22
20 35 21
19 36 47
21 37 58
20 38 1
15 39 45
11 40 3
29 41 22
6 42 41
37 43 9
24 44 58
24 45 45
13 46 48
37 47 52
46 48 40
25 49 5
44 50 15
16 51 38
27 52 21
38 53 18
29 54 60
40 55 54
48 56 1
27 57 38
14 58 44
29 59 33
59 60 44
4 61 7
8 62 51
3 63 24
14 64 36
28 65 58
15 66 25
3 67 44
30 68 57
13 69 11
7 70 24
30 71 40
7 72 3
57 73 47
19 74 13
13 75 51
63 76 54
16 77 26
0 78 24
0 79 55
17 80 41
63 81 39
48 82 27
4 83 7
80 84 26
41 85 50
84 86 54
82 87 43
32 88 51
33 89 10
28 90 50
82 91 48
9 92 32
11 93 4
61 94 16
78 95 26
14 96 15
77 97 16
2 98 10
88 99 40
51 100 49
88 101 49
47 102 31
66 103 28
40 104 60
54 105 31
59 106 1
41 107 55
72 108 14
76 109 28
40 110 44
12 111 22
47 112 22
83 113 58
75 114 30
93 115 48
74 116 10
33 117 9
24 118 10
86 119 47
62 120 39
90 121 18
30 122 0
25 123 34
52 124 22
92 125 0
12 126 36
102 127 31
27 128 2
125 129 10
32 130 20
38 131 14
81 132 39
92 133 46
20 134 10
63 135 19
66 136 4
29 137 59
137 138 27
67 139 37
6 140 30
56 141 39
86 142 9
128 143 44
118 144 51
51 145 45
31 146 55
68 147 19
52 148 40
141 149 3
22 150 41
71 151 3
69 152 35
145 153 52
74 154 8
59 155 42
36 156 45
47 157 53
114 158 32
121 159 29
142 160 22
34 161 36
14 162 49
51 163 9
14 164 60
110 165 52
83 166 59
35 167 58
5 168 54
54 169 33
157 170 26
80 171 45
6 172 34
27 173 52
18 174 19
21 175 3
107 176 10
69 177 7
31 178 3
82 179 29
142 180 35
34 181 54
4 182 57
17 183 53
66 184 48
41 185 30
184 186 55
156 187 30
5 188 44
153 189 33
98 190 27
86 191 48
167 192 21
76 193 44
84 194 27
186 195 46
193 196 30
2 197 46
99 198 24
101 199 59
154 168 37
150 152 57
159 199 4
54 119 37
47 89 39
140 187 39
116 133 33
64 198 39
134 145 23
120 185 30
8 158 35
181 181 25
125 191 35
14 120 4
169 176 7
198 198 30
126 198 1
103 166 2
109 134 25
77 147 47
111 140 10
95 97 15
111 171 44
175 191 33
32 166 17
159 191 54
188 190 13
73 172 22
164 181 27
109 131 24
110 146 56
146 162 47
195 195 25
94 148 56
54 160 51
95 127 40
55 190 9
152 162 56
42 95 5
191 198 22
82 183 13
116 195 44
122 132 18
7 22 1
99 149 57
64 74 50
175 193 23
109 168 22
175 176 58
180 186 43
56 87 21
140 151 43
71 128 54
104 164 24
14 194 43
98 192 4
20 129 49
28 50 6
173 191 52
103 148 50
19 108 50
15 185 56
88 133 45
51 108 54
87 96 3
169 182 23
115 115 24
190 198 47
101 140 14
162 197 44
197 198 0
32 63 33
65 146 53
106 107 30
19 90 24
166 198 40
166 168 19
106 187 20
137 159 42
98 132 9
185 197 10
129 145 36
110 150 25
50 93 56
65 193 27
181 189 41
88 154 59
42 110 34
110 116 0
99 109 25
28 69 60
87 146 33
122 147 4
19 38 36
148 192 10
87 139 23
72 149 13
158 184 40
147 153 58
56 140 5
8 138 8
132 198 53
89 181 48
182 190 3
115 156 57
178 199 49
77 156 20
6 191 6
164 168 41
113 171 19
39 197 6
117 168 27
139 161 29
108 170 11
85 130 9
105 117 54
113 188 41
162 199 33
75 116 29
136 176 17
116 122 31
167 167 42
49 96 8
133 188 7
174 182 9
73 191 41
81 138 40
40 188 33
32 192 4
121 171 8
183 184 2
94 176 52
102 106 42
135 178 14
84 127 52
100 138 51
32 147 19
180 189 17
8 104 59
163 172 28
172 184 22
19 124 33
125 160 57
169 179 7
165 170 15
112 131 10
84 174 20
38 173 9
8 40 25
104 156 10
71 173 5
171 173 21
193 197 24
70 170 31
67 120 39
111 162 3
186 193 29
144 198 43
186 194 10
78 172 57
96 167 20
100 130 41
172 181 8
158 178 22
163 193 8
77 112 40
133 155 9
86 158 55
111 187 30
148 153 0
176 196 53
189 195 55
163 165 44
32 181 6
72 179 17
161 182 5
17 140 29
62 174 12
48 120 29
59 80 30
161 192 33
81 111 45
64 151 19
178 181 12
141 146 12
189 193 52
87 124 24
177 197 14
123 185 10
192 194 24
21 170 4
81 147 22
141 192 54
46 163 7
178 196 23
161 169 52
26 67 54
182 199 1
172 194 25
16 83 46
58 88 36
177 189 25
28 111 25
168 171 48
189 190 37
89 178 9
162 190 48
158 164 10
1 162 39
162 176 52
69 99 44
67 93 54
112 187 47
39 76 39
128 168 42
132 134 35
177 177 60
172 180 54
117 182 37
176 197 9
161 164 45
108 126 11
63 119 48
27 73 15
183 193 43
22 124 35
51 159 59
180 185 3
159 167 31
33 39 57
177 185 29
6 181 7
143 189 10
15 27 21
175 197 4
123 190 14
37 147 39
57 163 19
132 152 1
99 145 7
15 196 16
196 197 51
197 197 19
155 173 10
74 156 56
161 168 5
91 163 45
87 94 6
22 177 27
90 110 1
74 147 14
111 161 24
49 98 40
130 153 53
10 137 50
44 115 11
140 152 39
50 164 47
140 189 58
70 195 49
32 146 13
120 134 59
184 189 27
154 175 50
26 78 50
154 180 53
157 199 50
191 199 24
80 114 42
139 170 17
183 187 42
30 104 22
107 174 49
104 129 49
98 120 22
109 142 31
135 154 24
91 94 42
94 131 44
4 86 51
117 192 59
83 133 54
129 162 57
153 183 58
153 167 20
183 183 31
190 191 26
132 177 17
55 83 58
67 104 17
100 149 44
133 159 44
160 199 42
55 120 48
151 182 47
8 142 55
42 99 48
130 138 57
17 31 23
20 58 46
53 95 14
106 122 24
47 104 12
181 183 14
30 52 1
13 97 55
184 191 32
87 109 4
170 175 16
187 190 16
33 80 7
149 186 22
70 126 49
62 73 36
165 180 15
95 113 10
92 149 21
23 173 6
34 48 44
69 72 19
175 187 2
82 137 38
119 145 27
47 127 47
155 174 1
135 150 41
99 156 33
30 33 38
53 100 37
77 132 1
155 171 45
148 175 29
106 164 23
114 134 0
85 102 18
1 71 45
73 73 7
9 155 15
134 137 17
7 79 43
67 152 31
137 152 38
128 193 39
105 158 41
79 91 46
107 180 16
48 133 37
66 163 36
83 84 54
69 126 11
36 196 30
158 192 18
82 103 8
129 148 18
137 180 47
68 69 60
108 129 18
23 37 50
57 74 40
108 195 0
164 190 1
165 177 38
160 171 20
75 169 57
62 185 42
126 170 43
1 61 33
22 134 31
80 153 41
69 182 9
39 146 30
108 119 29
62 141 59
15 176 4
46 140 29
47 162 9
47 158 16
105 197 28
5 95 9
129 175 14
110 133 19
98 148 4
30 175 50
72 166 46
145 150 40
127 137 11
160 174 16
24 151 56
47 88 45
130 178 26
13 88 32
55 70 30
57 79 28
108 128 43
32 128 12
103 180 7
116 182 24
132 145 53
67 166 29
43 132 21
130 181 31
166 169 34
124 150 12
46 182 58
177 184 30
197 199 42
34 154 27
2 79 19
166 195 4
8 59 18
174 194 9
84 98 16
89 91 17
66 196 8
4 125 17
180 193 42
193 195 4
7 126 16
178 195 24
79 93 36
41 194 55
58 170 17
138 189 32
102 130 44
70 183 14
114 141 16
127 175 11
9 186 48
1 77 26
169 187 6
116 140 13
64 90 39
183 198 19
30 156 7
170 187 26
111 144 30
164 196 25
176 177 14
156 171 27
140 141 18
189 194 57
17 89 13
126 136 16
17 195 55
145 159 27
141 169 10
41 113 35
138 172 36
26 56 53
144 147 11
57 175 1
65 199 59
141 183 16
38 164 47
186 198 49
101 149 43
71 176 16
86 86 9
0 163 33
131 153 53
64 187 53
181 196 33
162 188 4
81 192 52
162 194 3
56 174 24
63 190 30
33 146 30
186 196 6
191 192 40
55 175 19
182 188 42
0 153 22
173 199 18
111 112 25
173 174 41
100 109 34
22 89 4
56 176 11
75 103 51
139 149 50
159 180 8
114 184 15
93 104 46
35 110 23
90 154 3
6 72 48
83 175 31
41 103 19
49 148 52
56 105 23
30 98 57
148 159 26
126 185 30
9 143 36
71 92 6
124 175 25
114 140 45
48 49 33
51 177 49
42 153 20
164 177 16
5 40 28
50 64 28
100 157 18
158 168 33
181 195 33
51 194 1
121 142 24
45 168 33
70 177 16
187 189 55
136 197 46
45 145 16
17 179 60
112 161 35
134 175 15
147 199 27
195 197 45
51 104 54
67 96 22
176 183 38
103 149 44
6 54 5
67 67 6
12 95 3
7 30 18
139 185 12
7 129 21
135 155 17
123 193 19
135 169 54
116 163 6
174 188 31
111 123 0
22 41 0
9 96 23
43 51 45
71 95 55
100 114 32
164 167 20
139 142 12
107 194 55
21 51 37
194 199 24
37 171 43
109 167 46
126 137 38
171 191 32
38 112 23
62 70 57
63 91 21
174 189 9
61 138 60
134 160 47
113 161 13
177 190 60
173 183 23
115 148 47
45 101 49
28 124 44
3 100 38
148 150 6
169 190 50
140 180 39
60 93 40
179 184 36
38 42 8
81 139 50
42 117 21
12 161 8
62 143 48
123 125 41
60 193 42
0 155 14
44 188 36
102 192 58
60 182 30
103 147 37
172 175 60
171 181 50
135 187 42
151 156 7
9 29 46
183 192 40
63 71 15
188 194 21
29 161 32
152 168 15
124 139 30
120 157 20
58 95 7
140 182 43
124 199 58
25 76 43
11 114 8
30 199 31
103 144 47
143 196 17
19 129 28
140 174 50
149 158 29
65 74 58
80 100 14
135 179 17
48 92 46
98 168 40
113 194 13
53 150 53
166 188 15
184 185 37
31 46 16
15 121 45
27 44 20
68 174 58
30 183 60
122 166 44
82 138 39
84 164 56
71 71 28
148 162 32
123 135 11
24 183 18
105 194 23
78 119 43
46 111 8
181 193 26
89 105 11
102 126 60
81 170 28
151 158 7
18 154 20
7 40 25
41 67 28
66 148 20
130 190 40
54 109 11
151 184 16
112 167 44
15 21 38
184 195 56
122 185 38
30 162 35
111 119 39
94 186 58
165 193 28
91 137 55
187 194 13
101 197 5
133 158 12
194 196 60
91 92 25
97 124 28
161 177 21
22 112 33
56 144 47
46 96 15
188 189 40
177 180 18
174 175 9
62 121 36
68 163 21
149 193 19
73 86 29
129 191 46
166 191 57
198 199 27
85 193 11
114 196 8
3 118 45
14 175 14
21 178 1
196 196 34
5 116 40
42 121 40
104 177 12
128 151 40
92 128 58
119 172 60
83 101 33
156 160 4
189 191 60
122 129 44
2 5 39
121 157 50
169 184 19
4 9 43
48 183 13
156 158 59
25 65 8
19 145 15
180 187 34
60 124 28
178 182 39
138 188 49
16 34 32
46 68 2
141 194 48
85 119 59
100 167 43
54 156 31
10 198 5
45 158 48
188 191 3
65 177 0
20 124 51
173 186 36
6 146 7
99 117 44
1 76 3
71 79 3
17 47 14
110 124 42
125 174 42
126 127 35
0 86 59
179 180 58
36 183 56
118 141 20
143 163 53
150 150 11
96 192 50
109 128 4
105 126 59
98 189 26
86 155 0
170 195 1
42 186 59
70 76 42
41 77 3
43 71 41
176 199 11
35 60 27
146 179 57
22 95 59
161 193 17
62 127 55
66 70 11
68 114 39
164 171 4
79 153 37
47 143 8
64 111 58
90 111 3
19 140 46
30 53 38
139 179 44
89 134 19
59 164 58
33 104 2
156 177 32
97 127 21
46 94 21
123 152 33
177 186 52
159 198 54
128 170 48
156 185 2
105 168 52
2 120 4
167 194 47
164 187 16
194 197 38
86 130 34
178 198 4
16 161 45
166 171 38
184 199 22
119 184 16
25 25 13
171 183 51
192 198 21
19 44 43
101 191 48
78 182 56
141 198 31
53 148 41
149 171 55
54 104 56
64 146 53
111 118 42
19 144 41
182 197 17
90 163 16
103 107 37
48 102 26
118 195 7
25 128 7
188 188 29
42 199 31
196 198 13
155 190 0
87 137 33
19 84 30
60 118 57
12 179 38
104 128 10
43 99 12
91 171 11
149 191 27
162 163 42
