60 180
146
194
120
123
140
166
197
101
193
174
151
110
188
186
153
192
143
161
117
120
116
197
174
103
108
183
133
121
129
131
164
132
124
152
180
178
176
143
128
139
183
137
129
197
142
133
122
134
119
127
153
141
184
175
151
163
158
191
196
143
0 1 18
0 2 15
2 3 51
3 4 29
1 5 54
4 6 53
2 7 11
1 8 27
2 9 4
4 10 48
8 11 56
0 12 49
10 13 27
4 14 27
12 15 42
14 16 59
3 17 23
1 18 56
8 19 40
16 20 38
19 21 7
15 22 50
17 23 28
5 24 59
8 25 45
17 26 38
0 27 13
9 28 18
11 29 55
10 30 25
16 31 14
18 32 42
28 33 7
13 34 43
2 35 56
15 36 53
5 37 50
1 38 48
6 39 42
31 40 18
26 41 55
23 42 32
31 43 48
23 44 51
32 45 7
43 46 60
23 47 30
46 48 56
8 49 56
36 50 42
33 51 44
18 52 30
38 53 31
12 54 47
26 55 29
53 56 17
35 57 4
9 58 35
9 59 35
31 47 60
14 17 40
50 53 8
44 58 55
20 24 45
41 52 29
48 51 53
5 36 38
26 28 44
37 48 31
39 39 45
53 53 16
12 32 11
10 20 25
11 42 19
21 40 52
29 52 6
16 41 24
4 29 49
19 31 29
57 57 12
55 56 28
17 43 9
1 31 52
5 8 12
34 37 43
17 18 11
53 54 49
24 44 14
22 28 7
16 52 44
41 43 28
3 15 57
3 11 47
49 50 17
8 15 13
27 29 15
54 54 13
41 46 43
17 39 43
8 39 18
38 39 12
12 26 5
58 58 53
39 43 19
51 54 13
0 56 6
15 35 20
47 49 39
17 48 14
33 36 32
49 53 51
44 53 14
58 59 27
39 59 11
36 38 29
37 44 35
53 59 8
47 47 24
54 59 36
10 10 29
30 44 10
45 51 10
36 43 33
24 41 34
52 55 2
16 49 47
30 31 37
29 49 53
48 59 39
14 42 58
27 49 9
15 56 26
18 29 56
14 29 13
52 53 55
16 42 7
5 32 23
15 53 19
2 14 24
21 48 30
6 12 21
0 32 38
35 36 42
28 38 42
22 55 33
10 48 39
9 23 22
31 42 44
21 55 59
27 33 59
3 31 51
1 34 27
43 45 35
40 55 31
51 52 51
10 38 27
28 57 16
41 45 31
8 26 1
2 30 19
49 58 31
48 57 55
10 11 49
21 39 6
13 56 40
28 45 14
36 49 49
37 39 17
33 35 34
12 27 30
52 59 1
15 46 18
42 51 56
44 57 53
8 52 17
10 50 54
51 51 28
41 56 9
11 58 40
10 19 3
