100 300
179
109
159
165
140
114
184
200
175
134
165
118
112
154
200
173
112
132
183
145
137
125
169
114
154
123
156
164
143
120
159
197
172
116
155
107
128
181
162
100
195
109
139
200
185
120
139
158
142
149
156
176
104
126
110
149
105
140
117
121
170
192
142
139
129
180
128
187
200
155
131
117
110
103
135
192
172
121
177
158
153
173
150
138
182
170
168
152
142
152
180
138
112
197
145
134
179
156
103
122
0 1 26
1 2 20
2 3 1
0 4 15
2 5 13
4 6 26
5 7 31
2 8 60
8 9 4
6 10 9
7 11 54
9 12 50
9 13 22
4 14 3
8 15 35
9 16 38
8 17 39
3 18 53
18 19 23
0 20 53
17 21 34
6 22 57
3 23 43
23 24 20
1 25 44
14 26 49
9 27 44
23 28 55
27 29 14
11 30 1
13 31 31
3 32 30
27 33 0
10 34 22
21 35 48
14 36 23
16 37 23
17 38 35
22 39 25
33 40 15
30 41 18
41 42 2
17 43 52
20 44 41
2 45 56
16 46 33
43 47 29
40 48 26
34 49 24
46 50 25
13 51 55
44 52 10
12 53 51
53 54 29
8 55 20
30 56 36
15 57 17
21 58 15
11 59 23
43 60 27
45 61 49
38 62 32
40 63 58
5 64 13
43 65 3
17 66 60
19 67 30
65 68 54
60 69 36
53 70 57
40 71 11
50 72 6
11 73 51
59 74 41
53 75 1
51 76 15
55 77 40
62 78 9
40 79 38
41 80 37
15 81 46
22 82 60
35 83 33
20 84 21
77 85 9
73 86 58
32 87 31
32 88 8
74 89 55
72 90 5
78 91 41
90 92 6
75 93 18
53 94 8
28 95 36
30 96 60
88 97 18
92 98 47
8 99 35
74 84 34
23 90 46
57 85 52
31 66 53
71 80 37
49 88 38
48 54 38
1 20 3
34 62 41
59 83 27
57 93 21
37 48 41
20 55 58
17 42 52
70 91 22
28 82 55
91 98 53
66 69 7
68 69 7
72 97 4
3 11 34
67 93 6
93 98 50
52 68 57
65 72 58
52 99 54
59 79 41
59 67 5
19 60 21
12 90 15
70 76 48
72 75 0
3 65 30
52 54 40
60 74 48
94 97 14
29 74 28
12 24 33
77 93 50
91 91 4
72 84 57
46 56 53
44 98 24
9 83 41
96 99 48
80 95 6
87 94 14
94 94 25
50 56 53
51 61 54
33 87 42
45 99 42
28 81 6
58 72 28
20 99 17
10 96 47
27 46 17
61 74 23
13 55 51
70 87 34
42 88 43
72 76 42
44 55 19
85 91 1
64 86 21
3 21 23
49 57 35
95 98 31
29 45 33
37 71 33
63 91 58
34 60 36
27 56 0
17 73 15
91 92 37
90 99 29
38 86 53
52 63 42
78 88 58
37 69 41
50 59 49
27 69 36
56 61 11
30 76 42
62 98 10
41 61 26
93 94 39
48 93 25
15 47 27
95 96 60
51 97 16
81 99 34
9 69 25
76 93 11
28 57 13
44 77 23
40 80 2
58 94 28
96 98 34
4 26 0
32 46 3
3 78 9
29 58 56
89 90 2
71 93 32
49 98 60
82 99 24
6 59 22
25 71 35
17 94 49
61 85 35
14 86 26
75 78 20
47 77 10
61 82 8
72 72 40
85 97 45
34 57 4
51 93 42
3 79 28
87 97 28
93 93 59
20 87 13
25 55 20
30 45 1
45 65 48
18 86 55
54 82 9
40 46 30
40 69 28
78 99 19
4 73 28
54 86 48
68 97 57
9 78 0
56 96 18
65 93 14
58 86 35
17 41 23
67 71 41
87 91 55
0 78 20
1 61 21
13 89 34
21 25 11
28 35 45
33 51 44
36 49 7
58 74 41
18 61 1
54 67 33
29 72 57
30 44 38
31 35 25
43 43 26
69 72 12
79 82 59
12 95 47
38 39 7
46 87 50
17 50 37
39 64 57
51 64 23
6 63 4
90 90 17
34 63 18
59 75 8
65 70 0
5 87 45
4 84 31
98 98 28
56 73 59
9 28 52
66 95 51
78 81 23
55 63 35
74 93 17
69 87 0
89 92 44
42 95 44
29 76 17
77 96 3
80 84 35
38 67 48
20 76 22
87 89 39
12 97 58
60 78 51
30 53 5
60 61 24
79 87 1
68 73 51
91 96 27
21 76 2
90 96 46
98 99 59
33 69 47
34 89 18
86 89 44
44 54 5
46 59 22
