105 315
112
111
182
147
175
184
177
170
111
112
136
136
163
117
107
176
140
122
152
196
161
169
112
126
162
107
177
178
115
109
168
168
143
187
139
147
123
106
195
144
138
165
185
194
133
112
106
111
164
172
150
172
163
156
192
142
110
175
140
131
108
183
163
159
185
153
113
148
169
129
151
135
134
131
135
110
102
182
101
200
170
145
196
177
100
129
162
181
177
123
130
174
117
179
108
155
175
183
178
166
162
115
199
164
199
0 1 3
0 2 7
0 3 37
1 4 18
3 5 27
0 6 4
0 7 50
7 8 59
4 9 5
1 10 26
7 11 53
9 12 15
10 13 50
9 14 52
4 15 60
7 16 3
3 17 42
3 18 19
15 19 26
1 20 37
18 21 41
9 22 29
17 23 13
2 24 16
16 25 55
8 26 29
15 27 19
11 28 33
18 29 47
10 30 31
15 31 50
20 32 50
0 33 23
0 34 41
18 35 14
10 36 60
10 37 43
18 38 10
21 39 0
21 40 15
5 41 29
20 42 47
8 43 56
11 44 48
38 45 1
21 46 32
21 47 10
30 48 53
36 49 33
37 50 25
32 51 16
22 52 35
42 53 17
26 54 9
16 55 5
18 56 60
14 57 9
54 58 47
20 59 60
19 60 33
27 61 25
60 62 57
16 63 21
15 64 2
8 65 39
47 66 30
52 67 38
43 68 46
59 69 54
17 70 37
11 71 13
36 72 22
19 73 1
48 74 51
62 75 24
20 76 21
23 77 36
14 78 51
6 79 43
28 80 2
1 81 17
15 82 11
25 83 39
21 84 30
78 85 25
69 86 22
67 87 6
42 88 57
36 89 42
53 90 57
34 91 27
67 92 32
6 93 55
75 94 14
66 95 16
77 96 29
48 97 54
96 98 50
11 99 22
36 100 42
50 101 7
0 102 36
57 103 55
83 104 31
70 98 47
21 28 36
82 101 40
38 72 39
41 62 3
98 99 42
34 42 0
81 81 31
5 22 2
11 40 60
103 104 1
28 42 15
33 91 9
56 65 44
76 101 5
77 83 23
0 68 12
26 35 31
83 85 46
18 69 5
57 69 17
71 79 27
23 83 26
24 37 53
22 28 30
100 104 28
64 91 54
31 93 51
39 43 9
100 102 3
51 56 12
17 59 21
13 56 27
10 96 12
81 87 52
48 78 44
64 67 0
99 100 53
58 84 53
19 43 46
32 53 35
32 58 18
24 77 49
69 70 54
83 93 51
86 87 34
37 63 14
69 103 15
15 71 50
89 97 14
64 84 30
75 93 52
39 46 16
90 93 46
93 97 19
41 73 3
103 103 58
101 103 16
38 84 16
97 99 43
89 93 34
38 99 43
88 92 26
36 43 53
94 94 38
16 86 47
60 104 57
71 86 4
64 83 37
50 95 33
65 96 59
89 90 46
8 30 58
70 70 6
101 101 59
85 100 4
44 54 36
19 63 6
20 81 8
79 94 46
31 47 9
50 63 26
20 37 25
22 71 57
58 70 29
82 92 42
50 102 34
21 79 19
74 96 31
42 76 46
92 97 6
5 84 7
40 81 51
78 104 42
20 75 39
89 98 56
97 98 27
49 82 56
58 89 6
95 100 60
72 92 29
51 69 46
11 20 14
1 30 59
81 91 38
41 53 26
39 96 56
76 103 44
74 93 10
50 64 48
70 82 17
58 83 45
37 53 9
91 99 6
87 101 53
96 104 37
56 79 4
53 67 48
82 90 36
80 96 59
70 94 38
14 70 51
91 97 37
16 104 30
50 83 11
96 101 1
42 84 20
28 96 24
49 103 6
87 92 33
87 103 44
28 75 15
31 100 55
79 93 9
52 63 40
79 99 1
56 59 17
55 96 3
45 68 7
51 51 47
5 60 4
51 73 55
65 84 22
98 98 56
77 91 12
1 17 29
41 93 27
56 102 2
46 64 33
70 71 35
54 67 1
20 96 8
23 24 24
9 13 49
10 18 52
26 99 60
93 100 28
56 78 12
100 100 59
61 88 60
102 104 55
75 97 48
84 95 50
82 86 10
92 104 32
62 98 0
61 68 18
18 93 59
48 57 23
31 50 27
45 88 43
99 104 10
7 63 33
3 62 57
41 90 54
44 83 35
41 56 51
99 99 57
22 49 36
97 103 44
81 102 47
15 60 9
20 90 6
10 14 42
41 59 31
46 85 6
47 65 5
58 75 9
70 88 49
52 101 20
66 76 22
13 60 53
94 99 51
80 84 24
15 63 30
80 87 9
54 91 32
88 88 60
28 59 60
23 72 35
77 94 49
52 71 26
66 83 43
94 101 32
28 63 34
32 97 55
64 96 3
74 74 33
18 74 37
78 87 26
70 87 23
