230 1150
195
196
168
138
113
159
160
137
176
132
114
148
198
166
146
190
125
115
122
172
100
191
118
159
109
102
163
189
168
167
101
108
156
113
151
160
145
163
138
184
114
137
159
197
124
123
101
164
165
129
119
129
199
184
123
126
172
161
173
174
137
178
200
104
110
179
170
196
155
162
114
130
184
184
173
175
170
147
197
130
163
188
182
112
106
130
152
143
104
156
191
106
191
146
142
111
128
149
143
122
119
157
133
161
149
121
172
194
178
200
200
120
149
159
186
133
133
129
134
129
160
150
164
184
139
131
180
126
179
106
143
159
194
130
143
151
172
195
139
109
160
188
129
118
191
194
168
106
147
158
105
196
176
189
117
152
186
158
151
155
145
149
130
102
149
132
188
182
143
126
102
115
197
121
200
142
187
158
155
137
186
192
147
166
108
195
196
198
127
182
170
175
148
197
116
178
148
129
175
188
107
111
186
184
123
132
119
100
161
114
194
165
114
198
121
112
109
164
145
106
160
179
166
120
133
180
142
160
142
134
0 1 53
1 2 31
0 3 0
3 4 18
3 5 21
0 6 24
6 7 56
3 8 41
4 9 36
1 10 7
5 11 34
4 12 12
10 13 45
1 14 2
10 15 6
5 16 51
2 17 19
9 18 21
6 19 21
16 20 60
7 21 10
6 22 5
15 23 15
20 24 4
16 25 8
13 26 59
10 27 31
25 28 26
18 29 18
11 30 26
19 31 12
6 32 47
22 33 53
20 34 6
24 35 1
3 36 32
14 37 54
15 38 30
3 39 44
9 40 25
30 41 36
29 42 38
9 43 59
10 44 4
21 45 34
33 46 42
22 47 39
2 48 57
35 49 60
9 50 1
50 51 18
30 52 52
17 53 1
0 54 45
35 55 12
46 56 40
40 57 41
27 58 51
22 59 8
26 60 55
3 61 6
30 62 48
11 63 51
61 64 37
59 65 0
34 66 29
27 67 5
2 68 5
6 69 15
45 70 24
14 71 15
45 72 15
22 73 5
2 74 23
45 75 29
50 76 51
52 77 6
48 78 36
15 79 49
73 80 1
64 81 20
69 82 0
30 83 30
56 84 18
54 85 37
35 86 54
45 87 3
86 88 56
45 89 40
8 90 28
69 91 15
0 92 14
11 93 50
78 94 1
16 95 20
79 96 45
68 97 2
62 98 53
55 99 15
37 100 12
19 101 43
8 102 14
102 103 54
21 104 25
47 105 33
10 106 55
45 107 52
96 108 13
20 109 14
81 110 31
3 111 9
46 112 40
19 113 41
112 114 12
65 115 58
9 116 45
112 117 17
116 118 20
55 119 26
110 120 17
43 121 14
100 122 3
73 123 7
119 124 11
53 125 60
0 126 3
73 127 59
8 128 43
115 129 38
77 130 28
83 131 4
130 132 21
9 133 37
122 134 12
39 135 1
5 136 24
69 137 6
122 138 35
37 139 43
77 140 16
99 141 18
71 142 16
103 143 44
133 144 38
109 145 3
99 146 34
125 147 21
5 148 56
128 149 36
128 150 42
89 151 41
41 152 24
75 153 3
18 154 29
106 155 35
121 156 39
146 157 2
39 158 34
22 159 2
152 160 59
76 161 40
34 162 5
50 163 42
75 164 34
9 165 49
111 166 3
135 167 37
83 168 60
135 169 31
169 170 58
23 171 57
51 172 7
103 173 28
106 174 28
123 175 34
153 176 16
7 177 46
83 178 10
81 179 35
50 180 36
109 181 50
180 182 1
38 183 23
84 184 20
146 185 26
92 186 16
100 187 36
107 188 17
6 189 57
64 190 4
89 191 51
118 192 40
173 193 2
175 194 12
78 195 31
8 196 10
80 197 36
96 198 28
86 199 47
36 200 4
107 201 22
194 202 31
38 203 28
162 204 7
73 205 43
125 206 12
29 207 29
155 208 43
4 209 37
39 210 52
135 211 56
209 212 18
101 213 57
138 214 53
158 215 9
180 216 10
179 217 13
16 218 26
211 219 44
141 220 41
162 221 37
55 222 5
113 223 14
186 224 3
153 225 42
167 226 58
22 227 24
205 228 60
200 229 50
62 154 7
58 127 46
43 172 27
196 200 23
149 202 9
104 223 17
91 205 31
53 169 0
100 191 30
19 201 29
164 202 48
155 197 56
211 223 11
219 226 8
77 197 49
11 22 29
2 54 58
140 176 29
48 168 44
201 201 0
153 178 45
101 122 39
145 197 36
181 207 3
97 129 32
22 167 15
131 188 14
224 226 60
173 209 2
148 171 25
50 100 0
108 142 55
146 167 41
129 185 4
146 148 32
198 199 53
85 162 6
9 162 54
32 107 59
83 117 9
14 215 45
89 141 35
19 44 3
135 163 52
168 171 23
228 229 8
175 215 43
115 179 14
52 70 52
93 163 46
226 229 7
181 227 16
110 164 51
42 68 44
46 118 55
53 166 60
74 193 54
88 193 28
80 150 8
128 206 6
43 58 3
206 213 0
169 193 40
63 209 42
222 225 44
93 166 17
92 196 58
163 214 9
164 203 5
73 165 35
114 188 46
107 168 13
109 127 43
202 219 55
165 210 39
152 179 48
131 161 9
160 161 3
177 177 0
39 101 24
101 118 35
143 197 13
173 188 21
69 115 35
42 203 49
175 185 8
45 215 13
85 164 45
217 228 20
108 149 55
112 177 56
11 142 5
84 207 10
95 142 7
218 223 36
60 88 30
54 180 2
43 223 4
151 221 40
176 203 3
137 166 50
184 221 34
203 212 8
198 213 60
222 226 4
73 225 20
20 178 55
38 53 46
53 114 19
47 177 38
42 176 51
45 92 7
54 110 49
106 109 30
54 162 59
98 175 43
17 102 56
141 198 26
193 223 36
157 227 21
131 196 4
112 198 54
117 223 32
5 80 1
31 218 28
185 219 2
107 155 36
168 229 24
137 224 24
57 109 23
226 226 8
182 224 26
139 153 27
224 225 35
135 157 2
13 18 54
137 213 13
30 188 23
117 186 11
222 228 31
3 220 46
205 213 33
209 210 9
176 185 36
70 174 13
138 199 49
103 103 0
25 182 44
107 186 8
196 221 42
87 139 2
158 163 33
115 150 8
171 183 54
108 223 52
88 111 28
161 213 19
123 152 10
151 170 55
161 168 33
149 177 32
67 129 45
164 200 10
96 213 24
190 201 53
136 193 39
193 208 58
206 228 37
90 111 41
155 173 22
60 114 2
101 184 18
162 177 6
227 227 16
41 131 38
176 208 17
184 186 37
111 147 40
29 179 39
189 220 49
139 162 52
30 181 57
211 225 19
2 113 16
198 227 33
114 165 47
2 65 28
135 183 52
74 173 24
88 178 34
35 91 10
15 70 57
54 165 48
4 24 25
47 179 9
167 209 44
165 177 56
3 35 33
141 165 59
15 58 36
17 27 48
65 90 58
21 125 23
212 212 34
142 175 46
54 84 3
74 156 37
76 96 59
44 145 4
104 128 48
26 67 40
196 203 22
110 112 11
208 209 43
93 202 13
60 119 48
217 217 9
160 199 46
113 182 31
151 161 26
29 103 13
12 48 5
166 176 40
19 131 44
221 229 19
219 224 16
95 198 2
36 74 2
196 196 44
49 142 39
15 149 44
132 153 32
183 221 28
140 219 23
92 224 9
3 81 8
84 122 48
24 84 26
121 223 57
112 162 49
41 59 35
6 83 1
118 210 47
145 215 23
105 157 46
56 119 18
171 206 35
181 213 24
158 194 49
119 207 37
32 191 35
136 136 29
100 184 14
83 186 7
68 134 28
184 219 15
81 175 17
54 61 14
62 139 59
82 90 9
74 100 20
0 202 20
87 192 48
147 147 10
213 227 26
223 224 19
67 88 3
35 95 20
79 207 24
80 188 46
86 161 55
86 117 55
0 125 46
201 229 55
28 164 44
38 92 23
114 162 47
196 213 11
114 200 9
92 197 17
122 126 44
138 152 10
211 224 17
18 91 5
74 202 33
16 212 39
67 79 39
181 202 48
82 164 36
199 218 53
111 117 33
109 153 56
200 228 39
193 218 56
3 131 28
105 201 48
119 123 53
134 198 54
9 95 58
174 195 54
135 146 19
192 229 27
54 68 48
40 56 52
45 180 57
128 131 40
34 95 31
13 98 14
46 146 44
146 155 55
138 142 12
137 143 14
47 130 28
159 179 25
225 225 10
77 101 19
43 88 41
158 182 54
171 172 34
214 217 8
71 96 33
219 225 52
183 203 43
55 107 57
83 157 9
62 180 39
182 213 53
179 223 57
133 148 47
163 192 37
195 206 56
118 223 49
29 227 0
103 124 60
191 207 46
153 172 43
182 191 35
209 227 44
69 199 9
227 229 45
136 148 26
220 223 34
125 165 43
122 168 49
154 174 40
19 124 32
46 188 6
22 135 5
69 211 7
159 226 35
70 152 19
94 163 31
104 174 10
2 199 22
158 217 13
103 142 5
65 153 58
87 175 2
145 163 59
197 213 0
113 169 10
130 222 5
123 182 29
1 116 39
141 196 0
84 217 40
79 183 42
50 98 19
130 223 21
169 212 37
114 199 14
56 181 20
204 219 52
107 205 43
189 195 17
200 204 42
109 138 5
80 122 27
11 27 30
69 229 59
161 201 20
38 163 39
182 210 59
68 70 21
216 218 51
122 174 25
193 207 1
200 224 19
112 199 49
50 64 37
34 173 6
186 194 14
114 137 50
29 174 27
50 207 51
151 212 23
23 158 53
189 217 48
218 225 21
176 225 17
39 167 46
15 131 57
49 110 7
201 207 44
145 179 4
152 217 7
168 174 47
217 222 14
41 150 26
78 219 12
84 139 6
208 229 38
132 213 24
178 215 49
169 196 6
83 121 59
172 225 31
178 225 33
153 217 13
43 109 23
137 140 7
118 215 50
136 207 38
112 201 27
26 52 45
177 211 6
17 223 3
68 101 11
211 212 37
53 141 17
142 176 59
90 171 3
40 42 19
56 163 24
21 80 12
206 209 41
154 212 12
102 155 9
196 210 52
193 226 45
46 168 25
140 199 57
226 227 22
204 226 12
150 161 10
24 174 2
131 151 24
205 215 47
140 157 37
188 217 19
47 182 41
128 205 57
144 193 48
94 183 15
73 168 53
197 211 17
14 121 9
168 199 43
159 161 12
79 146 44
49 139 22
224 228 23
124 191 33
104 104 32
164 207 47
131 223 19
107 154 41
162 228 7
23 177 53
101 149 13
82 100 38
67 152 30
106 149 16
175 208 34
117 132 49
215 225 7
49 93 59
15 157 52
147 164 23
109 112 53
82 147 27
8 126 36
87 96 46
157 212 4
107 157 3
3 55 58
103 140 24
97 177 53
117 195 24
171 198 26
130 202 55
101 112 18
223 223 23
138 197 45
56 183 27
222 222 23
80 153 24
200 223 9
120 208 56
66 205 14
109 180 18
24 211 48
127 200 38
92 109 17
21 205 47
210 219 42
107 206 32
90 227 26
9 189 40
42 74 50
9 150 12
2 224 47
202 224 46
197 212 57
116 141 16
48 212 40
133 224 17
46 174 33
203 224 21
24 152 16
113 205 43
219 222 42
207 217 28
96 167 3
33 41 55
166 225 23
220 229 6
144 187 60
141 149 54
146 226 60
143 171 14
129 183 35
198 201 59
170 213 2
181 198 39
10 133 28
126 207 5
138 173 23
177 181 29
125 208 7
27 124 47
178 228 44
191 214 60
124 200 19
217 219 12
187 207 10
89 133 58
102 196 1
44 226 31
66 119 51
121 218 50
202 222 31
169 216 36
217 225 12
182 192 45
79 162 4
39 51 9
149 180 13
49 99 26
150 210 26
202 203 18
142 191 20
70 107 32
192 220 47
63 165 34
195 198 39
87 171 9
23 52 19
99 205 54
70 211 42
220 227 24
126 205 44
197 221 59
211 213 25
100 135 42
44 193 33
81 120 38
78 181 29
224 224 2
181 221 50
164 196 8
115 210 44
204 213 27
156 161 44
212 216 49
130 211 6
149 161 39
52 120 2
31 98 55
210 216 55
87 204 27
226 228 47
178 216 45
130 200 57
88 218 14
187 189 44
219 228 34
69 121 20
211 229 52
128 191 37
26 160 27
138 149 27
11 148 30
85 212 25
221 226 0
12 186 43
103 157 22
136 153 23
43 125 3
130 201 54
135 223 22
182 223 21
206 211 47
174 185 47
157 186 53
157 190 29
219 229 42
30 75 51
82 201 34
0 190 28
97 203 36
98 149 60
95 112 23
82 118 58
59 112 18
16 197 30
120 191 28
24 144 11
34 223 30
107 174 11
199 209 9
175 195 19
96 159 5
22 31 32
179 210 23
8 223 54
101 160 0
159 177 1
49 209 26
97 169 48
23 50 43
2 178 40
77 79 20
183 214 3
50 96 60
198 198 18
48 113 22
18 27 9
14 226 9
69 173 57
176 186 47
200 226 52
10 173 8
137 157 55
117 167 18
67 185 45
62 184 2
105 105 55
6 81 16
28 180 41
199 225 7
189 200 60
88 204 1
174 224 4
82 91 36
42 208 48
27 129 58
163 206 29
116 195 8
35 137 0
113 174 7
184 190 25
64 77 40
140 214 56
109 117 5
37 79 52
76 183 36
13 209 0
29 32 53
143 153 55
219 223 7
181 199 48
55 166 30
203 226 60
109 159 9
38 192 0
99 128 41
181 186 57
133 151 31
115 118 37
68 111 23
156 176 20
65 227 29
19 51 31
33 153 25
47 117 23
41 195 55
29 175 41
65 88 53
50 68 46
38 207 37
201 228 33
220 220 25
214 227 44
198 207 29
85 154 55
41 67 56
216 219 22
125 141 56
50 87 16
125 157 57
207 207 19
180 188 37
28 65 44
84 223 36
174 179 45
79 206 37
149 163 23
139 158 43
125 227 13
186 190 36
114 163 51
162 196 2
102 217 10
117 212 45
28 184 13
103 182 24
49 201 45
145 162 60
51 59 34
129 130 41
47 216 32
0 15 26
103 209 3
207 211 10
141 155 55
88 175 51
36 148 12
8 144 24
53 60 6
113 142 12
117 181 13
100 129 56
218 227 47
194 218 58
161 191 19
26 81 25
140 217 13
126 160 6
139 139 29
195 199 12
89 171 40
188 229 14
43 139 41
136 212 18
125 156 34
8 35 44
207 224 42
81 99 1
83 95 18
17 138 11
100 105 36
213 214 6
119 172 7
172 185 7
55 151 54
56 135 1
31 52 59
64 98 9
143 156 49
192 212 32
40 174 37
4 211 31
74 203 40
190 229 2
70 127 40
217 220 10
53 57 54
7 85 54
180 221 31
219 227 59
176 192 53
71 112 9
121 121 29
2 99 35
91 166 34
1 134 60
40 115 52
104 178 20
35 189 1
9 60 51
131 138 53
11 66 55
159 216 46
57 173 48
51 182 35
162 176 27
127 214 2
4 223 42
114 217 9
68 197 22
94 96 33
32 174 36
122 182 60
59 125 28
22 114 31
46 226 22
201 222 37
23 173 25
143 157 22
45 190 7
172 224 40
60 196 13
175 188 41
41 113 25
80 228 34
178 196 11
191 196 15
83 204 16
166 182 17
186 213 17
4 156 45
91 174 60
29 144 37
96 142 50
206 216 38
47 134 37
23 124 31
77 151 6
102 144 4
12 105 56
9 71 25
128 146 29
213 218 22
208 208 26
129 136 54
89 121 29
24 149 26
6 54 13
146 207 16
153 179 24
132 175 4
26 178 27
161 211 59
116 220 20
42 78 0
12 45 0
138 183 49
160 179 43
192 201 17
114 153 18
172 222 37
67 206 60
170 209 25
110 216 36
145 209 13
33 225 3
130 193 3
19 221 4
202 209 24
121 215 55
39 168 8
58 79 10
95 97 26
214 223 24
130 192 26
52 196 37
152 193 3
138 222 50
61 164 54
189 207 30
26 163 34
44 227 58
48 75 27
28 161 28
29 71 55
44 79 41
43 110 7
175 189 13
11 168 1
119 197 22
163 217 36
33 51 31
116 215 3
22 123 39
164 177 32
165 203 54
165 205 33
151 169 20
66 71 40
172 189 14
20 227 19
85 182 50
18 45 12
160 193 40
25 156 58
10 38 10
45 135 11
148 223 35
192 196 22
103 126 48
87 168 51
203 220 40
174 216 35
188 223 44
172 176 40
14 32 45
122 132 32
106 135 44
23 176 1
203 203 15
51 123 5
121 169 23
23 30 53
151 200 22
223 229 31
125 196 27
169 220 26
190 204 31
199 219 26
82 163 5
