150 750
128
164
124
154
148
127
187
107
112
110
153
133
148
129
121
194
120
139
192
122
124
135
162
171
151
121
150
103
139
156
110
147
127
184
169
200
106
189
103
127
158
192
170
191
174
114
169
152
187
152
147
125
191
113
171
186
143
195
196
118
175
136
153
124
132
118
155
123
124
102
134
182
142
111
139
160
167
107
121
105
180
195
127
151
125
123
112
172
138
127
140
109
129
195
140
132
191
109
117
165
113
195
130
144
125
164
150
170
138
153
173
154
149
148
173
106
162
153
200
174
107
144
154
104
177
152
197
126
114
119
126
158
138
150
183
184
147
105
113
195
157
133
157
161
178
196
118
185
110
129
0 1 52
0 2 10
2 3 26
0 4 23
3 5 58
0 6 18
3 7 31
7 8 38
1 9 59
4 10 13
2 11 7
6 12 3
0 13 19
7 14 44
12 15 35
7 16 29
12 17 6
4 18 60
5 19 48
18 20 35
8 21 35
16 22 18
11 23 6
1 24 21
14 25 17
17 26 30
7 27 31
16 28 49
22 29 23
19 30 58
1 31 53
25 32 29
11 33 42
15 34 50
2 35 40
34 36 37
26 37 12
9 38 43
29 39 23
20 40 4
2 41 0
9 42 5
35 43 51
12 44 12
11 45 44
6 46 27
0 47 33
44 48 42
47 49 32
9 50 33
2 51 47
19 52 18
28 53 46
32 54 16
15 55 15
10 56 28
29 57 40
15 58 43
13 59 48
29 60 56
19 61 40
14 62 0
2 63 7
59 64 10
17 65 21
41 66 20
29 67 55
63 68 25
7 69 14
58 70 45
22 71 15
43 72 24
48 73 47
32 74 23
47 75 26
0 76 1
47 77 16
73 78 6
2 79 10
10 80 34
61 81 17
50 82 2
64 83 50
11 84 13
20 85 30
46 86 48
35 87 55
13 88 56
17 89 47
84 90 8
27 91 40
25 92 4
80 93 25
39 94 17
61 95 2
29 96 24
79 97 20
90 98 23
32 99 37
93 100 17
47 101 42
89 102 9
56 103 27
25 104 29
24 105 13
88 106 19
25 107 52
70 108 49
13 109 54
46 110 12
70 111 36
82 112 22
30 113 5
105 114 18
98 115 15
14 116 14
63 117 5
92 118 10
2 119 30
76 120 51
64 121 0
15 122 35
39 123 9
120 124 39
121 125 27
94 126 60
91 127 18
16 128 40
74 129 26
16 130 21
41 131 24
75 132 46
103 133 31
66 134 42
106 135 33
65 136 24
50 137 14
31 138 47
90 139 15
16 140 33
43 141 34
25 142 20
46 143 30
117 144 55
143 145 45
126 146 25
137 147 4
38 148 42
43 149 18
87 149 50
56 59 47
24 132 49
12 45 3
94 132 42
24 67 52
97 149 36
117 139 36
95 127 29
122 147 15
139 148 14
60 60 11
142 145 55
128 140 45
35 135 37
100 104 23
88 108 33
105 147 44
87 141 12
18 65 33
7 19 28
97 148 6
60 118 31
23 120 20
67 114 53
57 119 12
146 149 17
32 134 40
54 78 8
12 27 60
73 102 18
96 96 28
4 53 12
81 148 14
66 77 50
16 24 32
44 64 52
82 90 30
30 96 60
138 144 12
118 131 43
114 135 48
114 140 11
70 86 58
34 69 14
72 138 33
20 70 2
10 71 41
97 98 59
125 138 47
7 103 2
52 138 52
61 109 35
91 93 30
142 147 44
106 148 14
109 117 60
1 86 37
96 106 13
42 100 23
18 75 40
126 129 29
86 117 24
18 51 17
51 110 15
87 114 35
103 110 31
85 100 31
148 148 35
77 101 34
50 88 52
52 147 8
116 127 31
31 51 24
126 147 52
23 115 35
7 92 24
49 73 47
64 64 29
125 133 43
20 112 17
48 95 60
66 93 12
44 93 1
30 86 41
99 108 15
87 108 2
81 101 31
77 80 7
34 103 13
0 87 28
40 82 6
73 138 21
85 119 42
88 92 9
74 123 44
115 127 5
40 43 50
21 121 47
4 89 32
101 107 54
50 141 1
127 128 52
9 107 29
15 131 39
60 65 37
74 146 39
129 135 53
5 48 23
40 41 32
35 96 37
33 88 51
88 144 33
130 134 32
32 46 10
140 140 20
90 115 26
111 124 13
65 125 37
94 113 54
131 143 33
57 68 58
40 113 12
131 148 48
139 143 10
52 142 25
0 125 14
101 114 55
19 20 51
69 70 33
137 144 9
65 80 38
121 140 27
11 44 55
26 129 30
94 128 9
96 100 54
128 129 47
55 59 34
3 20 38
87 139 59
47 84 27
102 123 35
30 76 53
73 79 26
60 117 19
43 78 46
43 124 17
93 97 14
105 110 23
146 146 16
59 119 22
101 118 41
122 134 12
74 115 46
10 107 21
12 147 25
38 138 47
75 96 9
93 131 34
98 126 29
17 105 7
12 33 51
67 86 17
127 145 36
144 145 35
50 114 33
20 47 46
57 103 2
8 149 6
141 145 38
0 70 20
102 111 58
124 141 58
43 64 53
1 100 46
115 117 17
56 119 15
62 121 28
40 68 8
117 135 4
77 88 25
1 49 42
134 148 34
30 71 30
69 107 37
57 87 17
48 82 59
103 136 42
38 67 59
12 14 57
80 139 32
40 75 47
135 147 52
23 132 0
40 132 9
54 131 52
77 97 22
30 103 60
129 147 32
97 102 59
25 119 16
63 90 23
64 98 19
109 113 22
25 137 25
91 146 55
59 100 40
132 149 10
78 110 1
60 64 42
14 137 5
20 50 50
105 113 32
18 79 45
93 107 44
118 123 49
113 128 36
76 110 57
144 149 46
64 148 35
47 47 53
107 148 9
83 91 27
97 115 50
62 103 5
63 145 48
13 79 56
125 147 20
13 118 49
6 21 30
86 144 21
68 84 18
31 92 34
74 95 49
111 127 0
8 80 40
46 111 55
110 135 12
31 135 17
26 67 49
145 145 2
16 114 13
105 131 47
134 142 17
99 139 43
54 125 55
74 136 12
115 143 36
41 120 22
147 149 21
41 52 40
119 122 12
144 146 9
116 138 45
65 111 13
82 101 14
27 142 18
2 78 15
147 147 36
16 77 25
119 144 24
98 140 10
30 63 21
15 110 38
26 145 44
21 46 18
120 143 57
38 102 24
110 138 14
50 102 45
50 110 28
31 117 33
8 122 53
44 140 3
13 94 54
116 130 38
82 95 27
82 129 55
84 129 42
14 141 0
110 113 12
36 128 60
41 91 37
55 56 33
116 147 4
64 93 24
94 143 3
111 136 54
65 120 24
110 125 54
82 127 31
14 126 32
127 136 56
121 127 26
103 106 42
87 107 6
146 148 19
25 72 37
31 120 46
34 137 44
77 123 56
19 81 27
121 146 37
101 108 32
32 98 60
85 137 58
139 146 16
19 83 49
34 102 23
138 139 39
111 132 23
148 149 4
84 107 46
118 144 6
31 82 25
110 111 12
52 69 60
27 86 3
67 96 54
143 144 14
16 105 35
125 127 21
9 80 45
98 101 59
103 137 40
96 118 3
51 146 52
128 146 40
131 133 29
81 81 40
28 119 8
37 107 35
80 117 40
1 98 30
86 141 37
38 135 6
69 134 18
33 79 24
79 106 42
124 132 6
63 69 58
93 147 34
1 112 40
106 127 10
62 132 28
16 92 59
3 35 50
45 106 51
28 54 20
92 129 44
96 110 46
130 137 47
70 129 9
106 147 25
125 140 31
5 40 28
68 108 14
55 87 41
133 141 43
75 127 55
118 121 5
17 141 15
80 108 29
99 138 44
116 145 16
18 124 5
30 58 5
95 109 12
107 115 24
36 111 57
58 111 39
6 122 57
12 114 39
30 57 4
53 106 33
14 79 27
75 128 57
33 98 23
125 142 12
128 128 2
52 83 0
34 141 13
81 134 23
21 126 42
105 126 6
65 68 42
81 110 25
103 103 0
33 71 24
84 149 6
47 92 10
128 141 0
140 142 34
76 82 21
42 84 15
70 76 26
135 135 41
65 117 58
91 92 8
109 120 45
29 121 39
141 144 34
6 15 26
33 115 19
99 114 45
116 148 55
125 134 38
39 103 59
111 125 47
72 103 34
27 78 21
45 116 43
8 15 39
73 140 55
53 96 28
117 148 53
104 106 20
32 144 18
41 48 43
133 138 34
14 42 40
7 144 50
58 135 42
23 77 22
99 134 53
37 148 10
78 112 37
98 145 9
12 40 52
16 40 0
107 114 53
32 43 14
28 93 16
79 135 50
79 113 30
106 121 55
124 134 36
17 39 50
46 123 45
81 149 60
43 70 28
104 112 26
126 133 0
43 93 46
143 149 32
101 113 1
123 149 9
79 83 5
53 138 38
14 104 57
27 98 54
101 126 19
90 95 36
65 139 10
21 24 28
137 139 41
109 143 43
86 145 5
78 120 30
44 100 31
80 121 11
70 134 44
15 28 4
92 100 48
40 102 60
8 110 5
119 119 28
62 113 52
48 130 14
83 112 0
128 142 0
47 114 48
134 147 6
71 94 7
40 67 17
13 30 57
0 50 34
119 140 59
47 64 48
57 109 2
60 137 46
116 135 42
76 88 14
27 41 34
113 121 54
24 76 1
65 141 19
7 84 19
18 67 15
93 95 8
0 71 24
87 116 42
11 116 23
71 95 5
140 148 1
2 138 19
21 101 8
114 118 17
121 145 49
106 112 52
39 107 11
90 92 27
85 91 30
34 148 24
134 134 25
91 138 56
140 147 12
13 110 29
98 137 16
9 126 21
144 144 2
92 133 46
64 67 39
68 78 24
103 116 18
136 144 52
58 99 51
23 76 30
55 115 60
120 123 39
41 41 59
145 149 59
68 121 46
36 121 45
101 106 50
124 128 40
133 146 23
137 142 38
100 126 15
53 133 10
71 132 60
105 120 36
22 138 24
137 143 23
59 102 8
45 104 26
105 145 21
95 145 14
124 143 6
13 108 3
48 52 24
41 148 34
36 92 35
25 27 21
83 83 38
48 101 23
59 143 0
129 138 56
5 113 49
136 143 34
15 74 33
115 130 15
117 120 51
146 147 51
4 51 27
108 117 42
92 117 31
20 144 23
16 94 55
47 53 52
58 76 1
69 97 55
130 130 4
55 92 37
35 97 5
84 131 20
115 124 19
99 141 45
78 97 32
52 68 5
65 129 46
125 126 6
44 83 25
87 145 30
111 121 50
111 145 8
130 136 8
26 80 34
119 120 29
123 124 49
120 125 49
17 62 45
7 112 19
89 129 27
93 94 45
43 121 24
37 44 5
46 83 49
13 57 32
69 93 58
96 143 24
59 134 1
46 102 22
115 126 22
45 53 16
41 65 20
61 80 11
104 130 60
106 140 7
44 119 14
