140 9030
161
136
192
127
112
176
144
147
168
124
143
184
138
160
172
155
142
100
122
104
143
105
164
143
100
168
152
198
120
127
200
118
163
163
151
136
182
188
183
140
125
197
148
181
182
174
188
109
130
110
190
157
119
147
133
141
186
151
111
150
117
167
116
155
118
124
116
190
153
104
199
194
171
176
133
114
188
173
175
179
159
103
183
191
195
130
106
186
197
103
112
198
146
142
136
163
159
159
102
143
142
172
165
159
174
136
146
115
173
152
144
109
161
185
199
191
141
144
114
128
151
179
134
176
187
200
112
105
120
190
140
100
182
156
101
200
168
196
114
116
0 1 43
0 2 34
2 3 60
0 4 18
0 5 58
2 6 39
6 7 41
2 8 46
4 9 40
2 10 17
0 11 36
9 12 50
0 13 50
6 14 36
2 15 7
14 16 4
6 17 35
11 18 28
17 19 17
18 20 31
13 21 4
4 22 59
11 23 24
22 24 27
5 25 21
13 26 23
11 27 50
14 28 6
25 29 50
21 30 3
14 31 51
26 32 29
25 33 33
22 34 24
9 35 58
1 36 56
21 37 26
2 38 28
14 39 33
30 40 6
19 41 23
4 42 27
20 43 5
36 44 24
2 45 25
39 46 17
35 47 26
10 48 48
4 49 25
7 50 5
45 51 9
13 52 31
50 53 48
52 54 30
20 55 11
0 56 15
55 57 5
54 58 26
24 59 19
28 60 3
34 61 9
25 62 18
32 63 38
52 64 27
8 65 23
33 66 57
46 67 10
57 68 4
19 69 49
42 70 30
31 71 12
20 72 25
42 73 19
44 74 10
22 75 35
56 76 41
66 77 9
73 78 12
14 79 0
30 80 38
12 81 48
31 82 25
67 83 41
45 84 11
21 85 21
31 86 41
29 87 60
62 88 5
88 89 40
19 90 54
15 91 49
26 92 4
51 93 39
45 94 49
13 95 42
27 96 19
59 97 33
32 98 6
68 99 24
92 100 58
41 101 55
38 102 6
48 103 34
79 104 37
22 105 10
94 106 27
17 107 17
68 108 33
46 109 42
57 110 39
30 111 43
57 112 3
90 113 52
108 114 9
105 115 6
46 116 27
33 117 23
19 118 24
28 119 50
105 120 49
95 121 58
57 122 58
54 123 14
25 124 55
22 125 7
83 126 30
10 127 14
79 128 34
125 129 30
30 130 12
16 131 47
68 132 8
73 133 29
58 134 31
89 135 49
30 136 7
45 137 47
53 138 46
45 139 33
32 109 29
10 47 54
69 104 46
9 38 36
16 65 19
79 88 40
19 66 7
9 11 23
100 132 24
8 95 34
73 125 41
105 122 12
127 135 25
73 131 37
90 112 20
123 138 20
77 111 0
137 138 39
57 98 59
67 100 51
122 128 45
125 127 43
47 121 45
127 137 22
59 107 59
62 74 13
0 29 37
116 116 59
63 96 44
92 102 7
59 74 15
63 72 50
81 122 39
37 75 29
36 73 44
80 83 47
74 79 8
94 101 27
40 128 13
97 136 17
123 126 14
41 111 35
9 106 11
72 128 58
110 113 43
9 52 24
47 106 52
50 125 0
94 107 20
69 74 25
66 99 28
11 62 49
136 136 35
98 137 7
80 120 15
103 108 35
23 24 24
74 118 22
55 115 60
119 134 36
72 89 45
40 64 59
43 71 0
117 129 52
94 133 17
54 131 42
94 98 6
103 107 17
49 137 7
42 128 27
46 56 0
104 128 23
35 103 0
134 135 26
42 135 41
63 109 0
62 138 43
4 100 45
33 108 43
30 123 53
58 123 1
125 125 37
99 126 35
123 135 46
48 121 32
138 139 20
81 137 30
106 117 23
89 106 45
137 137 60
43 128 40
112 134 54
110 120 1
126 136 28
78 127 41
52 134 49
7 109 44
6 8 51
117 124 57
34 48 12
46 105 41
111 124 5
19 115 1
86 112 46
67 79 59
16 41 8
10 134 58
121 138 46
27 129 32
98 112 17
71 96 27
40 52 17
113 135 53
42 65 20
101 107 2
89 97 27
69 102 28
133 136 31
20 133 15
1 91 26
97 118 20
78 132 51
109 136 21
129 134 8
39 101 43
112 121 31
86 103 53
1 66 49
4 27 22
51 87 22
21 25 57
61 83 57
45 74 52
71 92 54
104 110 23
108 139 2
15 34 59
79 109 41
1 43 28
22 135 55
58 104 37
37 54 40
19 58 34
41 89 42
118 120 35
13 97 16
116 127 18
64 74 20
83 122 19
126 127 22
35 36 36
125 139 56
28 76 7
104 113 4
92 93 28
130 133 5
40 123 38
88 128 29
48 104 47
114 119 21
59 76 3
25 57 15
4 72 26
45 89 45
82 92 28
66 95 21
39 111 28
27 32 37
55 61 30
94 132 25
34 101 39
112 129 34
53 86 37
35 45 59
116 117 13
36 60 0
124 130 6
61 109 52
6 26 15
22 98 10
15 81 0
67 103 0
63 98 48
56 123 50
116 123 35
37 59 39
77 115 53
119 129 27
86 101 37
29 65 19
23 112 29
3 28 2
81 139 14
39 52 46
82 128 17
60 133 49
0 122 57
24 84 2
10 95 51
56 90 60
65 112 42
101 104 28
98 138 24
121 128 16
32 99 9
42 106 54
19 109 47
83 118 38
50 51 39
74 105 48
104 134 54
99 118 17
47 110 13
131 139 34
14 82 37
59 128 13
96 121 36
82 91 4
95 118 23
1 35 49
119 130 35
24 43 36
62 86 3
11 29 12
104 125 12
126 135 39
109 132 7
125 130 50
13 101 3
103 122 30
43 67 39
107 112 21
78 84 36
39 124 41
112 112 5
21 71 12
94 113 32
25 118 45
131 134 6
25 58 14
102 128 27
32 100 26
2 137 26
128 134 24
52 81 16
3 51 17
57 71 35
133 135 55
86 127 51
106 113 54
54 73 37
85 130 32
9 9 20
55 76 16
60 136 2
30 93 24
135 139 30
100 123 45
52 87 28
32 34 17
102 134 26
81 130 6
119 131 32
123 133 59
7 81 28
83 137 52
130 136 55
18 43 1
57 133 48
109 116 51
124 132 40
112 127 2
115 136 38
43 88 8
119 139 21
56 93 11
20 110 4
26 127 14
41 45 33
113 120 34
62 76 11
110 138 36
73 112 27
45 66 55
35 42 20
123 128 16
95 113 50
76 76 30
127 138 21
10 115 4
105 135 40
86 124 17
62 63 16
73 116 57
59 81 1
41 69 47
22 47 45
118 131 41
86 138 53
2 71 8
91 126 25
118 133 30
48 120 9
60 96 6
1 102 56
1 70 4
34 107 26
93 97 38
39 84 16
82 93 34
13 118 31
69 77 6
43 114 8
134 136 59
68 74 8
36 38 18
18 112 12
89 132 18
74 112 0
95 135 20
80 137 11
101 136 3
119 135 51
26 38 20
115 133 47
40 110 38
1 15 4
98 129 28
34 119 25
44 56 46
50 71 9
117 117 33
115 138 54
99 108 21
119 123 35
98 126 7
1 104 39
66 117 13
128 139 49
138 138 33
31 96 55
43 60 39
33 89 59
71 89 7
65 128 14
68 98 19
98 118 44
81 138 29
27 50 7
65 83 52
85 117 55
116 119 31
121 139 27
112 136 10
29 121 47
69 136 2
54 90 21
80 130 23
89 119 34
53 93 60
64 113 19
6 43 15
22 96 32
79 118 17
25 123 41
105 139 14
26 65 29
29 55 22
102 110 42
81 101 42
8 87 45
74 114 53
135 137 1
16 127 19
50 96 43
41 49 51
63 104 25
39 77 57
24 70 50
91 119 49
66 87 60
45 98 9
74 99 31
100 134 44
39 109 42
31 127 60
116 132 11
67 115 27
12 109 19
8 99 41
72 110 8
45 114 6
2 139 37
113 113 6
122 133 42
72 139 22
85 98 17
30 81 19
65 67 55
59 88 5
75 83 33
7 91 52
130 135 30
108 130 14
53 108 17
104 126 7
100 125 30
24 77 12
116 125 18
105 130 16
14 95 39
61 100 50
60 60 51
36 64 30
104 109 54
88 109 57
23 71 11
84 105 51
112 139 53
79 83 1
90 105 1
85 125 53
88 106 12
28 101 42
47 98 5
18 72 5
123 134 50
66 98 23
28 115 31
12 65 7
68 121 59
62 83 47
126 131 16
113 133 60
132 134 42
82 90 50
25 107 23
101 132 48
135 138 1
102 124 51
55 87 51
37 134 23
1 107 54
48 124 12
4 26 52
6 9 38
37 56 9
63 66 56
55 74 20
102 108 40
120 129 13
70 79 16
81 91 5
2 52 29
129 139 59
56 129 37
63 112 6
118 125 30
27 86 2
5 37 40
82 110 51
73 110 14
114 123 36
60 68 42
134 137 1
45 122 1
28 82 26
24 129 35
97 115 53
2 36 7
49 111 6
35 46 1
20 138 1
81 128 10
65 133 59
61 99 27
69 78 12
76 129 49
25 53 28
16 110 7
26 100 23
57 116 24
55 113 52
4 133 53
40 135 57
9 118 33
99 135 47
82 106 36
24 117 54
33 120 4
59 79 47
8 85 51
45 103 42
18 95 42
36 43 29
61 96 39
39 78 56
47 97 20
64 128 26
46 94 0
1 78 13
23 67 60
60 72 54
9 87 8
22 73 36
82 109 59
27 39 16
55 130 57
27 133 42
20 113 5
33 39 35
56 67 17
116 130 35
93 99 49
117 137 6
115 119 38
41 92 32
34 64 38
96 97 0
122 137 7
78 80 31
133 133 37
86 87 55
79 93 3
107 114 39
21 82 37
16 124 38
48 90 44
73 105 46
126 130 54
38 111 13
48 58 15
37 70 49
36 90 44
59 125 47
64 129 46
73 139 16
17 17 34
92 101 1
68 139 33
89 128 10
116 121 58
108 129 38
121 132 8
26 80 47
89 125 1
31 38 58
110 119 4
15 80 43
41 112 6
31 73 49
88 119 33
84 93 55
42 76 25
60 111 35
66 131 60
114 133 2
21 67 51
35 75 58
28 87 1
126 139 8
23 90 41
53 112 4
121 121 51
19 77 4
16 95 39
95 138 59
113 115 10
57 124 15
85 97 1
55 139 24
2 65 45
115 127 47
131 138 33
25 94 57
25 111 7
112 130 52
53 72 59
39 67 46
1 89 27
120 122 58
137 139 55
51 123 34
107 121 30
47 47 19
95 103 21
99 111 42
52 117 44
62 96 6
60 108 56
71 118 54
64 66 9
18 80 9
91 122 4
98 120 30
62 93 34
54 116 47
108 132 54
85 90 21
35 38 15
101 112 6
18 66 48
50 138 30
5 136 52
69 88 53
102 111 15
72 100 7
2 70 3
59 85 20
79 103 39
55 101 17
68 109 50
77 123 49
41 80 59
75 82 5
36 139 52
51 73 56
12 31 5
38 96 23
103 115 13
45 131 14
131 132 46
111 116 0
73 94 30
64 108 50
70 90 14
31 72 3
85 101 46
64 70 20
104 121 26
49 90 6
10 107 3
59 138 12
5 121 28
41 57 32
122 129 6
84 135 6
95 99 6
44 55 1
61 120 19
88 110 41
131 133 28
23 42 58
80 82 47
78 99 48
116 133 33
27 89 39
76 84 55
45 90 21
99 107 53
128 138 43
30 137 34
36 85 21
40 84 41
51 111 10
36 94 16
94 114 9
67 104 43
53 65 0
100 138 10
60 79 16
99 120 50
50 114 55
9 133 13
32 97 36
38 49 19
119 124 20
109 129 3
13 71 31
17 67 0
2 117 5
107 110 21
80 97 24
41 55 39
59 119 27
68 113 16
117 138 0
41 90 49
44 122 13
93 102 5
94 122 58
107 115 23
52 82 37
36 126 59
136 138 24
47 59 10
28 68 53
97 98 5
14 72 7
44 80 23
132 139 33
58 89 45
58 82 20
128 129 12
94 108 28
73 80 28
86 93 2
28 105 15
24 106 21
35 93 45
103 135 24
31 48 51
85 120 16
53 54 12
117 135 43
112 116 27
106 136 54
92 113 37
113 122 36
68 106 6
3 109 58
120 139 14
49 88 7
21 74 45
68 129 9
56 72 54
2 108 1
105 138 44
9 51 5
7 25 7
95 107 6
96 133 31
69 139 35
34 89 40
1 63 11
97 126 37
20 32 42
60 116 20
18 56 60
75 129 59
5 48 13
33 84 24
112 124 56
91 138 23
42 51 36
84 91 29
20 126 8
26 103 53
32 115 16
70 80 28
97 108 53
93 107 32
108 113 28
95 130 10
74 129 21
39 103 21
63 125 52
106 109 8
109 137 49
91 101 60
32 82 22
2 123 35
37 127 19
106 110 50
20 59 20
14 109 37
11 64 24
72 99 30
85 131 49
36 108 55
67 125 55
31 112 7
120 135 40
98 111 44
84 133 50
103 119 52
134 139 14
20 114 50
117 134 35
0 10 55
125 133 52
118 137 60
49 98 7
89 105 26
21 57 6
63 131 21
131 137 30
122 123 9
111 111 12
49 127 4
55 104 23
104 133 4
15 72 50
127 132 33
121 127 56
4 59 35
97 137 8
37 111 52
49 100 37
28 65 33
55 123 18
75 97 23
46 53 4
124 137 47
124 127 28
46 62 28
131 135 27
75 127 8
114 137 14
36 66 14
36 95 55
13 29 27
1 136 47
45 82 49
88 105 26
94 124 23
93 122 4
49 76 41
98 121 35
83 107 25
92 121 60
75 89 16
115 124 37
48 118 40
127 130 45
107 126 28
114 126 51
56 63 21
17 54 50
49 97 25
125 138 19
93 121 26
97 120 25
78 109 39
130 134 1
3 77 32
46 47 57
75 120 14
16 51 43
23 138 53
101 119 57
0 139 42
96 103 37
93 132 8
78 101 27
9 132 36
86 95 9
40 79 2
76 130 15
87 117 27
24 66 21
70 96 17
63 115 24
49 81 3
24 101 44
17 125 34
37 37 32
42 66 59
44 123 22
99 112 30
61 113 8
91 137 51
120 128 49
32 112 15
27 38 59
103 127 46
24 139 11
83 83 38
79 98 5
109 124 30
136 139 47
57 85 13
39 60 8
21 81 21
111 120 47
78 119 4
36 88 13
105 106 54
88 100 15
119 138 51
79 80 21
14 14 42
129 138 35
20 52 50
104 138 49
26 106 56
36 113 9
29 128 13
24 33 55
114 115 20
49 55 5
21 45 44
69 76 58
105 137 40
33 35 15
41 108 22
65 98 32
39 99 51
108 115 31
127 136 15
8 25 8
100 130 45
106 130 54
54 111 5
29 92 23
77 109 7
54 108 48
90 90 36
24 81 8
61 104 3
23 104 8
55 138 50
83 109 60
105 129 11
101 125 34
21 64 30
7 73 47
98 101 54
73 79 4
123 125 39
32 121 45
81 125 51
91 102 19
107 130 16
40 107 30
38 129 57
23 50 32
66 124 4
130 137 9
92 131 36
109 130 51
6 116 58
7 124 12
54 81 58
1 60 5
132 135 41
45 77 34
27 100 3
119 137 33
12 46 40
118 128 45
76 89 38
45 113 51
86 86 21
44 116 47
56 74 25
96 123 47
50 133 40
128 133 5
70 114 9
30 30 26
112 122 45
98 128 23
77 96 6
47 83 54
121 135 54
71 110 1
64 73 44
93 119 2
95 100 59
37 66 23
79 101 21
48 110 27
109 131 46
2 26 53
104 117 36
31 85 26
88 111 8
21 127 10
27 64 34
47 135 18
81 119 59
36 68 11
99 133 32
5 45 17
5 124 60
2 64 26
41 125 43
53 53 60
106 138 20
114 130 26
67 113 33
14 73 54
114 131 46
78 95 47
83 119 9
20 76 47
130 132 19
69 105 13
15 51 49
93 96 6
23 118 3
86 117 35
65 89 6
102 131 10
9 62 29
45 132 32
64 76 27
105 127 47
126 133 39
52 96 59
112 138 16
1 87 39
121 133 44
75 78 16
58 59 53
87 111 8
104 132 30
21 22 46
93 100 12
6 37 43
124 126 30
129 130 47
60 66 54
111 131 24
49 61 1
14 128 52
28 92 25
84 132 3
80 109 13
19 40 14
58 75 12
54 122 8
33 97 57
58 100 32
2 68 30
51 72 0
39 42 30
43 68 60
28 69 38
9 90 15
44 118 49
125 131 14
133 138 38
44 104 22
61 67 15
41 129 48
21 58 26
19 54 34
74 116 38
116 134 34
102 123 0
87 99 0
129 137 2
105 116 55
28 32 2
12 99 18
132 138 6
71 120 17
15 17 34
88 132 22
10 136 39
28 136 29
62 110 46
62 99 11
38 76 60
3 74 21
84 101 38
76 132 55
19 121 27
29 71 12
14 77 13
72 85 60
109 126 48
107 122 22
122 130 16
109 113 30
82 126 43
117 121 56
46 129 45
96 119 43
59 101 36
40 65 9
26 126 59
80 119 49
79 112 11
64 80 58
28 98 23
108 133 60
31 90 43
92 110 25
90 119 60
43 94 4
128 137 30
44 57 35
20 86 47
86 134 55
22 54 33
19 112 57
126 138 8
75 108 7
82 96 2
44 109 29
26 122 2
77 89 17
8 125 28
40 131 19
9 129 17
5 88 9
128 136 52
69 108 19
28 85 51
18 53 9
36 127 13
96 127 52
42 91 19
115 135 36
113 132 59
4 139 56
110 123 23
96 137 31
96 106 54
73 86 59
75 94 58
114 128 57
116 122 42
118 121 33
3 116 14
16 97 51
107 109 47
52 97 55
6 134 19
53 121 14
21 123 55
9 37 21
14 55 40
101 113 39
21 139 33
78 102 2
49 69 50
55 69 19
6 56 26
63 89 21
52 110 54
96 130 30
96 110 43
2 19 18
121 129 15
128 131 54
7 22 42
17 42 20
111 128 44
13 116 13
67 88 33
21 78 8
76 106 46
80 96 51
45 115 30
5 15 37
61 95 26
3 111 9
16 68 7
27 73 46
74 80 55
103 113 26
92 127 24
108 125 54
13 24 46
22 68 32
97 138 18
84 88 29
48 107 5
29 69 28
70 127 1
24 126 3
71 104 57
60 102 25
123 136 19
3 4 30
8 13 26
17 37 43
30 108 7
110 110 18
77 124 2
127 127 57
27 81 16
28 31 29
109 112 39
63 87 43
30 115 3
101 114 32
65 94 43
111 133 9
36 78 44
41 42 17
25 30 29
80 90 33
40 86 12
76 91 56
76 124 39
22 48 23
27 52 53
129 135 31
65 137 45
107 111 15
20 50 22
72 133 28
9 80 11
87 87 8
3 6 21
22 89 45
116 120 9
86 102 23
120 125 26
49 72 21
110 131 42
53 56 20
43 82 15
24 124 32
95 106 50
53 135 21
74 92 2
58 124 54
80 123 53
51 80 46
132 137 47
98 107 43
31 45 48
5 65 42
75 95 51
31 33 41
34 117 1
67 133 18
59 112 16
91 98 56
12 45 15
62 118 5
100 109 50
106 112 18
58 66 15
105 121 9
10 21 33
109 117 36
13 111 36
13 122 17
26 121 18
42 103 28
91 105 38
109 127 17
16 120 33
64 132 8
27 42 25
86 104 18
36 134 53
6 44 28
59 115 43
81 83 30
35 86 17
62 129 46
114 127 8
61 63 5
99 131 47
17 72 13
1 3 13
77 95 43
9 99 45
79 114 30
99 102 29
128 130 26
47 61 13
16 52 14
16 118 14
33 130 9
93 106 23
109 122 49
3 137 9
95 133 24
0 14 21
52 68 11
73 122 12
57 123 3
1 77 59
16 86 5
84 131 49
38 78 27
45 134 26
109 135 33
4 96 55
110 126 0
49 105 59
83 96 43
53 59 19
99 134 20
78 110 24
130 138 0
57 130 57
18 23 1
97 122 56
80 98 20
55 71 21
34 49 4
47 50 13
7 13 41
112 123 1
64 84 0
7 83 41
111 127 12
3 139 29
105 110 51
24 76 37
75 93 18
53 128 28
83 133 43
22 59 55
118 118 53
60 107 27
30 104 45
54 107 26
44 44 18
78 96 23
123 132 13
10 91 4
29 70 60
90 95 6
7 117 30
102 125 31
105 112 24
44 117 23
2 86 10
16 126 59
39 44 60
11 55 59
50 134 38
51 95 35
56 97 20
76 93 29
16 103 35
116 128 41
94 129 24
83 116 27
60 103 42
26 133 19
29 114 60
75 128 58
86 111 23
9 120 6
66 82 41
14 84 34
76 99 50
133 139 21
63 78 43
110 129 36
34 102 25
45 52 1
102 137 52
67 89 14
133 134 10
42 87 57
31 36 30
111 136 13
63 99 14
91 123 52
46 55 19
33 103 11
87 100 25
36 109 18
83 97 11
77 80 5
94 111 0
91 118 19
73 108 25
66 67 15
120 132 45
2 57 2
66 125 46
51 102 10
120 124 13
38 73 40
77 112 23
98 134 15
84 109 9
49 103 44
55 65 42
44 92 36
76 88 30
87 88 34
43 43 7
110 139 31
117 139 46
118 139 54
98 123 6
132 133 29
20 53 8
51 105 27
39 86 13
77 101 13
99 139 55
58 70 13
68 76 55
23 127 44
20 57 16
63 101 6
9 98 46
122 122 60
51 98 39
24 86 23
60 84 46
85 129 48
26 139 53
33 101 57
57 138 14
37 116 43
34 131 30
114 136 54
3 123 20
69 89 2
106 114 49
93 111 54
69 127 36
95 102 59
117 125 56
59 108 34
111 115 26
10 37 20
83 112 25
57 75 26
122 125 36
59 104 8
108 123 55
45 86 13
76 115 1
108 112 59
34 66 53
127 133 49
58 128 49
66 113 35
16 55 46
52 128 8
94 131 14
107 135 53
92 122 38
15 103 53
86 92 6
3 19 4
73 99 24
33 44 52
10 27 33
106 133 45
29 53 20
49 84 15
32 51 10
11 83 60
64 114 37
45 71 59
103 112 28
114 129 41
9 44 12
71 76 8
88 127 54
18 100 37
46 137 16
59 87 11
22 84 52
51 59 27
135 136 22
59 105 40
9 96 47
10 20 10
104 105 23
48 106 36
79 95 35
86 132 7
121 126 54
121 125 55
96 135 35
54 115 24
33 41 38
35 39 10
103 117 33
27 29 10
5 131 58
91 97 57
27 137 25
13 113 20
53 64 45
73 137 49
77 103 11
7 79 0
16 104 54
19 25 22
39 55 41
16 112 12
0 125 39
37 113 8
6 59 7
66 70 21
63 85 13
112 119 19
57 95 15
0 131 10
35 117 54
71 109 59
56 128 25
41 64 23
19 71 7
10 106 28
61 89 35
56 117 31
48 125 12
89 129 54
16 79 21
8 130 54
17 23 11
30 134 55
64 133 56
45 91 44
5 83 44
124 131 42
120 138 52
40 89 25
36 135 33
99 104 34
53 85 47
22 95 24
49 108 42
17 66 43
68 104 41
85 115 10
82 86 32
108 111 3
15 106 0
7 87 20
48 54 26
18 122 53
79 84 60
15 76 56
14 63 28
25 31 16
37 85 20
6 83 18
26 67 45
100 116 52
78 111 58
86 123 6
71 121 45
13 14 18
25 109 39
71 97 31
119 132 22
13 31 9
59 95 60
78 103 52
63 122 5
78 87 16
111 129 35
54 79 46
55 86 4
49 104 35
91 113 25
64 100 12
35 96 36
32 103 58
27 28 8
12 137 36
84 95 28
78 131 46
69 81 48
51 124 25
45 56 25
11 72 26
24 27 60
119 125 48
104 123 25
21 93 35
101 110 60
24 34 22
9 84 24
103 131 50
15 48 3
46 114 0
18 129 23
9 43 17
77 117 3
100 137 10
25 90 35
65 65 33
48 117 1
114 117 39
9 100 23
60 97 12
66 139 4
96 138 22
85 107 4
101 108 30
82 87 33
99 117 50
50 109 8
58 101 4
57 119 14
33 132 10
2 48 35
96 122 48
88 98 12
20 78 6
125 128 55
57 113 15
25 127 10
21 52 35
17 63 34
61 86 58
64 88 57
23 95 59
18 139 57
122 126 5
57 125 23
86 110 56
51 51 59
61 106 19
47 85 7
33 138 57
98 102 20
102 102 30
36 91 48
58 127 57
72 98 9
130 139 26
41 126 0
24 110 12
3 71 12
67 124 15
0 95 4
73 118 14
12 33 54
32 139 48
0 27 10
34 94 35
101 120 53
31 93 58
132 136 9
71 102 17
108 116 56
39 131 2
25 101 58
57 61 22
53 103 47
65 101 33
40 80 9
8 104 21
63 69 25
71 86 29
107 138 33
92 106 24
6 81 29
68 68 7
81 106 40
84 110 50
86 136 34
72 92 59
0 127 36
65 71 59
90 108 44
92 94 39
122 132 9
6 54 32
120 131 2
117 127 11
37 43 44
24 32 25
99 103 44
13 58 35
83 115 20
9 39 5
66 107 18
59 120 60
89 116 26
121 137 20
64 121 54
71 137 20
60 75 35
83 106 51
106 118 11
17 126 58
36 86 51
37 52 50
41 46 34
80 106 46
8 47 60
73 77 0
103 103 53
53 105 11
69 120 48
12 69 32
100 122 37
43 49 2
39 47 5
107 116 59
100 106 46
88 95 59
54 134 51
100 101 17
15 127 49
11 34 1
35 101 33
81 88 40
57 79 59
7 70 21
20 119 55
52 94 5
129 131 44
38 118 1
13 38 10
50 76 47
85 137 35
61 69 34
85 95 31
118 129 14
100 117 6
57 89 45
114 120 46
76 119 37
63 100 59
120 127 4
39 112 33
122 131 42
57 139 42
67 102 20
4 8 2
3 86 44
59 103 53
31 49 25
34 108 34
48 62 6
19 100 17
23 131 21
124 136 53
93 138 36
59 59 33
64 85 32
109 125 58
45 95 41
9 34 59
47 57 51
100 126 39
117 130 17
85 91 33
44 78 19
12 83 13
37 132 40
5 73 17
116 139 39
68 112 30
25 117 13
50 56 39
46 134 34
93 133 25
10 75 34
71 114 51
92 117 31
60 73 50
101 109 54
11 86 60
71 117 55
103 105 47
16 100 18
46 121 5
4 69 11
118 127 8
2 69 10
31 50 14
63 80 21
60 81 53
13 50 1
34 111 2
26 75 13
97 130 23
75 90 16
0 40 56
43 54 5
104 127 6
37 95 33
8 132 7
48 116 39
83 132 13
66 128 5
106 125 35
64 117 55
101 131 48
23 98 8
12 116 57
5 79 40
23 115 37
91 124 24
113 127 17
129 129 29
89 131 60
25 81 40
52 92 13
103 130 17
66 112 23
45 47 34
43 113 18
47 127 3
70 109 0
93 124 48
53 87 23
54 119 42
90 107 22
82 127 46
109 110 8
22 127 38
34 73 43
2 106 3
13 56 57
65 116 16
28 139 42
20 26 59
45 62 0
90 128 15
84 128 38
17 100 18
60 130 9
126 126 39
88 115 42
35 51 6
12 24 8
110 137 1
15 38 10
18 42 26
3 41 51
111 130 29
85 139 8
53 58 0
27 109 16
124 139 37
5 90 40
32 37 30
124 125 53
70 95 45
28 107 46
110 128 7
90 93 33
31 53 8
30 119 45
3 117 49
35 95 26
26 27 5
46 104 42
104 118 8
97 109 26
6 77 49
19 98 14
35 70 41
101 106 49
44 106 26
74 93 45
98 119 5
92 96 35
53 134 11
30 106 0
64 89 7
72 93 15
77 85 2
31 113 13
8 35 39
17 118 19
58 115 40
4 130 50
135 135 18
99 119 50
17 69 6
67 108 30
28 77 14
66 102 17
10 135 54
8 116 39
64 112 16
32 110 59
39 76 34
9 78 0
48 123 52
77 135 54
100 107 27
5 42 41
64 134 37
92 129 11
113 129 43
35 109 33
2 115 10
55 125 29
53 76 0
113 130 44
31 122 10
44 49 54
52 70 39
10 133 21
89 90 8
78 130 12
4 94 2
13 45 15
46 63 15
6 22 20
53 80 52
105 108 43
115 122 57
15 131 27
89 114 49
38 74 27
0 65 21
19 114 9
38 90 5
38 75 56
38 101 44
64 77 24
109 139 18
39 97 15
103 133 8
48 88 25
118 119 46
107 133 31
115 126 17
42 77 25
25 85 25
13 53 11
13 128 19
46 48 16
122 138 49
115 128 0
22 66 28
76 137 48
75 125 60
103 137 41
18 29 28
2 22 42
110 136 44
81 112 8
79 97 43
43 70 3
22 22 23
3 62 40
105 124 43
2 130 9
79 102 24
10 103 28
60 100 22
1 45 13
94 104 29
66 94 41
8 36 9
55 117 37
22 25 46
4 129 12
97 107 0
98 125 7
89 104 35
116 138 51
89 101 48
1 116 1
70 81 5
18 19 48
17 84 60
124 134 51
68 82 42
11 40 16
60 129 13
89 113 8
100 129 58
65 100 20
66 74 9
90 126 11
108 135 46
42 78 44
93 125 2
98 124 49
51 88 16
3 32 17
76 90 60
13 131 55
101 118 27
78 93 6
87 98 36
32 42 20
98 122 55
0 105 53
65 86 5
74 113 47
27 69 44
55 78 19
17 47 60
74 85 54
108 124 24
15 110 15
4 68 3
36 69 13
84 96 18
4 117 35
76 103 38
37 74 27
17 43 15
87 116 45
41 56 0
41 131 7
30 110 3
109 115 60
80 88 4
16 94 11
51 101 34
37 118 13
37 101 14
100 104 3
86 130 7
26 115 1
100 131 9
54 93 35
36 62 44
17 137 5
106 132 38
112 120 43
67 95 35
110 112 2
84 111 40
46 98 40
12 124 6
92 125 20
113 137 58
89 139 52
44 63 46
83 104 40
49 70 57
48 75 45
134 134 33
125 136 2
60 63 17
74 87 22
36 81 54
54 85 26
33 65 3
34 116 1
15 40 7
87 123 47
84 98 58
65 93 24
64 101 48
113 131 57
85 122 18
12 82 15
5 47 15
32 32 37
76 85 14
86 137 59
102 114 57
88 118 25
81 133 45
77 104 11
52 124 34
102 120 21
45 93 2
27 105 49
33 88 2
57 74 52
93 98 21
30 60 50
17 108 40
33 118 37
17 131 27
37 81 34
23 47 20
95 114 32
93 123 12
92 132 42
9 59 32
27 70 44
87 126 3
35 125 22
74 106 54
0 33 7
45 130 8
5 93 21
47 62 50
42 104 13
48 64 53
40 90 16
34 52 39
120 133 17
61 112 19
82 123 30
61 110 36
44 79 20
76 81 47
94 120 22
50 105 33
94 99 6
34 112 59
59 80 43
42 64 12
37 84 45
1 76 1
7 66 54
119 128 6
28 56 6
49 59 18
32 95 5
20 85 48
21 97 14
52 121 24
0 130 57
21 103 11
59 124 47
40 100 23
129 133 47
85 133 15
17 117 4
111 126 49
28 130 50
47 130 15
44 102 13
43 108 26
25 106 32
43 104 41
94 137 37
136 137 54
31 102 25
87 136 8
41 104 20
95 131 32
99 130 16
91 91 1
24 25 7
1 57 33
100 102 43
39 137 11
27 40 41
56 115 29
60 83 30
7 56 26
132 132 24
58 67 5
116 124 3
91 104 57
70 93 47
66 109 55
96 118 34
66 103 54
48 74 23
20 23 57
73 129 51
68 101 21
5 104 27
7 12 0
15 122 30
42 61 53
112 114 9
23 26 10
124 135 56
48 126 58
11 57 25
18 58 7
31 89 29
53 132 32
15 128 20
65 96 4
60 113 29
7 42 22
77 105 21
43 116 8
4 128 24
95 112 59
8 124 25
95 132 43
69 79 56
122 136 15
109 133 55
54 61 21
78 97 41
86 121 34
40 76 45
9 27 25
61 71 56
114 132 5
70 87 36
27 37 58
10 62 23
67 87 17
105 126 22
48 113 6
55 84 16
52 98 59
53 116 3
1 62 2
76 83 39
21 68 48
22 83 58
39 43 33
104 111 30
38 134 38
85 99 15
43 110 47
28 86 56
54 63 57
78 90 38
16 73 10
31 46 24
14 124 33
27 135 26
97 112 23
82 133 36
115 130 57
74 130 57
86 126 11
101 134 18
90 100 16
28 67 17
25 69 46
21 32 21
58 94 30
46 65 35
64 83 24
61 132 32
65 119 58
80 124 44
70 70 45
78 114 0
28 108 19
117 118 47
131 131 52
125 137 6
84 103 40
79 100 30
56 120 2
45 107 34
61 133 0
16 119 31
54 75 16
12 126 58
34 129 48
79 120 30
54 126 30
48 131 13
13 17 38
6 108 5
43 136 40
37 98 58
81 109 58
8 126 32
70 106 42
37 73 40
6 31 34
75 112 28
64 71 10
8 75 12
10 96 30
55 109 1
69 91 56
32 133 60
95 139 22
51 91 27
76 110 48
93 118 7
41 47 14
46 93 31
99 132 3
16 69 35
29 130 34
83 139 18
42 119 53
121 134 51
108 122 35
26 112 7
65 118 56
36 122 60
72 121 55
30 103 35
2 104 33
103 118 8
83 88 26
54 89 21
79 113 4
87 131 11
54 100 30
75 86 8
90 122 38
20 99 52
49 89 34
76 112 34
55 127 35
44 52 60
64 87 21
51 69 7
57 105 29
126 128 28
76 82 45
43 87 30
129 136 45
3 14 37
75 76 8
38 83 56
31 134 21
134 138 7
46 86 56
28 121 54
53 73 58
118 130 7
19 84 32
49 134 17
76 101 35
104 114 54
29 113 22
72 112 23
15 37 36
41 74 42
52 75 41
42 127 51
17 60 17
18 65 27
26 77 58
8 48 15
67 109 9
118 123 18
18 88 58
73 100 18
86 120 18
99 113 45
101 138 38
16 23 54
52 102 48
14 110 46
62 126 53
17 34 59
18 31 57
82 132 2
71 128 2
64 111 47
2 138 22
111 125 11
84 120 19
8 103 2
13 48 22
108 136 27
118 132 43
125 132 9
57 84 14
18 99 34
23 94 4
79 121 55
17 26 9
8 74 40
5 11 38
88 139 3
115 121 4
2 5 17
106 137 29
12 67 34
19 125 45
20 28 14
79 108 20
83 98 19
100 128 29
103 121 26
77 129 52
24 41 4
83 138 52
6 85 36
108 128 14
31 44 38
42 139 36
96 107 27
24 69 57
45 57 24
119 136 56
55 106 46
21 75 4
101 101 55
76 92 17
72 86 12
48 136 11
19 88 60
118 126 29
52 133 11
110 117 21
11 112 36
77 98 13
29 83 10
64 115 9
76 121 17
104 106 12
59 60 50
14 70 26
86 88 32
26 33 49
91 107 15
34 123 10
47 71 42
75 96 55
52 89 44
38 109 37
41 76 54
54 60 47
70 123 2
38 70 58
77 137 16
85 124 19
108 118 40
90 131 20
9 77 9
36 132 53
65 130 12
82 117 58
25 114 21
75 138 35
71 71 45
39 64 54
71 119 0
101 111 5
63 77 51
80 114 42
46 50 27
81 105 29
29 36 13
26 81 46
38 85 50
123 129 46
55 83 25
127 129 43
130 130 56
74 120 58
17 68 36
39 41 52
62 81 52
54 95 7
38 91 5
22 81 52
9 108 23
64 126 1
51 57 53
83 85 59
78 139 12
8 66 30
119 119 54
18 132 16
4 124 27
40 130 22
82 112 60
5 12 10
40 75 34
40 63 25
30 56 37
98 110 40
10 43 32
70 75 36
37 126 45
60 115 3
120 137 53
102 115 47
122 139 35
76 127 4
90 116 40
64 118 17
34 81 3
1 2 17
13 42 7
20 31 57
16 40 33
54 109 10
78 133 17
107 136 23
108 117 13
27 124 46
84 116 57
12 59 57
56 102 58
55 88 51
22 132 57
56 112 20
19 86 22
0 88 45
115 116 11
8 111 54
104 112 59
69 119 56
93 127 30
54 86 11
29 45 28
76 133 4
116 118 28
89 138 29
24 35 29
93 137 17
55 122 7
59 68 50
45 136 38
37 69 50
67 131 3
64 92 14
71 79 53
127 139 24
100 135 46
58 107 49
27 80 18
17 65 54
47 137 32
98 127 37
101 103 43
58 103 10
80 87 22
87 133 52
90 106 29
35 71 41
12 115 51
100 136 42
123 131 2
78 104 38
113 121 39
30 79 19
14 90 10
123 124 57
104 107 6
100 113 31
35 77 15
12 133 47
111 112 23
23 86 3
46 123 34
24 78 23
9 71 56
66 66 57
7 130 4
64 95 19
57 64 24
112 118 17
28 99 38
41 53 35
3 18 48
58 93 27
73 113 60
101 124 60
35 62 33
47 118 42
42 58 6
81 81 12
41 138 4
111 134 34
21 33 34
4 77 54
41 85 58
102 106 16
2 46 35
44 101 57
7 45 24
61 128 54
81 136 39
8 31 31
118 138 46
122 134 36
110 121 20
31 57 33
12 51 1
53 67 20
53 88 7
70 116 10
66 89 30
67 94 16
68 92 6
5 85 21
115 134 14
93 110 32
33 49 51
87 106 31
23 36 53
42 62 51
40 60 48
12 131 29
106 119 43
28 102 17
13 90 59
94 127 7
3 38 17
99 115 23
26 85 12
3 92 14
85 138 56
9 111 6
72 135 12
17 35 4
5 8 11
19 39 50
10 85 19
90 129 12
82 135 26
43 99 18
29 91 43
42 112 26
84 127 50
55 77 22
68 72 26
31 47 16
63 106 46
113 116 14
29 118 11
80 92 59
99 105 26
42 80 1
5 23 29
53 117 55
105 109 34
24 44 16
0 31 39
68 84 2
98 115 37
77 125 44
10 101 2
31 75 9
38 40 33
28 45 44
63 91 6
83 101 10
68 86 53
11 99 14
38 133 27
47 120 42
16 33 5
57 60 25
76 109 35
35 59 40
67 98 59
20 115 55
46 135 21
27 74 8
45 138 23
75 115 15
89 110 33
9 128 52
24 79 23
30 107 51
21 65 56
49 74 40
66 105 7
105 136 56
19 97 44
82 121 59
34 135 24
90 104 42
11 92 13
30 126 4
36 70 44
87 93 59
46 97 26
23 68 6
92 114 50
118 134 42
28 74 59
61 123 30
65 124 40
12 57 16
102 135 24
11 46 59
91 106 35
51 62 34
120 126 3
23 73 25
94 125 5
81 124 44
96 101 3
40 50 31
78 106 20
87 127 34
26 37 16
39 93 34
73 76 40
91 112 50
31 59 46
20 127 59
49 53 35
19 55 13
89 96 12
92 130 5
21 77 15
107 134 30
68 117 13
75 113 49
60 87 51
7 101 40
37 128 4
69 131 55
53 89 23
12 138 12
95 136 13
78 122 6
83 123 58
79 116 16
87 135 45
58 81 56
19 48 30
113 128 49
110 133 44
58 106 38
107 131 26
15 82 1
110 115 33
46 107 5
74 97 22
18 60 18
37 46 5
21 120 44
39 120 0
20 71 36
127 128 6
95 123 52
40 87 16
38 92 28
46 81 59
34 90 54
31 131 46
118 124 23
84 87 48
29 56 60
97 139 44
79 89 24
85 113 50
5 64 32
91 117 11
1 71 19
48 53 34
22 139 2
103 132 48
102 107 33
103 126 57
36 79 37
20 101 29
72 102 26
121 124 38
56 111 19
111 113 59
127 131 46
13 16 16
78 137 55
46 102 0
23 122 43
84 89 2
102 122 60
24 63 59
5 30 30
95 120 35
102 105 32
36 59 18
37 72 36
131 136 22
38 56 44
7 11 26
48 92 8
57 111 31
95 122 9
27 104 1
14 54 58
25 139 46
11 120 31
10 31 36
99 116 45
42 115 24
83 84 12
65 131 47
12 103 10
18 18 15
30 41 47
2 18 28
42 85 28
30 68 54
28 49 17
93 109 4
105 105 48
106 124 3
79 117 44
67 105 25
6 69 6
86 115 40
17 48 32
72 132 14
68 135 36
21 132 38
27 102 58
23 92 36
112 135 19
84 84 18
4 65 46
28 64 8
96 131 33
52 84 36
5 6 60
124 124 29
79 125 42
31 129 58
21 62 52
69 73 46
15 63 39
5 123 56
9 58 50
9 83 42
11 81 40
51 115 42
115 139 55
43 83 15
1 54 9
1 135 59
124 129 48
95 125 32
21 122 0
101 117 16
20 130 25
95 97 53
92 136 54
125 134 24
90 92 14
53 99 15
1 106 36
1 82 0
26 54 2
67 121 8
0 26 58
14 52 37
18 35 24
122 135 34
33 48 11
42 86 18
15 15 45
56 109 51
54 130 49
45 83 24
60 124 20
81 102 59
67 117 41
40 85 0
32 91 15
18 25 17
71 87 49
79 92 21
104 120 16
79 136 44
89 109 35
1 111 42
11 66 24
67 122 13
18 92 41
47 131 55
5 122 17
34 36 51
47 119 51
56 107 2
49 60 46
52 61 58
66 129 42
63 103 44
100 124 33
35 60 7
113 125 13
76 108 0
47 70 60
83 93 32
70 89 47
35 82 11
13 39 25
96 134 45
37 94 59
20 134 52
88 136 0
63 86 16
67 90 28
115 125 33
72 109 27
94 97 9
7 110 6
95 109 14
106 128 29
53 122 38
71 105 6
116 126 58
63 73 19
124 133 56
36 74 4
68 120 1
37 125 26
20 135 58
59 73 7
102 133 51
72 129 46
39 53 31
42 44 25
41 103 0
97 117 5
45 53 32
23 46 56
37 100 0
123 137 11
93 105 45
133 137 55
26 45 8
18 118 14
42 52 53
10 66 38
100 103 60
59 139 22
16 129 20
36 39 19
37 114 46
90 117 15
88 96 58
93 93 49
102 121 25
41 77 22
10 114 49
12 52 33
44 105 9
63 127 19
124 128 34
77 106 56
100 115 27
61 85 38
6 117 51
58 73 50
98 117 7
41 122 33
26 35 42
27 103 53
63 94 46
24 115 15
107 123 3
6 79 31
19 89 22
114 116 23
48 81 26
23 113 28
29 51 25
14 111 5
24 38 56
32 106 4
10 33 14
48 130 12
54 57 38
47 101 43
45 63 15
110 130 38
29 139 33
119 126 24
15 120 49
55 99 12
18 114 60
27 71 26
12 107 42
47 56 35
103 128 36
90 120 10
120 134 2
88 116 38
25 66 20
74 111 31
70 92 40
8 91 1
29 116 8
21 63 51
2 41 35
73 106 56
3 50 25
22 113 12
0 121 4
81 108 8
48 129 57
19 130 43
70 88 5
1 16 38
86 113 6
108 120 21
108 126 23
13 125 6
93 101 53
43 135 8
93 104 45
32 126 0
25 91 3
89 118 54
48 60 47
0 37 18
14 20 41
48 56 15
6 109 16
50 106 2
44 137 16
10 123 35
75 110 37
20 87 8
63 82 33
82 97 39
113 118 29
78 79 10
17 112 44
19 50 59
113 117 41
40 74 12
15 54 10
63 119 52
93 136 19
112 128 43
102 104 12
48 95 23
65 129 53
46 139 51
117 136 4
102 119 50
33 50 53
18 52 55
82 88 3
69 137 13
89 136 50
11 51 26
33 73 19
18 22 47
59 89 33
5 40 39
4 70 19
68 124 42
32 87 18
62 117 57
77 82 9
17 57 0
22 77 42
114 138 14
7 92 19
83 130 3
56 62 38
106 126 42
39 107 53
9 13 13
60 88 47
61 81 33
68 96 57
81 134 14
7 46 42
62 119 60
11 129 52
67 137 57
28 97 22
102 127 32
9 72 55
11 122 1
99 122 39
23 101 58
0 99 45
85 112 58
70 121 27
10 129 27
80 139 29
0 136 8
35 97 5
32 77 19
57 88 15
44 131 16
72 74 50
71 91 33
4 80 17
44 107 30
33 81 50
3 63 42
102 136 9
36 128 55
12 28 29
90 124 23
66 127 39
6 24 0
100 105 3
39 71 0
21 48 40
54 96 7
88 112 17
84 107 56
47 86 32
113 136 42
92 103 55
73 85 56
38 65 28
76 135 16
54 70 1
32 101 23
53 69 60
65 78 18
67 138 23
88 103 42
98 114 32
33 95 33
54 120 29
10 60 30
30 117 9
105 113 32
59 63 52
50 123 30
3 37 8
47 58 37
48 67 27
117 128 9
70 76 49
84 136 1
88 138 24
57 99 17
68 102 3
126 137 21
105 111 29
10 51 0
100 119 33
70 108 60
25 96 37
103 124 32
102 132 14
26 138 41
19 105 36
115 131 51
34 85 18
68 94 47
91 108 32
97 135 41
105 123 30
41 127 21
43 98 34
14 129 34
52 52 53
77 83 35
14 24 4
23 87 56
77 92 39
71 78 43
6 136 22
77 91 18
70 97 49
33 78 43
18 107 60
53 55 34
9 66 0
98 116 11
24 45 58
68 78 32
48 109 1
71 126 18
20 131 35
108 109 25
73 138 42
69 106 20
57 81 53
29 41 3
40 58 41
120 130 46
71 80 35
103 110 41
21 24 17
118 135 35
65 122 23
4 23 12
22 115 45
20 118 41
91 125 9
27 117 26
21 115 2
53 60 26
30 34 21
32 76 54
22 131 1
16 16 49
79 110 24
91 134 25
55 110 29
46 126 53
62 85 1
24 68 17
108 119 52
43 44 38
68 130 32
5 101 6
23 74 50
9 53 57
29 138 49
26 29 31
22 137 11
15 117 24
120 120 53
88 122 8
110 116 0
48 86 46
114 118 6
71 77 16
36 49 7
51 112 48
36 53 50
77 94 32
39 127 4
2 127 31
101 135 55
97 124 53
27 35 30
8 34 56
56 138 8
35 63 29
95 104 30
17 122 18
30 52 6
58 131 10
2 121 27
75 85 28
61 98 39
46 59 2
46 128 54
15 31 29
60 123 7
79 139 14
2 53 52
89 94 33
1 85 18
20 93 3
87 90 32
103 123 2
104 131 11
19 21 21
22 78 38
83 90 42
8 11 39
93 95 9
4 87 23
7 54 10
34 69 35
69 93 43
91 136 4
119 122 51
24 108 51
30 67 9
50 58 51
64 119 3
46 64 58
87 102 54
50 79 26
80 91 53
28 79 5
86 116 48
73 82 58
8 102 42
3 93 59
22 93 21
1 95 4
25 52 50
91 133 11
61 114 7
0 98 36
78 91 4
102 126 45
44 67 49
72 104 19
12 64 38
39 87 25
50 83 57
91 116 3
15 57 10
19 85 3
20 67 40
53 62 58
91 100 6
106 129 57
32 65 13
23 81 51
74 107 46
127 134 33
31 120 41
42 133 48
15 139 53
15 115 32
28 52 9
29 97 6
66 135 20
59 64 8
31 60 24
97 116 11
29 136 54
66 114 43
62 73 60
55 111 1
74 91 20
71 81 30
51 64 30
19 47 26
10 89 33
29 49 7
4 137 30
47 88 34
35 58 57
66 83 59
0 109 52
72 136 58
60 64 5
44 112 31
52 131 5
22 46 30
83 100 57
91 121 17
30 92 36
52 65 60
59 130 18
94 103 53
87 139 45
106 123 48
61 76 2
5 43 9
9 33 42
80 107 36
29 35 58
74 121 13
40 132 54
51 132 37
69 87 60
112 126 40
34 134 38
64 81 12
85 110 39
83 131 25
58 77 24
35 57 32
55 90 30
39 51 52
6 133 46
78 108 45
62 66 6
3 127 56
50 78 19
25 125 37
94 116 54
44 124 15
107 128 39
59 77 26
13 46 52
11 25 3
89 120 4
88 121 35
87 128 34
115 123 59
4 116 49
121 136 45
76 118 22
120 136 45
87 120 10
24 87 5
85 94 29
16 98 22
64 120 57
102 113 27
31 101 11
21 70 0
11 104 23
81 126 51
50 93 28
50 131 15
70 103 40
2 30 29
88 123 4
22 71 57
6 67 51
13 96 27
68 128 34
103 111 38
2 129 46
1 134 40
58 120 57
53 95 19
37 51 44
23 120 16
62 128 15
89 124 34
23 85 9
71 112 49
112 132 58
0 16 31
43 134 8
75 139 2
71 88 3
29 122 53
22 106 39
8 39 60
10 139 29
72 105 29
54 112 46
54 72 55
8 51 21
44 85 33
26 86 14
67 84 40
11 125 18
80 81 18
56 82 46
33 46 37
37 58 4
58 119 56
65 136 6
70 77 59
49 80 47
4 7 4
79 111 13
9 92 39
49 126 21
22 119 55
5 129 12
34 53 52
13 20 20
59 137 5
58 121 57
59 86 17
113 114 46
9 75 25
6 19 1
69 114 12
39 100 34
90 114 33
76 114 59
92 115 32
46 54 21
11 136 52
8 79 9
17 116 36
12 79 1
73 136 52
60 114 56
54 118 26
85 111 52
100 133 46
97 128 57
46 60 33
13 65 41
72 91 14
2 120 13
53 101 20
56 89 49
90 110 1
2 89 57
17 79 9
32 96 57
83 94 48
38 77 57
23 132 13
12 62 50
56 81 59
40 72 55
17 25 30
45 69 57
119 120 17
44 62 15
59 126 60
56 84 37
2 95 56
25 43 56
50 97 41
42 124 35
12 122 31
74 76 29
20 83 47
60 138 45
62 68 37
112 115 34
54 78 7
57 67 40
9 10 16
69 98 43
110 125 37
72 113 22
31 91 59
48 134 48
56 105 39
74 127 41
65 123 31
64 90 41
14 135 25
82 82 5
46 115 4
2 34 58
35 49 26
98 98 57
33 94 23
3 43 9
77 139 30
84 113 3
66 106 7
11 119 10
6 46 18
101 139 1
80 135 44
57 103 41
77 107 24
1 14 27
41 113 46
123 139 3
114 125 23
117 126 10
111 123 0
16 90 30
67 130 0
115 132 12
39 63 50
32 46 27
0 59 28
4 32 22
67 97 17
38 115 52
94 96 55
33 51 48
67 74 54
116 136 58
14 18 21
42 137 27
80 101 22
10 104 32
86 97 48
69 109 59
39 57 47
94 105 51
79 134 41
78 83 21
86 107 54
21 90 56
92 139 56
50 59 38
93 113 51
1 11 8
35 105 27
52 59 39
61 121 24
18 131 53
0 80 51
27 127 26
39 113 0
39 66 53
9 20 37
43 125 57
35 118 20
100 118 26
6 89 34
26 118 8
14 89 12
126 134 56
40 77 27
86 109 0
22 45 6
36 36 25
115 120 30
71 99 39
48 51 5
97 123 56
72 124 51
105 114 33
72 137 29
34 76 20
7 19 31
15 104 26
4 45 7
29 64 48
54 99 3
19 119 0
8 73 10
4 123 37
6 139 43
42 67 39
14 35 39
20 42 6
38 66 16
17 109 17
27 108 42
3 132 33
46 74 15
83 105 22
58 118 21
34 88 16
29 93 45
55 102 2
108 138 42
37 65 47
27 136 32
4 16 52
78 120 43
11 56 15
53 82 14
99 138 55
69 122 44
18 84 18
59 127 36
110 111 30
1 59 49
102 138 3
77 128 12
6 86 12
14 38 30
58 74 21
18 69 16
33 40 14
62 134 56
0 44 17
46 78 30
40 46 34
30 112 21
9 136 29
13 135 19
77 97 9
70 119 50
20 128 28
29 46 8
11 85 16
81 90 8
68 107 50
21 126 28
121 122 52
99 109 5
47 133 31
27 45 3
19 34 38
14 106 14
107 120 8
47 94 6
73 121 28
70 120 39
3 33 24
62 137 22
74 119 11
13 35 52
59 71 26
3 96 9
114 121 45
95 95 14
15 45 16
81 131 0
53 83 51
70 135 32
86 135 13
8 129 3
52 91 11
23 125 14
31 98 15
80 105 4
49 66 28
107 107 49
48 137 28
31 123 23
50 107 44
33 70 25
0 82 42
25 45 32
1 83 9
14 49 16
61 77 29
22 82 45
63 114 2
13 98 18
34 34 54
86 128 10
51 70 59
20 62 38
69 126 30
3 7 29
38 125 60
89 117 2
21 43 46
54 97 45
16 58 49
68 133 60
5 58 44
33 58 14
13 69 23
58 129 21
55 118 30
125 126 46
67 136 59
29 90 40
0 120 35
10 94 21
77 116 1
117 132 54
91 96 53
61 68 57
67 93 34
25 102 9
39 95 4
14 58 23
18 68 36
82 130 21
46 119 47
54 82 40
33 38 46
88 124 52
114 139 21
116 135 46
100 139 45
57 136 4
40 43 43
31 104 47
97 110 2
30 53 58
88 134 58
50 136 33
8 61 31
14 112 11
34 47 1
81 129 1
25 54 42
73 130 22
45 79 7
54 88 20
41 51 14
22 57 37
1 17 36
66 130 12
8 44 0
33 47 14
29 54 46
16 99 54
61 107 28
30 58 23
67 75 19
30 72 14
33 59 13
89 102 23
102 103 5
49 135 38
19 75 59
86 118 35
59 117 49
115 115 52
75 88 17
94 121 34
20 34 41
32 102 0
84 100 49
60 106 4
49 85 23
42 108 37
29 105 19
0 57 24
10 86 9
61 111 36
124 138 14
90 138 26
32 60 55
54 68 42
29 98 48
67 69 18
70 86 21
46 70 29
70 99 35
28 80 36
39 114 36
39 128 8
29 86 39
107 108 37
28 112 29
60 85 13
22 28 8
30 96 39
72 79 14
0 134 41
69 110 4
80 138 10
33 96 53
62 80 8
0 128 22
10 88 26
33 93 34
2 14 14
64 135 22
100 112 34
51 96 39
49 139 41
84 97 0
15 112 9
31 40 49
2 99 7
96 100 8
49 136 56
70 124 51
50 69 9
109 123 0
82 116 7
18 67 56
86 114 53
41 59 25
74 134 5
25 100 27
112 113 37
35 112 53
56 132 23
68 97 53
23 48 25
48 49 58
74 137 58
104 129 10
18 40 21
13 81 40
41 119 18
75 132 60
27 56 5
35 138 0
46 89 48
35 127 1
15 100 55
85 100 51
91 103 21
34 105 56
101 122 1
7 57 20
74 123 47
2 12 14
48 77 57
17 61 36
48 112 30
18 93 15
0 43 43
90 102 41
79 122 26
8 68 37
63 84 1
82 83 38
33 57 24
42 122 19
85 103 50
18 134 1
63 108 4
78 78 33
16 80 27
28 125 53
99 124 25
7 49 6
109 109 17
57 80 5
42 98 12
28 51 28
0 108 30
107 132 41
35 65 55
56 118 51
86 105 48
54 94 34
109 118 21
107 129 31
102 117 60
105 119 13
44 96 48
1 84 46
45 125 7
54 77 50
73 90 32
72 120 23
19 101 35
8 62 56
3 88 38
85 136 7
10 24 58
92 124 15
116 131 27
1 65 6
105 133 7
28 134 33
98 99 8
80 89 35
128 128 32
98 131 4
35 91 35
75 100 32
38 50 21
7 43 37
66 110 10
17 33 45
40 111 60
109 138 12
8 106 1
25 34 26
102 116 41
67 114 34
83 135 46
100 108 18
36 77 59
11 93 7
77 133 35
55 114 47
53 114 42
67 120 0
21 137 8
24 29 7
82 101 53
21 131 6
61 102 35
53 91 23
128 135 34
75 102 34
69 111 54
46 103 19
97 129 38
32 68 29
31 94 55
44 119 23
39 56 50
62 107 24
73 87 19
16 57 14
26 82 53
91 130 41
41 82 26
80 133 20
48 65 11
13 25 2
74 88 56
94 119 53
48 133 39
14 17 45
37 97 55
106 120 11
40 127 26
14 78 40
14 116 59
46 66 28
12 84 40
98 139 22
66 75 7
3 31 34
28 138 38
13 66 27
70 73 25
22 128 21
50 64 22
30 122 13
4 40 27
92 97 40
90 136 15
3 95 9
44 65 21
61 137 40
114 134 25
87 92 57
10 97 15
84 104 44
15 126 37
34 37 39
65 95 30
62 67 51
89 100 60
122 127 18
84 90 39
55 108 31
76 94 32
31 62 46
3 61 22
43 72 14
15 22 46
100 121 31
73 128 35
18 28 4
26 117 10
15 97 31
7 104 22
14 37 23
76 104 51
19 136 42
48 98 9
2 55 36
30 125 14
76 87 31
60 119 8
44 54 52
100 110 12
29 109 29
55 112 29
26 87 20
78 100 16
50 65 47
43 103 12
94 128 39
42 72 0
32 86 56
5 38 2
101 130 36
27 36 15
110 118 33
66 116 4
9 138 30
72 119 22
46 77 39
94 112 22
7 114 49
63 111 53
40 94 33
66 137 14
30 45 58
31 106 29
37 92 8
68 136 48
20 132 20
97 133 43
31 97 1
61 117 47
44 93 6
43 92 59
123 130 56
17 51 43
24 99 38
62 135 24
59 66 13
79 126 23
30 59 44
0 7 0
87 124 30
78 121 45
69 123 22
49 82 37
2 118 60
64 103 58
39 61 14
11 82 4
39 91 21
71 124 34
20 123 22
88 126 42
62 103 45
58 65 52
35 89 9
38 63 28
75 107 8
67 107 25
73 120 60
33 75 34
52 77 36
107 127 10
21 51 44
3 72 33
17 32 23
80 113 41
109 134 57
85 108 11
35 54 6
48 132 17
60 89 31
87 96 38
82 108 12
52 73 11
117 122 12
73 114 48
26 102 15
112 125 23
45 59 18
44 125 50
51 116 6
123 123 23
26 113 49
96 96 31
28 57 54
72 88 47
27 41 46
34 75 23
17 56 9
35 122 10
38 58 32
38 84 41
92 111 39
86 89 48
47 79 53
47 117 31
22 40 16
0 93 56
73 88 0
100 100 33
0 77 49
52 56 10
111 138 48
75 131 19
1 5 35
13 72 56
29 110 25
47 87 25
24 107 57
65 115 48
112 137 12
83 99 11
71 125 13
27 106 53
13 80 17
19 96 23
37 109 35
88 137 6
81 85 6
89 103 31
1 139 14
74 101 24
61 126 6
68 95 25
78 107 19
54 74 28
75 106 29
56 135 25
45 75 43
15 107 20
59 82 29
44 113 36
90 139 39
3 21 21
62 102 29
27 61 4
43 56 6
32 35 59
34 51 60
101 115 3
43 81 32
36 107 40
24 112 55
102 129 44
69 69 47
118 136 33
39 130 10
98 132 57
36 118 19
22 52 1
7 103 52
62 77 25
80 80 21
35 126 56
7 95 46
91 139 54
62 127 22
5 106 30
1 6 33
17 104 24
13 84 22
111 117 31
92 120 29
18 37 13
37 99 43
24 130 44
65 126 45
130 131 48
5 95 16
126 132 10
31 115 29
85 88 39
65 120 4
25 134 14
8 112 1
27 54 37
9 104 4
32 137 48
49 101 47
61 88 21
47 109 34
24 65 50
25 73 35
51 139 22
79 129 3
43 78 17
18 87 13
57 114 33
22 87 34
72 117 31
70 85 11
42 88 4
61 62 24
8 101 37
85 119 39
93 135 37
1 113 58
32 125 28
5 132 31
21 106 18
71 122 26
85 102 19
13 78 26
32 88 17
63 132 0
63 63 41
5 68 45
21 111 22
62 120 38
26 88 38
51 138 42
41 44 3
81 103 30
20 102 39
14 98 49
77 126 37
41 116 41
51 125 39
2 124 30
42 57 53
64 72 6
57 109 48
108 127 22
123 127 38
40 82 12
33 109 32
12 39 19
72 123 49
79 132 25
12 73 8
44 64 44
56 95 35
85 87 46
33 102 54
1 133 0
60 101 6
43 126 58
4 63 41
42 43 12
88 102 20
19 131 37
82 136 2
25 42 8
85 106 57
84 130 5
98 133 54
103 106 5
43 129 54
17 28 50
69 133 16
24 58 42
75 87 10
78 94 31
67 72 57
34 67 17
49 93 40
47 74 45
41 109 16
88 117 45
25 84 42
18 24 57
36 50 21
13 86 29
54 121 50
15 125 6
30 62 53
16 106 15
87 113 52
60 127 31
55 64 6
56 127 29
43 95 23
80 86 22
2 94 47
8 32 19
47 134 45
78 129 29
6 103 39
55 55 30
34 58 38
114 122 21
49 118 45
79 119 60
40 129 16
17 88 25
120 121 52
8 119 38
10 81 40
48 128 33
84 86 35
21 31 24
72 96 13
3 97 12
48 108 42
101 105 49
74 108 7
113 134 12
106 107 27
61 66 57
56 136 9
65 92 3
16 63 5
64 107 13
7 133 53
47 48 26
37 55 25
81 120 40
18 26 50
4 33 34
36 131 12
103 136 40
7 121 36
73 96 7
19 36 38
28 88 55
26 89 11
8 56 28
12 27 36
84 114 44
110 114 53
72 108 11
32 52 11
84 125 60
85 128 20
90 97 41
72 138 13
47 115 53
38 114 46
75 126 58
35 73 18
3 107 56
111 135 4
18 106 51
8 86 0
69 96 5
93 130 40
96 105 21
27 51 33
57 115 37
39 134 58
13 104 53
32 53 30
12 22 34
113 126 57
80 115 34
28 116 27
84 119 11
40 138 4
75 124 37
39 126 41
110 124 33
34 41 17
23 69 41
92 108 57
92 137 30
35 119 24
36 84 56
28 48 53
23 40 18
64 123 14
98 106 16
31 118 46
15 85 10
60 78 18
15 33 24
26 34 4
69 86 60
92 118 24
76 77 2
61 127 18
59 99 34
65 105 51
91 132 51
96 109 58
65 91 60
14 125 26
18 39 41
56 56 52
48 89 7
59 78 28
85 105 44
24 95 2
56 86 35
51 126 21
35 108 5
2 13 10
73 109 43
100 114 38
57 118 47
92 99 6
93 114 20
35 132 28
77 90 45
55 134 6
6 62 16
11 50 1
72 125 16
110 135 0
61 125 11
89 121 50
37 61 46
46 131 12
18 62 9
34 104 25
15 36 12
29 101 29
6 30 20
16 36 23
7 35 18
74 94 44
61 90 12
7 128 51
62 64 18
74 131 56
49 79 24
59 83 19
15 137 17
7 51 19
29 119 6
28 106 10
11 69 36
12 130 57
57 77 49
29 74 31
48 139 15
19 59 12
96 115 8
72 72 37
92 123 37
83 127 54
91 131 20
16 19 3
51 131 21
98 103 7
77 88 42
55 95 31
21 128 40
2 77 40
10 82 35
64 93 46
60 109 26
42 125 26
38 93 39
106 121 53
40 54 58
29 78 45
52 111 8
83 91 24
17 45 29
14 102 1
32 107 4
14 104 33
26 116 53
86 98 0
57 93 2
43 47 50
28 117 55
95 126 51
44 110 31
69 97 29
21 112 29
86 133 60
73 74 35
38 98 18
51 117 55
92 105 36
63 105 45
30 128 51
54 76 17
98 108 19
103 129 0
50 108 36
46 76 57
91 99 6
59 98 32
79 86 52
94 95 14
70 72 19
76 126 16
3 81 48
51 65 11
26 58 58
71 113 49
69 99 19
65 108 58
15 64 35
13 91 34
110 127 57
32 105 53
13 103 2
28 46 42
74 84 3
19 57 36
44 133 60
54 132 48
64 98 30
27 107 8
70 78 15
4 105 59
36 112 46
6 25 23
42 45 15
41 72 11
4 76 0
31 56 54
26 98 14
19 72 21
26 71 53
11 79 57
25 63 52
22 90 19
77 87 17
59 69 39
113 123 54
74 135 0
58 63 37
30 46 12
97 127 11
71 132 7
17 78 44
64 104 20
29 84 59
4 13 3
4 93 4
29 111 60
14 53 49
3 121 0
1 92 25
43 62 12
61 136 8
38 46 24
37 96 32
47 52 21
104 137 27
108 108 42
29 124 5
60 121 49
29 47 50
25 88 41
25 64 9
108 137 20
96 113 3
18 47 10
42 131 7
67 86 33
96 129 30
4 134 34
53 66 56
32 72 47
34 71 37
45 81 15
47 125 33
50 121 3
95 124 26
91 114 15
15 124 46
30 94 42
8 108 46
55 135 17
2 11 29
104 104 15
92 95 36
83 136 22
34 100 9
13 100 3
50 73 46
53 70 47
92 98 9
90 99 4
8 64 37
52 115 49
48 79 46
80 126 32
58 97 18
114 124 13
38 104 41
42 130 35
75 91 54
46 106 32
6 129 13
68 116 36
58 85 50
64 78 49
72 116 6
38 121 22
12 42 12
4 35 19
115 117 24
60 67 29
4 48 28
6 119 7
22 42 3
74 126 17
47 96 14
78 112 51
14 15 56
77 131 53
83 129 3
31 54 38
33 79 53
50 122 10
75 80 48
49 119 34
111 118 54
65 99 35
30 90 9
30 32 23
78 117 43
33 80 21
93 126 39
50 50 51
70 117 3
80 117 43
118 122 14
50 67 38
28 84 11
76 116 3
4 21 51
80 134 6
11 96 46
26 124 21
60 112 58
9 25 29
16 89 30
57 92 44
4 57 33
99 127 25
90 130 53
69 85 57
58 76 28
65 80 2
62 104 37
41 52 29
17 49 20
48 87 43
9 127 37
14 137 3
3 105 4
79 91 1
42 118 36
65 109 27
36 57 30
52 72 40
85 126 3
36 100 29
41 105 17
80 118 27
87 138 49
22 70 25
47 49 31
38 95 24
54 55 31
23 136 45
4 113 31
106 131 13
25 27 59
83 92 39
56 133 42
25 67 2
65 97 4
36 45 53
64 82 36
20 120 58
13 60 9
41 93 39
46 91 1
86 91 55
98 136 28
12 108 35
2 28 33
82 94 45
80 112 42
79 123 59
55 75 45
31 100 14
36 125 17
2 58 38
19 62 26
63 81 11
32 85 26
117 133 43
55 120 59
90 94 37
77 81 48
19 104 54
91 135 22
35 124 32
13 76 58
75 111 51
55 63 53
52 80 13
73 124 47
90 135 32
77 114 5
95 105 40
26 72 11
89 126 0
24 98 32
9 42 28
81 113 46
81 84 52
40 113 0
66 123 23
94 110 38
12 58 17
3 45 21
86 139 59
79 130 27
18 105 58
11 22 35
14 119 34
5 53 23
18 59 38
53 81 53
34 115 6
97 111 23
5 51 59
5 126 5
23 105 49
20 36 7
41 88 26
65 76 12
7 120 58
101 137 1
10 23 42
33 34 58
2 122 33
11 84 31
96 114 53
35 131 4
32 89 19
62 79 45
3 39 24
62 105 32
92 134 15
60 125 33
13 40 31
47 123 27
66 86 53
19 117 26
17 73 40
42 113 52
36 116 23
11 53 26
53 133 47
30 78 60
33 121 3
117 120 54
10 72 8
113 138 43
20 139 5
35 52 40
57 135 20
22 126 29
66 138 42
50 82 8
52 116 43
82 137 10
42 134 18
93 120 11
88 97 27
44 135 42
47 63 56
59 75 38
43 137 30
82 100 7
70 113 57
11 39 35
27 48 38
46 120 28
18 51 2
7 84 48
55 98 18
51 121 57
51 137 34
12 26 23
101 116 50
21 49 16
90 91 25
52 78 57
17 92 21
21 113 17
67 116 47
1 127 47
52 113 18
61 101 58
46 138 3
61 139 10
93 94 35
50 128 5
63 88 7
114 114 60
50 99 33
36 58 48
57 72 54
125 135 2
23 93 0
23 66 24
77 100 36
70 98 38
66 121 25
6 93 21
46 117 27
23 65 23
75 136 22
33 60 34
27 82 33
83 95 13
18 89 14
18 79 46
17 36 53
2 85 25
25 50 10
47 81 55
2 29 0
6 130 59
4 82 11
18 119 24
11 94 13
25 71 0
9 23 32
22 62 4
9 123 16
39 96 21
17 123 0
28 41 10
21 27 16
48 91 55
23 82 3
10 10 28
7 98 15
101 128 57
83 120 36
9 14 37
44 66 33
43 96 26
39 85 49
102 118 59
5 91 16
88 88 25
66 92 21
40 70 23
103 104 49
89 115 58
9 69 24
31 103 54
27 34 47
5 5 59
81 95 24
96 126 24
3 34 45
43 122 44
6 42 11
129 132 7
24 48 50
6 36 15
67 96 35
52 114 11
17 127 4
1 125 17
70 115 41
64 130 12
49 56 4
55 133 40
116 129 37
97 101 49
45 65 5
33 37 37
56 59 31
31 108 37
15 114 34
20 51 6
38 60 9
64 116 31
62 124 7
30 38 13
12 21 5
87 130 33
37 76 48
63 128 56
94 135 23
5 24 19
67 126 44
45 70 11
102 139 27
81 96 53
7 125 17
8 15 54
33 104 23
21 98 59
55 67 0
44 121 0
18 45 37
41 128 19
35 69 53
41 75 40
63 124 13
67 128 9
29 106 54
60 110 16
49 109 18
90 109 57
68 79 45
61 94 51
7 90 10
53 107 11
80 100 12
79 99 4
20 88 7
34 137 26
42 53 54
51 106 28
37 77 28
32 73 43
31 116 49
81 82 3
106 108 28
92 109 19
90 118 53
13 92 16
48 71 26
0 34 26
16 137 18
69 103 44
88 120 11
41 97 16
19 38 1
36 104 8
51 75 47
111 114 27
48 119 8
96 120 30
26 66 49
39 72 6
75 84 53
113 124 0
4 132 5
82 99 25
65 103 37
38 107 12
36 54 25
99 121 44
112 131 59
87 95 56
28 133 30
104 130 27
17 24 13
8 98 41
57 91 23
117 119 3
50 95 27
26 39 12
9 64 21
32 118 21
62 131 45
35 79 5
100 111 6
2 21 34
0 60 16
58 125 37
24 133 59
7 94 17
26 70 17
96 104 55
4 46 9
27 46 22
2 110 7
39 82 53
20 27 43
51 85 3
61 118 28
63 64 48
78 82 28
53 123 0
33 137 38
92 112 40
34 110 8
80 132 31
44 95 0
31 83 48
76 139 50
65 72 36
38 103 47
28 38 34
1 64 33
58 113 58
72 84 8
37 78 34
35 107 55
3 76 51
32 90 17
59 111 18
96 125 36
28 135 14
2 97 30
75 98 13
45 121 44
72 81 35
74 125 25
73 83 36
20 98 19
97 134 54
54 56 39
50 130 40
28 73 25
52 66 41
19 33 42
1 44 35
111 139 17
29 103 58
23 30 12
106 135 18
22 100 9
106 111 13
1 29 46
5 119 47
57 57 17
94 130 36
14 83 13
43 79 6
10 52 58
40 44 13
67 99 0
14 121 33
41 107 42
75 101 60
58 98 24
70 105 9
57 94 28
67 119 38
32 130 19
1 51 54
53 137 26
78 118 19
79 106 31
95 129 7
32 111 39
2 66 1
13 114 14
9 91 8
9 45 6
78 115 53
43 57 15
101 126 3
93 129 30
13 110 6
26 93 53
15 105 14
51 77 8
2 90 21
6 64 48
37 90 60
32 59 56
3 24 17
110 132 43
99 100 33
82 107 52
84 122 4
42 99 5
24 88 18
63 137 45
42 109 25
37 106 3
51 130 29
51 78 15
19 83 13
93 134 28
56 57 40
2 103 60
4 36 41
18 74 9
21 73 24
1 23 12
26 42 35
3 75 59
35 111 15
30 33 3
22 60 48
2 93 55
66 71 58
15 56 31
68 80 19
62 113 59
33 124 51
61 97 10
91 129 32
62 108 43
6 10 28
0 97 9
15 96 58
1 130 2
59 72 18
97 114 26
128 132 19
74 86 2
42 89 0
11 63 24
31 32 10
85 121 59
12 43 0
22 117 9
20 75 24
43 97 15
87 129 28
31 52 21
39 104 9
35 137 24
24 113 15
7 23 29
67 134 9
5 22 18
42 42 59
33 129 44
12 135 13
15 66 49
76 97 0
61 75 20
104 139 1
43 109 55
22 27 39
32 48 35
0 92 47
23 32 4
8 138 30
66 88 23
30 57 17
12 72 15
71 75 58
13 73 0
66 133 52
69 138 17
76 123 13
84 94 50
37 57 19
53 74 16
47 129 12
102 130 25
10 35 54
44 132 14
98 113 33
5 71 52
81 98 20
82 113 56
9 29 38
41 43 32
15 61 38
53 124 14
36 67 34
60 77 57
11 44 56
9 17 34
2 102 5
47 122 11
68 83 24
50 117 25
70 94 17
19 139 22
6 111 8
24 50 55
53 90 29
21 99 57
13 106 28
58 58 58
16 62 11
40 55 4
1 129 51
18 55 54
18 126 12
84 129 28
109 120 60
4 24 6
58 86 11
68 127 31
107 124 3
23 72 37
65 68 16
51 74 49
6 97 9
72 111 35
27 58 47
24 53 16
86 90 7
88 90 20
58 133 1
69 121 43
89 89 38
60 128 13
10 74 5
18 121 34
98 100 52
13 41 36
29 108 48
87 104 20
60 117 51
34 56 60
10 32 31
82 103 41
9 65 58
39 79 39
53 57 59
36 102 6
54 92 26
23 60 53
18 109 43
44 48 58
25 61 53
3 79 27
12 34 30
32 93 15
5 28 50
77 119 21
63 79 16
121 131 24
84 117 34
111 119 37
8 40 3
17 52 14
49 117 50
43 75 40
62 69 25
83 134 16
49 123 5
12 139 29
4 90 58
3 104 52
28 42 38
71 107 57
2 87 56
25 93 59
75 130 38
54 133 55
77 93 17
37 83 7
24 30 14
9 119 45
62 111 51
75 137 27
75 103 47
87 97 30
29 95 53
52 130 41
49 62 12
17 46 59
70 137 26
22 123 33
70 125 53
111 122 43
47 112 27
43 69 18
5 31 40
62 90 25
95 127 52
96 99 47
8 135 27
4 4 0
17 82 5
25 132 39
39 80 46
37 135 18
73 135 17
105 125 30
4 71 23
71 95 40
17 99 28
107 119 34
40 41 24
70 118 25
41 41 55
51 136 33
40 102 22
59 131 54
74 133 7
17 98 2
85 134 2
67 78 12
44 88 21
18 30 27
15 101 46
87 110 41
24 131 18
110 122 30
74 136 1
71 82 49
34 97 56
24 64 27
71 101 11
11 137 38
65 132 55
55 59 36
98 104 32
1 46 59
7 118 22
8 113 18
27 85 5
50 135 3
16 28 5
0 118 40
70 101 41
66 120 11
22 41 59
92 119 40
15 65 10
75 118 30
7 78 18
48 96 53
11 13 37
9 94 45
104 119 40
85 93 44
11 65 60
17 132 51
50 113 45
76 107 13
117 123 22
17 58 3
61 87 38
51 103 41
106 134 19
104 124 32
75 114 54
20 104 36
31 114 54
49 78 57
49 75 1
33 127 6
27 59 35
73 134 2
113 139 14
3 98 9
46 57 27
52 86 30
1 121 14
41 70 32
58 122 35
5 62 9
6 90 9
9 63 1
60 95 4
52 109 45
48 100 8
43 93 32
39 115 41
90 103 42
12 20 29
34 95 6
72 122 55
64 110 58
0 9 24
58 95 24
54 91 4
19 49 58
40 101 57
41 65 32
55 128 49
30 47 54
64 127 15
16 43 44
43 105 7
11 114 6
45 97 32
89 127 47
63 102 15
61 92 57
73 107 20
40 115 14
47 105 10
56 65 31
54 102 4
57 86 15
89 122 17
59 92 31
3 66 34
60 98 32
6 21 25
110 134 46
24 71 24
8 83 22
38 38 39
55 89 33
15 89 46
37 105 25
91 92 56
6 65 0
49 50 36
76 138 36
27 101 46
117 131 14
29 123 38
58 139 15
63 68 56
71 136 18
29 38 24
4 12 30
38 68 40
6 39 14
104 136 53
78 124 2
122 124 0
8 100 49
67 123 4
62 116 8
47 78 59
85 104 57
55 107 56
7 38 41
22 36 27
58 112 33
45 102 54
33 98 57
23 108 41
5 103 59
16 91 16
84 139 14
95 137 5
2 116 50
6 72 55
119 127 40
107 125 25
61 65 10
59 91 36
98 135 1
42 68 39
121 130 31
103 139 12
33 105 35
10 100 53
26 55 39
39 116 52
14 138 26
72 118 53
3 3 35
98 105 56
33 122 59
66 111 4
15 35 9
79 115 23
30 43 31
50 88 15
30 138 46
50 62 27
106 127 28
10 25 10
73 101 6
99 136 37
19 126 9
53 71 49
56 96 7
20 121 56
10 59 9
12 37 48
12 127 25
48 68 45
96 108 31
29 52 59
52 95 46
85 132 60
52 85 51
30 95 26
6 121 31
55 97 2
28 94 7
15 21 2
52 129 53
13 63 17
54 87 0
60 104 58
41 60 32
114 135 11
68 126 37
47 54 55
58 62 43
12 19 22
19 82 20
15 73 29
46 99 60
74 128 26
12 78 28
59 62 34
3 89 8
68 85 44
89 130 47
40 59 18
36 55 17
3 129 31
97 97 44
2 135 36
81 127 36
36 111 26
106 116 56
22 55 51
30 101 56
16 32 44
38 52 41
116 137 28
27 53 48
69 92 5
88 91 48
50 116 17
43 101 21
33 62 0
9 30 55
15 90 4
24 114 35
36 37 41
47 116 34
75 99 58
72 78 30
7 127 2
15 133 32
86 122 33
103 120 4
26 105 53
66 115 23
33 63 33
49 64 35
11 138 19
97 132 57
49 138 32
12 98 17
45 50 15
42 105 28
21 133 10
56 75 34
43 90 20
47 72 10
17 21 27
80 85 0
27 76 58
10 130 5
90 96 12
69 134 10
9 88 25
69 130 31
56 121 57
65 85 4
36 120 49
35 130 50
64 131 51
23 41 14
37 71 45
115 118 5
4 136 7
90 111 32
24 61 46
53 136 27
126 129 49
13 61 40
11 107 57
81 115 48
108 110 12
74 96 14
30 114 60
8 17 24
14 64 39
65 114 39
40 114 40
61 122 20
66 73 54
74 98 42
62 62 8
23 106 16
33 99 16
45 112 4
4 112 44
15 77 36
40 137 13
5 134 21
83 113 48
81 89 59
57 137 27
63 120 38
22 79 16
2 96 55
27 130 22
78 126 11
49 49 43
46 132 46
43 51 13
38 105 53
10 120 8
39 139 12
81 97 51
48 52 33
86 125 13
2 136 21
55 70 34
20 39 58
23 128 42
30 82 30
42 123 35
25 115 34
92 116 47
32 134 2
21 125 23
12 32 33
85 127 51
74 81 57
79 137 59
20 89 26
81 123 32
1 115 34
75 121 33
5 82 6
14 61 59
67 82 26
22 69 48
33 139 57
17 77 18
76 98 4
17 29 1
36 72 34
47 60 9
13 132 34
12 134 14
6 15 8
49 125 8
22 130 24
18 36 39
62 97 52
39 105 2
41 95 31
24 40 48
13 137 33
50 129 15
7 16 27
78 92 36
31 63 6
24 54 58
25 75 15
3 54 53
86 99 3
95 98 35
28 39 54
53 104 51
24 135 12
1 26 47
58 136 54
0 117 39
31 88 42
27 67 56
23 29 39
53 92 43
3 20 49
24 103 38
47 84 4
20 137 59
79 81 42
31 110 12
69 124 57
108 131 27
23 33 5
89 107 31
57 63 43
18 136 45
27 33 40
66 101 33
90 123 30
3 106 47
62 82 48
85 109 37
22 88 13
50 124 37
26 76 38
82 104 28
13 67 48
4 30 6
101 129 30
50 81 12
12 136 47
94 118 14
8 109 5
20 60 52
56 106 18
45 67 35
30 83 56
3 80 51
65 102 31
78 85 20
39 102 14
46 101 59
54 83 55
56 79 22
14 132 18
38 88 12
23 77 6
78 123 9
4 44 16
80 136 3
51 76 4
28 90 14
9 137 49
9 81 7
99 99 55
3 53 18
3 94 55
50 66 42
26 108 53
47 138 30
57 104 12
109 121 40
16 59 1
63 67 38
2 51 51
79 135 56
9 46 1
104 116 31
49 113 52
28 40 44
80 104 1
33 91 25
89 92 21
64 75 21
44 45 56
55 58 30
12 35 48
1 13 2
46 75 9
56 104 56
87 114 57
1 9 7
5 49 3
37 39 30
77 121 38
14 100 7
47 68 25
82 131 40
5 35 47
42 55 30
44 84 23
36 42 7
77 122 32
27 132 16
35 41 11
5 107 41
37 123 36
0 112 11
4 47 12
101 121 50
19 128 0
4 60 36
0 124 51
92 133 24
31 138 42
19 129 37
35 88 13
23 58 52
84 92 9
11 45 60
38 110 35
21 108 15
33 113 0
18 115 35
93 112 15
15 118 12
28 132 46
24 118 50
87 122 19
42 47 60
73 126 8
60 134 30
33 76 52
6 126 29
70 139 0
95 117 43
11 59 11
60 62 12
41 54 58
65 106 15
44 130 7
67 135 14
19 35 32
77 108 54
7 119 44
5 59 0
16 67 23
9 110 25
8 57 56
47 80 21
22 26 12
96 136 4
77 134 5
38 119 18
87 125 12
2 83 19
24 47 14
32 119 31
63 75 18
7 86 47
24 67 18
40 109 18
23 80 42
7 28 36
48 72 53
18 82 32
86 108 36
10 29 19
65 81 34
74 83 41
82 102 10
16 49 36
27 49 34
36 137 32
100 120 1
85 96 24
12 97 59
102 112 6
17 103 17
1 97 36
3 84 6
54 114 37
67 118 57
104 108 25
6 110 57
22 107 23
103 109 39
3 60 50
101 102 24
81 114 60
43 111 28
57 97 19
12 114 37
81 121 17
34 114 29
0 6 16
1 131 16
21 89 53
13 74 60
95 96 60
31 61 8
25 103 50
55 136 11
20 122 22
31 87 6
103 134 44
62 109 28
17 41 15
20 21 10
33 45 18
19 122 59
72 107 16
62 115 23
37 102 0
59 109 51
27 66 11
105 131 21
66 90 28
94 100 53
37 138 6
63 95 57
65 111 42
68 123 30
54 137 49
81 94 48
16 29 26
35 44 12
27 91 35
5 105 20
23 27 31
47 82 7
8 110 50
93 115 40
99 129 45
75 81 4
10 90 52
40 47 25
4 118 2
0 74 19
29 50 56
31 74 53
26 94 55
0 47 14
52 138 17
62 84 35
52 122 11
26 91 22
65 88 36
88 125 51
26 95 40
29 73 33
41 71 2
74 117 11
71 134 11
16 30 23
28 50 47
43 46 9
14 80 51
34 86 10
52 139 6
48 115 19
34 118 30
7 126 50
86 119 58
20 106 42
14 51 7
30 73 9
50 110 6
14 74 9
85 114 13
62 75 7
33 106 3
54 113 58
94 134 55
27 27 55
15 50 41
19 28 23
4 99 34
52 62 50
32 67 52
5 41 50
38 117 17
18 94 59
19 53 9
3 100 17
20 100 7
26 132 18
45 87 52
105 128 11
40 68 20
71 74 34
36 83 17
40 61 28
22 30 41
52 119 47
27 55 2
16 31 48
109 128 20
106 122 45
108 121 26
20 80 34
65 74 53
29 94 8
45 60 10
44 100 30
4 135 41
45 109 17
52 83 43
68 70 23
63 136 23
7 123 10
45 123 58
40 56 16
70 100 38
55 91 44
44 89 14
14 67 11
16 77 18
16 64 21
36 65 60
62 106 9
24 72 4
52 101 39
104 115 26
38 72 53
95 119 8
39 90 31
0 17 23
73 103 55
23 55 17
38 59 11
82 119 59
25 126 55
44 82 14
18 125 26
15 134 13
25 32 44
19 70 56
30 139 21
39 98 35
92 107 8
40 126 46
42 54 2
70 84 60
17 31 30
48 76 10
52 57 3
11 88 49
31 125 60
60 105 60
87 112 46
22 121 5
69 95 2
55 80 19
27 62 33
28 55 49
57 131 5
70 122 57
20 54 51
71 93 47
0 132 26
59 135 30
50 54 16
53 126 23
25 78 47
9 79 58
1 79 9
28 34 49
25 35 17
44 81 3
45 48 13
73 115 46
35 76 14
24 125 32
105 118 45
9 121 39
52 100 43
20 48 21
2 113 39
17 91 45
40 98 15
33 112 26
15 70 27
42 102 29
22 122 23
41 94 5
60 132 5
5 21 0
58 69 46
18 97 29
3 56 50
22 85 36
32 129 3
83 87 34
87 103 52
11 14 55
41 100 18
10 113 19
45 101 1
1 110 15
19 22 23
33 86 29
7 17 39
9 76 21
42 121 48
49 77 27
38 80 2
4 38 0
52 112 51
52 103 31
1 67 18
21 119 54
9 95 16
29 32 35
23 35 17
59 106 23
87 119 54
84 123 30
58 109 23
32 84 34
82 84 39
5 81 25
56 58 12
90 98 59
24 92 32
60 122 15
90 115 18
11 52 52
105 132 55
20 81 57
17 102 43
7 26 53
29 58 29
49 52 27
52 71 56
83 110 20
20 61 13
17 87 59
78 128 45
76 128 2
35 66 11
84 138 2
97 99 18
55 96 28
31 37 52
6 29 47
35 116 20
40 105 16
24 52 59
25 56 13
47 69 23
94 138 15
22 134 38
12 89 0
8 81 60
66 104 56
43 63 38
1 58 48
76 102 39
29 31 5
47 108 53
4 15 6
95 128 6
31 124 12
9 103 15
106 106 6
17 22 47
64 97 3
37 49 45
25 48 42
28 104 5
13 134 2
75 77 3
31 135 15
21 95 0
9 18 2
34 74 60
31 117 51
58 64 9
30 113 41
24 132 3
14 107 55
27 123 26
49 58 34
22 102 13
40 139 55
88 108 40
52 104 12
14 34 37
60 90 8
42 60 33
74 102 23
26 97 15
27 98 59
38 89 21
34 130 53
40 69 29
108 134 19
11 113 10
9 139 53
5 120 32
32 120 54
10 34 4
75 133 21
35 115 21
91 115 35
21 60 27
12 18 5
18 46 20
32 92 20
60 80 11
94 139 13
56 134 24
46 111 48
7 113 10
18 120 42
99 125 38
47 66 13
53 120 30
0 96 57
18 70 38
10 83 25
68 100 44
92 104 55
11 77 59
62 122 57
25 128 4
40 133 9
71 85 15
15 16 36
14 114 44
71 115 49
61 135 51
55 100 2
46 125 47
11 15 45
85 123 4
24 122 9
18 71 1
59 129 21
15 119 11
83 86 54
54 67 48
23 64 54
43 115 24
84 108 38
99 128 39
18 77 10
46 113 17
107 113 53
55 68 51
37 93 15
68 87 6
28 114 57
51 135 23
11 98 36
89 123 47
19 24 33
111 132 19
20 49 44
56 114 58
17 133 45
63 110 26
57 121 24
7 48 19
52 106 21
22 133 12
65 107 55
8 92 59
47 89 30
39 73 16
50 74 2
15 69 58
26 125 3
41 66 20
46 58 33
5 89 10
52 90 60
15 23 56
25 47 56
83 125 1
7 89 23
44 86 19
37 47 53
68 118 30
74 95 37
3 73 57
33 123 32
107 139 54
12 75 60
35 78 24
68 69 49
41 61 6
73 119 40
7 10 24
16 116 18
21 116 51
80 99 46
11 130 15
30 35 58
103 138 11
52 135 19
94 109 59
16 132 40
27 43 48
50 60 60
76 78 6
39 125 50
8 50 58
64 64 21
16 76 22
39 65 5
0 119 45
21 42 23
9 22 57
120 123 11
14 86 16
88 101 39
84 112 44
96 124 54
43 100 30
64 79 12
13 126 47
84 126 26
47 76 49
62 121 18
45 116 40
2 114 56
101 127 30
52 58 28
72 126 36
24 46 31
109 114 52
61 93 11
52 105 10
53 63 7
11 109 23
41 139 54
109 111 51
14 81 25
44 75 24
70 104 37
88 129 48
58 61 10
23 59 19
10 98 45
82 120 21
68 111 24
0 41 49
40 93 43
62 98 7
9 131 50
42 56 49
61 64 1
25 113 26
22 118 37
3 65 31
43 131 6
21 50 11
3 52 1
34 62 28
88 99 50
29 63 4
2 37 5
5 77 40
83 121 16
4 110 6
82 85 51
16 17 5
34 46 13
81 87 11
73 81 49
65 87 43
62 101 16
7 60 41
8 58 59
4 5 12
67 91 55
2 75 38
7 77 53
52 69 22
65 117 58
49 68 58
18 76 26
107 117 56
34 45 27
14 99 46
106 115 25
4 28 15
50 75 43
57 70 38
0 38 10
69 83 60
71 116 25
16 26 43
78 135 60
22 86 4
79 90 36
39 106 17
24 56 53
34 70 0
36 48 43
20 112 20
65 121 43
88 93 29
1 108 14
1 1 34
0 22 12
50 85 28
59 61 37
50 86 8
28 35 29
44 83 33
7 24 31
19 45 43
58 137 7
5 16 54
29 66 40
33 71 53
22 120 42
75 104 10
95 101 18
65 113 27
6 91 42
11 33 21
13 70 29
13 22 54
25 77 39
27 47 16
30 127 34
71 84 27
57 101 29
68 122 17
60 61 36
69 70 13
69 113 23
49 73 45
63 70 22
0 24 40
19 27 41
55 137 52
58 102 47
10 71 43
72 73 15
15 62 24
45 128 29
10 42 44
97 104 50
12 96 43
80 93 18
4 75 30
42 97 9
13 19 53
103 116 10
40 112 57
15 24 19
47 64 51
53 139 40
0 48 55
55 81 31
13 139 3
21 135 30
14 68 42
14 120 57
30 133 7
71 138 56
44 136 8
10 63 60
13 85 13
33 87 18
74 89 11
34 136 48
3 90 38
66 119 57
41 106 17
96 111 36
4 89 22
4 18 42
40 88 14
88 133 37
64 96 40
9 61 44
57 96 7
56 70 31
78 86 19
75 105 0
63 93 59
47 104 21
27 60 21
27 63 36
9 112 1
0 102 15
47 95 35
31 68 9
6 63 44
48 80 43
81 135 54
6 33 30
36 75 9
66 136 51
76 111 8
36 47 42
32 116 35
64 106 18
49 130 48
88 114 32
89 133 29
15 19 20
34 77 55
12 70 32
8 52 38
90 125 20
33 100 17
11 127 23
42 101 23
39 118 11
42 129 30
21 54 4
121 123 58
20 24 51
85 92 21
23 43 57
51 108 52
38 124 40
36 121 54
67 127 20
21 23 12
95 108 37
9 31 58
9 105 9
34 96 26
11 71 60
57 129 43
5 52 9
45 133 55
68 134 54
83 89 9
12 29 26
27 120 57
97 131 1
19 102 52
27 118 22
7 102 31
28 71 8
64 137 24
16 88 49
21 83 54
24 73 15
48 102 55
20 129 14
1 117 28
45 80 35
39 92 55
92 138 49
77 136 58
27 84 1
17 85 18
9 70 37
9 48 4
12 112 56
4 39 26
49 121 14
25 70 36
22 63 49
25 133 27
79 79 21
58 99 28
49 112 32
94 94 42
37 67 28
39 58 16
77 118 39
8 121 8
23 63 13
62 70 54
14 75 12
51 89 2
45 45 47
25 119 55
39 133 9
44 61 15
45 96 18
50 100 11
21 53 58
15 59 50
11 139 50
26 64 13
99 106 49
58 111 12
25 80 29
26 52 14
69 116 59
49 54 3
83 114 21
84 121 31
63 123 32
43 127 58
73 98 37
34 57 9
52 132 58
31 95 11
72 76 40
49 71 31
30 37 48
74 100 11
86 131 22
74 109 4
52 118 59
40 103 22
68 91 40
10 128 6
80 121 18
89 95 50
4 53 55
24 102 20
88 131 10
16 38 59
0 45 5
29 96 44
91 128 3
34 50 27
22 101 1
71 131 18
39 123 6
119 121 60
23 38 52
69 125 16
2 35 34
25 104 29
44 70 28
29 127 33
55 66 41
70 111 19
4 111 42
24 28 0
40 92 53
28 36 12
11 124 31
33 55 19
65 84 45
7 111 58
9 122 31
29 135 5
52 53 44
81 117 24
21 28 46
57 100 41
31 78 0
83 128 37
95 111 5
93 103 44
53 102 18
33 64 13
51 81 33
76 136 58
82 124 41
5 135 28
10 108 59
45 127 16
0 20 58
31 76 6
72 97 19
112 133 50
75 79 31
21 91 43
38 97 50
16 82 42
33 114 2
23 78 12
16 72 48
50 72 24
58 72 33
35 83 32
61 115 5
97 103 52
19 93 6
3 40 0
27 78 47
80 125 42
71 130 49
28 111 57
32 33 5
10 54 30
17 40 20
6 51 39
45 124 43
36 80 54
68 81 8
19 20 57
32 136 21
23 57 18
10 67 10
56 113 30
44 111 57
65 90 36
25 72 39
89 134 11
31 34 4
79 133 0
70 110 29
84 118 27
46 108 29
32 36 33
23 116 33
30 109 53
40 73 28
63 134 38
11 36 27
36 40 57
76 86 42
29 62 36
67 77 47
70 131 55
107 137 33
79 85 1
43 61 40
23 100 11
5 46 42
31 92 14
8 20 39
31 64 29
48 101 37
50 120 49
1 22 7
58 105 18
94 123 8
3 26 46
21 109 9
0 100 50
27 75 9
21 46 45
30 74 45
9 60 7
32 124 8
44 71 20
20 56 26
0 101 18
25 105 3
37 48 32
29 107 50
10 70 17
35 100 41
19 133 36
63 83 9
91 127 17
56 131 24
74 82 6
45 117 58
52 127 10
0 75 33
44 115 40
8 118 52
83 111 37
107 118 16
14 94 6
65 139 48
14 115 60
50 101 59
4 83 58
45 118 23
11 115 56
58 117 12
90 127 12
63 139 19
38 67 58
43 66 27
33 54 21
81 100 29
45 119 60
3 57 53
63 138 50
66 96 39
58 68 25
89 91 21
90 132 56
72 83 21
70 91 42
57 132 0
43 77 10
19 23 46
88 135 25
43 139 53
37 91 8
9 101 57
12 44 20
30 44 5
16 27 42
7 52 29
32 131 26
28 62 17
26 134 39
12 41 60
48 50 8
34 109 58
27 134 57
7 14 17
30 132 20
71 103 8
10 68 22
16 83 19
11 126 0
81 116 23
34 106 13
105 117 17
15 93 57
72 127 2
36 96 39
56 92 13
71 111 49
0 81 22
54 66 32
30 49 51
1 37 41
79 124 1
46 124 41
40 91 54
28 96 6
53 130 55
19 37 18
25 130 10
50 80 55
30 88 42
34 133 54
37 137 5
42 136 10
46 122 13
31 105 35
82 138 3
63 121 14
18 135 31
25 99 24
82 129 58
44 68 25
0 42 10
26 83 1
0 52 42
95 110 32
8 53 21
62 94 35
3 115 44
29 48 11
19 124 31
42 95 49
38 81 1
96 128 59
23 124 7
59 67 40
70 134 60
50 55 21
25 40 23
8 30 36
24 119 38
50 126 31
56 61 2
20 96 2
58 96 38
8 89 52
101 123 32
12 36 15
72 106 40
7 31 25
39 81 48
30 120 57
32 58 32
12 117 57
35 98 48
15 86 9
6 101 41
3 122 38
39 69 25
62 89 41
20 70 38
2 61 7
84 85 39
34 38 33
25 51 44
88 107 28
15 83 53
74 115 33
13 64 46
89 93 54
72 115 14
71 73 59
93 131 40
12 119 34
7 116 3
10 22 57
10 118 30
59 84 52
4 56 8
32 108 54
39 94 42
2 132 32
1 24 42
47 99 34
18 48 24
8 54 19
18 57 6
10 121 29
54 106 43
72 114 33
35 123 21
106 139 50
21 102 7
95 134 21
54 69 31
69 115 12
40 99 55
0 51 13
51 120 18
3 42 46
50 68 34
37 41 15
25 87 23
39 75 50
43 50 1
60 135 0
69 118 43
48 111 48
78 138 6
41 114 24
22 129 34
9 49 24
34 82 50
54 62 24
68 103 52
21 130 42
51 84 16
19 32 47
12 132 27
37 119 43
32 38 6
49 106 29
16 46 38
49 65 14
45 106 26
37 50 58
16 78 37
14 69 25
30 89 31
14 92 59
14 131 9
6 98 38
61 79 58
5 116 51
44 114 36
42 94 20
11 95 4
79 138 7
11 135 36
65 77 38
73 104 28
20 68 50
1 50 13
28 103 42
7 47 11
34 128 14
5 80 58
36 115 50
43 118 36
43 124 0
40 53 3
26 48 6
5 133 33
96 139 48
28 37 46
59 123 48
11 90 23
53 119 38
13 94 56
15 20 51
84 102 48
81 132 38
44 126 13
5 44 59
71 94 10
43 121 49
74 74 53
61 61 54
47 139 19
35 55 58
35 92 14
51 94 15
5 74 52
96 102 34
12 48 15
39 89 2
79 131 36
61 134 22
23 99 25
47 67 59
65 127 42
80 128 50
74 132 1
8 26 4
20 44 37
59 100 46
55 79 19
17 59 12
86 100 0
62 65 39
65 75 0
5 130 25
44 87 13
45 88 25
64 105 7
85 116 41
63 74 8
73 111 42
26 31 17
29 30 35
15 32 38
36 124 49
64 67 31
2 78 11
0 18 16
40 117 36
16 39 4
19 120 10
12 118 16
2 73 11
76 117 10
14 19 1
58 78 27
35 37 54
4 121 52
17 134 32
30 99 8
2 56 4
41 99 14
46 112 15
23 84 22
27 112 8
34 79 40
13 51 2
38 62 28
87 134 51
44 134 27
62 114 54
19 95 27
12 80 36
36 138 28
27 111 11
44 108 27
39 49 30
48 135 8
24 82 45
29 102 40
97 125 8
6 61 26
50 111 29
38 45 6
93 117 30
34 84 8
5 10 55
14 66 23
21 92 11
78 136 36
13 123 15
1 8 24
76 80 57
34 87 19
67 139 26
61 70 37
30 129 50
4 107 15
58 126 8
6 92 10
4 127 30
37 115 57
23 117 27
34 121 53
6 11 59
27 126 10
4 115 15
46 69 37
115 129 36
47 73 42
80 84 33
77 130 48
6 38 51
12 49 36
74 103 21
113 119 19
33 69 3
76 134 48
4 66 55
53 61 38
21 96 36
12 120 59
29 76 1
103 125 24
44 69 1
21 29 41
77 110 51
13 133 46
11 58 32
57 120 27
34 42 21
96 112 10
22 23 56
8 55 33
3 13 37
10 16 5
55 116 24
34 65 57
54 101 52
8 18 23
2 98 36
26 119 52
42 138 45
15 98 9
26 96 2
10 105 4
19 68 47
87 105 1
30 98 25
66 80 12
31 66 39
41 110 28
27 44 34
10 46 52
18 73 18
14 130 30
30 135 17
33 107 8
17 120 56
56 116 58
55 92 38
24 83 51
56 80 58
68 115 42
11 16 6
0 115 3
40 45 4
26 135 0
58 114 3
7 93 39
16 93 54
11 117 22
94 115 27
51 55 11
34 60 31
22 80 42
66 85 49
25 135 28
24 97 60
15 46 3
101 133 55
67 112 9
34 39 6
11 54 25
0 94 5
97 100 35
11 60 38
14 87 49
58 130 10
4 114 47
59 110 36
39 74 11
24 36 54
50 139 27
2 82 12
3 44 48
68 110 26
13 119 45
45 61 49
19 99 55
82 89 32
1 118 7
56 99 36
11 101 15
20 66 35
105 134 34
50 132 36
34 99 32
1 31 38
8 123 25
1 25 35
97 105 41
58 88 28
75 75 9
43 52 58
80 127 58
54 54 22
30 97 10
5 18 11
39 108 16
44 127 6
11 68 41
40 95 7
41 78 1
53 131 40
36 123 60
45 129 3
38 136 1
41 68 28
56 83 60
19 87 39
22 114 13
10 44 23
19 137 53
32 74 48
34 122 3
1 69 20
12 23 32
72 90 41
54 64 55
41 83 43
76 96 9
0 58 21
1 39 52
67 92 52
71 72 55
7 63 35
24 120 14
58 79 47
31 121 18
10 87 56
47 92 60
69 72 9
39 119 16
91 95 15
56 78 27
43 45 36
20 58 13
59 134 43
53 113 35
13 36 57
4 41 60
51 107 6
62 132 45
47 132 20
41 137 34
67 73 3
15 67 18
60 76 52
24 136 5
2 101 1
40 48 24
50 94 26
18 128 10
16 22 34
22 35 46
6 47 25
20 107 45
28 126 60
57 134 36
91 94 58
73 73 0
20 109 8
28 83 58
4 97 43
0 21 20
111 137 35
11 87 55
9 26 18
3 17 24
61 105 18
50 91 41
109 119 52
61 116 24
42 110 53
44 103 28
92 135 30
59 70 2
9 19 37
52 136 39
97 119 28
65 69 17
1 30 45
60 118 10
81 92 49
6 35 10
6 137 38
11 26 29
2 131 32
21 35 36
53 79 30
15 58 13
4 98 8
38 123 12
55 131 0
18 111 42
60 94 11
24 80 5
4 14 11
20 35 27
94 126 25
10 69 17
57 127 51
67 76 19
11 49 8
72 87 19
5 14 0
14 26 5
81 99 51
6 18 13
15 102 26
3 124 35
8 120 55
36 41 30
19 127 19
1 128 43
33 133 41
59 96 54
50 77 30
67 80 33
77 77 10
37 62 6
19 67 20
62 78 27
6 57 35
102 109 56
50 137 22
40 51 1
59 113 4
11 106 35
30 42 58
10 14 1
33 128 21
31 99 36
88 130 45
4 74 24
60 91 55
1 109 41
38 120 22
11 11 3
4 103 5
52 99 57
63 126 47
54 136 29
8 14 23
46 100 58
73 123 22
50 102 8
11 118 19
76 125 28
26 79 20
37 103 37
25 36 44
7 30 28
3 25 8
12 128 55
15 30 51
40 121 37
13 107 34
74 138 38
13 43 30
10 39 39
9 56 23
41 133 29
3 55 25
32 55 28
24 89 7
3 83 38
36 136 0
19 111 43
74 110 7
20 108 45
39 40 20
18 32 7
8 136 50
9 15 21
51 53 12
94 117 41
61 78 21
54 80 26
5 102 8
34 139 31
12 111 52
70 126 52
39 135 56
61 80 49
56 119 30
85 89 41
104 135 60
80 129 44
45 64 8
14 127 28
1 61 14
9 130 58
27 131 56
17 70 27
32 66 38
48 93 50
10 93 44
58 60 59
36 114 46
42 92 54
48 70 31
66 76 1
28 63 4
16 85 44
14 50 46
22 53 55
13 115 49
78 88 4
30 116 18
75 109 1
49 122 31
78 105 23
12 38 54
36 110 47
64 109 45
22 108 53
15 44 12
96 132 6
23 137 38
92 128 20
77 113 25
18 127 50
5 86 23
53 127 43
38 128 2
24 94 58
42 69 4
79 82 44
36 130 22
44 98 46
67 101 15
56 94 50
104 122 31
88 113 0
11 97 29
19 52 4
15 47 51
96 117 24
51 63 55
32 43 52
69 80 5
31 77 31
25 131 8
55 121 38
32 75 44
96 116 55
90 133 33
1 74 22
57 73 49
17 53 23
29 44 43
16 37 47
84 106 8
72 82 9
34 78 27
64 91 32
99 101 1
75 135 41
14 21 12
6 138 42
46 61 45
32 45 43
47 113 49
1 34 18
42 114 10
17 93 57
22 76 13
8 42 16
57 107 38
13 55 1
40 119 49
17 105 23
50 63 20
57 69 13
28 124 23
2 74 13
56 130 47
119 133 20
1 40 13
12 71 5
18 96 29
50 115 40
47 75 17
31 43 20
86 96 25
11 41 54
14 36 39
30 70 2
38 130 56
17 101 44
27 65 54
20 30 17
0 103 44
49 86 8
87 132 18
90 134 35
4 91 43
54 125 54
29 59 60
14 59 54
8 45 59
63 116 58
8 127 19
85 118 48
58 135 59
14 136 9
7 18 33
20 111 13
3 130 53
35 106 18
26 63 45
49 51 31
51 133 10
49 107 51
18 50 23
5 75 4
29 39 32
41 118 31
3 112 28
15 43 57
48 48 36
93 108 37
55 62 56
79 105 33
43 86 28
20 45 3
89 99 36
18 123 39
3 5 29
28 118 46
27 30 10
65 135 11
16 117 43
40 120 56
46 73 60
14 76 56
36 52 23
21 36 54
94 136 34
31 51 36
34 124 50
13 121 30
63 130 55
2 40 31
26 99 28
0 123 43
5 54 0
69 71 46
19 60 29
1 96 1
15 29 38
63 97 22
28 100 53
6 34 40
32 40 58
33 135 37
21 40 3
39 110 55
21 87 1
57 76 14
26 57 48
8 9 49
19 106 47
56 125 53
28 47 25
46 82 6
46 133 58
71 127 19
23 89 41
22 109 15
2 62 48
26 74 42
86 106 22
1 86 5
5 87 10
20 47 40
50 84 52
69 82 8
4 61 26
53 110 38
53 106 0
87 121 47
29 85 3
40 62 21
1 7 10
38 51 41
5 112 13
6 50 50
35 133 26
14 30 22
5 7 10
68 89 8
10 80 56
3 47 39
32 94 48
2 20 3
30 48 51
19 132 21
64 124 0
29 132 58
18 130 57
36 51 24
2 59 46
3 108 41
18 124 60
32 44 20
18 54 47
24 116 29
3 10 54
52 88 53
19 65 45
47 124 39
16 135 33
66 72 51
50 104 39
46 83 48
33 126 14
44 128 39
20 82 59
35 56 54
11 20 2
46 87 52
34 59 50
10 79 18
2 72 45
69 101 15
16 20 6
8 82 34
1 52 34
26 90 57
31 133 13
88 92 52
51 71 34
71 129 32
61 82 25
29 67 51
15 108 17
8 94 41
11 103 45
39 45 16
0 50 27
12 63 16
66 126 51
99 110 33
5 76 33
74 90 23
16 115 29
33 110 35
43 85 12
16 139 1
10 41 59
26 26 14
2 54 3
52 79 40
22 112 32
7 99 60
36 76 19
112 117 29
46 68 18
60 92 16
61 124 1
12 91 43
18 113 24
16 21 53
105 107 19
50 61 27
29 115 55
24 104 45
24 26 50
26 104 0
6 132 1
3 8 21
76 113 56
38 57 11
46 85 26
42 50 0
79 107 48
66 132 27
73 127 57
55 124 18
33 36 23
15 52 38
10 61 45
60 74 20
56 139 3
2 49 0
15 88 15
4 34 52
97 106 46
14 42 32
43 84 18
18 85 4
17 83 45
75 116 59
43 74 24
28 128 58
35 53 59
6 58 59
6 94 17
31 132 1
8 24 24
51 104 1
43 120 21
40 118 56
25 116 59
11 78 14
67 67 35
5 26 37
7 80 4
29 112 28
87 91 15
20 63 30
8 114 27
6 99 47
18 83 50
96 98 15
69 128 19
54 127 0
24 39 45
57 82 12
80 122 38
29 60 9
2 24 54
45 92 27
10 53 13
28 123 30
89 137 9
41 98 53
9 135 7
61 72 10
68 125 7
26 73 22
55 85 54
1 120 27
87 108 27
93 139 52
18 75 2
49 129 36
77 86 15
2 27 15
95 115 36
64 86 20
57 78 41
38 53 20
30 102 13
51 118 6
66 69 38
67 71 56
56 122 15
36 93 8
30 36 11
9 21 27
21 104 16
16 134 30
47 91 50
57 108 59
69 129 14
41 62 26
8 107 24
12 56 10
70 71 7
15 41 19
12 104 54
57 83 10
18 64 47
9 68 32
53 109 50
16 61 52
74 139 23
6 20 36
18 44 51
70 130 14
59 122 37
21 44 16
87 118 41
7 64 56
27 95 60
14 122 56
6 76 49
16 47 55
57 87 51
1 10 5
52 55 3
38 42 4
82 139 34
87 89 37
5 19 52
10 112 14
53 94 33
5 69 12
7 59 57
70 107 28
2 9 37
77 78 56
33 61 29
18 34 20
14 56 19
7 105 0
29 40 0
82 105 41
16 130 7
62 136 11
45 105 49
17 81 26
62 72 35
69 90 39
71 108 33
16 96 13
9 102 7
25 121 0
72 130 7
0 135 8
92 126 22
12 101 38
19 135 17
56 101 2
29 88 59
5 108 54
28 59 60
18 90 42
80 108 33
6 66 20
25 120 51
90 121 54
6 122 3
32 83 41
33 72 51
10 92 18
91 120 1
32 79 11
26 36 31
7 15 31
24 105 6
49 63 48
70 82 59
40 83 36
65 134 7
23 130 5
21 26 35
19 43 30
29 99 25
23 114 41
89 111 3
37 122 17
15 18 40
38 108 47
4 73 17
10 125 24
13 102 56
22 92 46
48 105 17
43 133 11
31 70 22
55 72 47
48 85 20
3 22 22
48 73 11
13 99 53
59 132 34
33 136 11
75 92 17
3 102 53
78 98 0
4 108 15
22 65 53
49 120 27
29 129 4
32 128 20
4 55 10
2 79 39
65 73 20
7 61 33
74 77 47
8 80 52
5 27 45
98 109 38
63 65 36
5 55 54
17 97 30
54 98 27
38 132 45
61 130 8
9 124 35
43 106 58
63 118 9
78 125 13
20 79 6
48 83 37
12 90 25
16 25 23
46 51 7
6 12 10
87 115 42
51 66 10
19 92 36
38 116 2
48 57 4
21 39 20
39 136 41
15 121 7
14 108 42
43 107 49
92 92 25
16 107 12
93 116 32
15 92 8
32 114 13
1 53 28
11 80 31
27 31 38
27 116 4
2 67 24
5 39 22
55 119 42
24 57 3
77 102 26
16 109 0
85 86 13
62 125 6
39 129 55
53 129 11
47 55 59
0 49 7
71 100 50
66 118 6
18 117 52
13 28 30
42 59 46
37 121 11
65 79 22
3 101 45
35 120 40
65 125 5
11 61 47
22 136 14
6 118 40
97 121 45
6 70 52
4 78 36
13 57 32
11 128 25
4 20 52
13 136 11
72 101 27
23 91 36
46 95 45
47 93 38
23 139 37
32 39 4
42 126 6
49 131 24
18 38 47
0 73 46
44 138 36
55 60 58
54 103 2
1 137 55
66 122 55
72 95 13
5 92 35
73 93 50
6 53 26
14 105 25
13 15 51
2 43 36
56 77 29
11 100 55
62 100 48
37 124 53
25 98 58
46 46 39
10 111 15
13 18 3
26 129 11
12 47 19
0 8 34
58 84 26
83 117 60
42 107 2
22 43 48
5 67 53
37 112 16
73 102 53
17 138 10
75 117 28
62 71 2
0 104 57
34 92 40
11 74 3
15 68 15
53 118 28
38 69 5
1 55 19
17 114 15
13 37 20
56 64 2
13 117 23
83 124 38
76 122 17
43 102 39
64 102 41
50 112 5
68 114 39
56 66 32
7 34 33
3 119 13
8 115 60
6 71 0
37 110 1
27 94 18
60 120 5
22 104 26
37 104 9
38 138 54
28 89 22
31 42 24
75 122 51
111 121 43
11 89 58
4 10 27
30 105 56
49 114 5
1 49 58
37 45 40
28 66 52
66 93 33
71 90 5
71 106 51
33 68 0
33 33 30
42 63 33
83 103 14
23 25 51
19 107 51
67 111 7
37 42 31
35 72 46
79 127 19
56 91 16
56 71 19
58 90 1
43 76 29
66 78 45
33 125 10
10 73 37
22 110 31
56 137 32
37 40 60
36 89 6
13 44 26
29 77 46
20 92 12
59 136 48
11 131 56
72 134 42
38 135 21
45 76 21
72 94 20
28 29 42
8 12 33
76 100 58
47 51 42
39 122 52
23 52 29
80 103 3
8 60 12
22 72 32
80 131 53
99 123 19
82 98 8
2 47 11
18 98 20
33 85 45
41 96 42
4 19 17
80 110 51
6 68 17
3 87 13
28 75 8
24 90 16
31 109 45
22 138 24
29 80 18
1 32 9
70 83 35
13 124 53
56 100 58
31 35 36
22 29 56
2 119 48
9 36 26
6 95 45
7 88 2
17 89 54
42 132 30
9 41 54
21 110 10
39 68 6
48 99 22
7 71 46
78 134 3
39 117 34
89 108 32
31 136 37
18 78 15
55 94 33
67 132 58
43 132 11
34 68 54
65 66 1
2 125 39
76 95 50
22 74 15
8 67 15
45 110 3
78 81 47
38 127 39
66 79 41
27 97 30
1 47 46
31 119 35
62 133 37
18 103 60
115 137 9
56 88 44
11 24 40
12 74 21
95 116 15
11 121 54
54 139 25
23 119 33
7 67 1
98 130 33
45 111 20
64 122 27
29 33 5
45 73 10
69 84 44
17 76 37
37 80 55
56 87 43
7 62 48
6 131 4
13 75 49
74 124 7
44 97 1
83 102 21
54 71 20
6 13 58
49 92 38
43 64 8
0 53 49
29 81 18
52 60 28
30 51 2
36 129 9
60 70 22
3 16 21
67 70 25
68 90 38
26 28 34
36 61 4
2 126 53
15 55 25
63 107 1
86 94 32
29 134 24
91 109 56
48 82 19
36 117 28
38 82 60
59 93 10
70 133 14
52 67 21
4 51 29
4 67 14
71 139 58
12 105 41
33 90 21
53 78 33
61 91 53
30 71 11
40 136 17
22 51 10
61 84 40
47 53 20
3 128 32
10 84 24
14 97 11
15 109 13
4 62 29
84 124 35
70 128 50
52 137 54
24 74 26
2 50 56
8 28 33
84 134 41
1 90 21
35 104 6
22 94 14
78 89 59
11 70 5
25 26 6
76 131 36
7 122 20
18 81 47
12 30 2
21 79 28
85 85 40
82 114 34
28 54 15
5 114 10
9 134 28
25 122 15
19 138 56
24 100 15
11 67 9
20 95 9
0 64 14
59 121 15
21 114 14
25 137 27
47 128 24
5 127 19
25 74 21
80 111 18
54 138 1
10 77 11
53 100 49
11 91 30
41 120 37
10 138 42
35 80 35
28 78 20
26 47 60
17 44 52
77 79 28
99 114 7
10 56 38
67 85 18
0 55 45
23 70 48
36 99 9
34 83 34
49 115 28
51 54 10
11 42 16
69 107 5
84 99 57
4 88 16
65 70 60
8 139 50
16 70 8
60 86 22
26 40 0
70 136 4
74 104 55
81 107 20
77 127 35
1 38 51
24 51 29
62 130 51
2 91 13
81 110 38
47 77 30
2 128 4
41 73 33
3 58 17
51 127 3
8 10 24
6 96 43
2 80 44
64 139 32
54 128 22
20 91 26
26 30 41
15 74 58
2 84 0
5 70 36
66 81 7
16 74 36
42 49 53
52 107 23
89 112 32
30 131 8
52 125 59
14 48 53
1 48 46
35 64 21
6 102 13
50 118 57
16 128 29
62 92 2
39 39 21
50 52 59
1 93 43
20 116 7
27 77 17
8 21 51
13 30 14
49 124 2
31 69 4
26 130 31
6 55 8
29 37 47
46 92 11
14 88 25
60 65 45
21 124 25
61 73 6
0 113 20
13 68 46
34 103 34
3 133 29
6 28 4
13 130 58
13 109 20
9 125 28
35 114 44
72 103 23
7 75 53
51 61 47
35 43 53
25 89 10
38 126 44
5 137 48
6 128 42
10 55 50
31 65 29
87 94 56
53 98 60
49 94 55
29 68 37
51 99 21
30 69 29
5 20 14
21 84 4
58 91 52
18 21 22
8 105 7
37 89 57
21 56 37
56 68 34
21 88 27
79 96 19
41 136 26
8 70 35
0 46 32
26 110 7
61 129 54
37 117 24
23 134 20
22 91 53
14 23 31
4 52 46
16 56 15
64 125 23
3 120 44
0 23 49
76 79 2
99 137 60
29 43 57
4 95 19
24 96 57
38 64 16
34 120 15
16 71 4
25 129 19
0 107 8
12 50 40
60 131 21
65 110 53
1 73 10
49 102 27
15 138 20
12 55 17
21 118 32
34 93 32
35 129 35
7 96 58
14 103 35
68 88 34
14 32 52
81 118 55
56 85 45
60 93 14
13 138 30
8 43 25
42 79 19
4 122 20
57 59 52
49 95 8
3 135 30
28 129 5
37 133 33
2 16 40
28 33 21
12 17 54
37 139 24
9 113 48
4 86 60
22 44 49
7 131 53
68 105 34
90 101 51
10 49 51
85 135 0
10 19 24
60 71 34
10 50 49
34 43 45
56 73 58
28 61 20
93 128 30
50 90 11
7 106 31
87 107 45
33 67 11
16 105 43
16 75 25
8 90 3
6 124 10
46 88 32
23 44 4
7 55 42
10 57 38
54 105 60
78 116 31
0 138 30
35 136 17
50 92 45
56 69 41
28 110 28
3 29 48
72 131 24
46 80 4
13 59 14
51 60 18
4 106 2
16 53 37
26 61 29
48 114 14
79 94 45
24 42 60
24 123 50
33 52 13
0 137 23
51 114 45
67 68 48
45 72 8
48 78 55
10 26 23
29 79 1
32 78 5
23 49 48
49 133 56
71 135 37
80 116 2
8 19 52
61 74 31
28 113 10
11 133 36
23 45 24
25 82 47
36 63 33
16 123 11
16 133 14
26 60 21
2 63 38
12 66 28
31 111 56
20 74 57
52 74 35
44 46 4
69 112 29
68 131 3
16 101 35
32 80 15
49 96 1
17 136 1
26 114 48
57 66 51
91 93 36
8 84 15
28 109 53
55 105 44
32 50 9
4 25 23
32 56 41
75 119 34
28 44 54
11 76 33
21 61 5
12 61 39
2 109 37
20 90 18
37 129 57
53 68 59
1 4 10
36 98 43
9 116 2
0 61 5
4 84 60
77 84 4
58 110 0
32 62 15
44 99 42
42 120 50
49 110 18
7 132 10
3 118 29
42 75 54
73 89 2
46 90 33
8 88 36
9 54 21
9 57 52
64 65 19
8 71 57
22 58 52
82 115 13
8 41 8
6 84 39
9 85 17
28 43 2
29 61 17
37 130 55
75 134 15
14 93 58
9 47 52
17 55 45
7 129 30
33 74 55
63 113 13
22 50 43
54 84 55
64 68 57
3 67 41
17 139 45
77 138 39
44 76 31
35 90 37
20 94 36
8 33 5
27 139 40
42 100 34
54 59 4
6 106 27
17 121 59
19 26 4
37 38 20
19 110 41
73 91 38
10 124 46
83 108 41
24 75 34
55 132 59
1 81 3
80 102 47
22 99 2
28 58 43
29 133 23
0 90 23
24 24 3
12 68 45
22 103 31
74 122 21
47 114 35
31 139 53
44 90 8
35 85 47
1 56 1
12 95 55
103 114 32
20 20 32
62 123 46
71 133 34
31 84 50
15 75 47
72 80 32
2 31 33
12 110 51
65 138 54
38 99 38
56 98 37
2 92 9
97 102 50
28 93 47
17 86 46
6 107 35
23 31 26
31 41 11
52 123 0
49 91 31
41 91 0
11 30 26
27 72 17
12 85 48
3 78 0
22 64 15
18 91 59
73 75 51
26 44 35
2 4 52
20 69 41
15 25 6
5 94 33
33 77 16
22 39 0
64 136 46
57 62 26
91 110 12
48 127 12
6 135 10
6 87 4
6 49 60
63 90 55
14 117 45
43 89 13
6 23 48
33 53 12
18 137 43
60 137 26
94 102 33
37 82 15
68 93 36
38 94 38
3 131 46
43 130 15
48 94 53
19 116 41
5 100 0
19 80 5
44 77 23
7 85 49
44 59 21
71 98 40
5 138 13
51 113 3
44 139 22
0 15 7
52 93 36
14 65 8
10 126 36
54 124 1
61 131 14
58 71 60
30 100 57
57 126 40
34 127 46
58 132 28
15 135 47
2 88 1
24 31 38
21 34 44
19 79 49
27 113 39
68 138 12
51 109 16
62 112 44
28 120 11
54 104 14
8 133 18
77 99 48
82 125 35
32 104 49
20 33 30
70 112 27
41 130 56
10 122 59
42 93 19
74 75 52
68 119 19
17 96 30
20 105 47
1 80 7
32 49 9
27 88 54
27 125 6
13 93 6
45 100 7
0 3 48
23 133 45
56 103 1
22 38 57
13 34 3
26 111 47
6 100 39
84 115 47
51 90 56
22 32 16
67 106 14
38 122 29
30 39 23
56 124 22
16 42 0
19 46 58
47 107 12
23 79 7
10 99 47
9 126 29
30 118 28
20 22 2
97 113 42
27 122 32
82 118 3
41 79 0
69 117 56
6 114 30
30 54 26
57 106 2
42 117 60
29 125 3
51 68 58
61 119 60
11 108 49
16 108 46
24 49 32
57 102 58
45 49 14
5 117 30
25 138 59
27 99 16
30 91 56
44 47 15
26 46 54
23 123 29
23 107 33
11 28 38
1 41 26
68 77 22
6 75 11
100 127 43
16 121 19
58 87 45
23 51 37
1 28 43
2 39 37
35 94 37
42 81 47
3 46 29
81 93 6
40 106 12
55 73 43
6 60 42
34 54 7
50 119 58
13 129 50
37 53 46
60 139 52
52 76 22
47 90 32
59 102 21
68 75 23
21 38 9
40 67 42
66 100 36
9 67 35
39 62 57
26 137 13
17 111 16
4 126 17
64 94 16
21 138 9
49 83 25
81 104 60
22 111 19
66 134 0
45 78 44
43 119 6
10 109 17
3 59 4
55 56 32
28 131 30
14 25 8
36 46 38
19 108 27
34 72 5
46 96 26
41 63 36
26 78 36
22 33 5
6 41 35
42 83 2
2 105 10
58 92 15
8 23 30
42 46 0
2 76 37
54 117 39
89 98 27
16 34 47
34 44 33
13 89 32
49 132 18
70 132 2
74 78 32
25 37 43
53 84 18
62 91 22
24 138 26
1 99 2
35 48 10
0 114 12
69 94 44
38 106 25
17 20 58
13 120 2
32 54 59
5 61 46
19 63 17
61 108 26
64 99 18
0 110 53
8 72 32
7 136 29
11 47 8
35 139 48
5 57 14
0 54 49
10 132 31
86 129 9
7 53 54
35 68 60
63 92 19
40 49 8
27 114 2
51 128 46
24 121 59
23 121 19
32 122 0
12 125 6
59 90 14
13 108 35
39 83 49
12 102 42
54 135 11
10 65 33
11 43 7
7 68 4
46 127 27
10 17 3
31 67 12
51 58 29
82 134 32
0 79 60
17 130 7
4 125 10
12 86 31
55 82 52
82 95 28
15 111 5
46 118 1
53 96 33
3 9 15
10 116 60
22 124 4
30 121 13
18 33 54
33 116 41
9 16 36
30 76 30
4 109 60
17 135 18
30 85 34
35 99 38
44 91 15
41 134 6
20 136 40
12 15 39
67 129 47
25 112 41
44 60 19
21 105 40
68 73 45
32 138 33
14 47 59
36 101 35
25 59 21
44 50 13
9 40 59
20 84 26
15 27 0
47 111 3
40 78 9
21 121 54
25 46 6
88 94 60
7 135 4
2 42 22
13 49 2
20 73 11
34 113 1
22 31 42
7 41 3
3 68 19
5 139 2
55 126 14
36 97 30
51 119 46
5 125 20
64 138 60
58 83 31
64 69 26
39 88 52
14 57 51
16 81 36
12 113 56
69 75 31
11 48 21
47 102 21
5 63 55
55 93 15
3 30 51
65 104 23
37 86 15
54 65 38
46 130 4
15 49 39
35 113 10
71 83 39
27 93 44
26 136 38
42 74 11
79 87 57
23 97 52
25 83 1
80 95 49
59 133 16
10 40 60
68 71 3
7 58 19
24 111 56
37 87 30
19 19 34
11 132 51
13 47 3
26 68 8
8 29 30
36 106 57
3 69 55
41 132 15
1 114 49
19 30 54
28 53 15
4 54 29
4 11 24
32 81 32
3 12 29
25 60 41
0 87 58
43 73 56
34 80 29
3 36 11
18 49 31
26 131 19
27 79 30
43 80 43
18 63 9
57 90 28
14 123 0
44 51 55
33 115 22
19 29 29
78 113 50
38 41 17
40 125 54
12 93 18
11 31 9
53 97 34
29 29 55
5 50 18
18 61 19
17 80 44
3 99 21
0 69 6
41 87 53
26 56 6
7 29 17
6 45 33
27 68 7
30 64 0
70 74 5
8 59 57
46 49 7
10 15 43
53 75 34
12 76 7
26 101 16
45 99 28
38 79 38
25 55 42
14 62 51
46 79 31
44 94 26
3 48 53
36 71 49
11 19 12
26 43 48
8 78 45
28 95 47
48 138 1
43 58 45
40 42 15
32 117 58
58 108 12
50 57 27
51 83 40
38 100 45
21 100 35
29 75 32
19 78 52
30 63 0
3 110 30
25 136 43
21 134 32
33 83 58
14 126 36
0 66 17
34 63 42
77 132 12
9 55 34
47 103 60
35 84 52
4 102 2
77 120 22
53 115 14
9 117 51
19 76 8
41 124 7
0 0 56
50 70 46
90 137 39
