130 7735
195
118
130
170
111
159
131
145
184
185
157
191
163
128
118
170
144
138
188
129
198
133
159
154
146
142
108
140
100
149
196
182
144
127
193
132
134
192
116
101
170
170
192
184
124
161
104
199
153
132
193
125
140
200
193
161
168
100
133
128
165
155
106
145
107
104
174
176
151
151
156
134
108
111
150
138
138
159
128
158
151
150
110
137
152
116
193
171
180
168
138
146
176
117
121
170
110
179
115
171
128
170
116
100
102
182
157
144
176
176
191
143
178
191
104
104
160
183
149
106
178
115
139
115
134
105
137
122
186
133
0 1 12
1 2 41
1 3 18
3 4 48
2 5 46
4 6 22
3 7 57
6 8 55
4 9 49
5 10 34
1 11 28
2 12 56
3 13 45
8 14 59
5 15 37
4 16 23
10 17 50
13 18 17
7 19 8
14 20 28
20 21 11
20 22 57
2 23 26
1 24 8
13 25 7
0 26 23
14 27 44
11 28 53
26 29 60
17 30 48
19 31 6
18 32 32
1 33 30
26 34 2
7 35 36
0 36 29
2 37 58
16 38 40
10 39 52
22 40 23
3 41 46
4 42 47
40 43 44
12 44 45
39 45 20
3 46 13
33 47 40
43 48 4
0 49 48
27 50 21
14 51 12
45 52 8
50 53 53
6 54 57
11 55 54
49 56 7
27 57 41
35 58 16
46 59 1
50 60 59
22 61 9
47 62 35
47 63 55
15 64 42
45 65 29
49 66 20
3 67 37
23 68 57
2 69 45
47 70 26
64 71 10
18 72 11
1 73 8
55 74 44
50 75 24
72 76 30
36 77 12
19 78 51
31 79 42
8 80 55
1 81 40
56 82 52
67 83 16
56 84 51
2 85 27
9 86 3
18 87 44
65 88 54
78 89 58
56 90 48
1 91 51
77 92 17
56 93 10
30 94 5
16 95 26
22 96 15
86 97 27
81 98 41
15 99 55
24 100 8
5 101 10
55 102 28
82 103 26
67 104 7
3 105 2
12 106 3
28 107 18
29 108 18
44 109 53
82 110 28
2 111 38
16 112 5
59 113 14
63 114 45
107 115 2
60 116 51
15 117 39
8 118 0
109 119 49
33 120 42
89 121 16
3 122 49
102 123 54
1 124 52
26 125 26
89 126 15
119 127 60
126 128 59
64 129 5
67 128 41
59 62 59
125 126 49
101 105 21
18 35 0
3 118 59
91 118 24
69 70 19
92 120 57
120 124 12
68 86 9
5 18 20
7 12 15
42 102 22
70 97 46
10 96 47
27 115 30
6 108 7
37 73 9
22 110 5
72 106 51
75 109 26
64 90 7
33 39 46
2 11 56
67 124 17
122 129 43
111 113 24
0 32 43
88 125 22
73 93 8
45 88 1
11 65 57
7 7 36
101 109 16
31 38 57
53 101 24
119 125 28
62 78 39
104 117 36
98 128 6
56 74 5
112 112 25
73 112 9
127 127 45
125 128 18
35 43 22
107 113 48
105 128 26
3 37 14
110 121 4
94 123 16
9 117 59
115 127 17
123 124 8
46 79 56
101 115 30
81 118 24
68 110 6
46 107 1
70 92 20
126 129 44
10 100 24
94 94 30
121 126 40
59 100 14
50 58 56
47 56 1
64 65 51
63 129 46
83 122 29
39 51 2
59 101 32
66 94 51
110 118 53
119 128 25
56 97 14
21 75 57
124 126 51
12 28 52
94 97 5
57 116 24
79 115 43
41 54 45
17 26 13
122 125 11
32 115 33
11 11 48
17 121 25
98 121 20
113 123 10
70 96 1
12 86 30
45 48 22
13 100 56
49 94 53
46 61 3
91 111 14
92 123 52
70 102 60
70 83 53
52 81 1
117 122 46
30 33 50
75 94 58
21 118 0
41 106 3
53 112 34
58 62 19
54 71 34
84 113 13
72 115 39
24 83 20
92 125 16
35 92 38
52 108 18
77 122 42
55 83 48
7 114 4
93 108 51
32 38 5
123 129 43
38 71 44
48 100 43
4 103 17
52 122 37
92 118 28
60 124 14
71 77 43
96 100 7
97 99 50
44 85 9
48 78 2
50 94 0
120 125 20
81 122 34
34 120 31
112 121 11
17 45 36
68 74 52
54 104 19
98 129 9
113 113 13
63 117 25
90 96 49
92 102 4
114 122 4
123 126 54
13 35 32
73 90 39
95 122 60
38 119 42
63 99 45
7 30 40
98 114 60
27 108 52
83 83 21
128 128 60
69 105 32
4 81 3
44 57 35
9 66 51
41 102 23
4 20 21
74 81 59
82 93 17
65 66 1
9 12 3
7 110 27
20 93 25
34 72 11
1 83 48
101 119 3
70 127 1
7 103 25
36 104 24
75 89 2
67 79 55
102 120 24
1 99 52
123 125 9
100 121 5
80 86 10
12 83 41
17 70 29
112 129 29
51 52 27
83 88 24
21 89 15
104 126 46
108 110 32
128 129 44
38 116 8
63 95 35
99 122 12
109 128 8
113 122 60
70 116 14
48 98 54
115 116 56
0 91 3
4 107 43
90 114 44
31 53 57
73 123 15
79 106 7
6 24 29
68 75 43
49 126 21
99 126 37
100 102 36
59 108 3
0 6 2
5 56 47
101 101 23
108 109 4
78 109 16
88 100 25
17 55 4
10 47 25
14 112 8
83 103 39
40 127 39
97 121 37
59 90 34
86 117 31
17 62 56
48 125 12
11 93 54
82 128 16
51 129 3
83 101 45
83 115 2
97 118 1
15 21 26
37 70 51
107 126 5
127 129 27
97 105 39
31 50 51
72 119 2
96 118 58
13 37 48
76 82 44
5 7 13
43 95 5
92 93 43
75 98 10
65 73 60
123 123 57
67 94 14
54 62 21
26 100 56
46 100 55
85 125 6
19 38 37
20 23 47
18 40 29
88 114 30
5 107 12
27 76 23
26 53 47
58 128 59
91 108 24
36 95 34
108 118 33
113 115 45
84 98 32
111 123 7
79 107 43
10 35 9
76 115 38
49 49 60
46 70 53
80 107 29
118 124 55
49 117 40
82 127 39
16 16 5
58 129 53
41 75 9
61 123 40
25 85 57
54 67 45
95 124 4
12 21 25
51 123 29
19 41 48
106 108 13
82 100 14
36 58 34
75 118 4
51 92 24
78 94 54
39 87 15
122 126 24
19 68 18
8 83 40
77 87 20
98 122 57
44 89 24
95 116 39
62 80 2
80 115 33
76 111 35
119 120 44
11 107 50
0 125 21
126 127 45
2 10 19
23 96 43
76 128 30
121 127 31
71 91 24
104 121 9
29 55 52
3 39 58
106 119 22
36 115 39
91 116 54
7 98 3
38 111 1
5 48 10
74 117 22
67 80 40
62 65 38
62 93 36
99 103 35
43 97 16
116 120 40
47 74 19
75 121 9
55 55 20
83 112 1
80 118 52
104 114 7
29 70 45
53 92 39
59 88 50
108 126 26
64 114 29
21 88 3
69 90 9
112 123 47
60 94 13
24 36 36
56 110 6
84 107 48
118 118 45
42 55 39
94 104 34
34 121 20
18 63 1
33 38 9
32 122 46
41 80 45
58 109 40
21 62 30
90 115 8
112 113 18
105 119 43
53 55 35
109 118 55
45 100 14
27 56 15
80 89 12
122 128 3
11 45 42
126 126 36
8 91 49
90 99 55
47 121 10
73 79 28
104 113 9
116 125 53
79 113 47
45 86 50
21 37 0
69 84 20
45 61 53
68 81 25
82 102 60
72 102 41
29 56 35
71 84 25
76 125 13
24 116 18
51 75 53
116 123 58
15 28 23
113 125 43
88 88 7
71 125 46
23 106 44
69 103 56
16 39 6
81 127 44
101 113 23
51 54 34
44 96 4
74 92 7
74 121 40
97 127 57
107 129 27
57 70 52
46 47 1
123 128 45
14 31 54
75 84 9
33 100 28
64 73 16
49 104 30
58 106 23
99 116 13
46 46 42
2 22 24
51 99 5
106 120 37
121 122 4
77 126 39
21 113 48
80 122 25
105 114 50
84 84 51
107 112 57
109 110 43
44 63 42
23 76 30
98 106 55
78 117 4
29 123 22
11 110 57
49 54 60
18 29 16
21 96 47
7 37 23
20 85 12
53 75 36
94 129 17
87 95 13
112 128 0
99 105 4
22 30 20
21 33 38
67 76 35
17 95 56
18 114 9
102 118 24
79 117 4
65 90 56
83 111 29
1 95 17
41 67 20
44 50 36
95 119 16
108 113 22
103 118 35
10 28 24
19 115 13
76 84 32
117 126 4
98 108 5
52 129 17
48 56 33
115 125 3
39 107 24
26 60 5
88 95 42
54 56 1
27 38 47
11 76 45
117 123 46
58 115 17
4 82 6
78 114 51
114 129 35
93 113 39
40 83 8
7 25 17
52 96 39
104 120 19
102 105 17
34 90 59
95 118 57
66 76 15
44 92 32
26 110 59
42 61 16
100 126 14
59 109 41
32 37 58
6 82 40
37 62 55
39 67 43
94 101 29
2 120 47
37 100 22
0 82 1
70 88 31
16 90 28
76 92 58
102 103 45
97 114 14
36 70 18
26 49 54
35 96 5
112 127 20
28 100 28
30 100 40
1 101 5
111 115 24
12 12 9
107 124 11
110 112 12
11 128 14
119 121 46
1 58 13
17 33 9
64 113 52
17 124 19
20 58 49
116 119 23
38 54 13
29 92 1
4 128 15
24 79 55
64 99 26
43 79 20
27 63 57
62 85 19
40 87 46
23 71 28
113 129 48
48 102 6
36 45 56
45 111 29
36 117 7
9 55 6
124 129 1
109 113 46
121 125 49
79 84 53
28 71 27
110 127 14
44 113 39
6 64 8
72 97 14
72 101 17
44 75 29
10 79 12
44 82 49
6 55 60
61 107 31
45 89 2
81 105 22
67 84 25
54 65 25
8 24 24
59 117 58
64 64 24
57 73 21
12 80 55
112 115 42
66 113 1
86 96 40
101 108 19
64 120 53
97 117 25
50 51 39
80 125 5
65 101 31
21 115 41
42 67 54
98 105 27
83 90 20
98 117 18
124 127 30
106 127 13
43 73 31
12 19 11
96 119 29
94 118 1
90 102 21
9 32 46
122 127 24
106 109 41
40 116 48
84 94 19
35 71 9
114 119 23
39 126 46
52 116 3
69 71 27
81 103 2
98 103 30
9 90 53
25 103 56
3 102 32
30 55 3
104 124 4
56 102 8
72 91 7
110 125 8
5 8 54
114 127 57
97 122 8
110 124 42
75 128 42
120 126 46
106 122 14
4 62 55
75 83 40
27 74 0
98 104 8
90 100 40
61 91 8
32 127 7
8 66 24
84 86 20
58 78 8
31 31 15
39 46 30
114 116 23
7 32 8
57 99 54
51 105 24
5 84 54
34 88 35
45 55 15
77 84 54
64 67 46
15 26 3
114 128 16
98 112 51
84 102 14
11 17 27
3 73 56
83 109 37
10 15 5
25 92 42
24 128 25
42 124 11
3 99 24
3 57 40
65 81 23
59 94 45
7 67 46
34 104 19
98 107 54
61 122 57
107 128 23
106 107 45
59 97 30
40 122 43
91 126 19
98 101 11
65 104 13
90 95 33
72 84 39
68 98 18
117 127 29
67 106 17
35 35 10
73 87 53
37 92 20
32 82 14
6 124 40
56 120 30
27 71 27
74 89 22
64 121 10
2 105 60
31 95 20
21 44 56
69 89 26
100 124 25
39 74 31
54 123 28
48 119 44
73 99 8
31 85 21
6 68 51
112 117 43
25 101 11
2 65 13
33 36 31
73 80 39
72 116 10
51 56 16
102 115 36
125 129 43
112 118 53
45 120 39
49 57 47
39 128 21
53 129 57
71 126 2
74 109 20
96 113 5
14 41 31
87 91 47
58 64 12
82 117 6
48 67 53
115 115 46
54 115 22
34 81 34
121 129 46
67 114 16
25 116 20
82 126 53
39 57 7
47 67 51
25 113 25
3 111 40
18 90 7
19 62 25
124 128 50
77 107 36
33 101 55
67 69 30
91 120 4
56 76 40
18 48 48
77 117 10
55 94 58
72 123 0
90 93 49
94 112 32
4 67 45
38 112 5
97 108 57
108 128 11
72 118 59
57 57 50
105 120 56
105 106 31
23 52 60
87 105 3
26 122 46
14 59 36
4 99 35
22 70 26
27 97 21
44 108 60
30 47 36
61 118 38
107 119 53
16 114 23
12 96 30
41 100 56
89 98 32
10 14 26
50 103 58
61 105 0
30 111 57
2 112 40
98 118 22
26 46 31
88 101 47
29 30 34
1 79 43
64 108 40
62 103 59
119 126 44
89 127 12
71 109 2
83 129 1
82 105 52
56 95 1
29 37 17
35 75 17
35 76 38
120 120 9
100 115 16
34 129 37
6 123 28
75 77 22
93 97 25
102 121 23
19 118 24
12 78 28
62 113 2
8 40 41
69 87 1
38 87 23
20 128 49
23 84 57
55 112 43
18 117 21
8 37 40
91 122 44
76 95 53
8 115 10
42 52 58
71 119 43
6 110 20
56 98 42
54 95 37
98 124 35
40 91 49
11 99 1
42 49 3
96 106 51
46 120 26
25 36 50
112 122 55
48 55 22
88 109 52
5 120 32
39 94 18
92 98 33
100 123 46
49 74 43
73 108 23
4 114 20
47 84 54
66 93 38
51 128 9
71 92 1
14 50 30
45 63 9
70 113 37
32 57 29
87 129 1
30 118 56
110 110 29
122 122 47
9 81 30
67 118 40
72 103 6
93 114 1
111 126 58
51 125 48
51 119 36
2 46 21
59 59 31
87 106 41
85 99 24
7 99 22
103 124 37
1 37 26
61 93 2
29 65 51
67 129 14
120 127 10
51 60 38
63 64 38
82 89 38
25 117 6
77 129 59
68 118 42
77 127 11
30 69 45
72 95 31
46 49 22
114 123 6
81 111 20
118 121 24
2 33 14
5 43 57
55 104 13
44 46 52
37 55 11
87 123 35
65 117 13
46 83 13
5 34 35
51 98 43
81 99 10
36 119 36
26 75 37
88 123 39
56 127 33
14 22 37
96 102 27
39 115 54
58 105 26
16 120 3
82 84 13
78 120 33
36 47 43
25 127 12
95 102 28
103 126 32
25 60 13
71 108 36
117 125 54
122 123 13
96 96 57
72 105 35
69 77 0
62 122 7
2 94 7
38 123 14
92 99 24
117 120 14
114 125 51
97 109 59
74 99 16
99 102 30
22 22 25
11 20 50
92 94 5
29 109 15
32 62 55
4 77 50
32 68 12
16 118 60
79 94 52
68 90 27
27 107 49
57 65 5
112 119 44
20 116 36
79 95 1
75 78 4
57 118 4
113 118 11
16 97 0
28 126 38
106 129 37
39 80 55
13 15 4
83 106 26
13 112 51
46 84 41
2 9 34
23 82 33
26 111 45
50 69 26
102 111 11
22 39 30
67 86 12
42 123 6
60 97 8
6 83 37
18 91 60
68 115 49
32 35 23
83 123 52
40 42 13
40 79 18
14 77 10
14 86 56
9 93 33
75 114 42
101 126 48
13 110 7
97 111 44
24 26 31
40 73 49
12 58 13
1 86 11
37 120 24
117 119 0
48 103 55
102 106 36
119 123 12
71 127 59
106 115 41
54 84 37
5 26 27
7 81 29
83 86 42
45 50 33
80 114 22
45 108 22
44 49 28
73 117 41
28 84 39
107 121 32
77 115 20
7 46 58
87 87 12
39 117 26
105 126 49
45 76 45
98 120 58
90 90 54
86 112 7
11 121 60
76 88 10
0 59 7
112 125 4
8 108 45
46 99 32
47 48 9
57 76 4
116 116 58
60 115 47
54 114 41
4 119 2
28 121 38
63 70 10
90 122 46
38 59 53
28 36 55
34 58 4
48 109 56
115 122 26
46 52 0
58 116 15
45 59 42
94 121 14
107 118 37
71 80 60
79 126 34
33 116 49
29 76 10
6 12 4
70 110 42
94 109 24
49 103 52
120 129 31
8 56 30
118 122 39
41 57 23
39 101 10
15 51 50
6 80 3
34 93 55
69 122 27
4 48 55
48 101 53
48 105 2
14 19 46
17 43 45
66 118 31
4 29 39
1 49 46
20 48 21
116 127 48
59 70 10
121 128 13
72 113 53
25 77 17
1 90 33
101 117 58
75 127 41
99 124 12
12 71 10
44 59 14
37 79 56
105 113 59
55 95 39
6 38 52
68 99 31
99 111 14
14 117 27
42 116 56
61 73 9
14 62 4
66 68 31
82 121 5
30 34 27
41 109 0
17 35 58
90 91 13
70 124 31
56 71 10
28 128 6
72 124 3
52 93 23
105 111 36
65 114 40
0 40 6
22 122 40
101 128 52
0 114 38
42 114 8
95 112 18
54 75 26
96 112 51
55 67 58
51 72 52
12 36 37
117 129 9
57 60 34
4 110 34
59 103 7
93 109 56
108 127 21
79 79 7
18 125 37
112 120 31
107 117 57
105 105 59
100 108 25
91 106 53
2 74 19
18 71 22
5 41 15
61 66 46
100 127 5
76 101 9
42 95 45
4 79 14
53 77 48
83 118 18
73 85 44
123 127 24
6 41 51
70 119 39
79 89 54
20 61 33
23 69 2
72 126 47
75 119 18
61 97 26
99 110 16
102 113 22
38 96 42
99 123 36
106 128 6
70 70 36
29 89 58
53 97 16
62 83 15
102 122 3
118 127 4
46 127 22
81 84 18
114 126 59
74 115 56
10 16 4
10 26 26
125 127 40
97 115 38
13 79 59
26 124 51
70 121 28
21 61 42
11 100 36
37 37 35
84 96 9
102 129 19
59 77 6
101 102 48
53 63 36
92 127 46
56 70 33
33 122 48
67 127 27
72 92 13
67 105 11
89 109 0
90 108 6
24 37 50
91 96 9
43 107 2
7 91 28
60 76 42
52 102 50
84 114 45
16 64 54
117 121 3
58 58 4
30 62 42
40 75 42
83 99 30
67 113 42
85 101 19
31 103 48
52 66 55
19 60 19
77 120 54
49 61 49
118 128 54
87 124 7
47 117 4
71 118 15
39 76 55
34 65 18
84 123 28
33 49 29
32 60 16
13 107 10
61 84 29
110 122 59
4 37 8
127 128 54
47 102 17
93 105 42
103 117 36
8 77 22
34 48 5
73 127 48
79 101 32
2 35 32
8 27 20
9 129 24
44 66 14
28 123 14
100 114 22
24 29 16
54 64 30
90 127 50
64 70 56
17 82 24
66 109 34
16 21 22
70 79 9
33 89 15
111 111 36
114 114 15
60 85 60
116 118 44
42 97 45
69 109 1
24 125 35
101 127 0
39 91 31
35 53 14
38 77 6
44 48 22
82 90 2
74 88 52
83 94 11
14 24 5
103 122 58
16 35 28
91 93 42
20 26 10
106 117 36
3 90 47
8 23 24
52 55 10
18 28 36
34 100 32
99 118 60
34 69 6
33 55 17
29 31 37
52 123 7
29 75 11
9 115 26
94 124 4
113 126 58
89 96 34
23 104 51
72 117 25
44 81 7
91 113 52
24 103 51
53 121 51
89 115 31
76 118 20
33 35 40
101 114 6
40 78 13
59 69 43
90 129 58
87 100 28
11 77 25
60 105 52
22 83 10
11 53 26
105 117 6
2 41 56
86 106 25
37 112 25
93 93 48
69 125 9
79 102 57
108 125 17
32 77 57
99 107 0
55 96 9
26 121 34
6 99 29
72 73 29
31 74 23
29 58 45
118 126 20
71 98 36
46 54 28
107 109 6
85 90 38
69 110 50
48 57 13
109 120 3
35 89 56
47 110 52
96 126 28
45 94 4
6 23 54
91 127 17
69 113 35
77 106 22
93 98 20
57 64 57
61 69 40
49 65 51
76 114 39
52 110 28
45 116 50
104 109 6
37 95 48
106 112 1
97 103 36
37 40 44
20 110 32
0 108 60
27 100 53
53 110 15
1 123 25
6 20 53
101 123 41
69 81 25
2 118 13
20 94 22
75 82 34
49 62 35
50 83 19
84 106 16
74 86 24
42 82 3
85 126 38
112 126 18
116 129 44
12 46 18
115 119 8
67 107 18
18 120 33
15 128 44
26 41 48
110 111 29
61 106 47
82 97 8
32 119 56
58 68 7
68 121 48
13 75 28
117 128 57
62 86 20
30 125 25
58 97 40
54 81 58
57 114 9
81 97 10
16 57 11
39 85 11
115 123 48
103 119 3
22 112 2
21 71 12
96 101 60
86 108 26
61 96 14
44 69 3
24 118 26
40 63 31
35 94 10
50 85 57
77 77 47
12 118 36
39 58 30
63 80 47
6 79 45
67 126 43
24 86 29
95 117 36
32 69 27
113 117 27
23 83 35
14 126 40
50 52 54
109 121 5
4 51 46
42 108 30
49 70 22
118 119 36
118 129 35
47 100 42
42 93 58
38 62 60
50 110 15
124 125 22
0 20 34
53 115 23
24 109 59
45 82 9
35 118 3
19 93 44
80 99 22
87 119 3
47 93 28
96 97 25
104 129 0
89 92 22
3 100 22
4 89 2
31 43 36
124 124 39
40 86 18
28 87 59
15 60 24
117 118 59
86 100 47
100 105 25
50 112 11
53 124 55
85 95 30
88 116 52
89 123 54
15 123 4
22 79 9
10 81 43
79 93 60
82 106 56
3 33 53
68 123 14
94 111 45
83 113 37
43 84 4
115 129 31
16 25 45
61 82 14
71 102 58
9 46 51
81 119 0
66 85 23
119 124 16
37 54 46
58 113 48
88 111 9
54 121 19
62 68 35
83 120 23
87 90 6
31 126 44
109 125 7
93 94 19
41 50 21
56 115 28
37 68 51
47 94 18
100 107 24
55 84 55
32 125 6
101 111 50
46 66 29
83 104 40
26 105 45
119 119 12
21 35 44
95 101 8
38 38 52
96 123 10
80 117 18
43 85 23
61 87 11
70 104 27
63 110 22
33 70 49
74 91 59
15 93 44
113 127 29
58 114 13
51 117 57
91 109 29
17 120 1
15 88 47
6 46 56
78 129 45
110 116 7
94 108 17
36 76 58
2 53 43
53 68 8
43 71 32
47 105 57
41 74 11
41 105 29
20 122 16
31 54 45
74 106 26
20 52 30
54 90 2
0 86 56
60 62 40
69 96 59
8 49 3
82 104 57
75 87 13
46 129 40
81 89 60
86 101 53
26 106 4
66 106 39
92 115 44
45 118 8
115 124 17
37 114 20
24 88 34
44 44 14
72 86 17
68 106 21
67 99 28
12 70 30
10 41 57
0 127 55
31 55 28
96 105 54
67 81 60
69 117 35
103 111 37
68 113 35
31 81 21
32 111 27
8 19 24
22 124 15
28 43 2
54 60 9
65 77 12
38 117 42
114 120 7
41 59 45
6 96 48
81 81 24
30 116 39
89 101 15
82 124 40
57 111 55
103 123 38
79 111 34
31 83 43
102 102 26
69 123 16
1 61 12
47 87 24
98 111 12
53 126 38
30 88 42
23 56 57
5 62 24
103 110 41
79 99 5
56 126 39
71 74 47
71 106 26
19 81 54
58 126 50
5 57 14
63 102 35
23 50 3
120 122 39
5 37 52
14 61 40
18 79 31
86 95 58
84 115 44
38 91 11
62 97 43
88 118 58
35 125 59
3 116 50
97 100 50
82 111 9
20 63 41
14 17 20
30 93 22
44 124 15
72 80 33
2 98 54
12 25 47
39 53 30
31 76 48
27 68 34
113 116 34
88 122 3
104 107 15
80 120 9
109 122 56
22 129 44
16 72 43
39 75 13
35 66 36
83 102 34
108 124 1
25 89 2
8 123 45
87 121 36
26 67 50
76 83 54
64 91 48
59 120 31
68 69 13
85 112 36
56 59 59
39 89 50
74 84 20
7 120 60
29 129 55
118 123 52
12 17 11
43 43 13
34 37 1
89 93 25
87 118 9
49 75 47
12 50 20
79 114 58
111 125 17
10 42 28
102 104 55
31 35 59
30 101 54
28 72 9
4 124 17
28 92 24
40 93 8
102 112 0
50 121 16
99 115 24
62 115 21
57 113 27
43 76 23
35 73 46
23 46 18
60 70 7
88 97 3
51 109 59
5 47 51
85 109 46
12 121 59
86 104 18
80 119 8
72 98 35
14 97 16
2 49 23
52 117 46
7 15 44
1 119 2
40 112 45
0 65 36
61 114 5
80 108 10
42 126 38
30 40 55
45 103 14
40 92 59
43 64 32
34 78 48
3 109 25
25 100 49
21 112 1
51 122 52
48 82 16
98 123 32
74 125 40
64 107 21
0 95 60
84 92 37
17 122 46
17 18 36
47 72 35
87 127 0
99 114 21
121 121 15
59 125 59
83 124 0
34 103 23
12 54 6
110 113 19
17 86 53
105 109 24
36 51 43
23 74 54
26 38 39
6 49 30
69 93 38
86 126 40
62 74 60
57 109 44
29 49 15
62 81 15
1 96 5
76 123 0
108 121 43
21 114 25
24 77 4
53 56 40
71 89 51
91 94 44
72 77 41
115 121 49
8 121 39
77 98 12
101 124 60
37 85 24
77 99 17
77 83 58
79 123 50
61 71 13
32 45 28
9 49 0
60 103 4
6 111 52
3 119 54
115 126 23
62 102 54
37 109 51
39 56 5
25 104 8
111 114 51
8 53 11
26 43 38
73 116 57
17 125 56
0 106 49
88 106 18
12 42 53
23 44 33
91 105 31
46 72 12
19 112 57
12 77 40
107 110 21
13 65 21
24 43 54
4 14 0
78 123 11
109 114 13
50 57 57
77 101 42
10 58 18
6 109 37
26 129 28
2 103 52
55 109 40
63 111 27
5 88 12
108 119 43
57 74 1
41 64 32
80 81 34
50 63 6
93 115 54
81 124 46
94 125 32
21 57 56
8 9 54
56 109 26
58 72 28
10 121 32
28 105 56
9 84 52
41 114 10
74 83 60
86 115 53
47 85 15
84 108 39
39 63 14
40 118 22
22 121 7
58 121 55
111 116 15
78 126 24
31 128 16
68 117 53
12 20 39
6 13 53
115 128 58
18 121 1
111 117 10
54 120 18
116 117 17
101 107 1
49 106 20
108 111 5
23 45 1
10 118 19
74 110 2
75 90 57
109 116 60
36 86 20
36 36 31
59 93 8
30 74 36
60 77 43
104 127 48
55 66 9
63 124 20
20 53 36
50 129 17
63 105 55
28 33 6
27 93 53
19 120 3
25 52 15
29 90 50
65 80 7
73 82 10
120 121 7
24 70 41
59 116 18
80 112 53
107 122 14
51 101 12
82 112 60
84 89 10
83 108 42
84 88 6
18 89 40
100 120 35
109 117 21
71 103 35
22 32 2
29 79 23
51 59 57
21 126 5
23 26 31
81 121 39
45 110 20
26 73 43
8 96 10
29 67 50
44 79 36
62 120 51
67 71 49
27 35 55
101 118 60
94 122 21
48 48 23
103 107 35
4 74 34
71 112 23
76 109 25
3 95 9
32 84 21
5 45 26
42 77 26
22 89 53
65 123 3
34 112 18
93 123 1
61 111 18
20 43 28
56 85 27
49 91 28
11 116 57
9 77 56
80 105 29
107 116 55
31 39 15
67 88 7
29 52 41
58 61 7
7 73 29
45 51 50
50 118 7
32 109 20
64 128 40
16 80 55
63 106 25
89 104 46
61 92 33
39 98 38
61 70 49
13 34 58
43 56 8
17 99 36
105 122 16
17 66 22
77 97 37
105 118 43
85 129 13
85 105 59
38 56 4
55 85 11
11 71 46
86 121 9
80 109 58
111 127 58
36 66 14
91 103 41
39 97 15
45 75 32
29 106 8
42 121 10
41 44 34
39 99 6
2 54 51
50 124 14
46 115 6
37 61 58
59 86 21
13 39 49
46 91 24
21 107 56
52 128 58
56 121 5
37 91 39
31 120 4
108 114 34
24 94 24
20 84 41
21 30 7
44 115 15
74 85 53
107 127 57
59 95 36
44 95 19
13 54 41
61 129 42
28 102 41
6 47 38
19 89 13
53 99 26
36 73 24
34 46 2
108 116 44
56 89 44
34 40 44
43 58 16
105 110 3
4 15 6
54 54 41
34 64 2
11 42 29
5 118 58
75 123 4
54 103 48
85 123 34
48 106 38
28 30 56
125 125 53
90 104 11
17 114 11
49 59 60
11 44 15
23 37 9
97 120 16
84 91 37
34 123 34
29 103 23
96 128 54
49 72 60
95 103 16
49 52 41
0 35 8
49 58 36
55 70 15
15 23 0
59 76 17
0 90 40
113 120 10
110 126 45
69 124 12
32 81 35
111 129 46
74 102 48
64 87 16
28 78 3
74 123 17
11 66 46
20 33 37
104 128 50
101 125 8
38 50 4
79 105 10
92 117 36
12 75 43
102 125 8
93 129 45
19 64 42
55 68 9
49 76 16
57 90 43
7 62 57
102 127 34
16 96 13
51 120 20
86 110 56
67 87 37
87 94 20
27 98 38
67 72 12
90 106 24
28 79 24
78 122 31
42 118 28
10 103 56
76 105 47
105 129 19
54 105 38
67 68 0
44 60 37
103 129 32
13 96 12
85 128 0
31 119 39
38 57 21
62 94 54
0 50 48
43 101 51
20 88 24
43 112 49
29 47 38
110 114 58
63 79 8
28 48 45
53 100 36
25 105 12
98 126 24
34 49 49
70 105 23
80 85 37
69 94 12
7 66 60
22 78 49
27 45 60
103 106 45
112 114 11
101 110 15
116 126 59
52 109 31
88 113 5
90 118 55
62 77 4
40 57 48
110 128 28
5 80 45
29 96 31
65 111 32
22 74 9
4 105 48
112 124 4
36 49 14
52 78 25
66 77 5
98 100 7
42 59 26
15 71 14
103 113 45
23 98 33
8 82 36
20 39 60
92 119 40
20 44 24
11 59 56
36 109 43
108 120 56
94 98 11
29 101 44
38 72 7
7 80 24
35 105 59
81 109 11
50 79 0
26 55 17
22 101 22
16 121 12
38 73 52
74 93 2
90 110 18
36 62 6
46 88 53
67 111 1
1 84 1
77 124 28
77 78 44
85 92 57
52 86 49
79 97 43
50 128 8
43 106 55
31 51 54
95 98 23
108 108 41
16 50 43
115 118 22
58 71 9
36 63 39
45 71 9
14 44 5
24 102 33
59 124 59
99 119 4
29 128 11
33 125 40
48 112 11
94 110 31
103 116 52
38 114 7
90 128 9
78 88 18
6 112 0
53 120 38
29 60 40
70 108 12
2 16 21
12 98 24
46 76 37
117 117 18
86 124 23
4 40 23
60 117 40
10 94 37
53 71 35
45 106 5
60 90 59
37 94 40
76 93 3
78 110 29
16 32 45
62 90 9
34 96 57
29 116 31
66 71 40
45 62 26
18 47 33
24 107 27
28 89 37
81 83 6
42 57 54
35 115 6
96 129 14
95 96 50
74 124 60
67 73 22
34 95 55
118 120 32
101 121 14
104 115 7
39 43 8
3 128 41
13 90 0
44 125 35
49 127 14
17 96 36
57 95 58
3 124 1
54 82 29
89 102 16
86 127 0
14 23 12
34 115 8
78 119 30
19 34 41
17 102 12
90 92 28
90 103 44
86 113 53
37 113 26
121 123 60
50 115 28
3 85 38
16 124 26
41 95 6
95 108 22
5 87 13
66 107 29
25 112 55
46 102 14
96 108 7
6 94 46
4 5 20
68 105 44
120 128 46
19 36 45
72 127 1
15 29 45
14 35 13
106 106 22
68 89 25
6 32 1
86 122 20
62 121 9
90 107 55
30 90 13
100 129 39
6 30 52
7 115 22
98 119 12
103 115 18
80 111 7
43 51 33
51 121 58
9 9 2
41 46 30
109 126 41
78 81 49
85 108 15
42 53 8
32 34 51
14 93 28
97 107 57
83 107 37
2 70 59
60 69 11
37 101 47
46 111 24
122 124 2
108 117 40
55 77 49
1 120 15
58 79 32
14 114 28
70 77 46
52 53 38
47 86 34
53 70 11
21 105 24
92 108 18
15 57 13
59 128 8
5 11 53
72 120 30
48 70 27
93 104 55
38 46 46
34 62 35
92 105 43
26 112 3
67 103 34
52 127 54
48 120 10
74 96 4
54 113 31
77 80 40
36 118 17
7 86 43
31 45 21
3 76 45
73 92 32
75 124 5
38 118 15
118 125 19
59 66 18
91 128 53
8 99 28
105 124 6
116 121 15
80 128 25
82 129 39
42 70 38
35 106 31
81 88 9
32 49 33
58 69 53
120 123 3
101 112 50
49 90 36
64 69 8
56 62 54
82 123 43
77 82 30
80 95 60
30 84 51
43 124 49
88 91 4
20 41 13
8 61 6
26 98 18
20 90 13
97 116 7
51 57 60
43 109 22
38 66 11
39 44 56
119 129 37
22 53 34
49 50 11
41 41 26
15 126 51
43 57 3
63 72 37
81 85 37
8 84 52
28 77 13
15 36 50
74 77 26
36 128 16
11 23 2
79 125 26
32 40 56
48 116 24
92 104 46
116 128 39
67 120 30
21 76 35
103 121 57
42 51 40
106 121 22
91 117 32
64 95 43
31 106 22
41 115 17
72 96 33
100 109 32
87 122 17
90 113 51
27 90 60
7 105 1
41 108 56
96 120 22
5 128 51
37 119 54
25 67 21
100 128 7
57 91 51
41 66 43
85 91 60
27 111 57
67 67 10
60 118 60
96 104 33
57 107 40
58 86 20
17 87 41
89 106 34
4 26 3
75 81 22
25 124 9
45 109 5
25 48 3
21 55 57
35 90 25
44 120 48
92 128 41
47 92 15
20 89 38
42 78 43
101 103 32
72 112 51
58 59 34
55 101 20
43 125 8
65 82 32
59 123 36
94 119 41
107 123 59
42 73 43
75 117 52
32 75 23
87 88 4
93 120 38
5 49 28
104 108 38
54 94 60
88 105 56
36 90 19
55 122 26
86 107 4
67 116 47
69 75 52
29 111 16
16 78 43
0 44 13
58 88 36
93 112 16
12 69 57
28 59 55
19 54 51
32 46 55
10 31 55
25 73 45
31 84 48
61 128 0
75 111 52
74 103 19
40 121 8
86 90 19
22 38 1
1 105 59
78 125 53
83 119 51
111 119 26
104 125 22
41 98 4
61 99 30
65 92 19
3 71 15
88 89 57
24 34 56
46 82 7
5 50 22
54 78 44
7 40 29
36 65 21
113 119 13
33 115 33
19 95 44
17 101 55
31 57 4
27 36 36
100 112 6
74 105 25
16 33 32
47 96 41
104 106 31
85 120 18
104 123 6
96 122 21
72 122 45
33 71 50
58 84 58
17 76 13
73 104 50
80 103 23
60 68 12
84 109 54
20 49 50
27 52 34
33 123 10
6 48 51
77 104 36
19 126 58
45 66 34
23 126 7
27 30 27
5 99 43
46 96 52
77 119 54
25 39 23
92 122 21
16 106 45
59 99 57
79 128 50
48 52 46
47 107 29
36 48 26
17 117 46
73 109 26
31 67 14
17 91 6
48 60 40
93 103 21
78 91 3
101 129 57
108 129 19
8 110 20
68 129 45
22 68 16
75 116 18
47 80 6
12 14 37
16 82 15
0 53 52
56 83 12
2 40 43
19 106 46
2 8 27
31 125 3
57 106 37
90 123 4
40 59 39
68 111 9
29 77 23
13 94 59
44 72 26
116 122 18
56 69 4
24 38 31
4 98 23
106 111 15
29 43 3
64 104 11
1 12 26
44 56 50
78 84 36
54 55 17
94 115 8
71 104 3
69 98 18
81 91 19
50 80 45
113 124 10
14 108 31
12 48 56
51 104 12
46 119 40
9 11 42
39 105 40
29 32 49
63 82 17
8 28 23
8 41 37
67 117 20
109 115 54
61 76 12
49 120 14
47 53 36
42 86 42
57 68 43
62 64 35
61 112 51
23 102 38
106 116 23
33 82 0
77 123 48
19 110 16
5 30 43
0 29 15
41 110 26
64 88 8
34 35 20
110 129 49
109 124 21
44 91 37
5 31 60
10 75 25
72 125 51
42 44 52
69 97 32
78 103 39
27 99 49
9 19 59
108 112 53
72 100 40
26 65 20
37 72 45
46 89 4
59 87 31
9 113 19
88 110 23
87 126 7
109 129 20
59 68 53
72 111 29
51 86 52
94 106 0
36 78 3
10 43 58
37 67 11
7 113 27
63 126 20
12 37 34
9 36 22
88 126 38
64 75 14
102 114 49
2 20 48
105 125 54
34 126 55
68 82 36
15 77 27
45 124 48
114 124 53
104 119 30
14 70 5
37 87 11
83 91 53
42 113 5
8 89 50
52 98 39
40 45 53
86 118 4
74 112 13
70 90 8
72 94 22
111 128 18
66 112 53
13 16 55
8 114 7
37 46 39
55 127 45
60 100 24
93 96 58
79 92 38
15 33 16
11 46 7
77 96 17
33 77 2
61 79 8
25 75 46
103 109 23
108 123 23
97 104 22
34 73 32
0 38 8
88 103 42
55 90 32
113 114 12
81 107 54
17 77 7
3 48 16
27 106 10
26 92 15
25 27 54
33 111 0
26 84 41
40 109 49
42 48 13
19 92 13
109 123 12
17 112 31
31 42 42
21 21 15
27 27 12
64 97 9
49 87 4
13 44 52
93 99 33
34 83 27
78 127 29
19 43 57
98 116 32
48 83 1
5 20 16
24 33 52
34 68 8
100 113 5
8 92 25
83 85 40
74 94 14
60 84 42
82 85 4
10 71 0
36 100 0
10 92 48
95 104 31
114 117 58
65 100 28
99 112 55
52 92 2
3 53 13
1 129 41
90 98 5
2 21 56
60 120 49
31 127 42
67 125 35
23 59 17
69 83 49
62 84 54
103 125 42
84 111 40
68 119 4
29 54 14
9 18 36
25 98 18
60 107 21
3 5 60
8 93 60
53 82 3
56 103 44
20 69 57
63 115 15
71 90 14
43 52 57
2 34 22
74 116 51
19 101 10
43 67 47
86 88 52
60 60 39
59 75 18
49 69 19
47 90 25
86 120 20
12 45 27
27 54 54
97 110 3
102 124 3
53 119 2
97 129 11
94 117 18
85 115 44
92 109 6
24 35 52
2 100 28
26 95 23
31 91 31
48 50 0
51 70 57
23 86 51
38 89 53
72 99 55
53 96 30
29 112 57
8 45 55
66 114 25
47 129 12
44 77 31
60 72 7
62 125 20
79 86 35
81 104 0
48 95 2
20 36 28
89 129 42
3 126 13
15 74 38
45 112 55
24 69 34
44 73 30
49 113 59
79 120 30
42 96 37
67 96 4
98 127 37
24 66 45
30 31 4
74 114 59
9 107 12
3 74 31
99 129 49
35 93 5
30 119 60
41 70 55
57 75 42
13 30 3
20 107 48
61 62 19
15 81 38
15 16 16
81 86 5
17 80 37
46 80 30
70 87 51
61 100 25
6 35 33
59 71 29
24 121 16
107 111 13
34 85 2
59 65 13
76 110 28
9 52 26
119 122 31
59 85 60
60 65 21
89 114 36
53 66 3
110 123 10
59 82 52
37 125 56
90 101 11
94 128 44
1 13 7
36 111 51
111 121 26
10 60 25
14 125 35
13 40 22
0 10 5
82 95 1
64 92 1
41 63 13
105 123 41
16 44 9
50 88 10
56 108 10
84 101 56
57 127 23
17 93 24
18 38 51
60 112 52
66 111 60
115 117 59
110 120 35
26 85 7
68 120 35
74 78 16
103 104 41
52 120 2
58 92 29
9 75 22
60 110 32
49 107 7
90 109 7
99 120 14
1 48 24
51 114 15
72 90 35
80 126 0
87 115 0
16 119 35
23 77 0
25 37 23
19 51 52
26 37 4
50 76 1
24 31 45
19 114 2
47 127 22
42 92 46
93 126 34
46 106 1
80 129 45
42 125 8
59 80 43
16 37 45
24 32 16
90 94 57
66 129 40
5 23 37
21 49 4
73 129 10
30 102 43
44 54 39
34 122 38
76 117 25
14 16 14
53 127 5
32 51 55
100 111 8
46 58 20
16 123 12
0 52 38
4 86 57
96 99 15
77 95 12
63 121 7
28 85 54
17 97 4
100 106 44
16 28 2
22 63 1
66 121 23
52 71 50
19 127 13
23 113 26
11 75 30
18 66 40
63 112 41
94 120 35
71 72 5
25 28 7
5 60 36
73 105 24
17 63 19
2 56 58
17 39 22
95 128 19
32 80 34
43 62 24
48 54 40
89 90 50
105 116 5
52 83 23
24 87 34
21 110 40
57 128 51
71 116 9
38 85 4
61 63 45
9 79 24
45 69 15
59 112 32
80 84 49
13 118 48
51 124 24
31 73 19
100 117 37
60 61 16
11 26 55
67 102 12
40 126 28
35 72 50
15 87 53
89 111 59
31 129 35
93 125 35
78 100 13
63 84 59
16 109 4
51 127 51
35 50 17
18 119 40
19 80 23
16 93 59
100 101 43
45 119 51
68 68 14
55 64 11
70 93 13
18 106 28
3 58 15
33 99 16
46 116 56
12 124 0
21 31 46
102 108 18
65 128 8
8 117 35
73 98 3
31 34 21
87 110 24
26 104 54
106 125 49
34 70 44
52 115 19
52 67 47
46 67 39
100 118 57
57 62 5
62 75 1
89 117 19
1 125 21
86 91 25
42 46 33
11 89 46
33 59 10
93 127 45
12 111 0
11 129 12
79 98 1
53 76 53
52 77 42
36 54 0
42 100 58
52 85 54
30 97 40
17 58 39
84 129 37
71 124 2
50 77 5
32 121 49
31 44 46
98 98 28
41 88 40
42 43 40
61 116 24
92 107 33
30 58 35
65 127 19
8 26 28
11 38 25
95 95 48
70 81 23
18 80 31
102 107 51
11 36 59
8 78 36
8 31 60
23 31 54
60 127 12
35 54 23
9 42 22
5 51 26
5 46 44
84 122 36
18 25 25
50 111 57
121 124 18
32 76 44
39 104 32
20 118 39
14 73 59
76 116 40
70 76 30
81 120 23
114 121 39
27 60 47
8 48 59
36 44 54
88 92 35
72 114 11
37 76 29
23 38 51
57 104 42
7 54 27
2 97 47
38 58 45
35 122 0
38 55 17
8 124 2
94 100 20
56 101 49
47 55 49
52 65 15
105 127 10
63 108 37
36 97 30
83 93 3
20 113 52
1 56 6
7 106 29
96 107 44
66 89 1
97 106 15
33 75 22
43 66 46
23 124 38
39 61 19
47 91 26
111 118 49
7 121 56
57 80 9
6 129 41
9 95 7
102 119 50
15 98 3
16 92 48
24 98 59
22 92 18
84 110 58
44 93 22
9 24 39
50 68 55
57 108 35
6 67 3
63 104 29
0 47 24
31 64 41
80 123 19
25 33 42
15 31 55
39 86 36
43 88 17
5 89 12
38 84 49
22 64 39
81 102 52
87 108 27
46 97 44
93 100 21
100 104 30
69 129 1
30 110 18
11 74 42
87 114 50
22 82 38
74 95 5
84 118 56
51 110 43
0 68 51
36 122 46
47 47 54
62 69 45
21 70 2
6 119 44
10 27 56
10 69 31
71 78 35
37 53 21
81 123 48
40 114 45
87 97 45
15 115 5
22 44 43
48 85 59
12 53 27
62 66 22
20 54 37
96 98 11
28 101 36
2 62 6
48 69 48
19 65 20
104 112 5
33 53 20
89 103 36
32 102 0
5 63 26
72 88 17
0 60 55
42 56 57
25 107 2
23 36 37
34 110 42
35 79 19
81 116 34
75 115 8
106 114 6
53 98 20
60 91 24
18 23 47
42 58 44
48 73 52
77 88 14
9 54 36
10 102 39
33 105 22
0 72 12
89 125 25
38 83 47
97 126 59
64 122 47
11 22 19
87 113 2
50 65 0
19 85 26
51 96 16
62 72 47
3 54 4
68 84 17
106 123 27
7 78 15
26 123 17
89 108 35
48 86 14
51 90 38
55 121 39
16 111 31
21 50 46
102 128 14
1 71 24
1 107 54
10 127 39
15 24 14
70 84 8
69 121 28
5 129 29
53 85 54
49 108 52
39 73 38
96 127 26
107 120 4
26 97 59
48 115 48
89 97 30
104 105 52
10 78 24
35 38 57
18 104 18
28 95 16
7 87 47
15 22 41
73 103 17
38 100 52
74 118 43
1 22 56
75 125 41
13 63 5
42 105 10
10 90 7
78 86 36
15 70 24
8 88 27
89 128 26
49 97 16
24 80 11
81 95 43
38 76 25
78 116 39
65 116 2
30 96 55
51 64 6
1 117 42
48 51 57
35 108 20
86 99 48
78 93 21
16 98 19
30 64 4
57 86 41
60 106 31
75 107 37
25 30 16
88 93 22
57 84 53
9 64 57
41 51 40
69 91 37
52 87 16
21 78 49
4 11 51
95 127 5
53 62 52
96 124 49
59 61 47
15 27 8
84 125 2
61 86 25
15 20 35
81 126 34
6 115 2
8 29 50
17 98 42
26 91 53
77 102 40
36 53 44
74 101 46
30 65 53
38 41 4
21 95 19
20 77 59
87 101 44
74 111 41
73 74 0
76 94 59
25 97 59
45 92 17
28 62 28
60 102 0
41 79 4
89 113 7
21 51 27
67 98 26
94 102 44
70 103 55
33 54 33
32 107 57
73 97 29
31 99 40
4 117 5
71 113 28
0 25 35
113 128 56
75 105 12
32 126 28
50 127 43
49 60 21
40 64 56
29 84 11
47 115 8
16 45 15
92 116 49
10 45 14
33 104 46
57 93 57
40 76 28
1 126 12
34 42 22
63 116 17
40 54 23
101 104 48
97 124 0
91 92 38
93 121 37
97 113 2
47 78 19
80 90 26
111 112 51
109 109 5
28 55 57
107 108 10
32 61 42
24 25 21
96 109 26
78 85 7
5 35 10
34 77 17
19 33 15
39 123 25
14 48 54
71 107 42
90 105 33
19 77 31
64 125 47
33 112 55
54 106 7
37 82 51
101 106 26
2 76 11
97 98 7
19 103 12
62 107 34
41 101 43
38 120 28
19 70 7
7 100 25
53 81 39
29 57 1
30 39 33
72 81 25
27 40 23
94 126 35
36 64 38
15 41 3
1 60 42
84 119 45
80 97 18
47 126 41
104 118 51
53 83 44
85 86 28
69 126 3
59 64 36
62 126 3
1 5 13
17 46 40
2 121 33
13 128 45
79 91 15
93 124 47
10 49 12
38 101 45
95 107 14
70 118 34
67 110 60
7 75 27
84 124 34
8 16 57
52 59 52
86 128 27
70 117 36
27 66 11
75 102 54
63 118 21
48 123 17
2 48 17
75 97 6
61 126 28
22 69 27
64 112 26
8 34 14
0 113 32
48 96 30
88 94 32
9 45 33
12 67 13
1 72 20
61 119 0
51 79 56
40 100 54
33 63 54
28 67 8
50 98 21
60 113 34
96 116 49
23 66 51
90 111 5
63 103 59
28 58 22
4 95 18
23 128 36
15 50 54
67 75 11
15 101 57
30 122 49
56 113 9
44 83 40
93 101 47
65 84 50
37 128 47
81 90 47
7 85 56
41 99 14
1 70 35
6 72 45
47 98 59
35 82 50
54 69 1
15 105 44
88 98 56
29 61 42
52 112 28
41 69 22
116 124 40
46 73 12
1 63 49
41 119 51
79 129 11
62 106 1
7 89 29
84 105 9
9 72 45
42 107 4
8 126 40
11 72 26
11 83 60
8 120 38
73 88 33
55 72 49
15 54 47
39 64 18
17 52 54
40 94 2
86 103 6
0 27 54
117 124 49
29 45 42
68 85 35
47 97 7
19 55 22
49 63 39
28 115 39
21 36 19
73 128 35
48 107 12
33 86 41
35 44 26
33 48 3
85 114 28
80 113 29
14 109 31
91 99 32
31 110 42
70 128 11
97 125 40
45 56 44
60 83 7
25 114 28
41 126 10
100 119 8
50 56 31
41 72 56
20 95 41
80 98 54
23 42 37
5 97 8
4 75 17
106 126 31
28 99 25
58 75 24
5 106 1
81 117 6
66 128 34
35 102 31
54 61 3
44 114 7
0 111 13
15 80 25
6 57 16
88 108 56
6 58 25
24 47 22
79 119 57
114 115 33
105 108 28
44 88 52
5 94 15
58 70 13
37 49 54
15 125 55
44 53 1
67 123 50
49 111 8
82 107 41
92 111 57
25 119 48
23 107 28
91 121 10
59 127 15
87 116 1
13 99 4
38 98 9
105 107 12
14 57 8
39 88 60
6 93 15
14 94 14
66 72 53
16 53 3
3 66 7
57 63 56
15 38 48
56 79 33
110 119 45
55 58 55
8 129 32
68 122 60
40 128 59
32 98 27
3 50 45
30 38 6
95 120 11
75 120 12
42 98 26
73 110 37
10 52 44
2 13 17
63 81 12
29 113 26
86 102 45
73 111 51
21 87 35
78 97 47
0 100 56
73 81 30
35 47 16
53 128 38
6 122 6
5 61 45
19 125 2
72 87 21
13 55 4
13 74 35
50 107 35
12 26 32
39 103 4
58 80 39
104 122 27
28 90 30
35 113 8
28 106 59
34 36 36
40 77 40
65 115 16
45 84 50
16 69 50
95 111 29
29 104 52
17 81 54
36 94 45
51 113 33
45 114 20
30 43 14
22 128 33
20 109 5
77 105 24
82 94 50
78 96 60
35 46 15
5 73 55
52 118 39
80 121 59
30 79 5
19 105 14
34 57 4
8 32 56
13 69 41
29 42 19
70 115 57
79 83 6
33 88 31
1 104 52
32 124 6
19 27 54
36 123 19
85 94 36
6 120 18
48 122 1
6 121 1
4 41 33
48 66 48
36 56 54
2 36 40
82 83 55
45 81 29
95 109 41
41 112 53
16 99 13
11 78 43
31 122 31
103 105 23
90 112 39
53 59 46
25 49 23
80 101 1
27 39 10
18 37 60
6 29 34
23 119 38
34 43 11
1 109 43
68 95 58
54 92 10
6 7 20
51 102 26
49 105 58
15 75 29
91 123 12
16 52 44
88 124 23
85 117 28
0 2 26
43 96 5
24 44 46
13 111 42
0 115 39
1 44 43
76 113 57
47 114 42
8 85 0
101 116 43
44 87 28
81 82 3
85 122 55
49 77 15
38 121 59
105 112 60
77 116 22
85 102 56
42 50 45
68 114 60
18 46 1
18 54 17
34 53 39
93 102 27
13 93 56
73 89 46
43 123 39
86 86 36
52 119 57
94 116 3
104 111 46
4 36 47
13 102 15
44 76 10
32 113 43
110 115 23
49 51 26
56 88 43
66 75 21
22 119 7
50 55 5
38 52 32
51 80 49
27 75 40
20 99 44
61 67 21
98 113 41
85 106 26
46 55 38
62 129 43
88 127 56
77 79 39
31 116 17
75 96 51
95 126 53
9 37 54
16 26 22
39 114 6
82 92 12
35 37 27
76 80 38
11 102 56
76 112 23
66 87 2
58 83 18
11 15 35
42 66 30
18 33 58
46 90 28
25 84 36
15 108 3
13 28 22
34 97 18
110 117 27
48 118 33
0 56 59
22 116 23
86 123 47
68 104 12
73 101 32
104 110 47
36 102 54
5 121 54
100 116 3
18 21 12
37 65 1
66 99 58
60 82 55
21 102 34
85 98 48
74 107 8
3 83 18
61 103 27
49 79 28
84 93 23
79 112 15
38 67 35
108 122 25
42 45 17
12 24 57
71 83 31
57 58 38
11 80 5
21 26 57
74 108 1
49 93 44
17 71 52
103 112 19
87 92 13
63 101 22
41 125 35
73 125 47
112 116 18
24 45 36
64 124 50
41 42 39
44 101 25
15 90 58
20 42 21
43 93 1
11 125 18
91 115 30
33 78 24
34 116 5
77 108 30
35 129 11
42 83 17
99 109 43
8 60 33
58 123 14
70 98 24
10 126 60
92 95 8
40 124 27
80 87 23
31 102 32
14 80 31
49 71 41
51 81 30
99 101 19
99 99 59
95 115 7
57 100 46
54 98 38
21 92 59
2 93 60
15 62 50
38 126 41
68 101 21
16 122 32
31 48 28
30 117 12
5 105 5
15 59 43
70 73 40
64 127 34
58 93 41
40 62 24
31 112 46
48 94 17
25 41 56
45 101 1
4 46 14
82 120 33
94 113 14
38 49 6
76 102 27
68 109 46
53 103 46
58 98 35
42 71 34
9 35 36
47 128 13
66 80 49
38 70 59
55 128 45
114 118 39
17 103 26
88 117 7
16 58 33
53 105 41
86 87 2
13 66 42
6 77 12
6 50 44
2 7 8
44 103 9
20 101 14
21 27 17
25 56 34
40 97 53
70 125 59
45 72 40
4 123 59
22 76 45
66 102 57
19 37 51
11 109 45
59 118 57
71 97 53
35 117 0
63 91 49
7 77 36
40 56 50
21 86 30
22 88 4
73 76 59
19 90 49
7 43 0
56 112 34
11 86 54
25 42 38
78 83 47
53 109 29
93 107 46
37 118 44
2 90 17
60 128 54
43 44 54
102 116 58
113 121 47
30 59 32
4 71 13
17 64 8
10 117 11
43 60 51
92 97 44
13 80 18
29 46 39
6 15 55
9 102 48
60 125 7
60 114 14
62 96 47
17 79 29
66 104 23
30 103 40
27 37 36
92 113 11
49 89 48
5 16 10
28 56 25
41 128 43
40 95 55
13 67 13
104 104 13
48 126 2
22 23 4
95 121 4
26 70 4
21 63 5
11 40 41
40 49 11
63 89 48
14 28 41
72 121 34
11 96 18
10 99 9
81 112 23
65 122 3
25 126 7
62 127 60
93 111 7
80 106 13
28 91 38
22 120 6
54 101 57
17 56 12
80 102 34
16 83 18
57 124 21
57 117 38
36 125 10
2 128 41
52 103 5
59 122 35
69 127 49
84 116 31
3 107 3
81 94 24
79 108 51
13 73 3
36 83 28
9 58 29
68 77 50
51 126 4
61 121 51
2 72 19
35 120 55
45 77 48
1 85 47
36 89 4
16 79 54
62 114 0
54 127 39
35 49 59
85 116 4
78 115 22
81 113 44
16 117 6
31 60 15
44 99 0
76 106 14
76 107 9
79 124 7
26 31 10
7 124 22
15 95 59
28 54 25
85 89 42
51 84 13
18 70 45
31 32 22
74 120 9
69 86 5
34 67 1
61 68 39
74 80 45
18 84 17
6 118 48
3 82 53
46 69 36
96 121 14
34 91 19
19 63 36
66 95 1
43 89 54
46 104 47
24 72 57
43 119 52
89 105 17
36 99 16
52 74 8
41 89 53
27 127 13
27 43 19
7 129 15
84 103 39
12 104 39
51 65 5
66 90 2
77 93 42
28 31 46
70 129 19
18 26 13
59 106 51
14 69 26
27 67 40
67 100 11
8 95 38
21 48 24
34 119 57
14 72 13
49 123 20
66 69 17
27 91 60
13 43 3
45 126 51
111 122 4
7 17 53
33 81 11
7 26 42
32 94 60
98 109 53
52 94 34
1 4 6
31 68 36
29 99 17
28 81 49
5 81 33
42 79 0
20 83 9
44 61 35
1 41 23
66 67 39
76 124 55
52 101 51
85 88 35
6 39 45
68 88 17
67 78 20
17 75 47
92 110 24
84 120 13
48 77 0
28 111 38
98 102 4
55 73 13
10 20 11
52 125 17
15 89 27
58 108 29
61 102 47
83 126 13
37 111 53
53 108 0
9 47 51
65 70 22
89 107 30
106 118 1
4 31 58
40 117 34
80 83 42
23 91 13
58 63 20
45 90 30
39 120 16
67 89 7
33 113 7
6 53 47
19 123 56
65 121 42
13 36 29
60 87 36
34 59 12
56 65 15
7 128 8
49 99 15
59 129 42
93 122 34
54 111 23
33 107 45
59 92 12
29 122 27
50 67 21
6 19 6
55 60 23
27 109 4
69 99 6
5 79 6
57 78 36
66 100 37
82 118 51
25 51 21
82 109 8
46 125 60
85 110 38
69 80 42
61 125 48
37 77 52
1 54 45
8 12 20
9 16 42
41 118 14
29 59 50
0 4 5
94 127 51
27 118 6
39 108 46
89 110 59
19 23 46
100 103 48
16 77 46
48 65 3
75 113 7
85 124 54
77 112 20
36 113 0
56 125 42
21 68 47
12 112 37
77 100 2
40 65 15
95 123 51
35 65 6
41 91 22
2 58 42
5 68 29
43 90 33
5 72 46
18 50 51
104 116 58
33 90 57
41 90 35
84 87 21
2 47 6
80 80 47
69 85 52
33 95 26
47 60 27
65 112 48
39 125 6
39 92 22
71 75 38
79 82 53
78 118 30
50 70 47
24 78 55
40 81 47
57 85 5
30 72 3
23 97 19
9 40 52
96 114 14
30 105 56
34 61 10
20 66 14
32 73 52
0 62 18
73 115 41
52 113 19
5 9 14
28 68 47
13 106 24
0 23 1
25 81 41
3 97 26
43 113 32
86 89 2
65 94 25
25 129 51
95 110 16
46 108 39
58 111 10
81 110 48
41 96 3
87 111 4
26 61 19
30 128 51
51 51 4
41 43 46
78 113 12
62 89 40
16 73 36
30 81 19
50 59 24
66 126 28
66 101 23
37 38 46
42 112 55
58 119 33
35 51 60
38 88 13
45 113 27
39 49 42
25 110 34
63 123 16
3 24 38
92 129 30
10 51 46
41 94 2
29 35 18
15 56 36
58 94 51
81 125 48
28 94 52
1 8 56
44 127 5
30 104 48
37 64 1
14 82 37
44 64 41
56 58 29
12 88 44
69 111 46
59 81 39
13 125 38
54 119 22
89 118 8
54 122 51
23 116 9
28 83 28
77 121 8
53 106 14
1 102 26
94 99 36
37 106 55
82 86 59
1 1 33
14 25 18
40 111 16
34 106 16
18 51 5
27 29 30
53 69 44
75 108 19
27 49 60
77 89 11
54 100 57
19 124 0
29 107 19
12 94 20
54 102 56
42 81 52
92 106 60
15 111 55
15 43 27
27 58 28
106 124 13
1 108 15
52 72 35
24 122 15
109 127 7
78 80 46
5 53 5
6 27 13
5 40 12
2 57 31
31 86 4
55 120 45
39 60 25
2 91 40
69 76 55
17 25 19
63 120 47
58 117 46
0 89 45
100 122 31
37 126 42
82 113 42
51 108 20
31 115 56
11 29 56
106 110 30
17 60 55
30 50 38
10 83 16
71 111 54
20 67 32
22 47 41
91 114 21
82 98 56
62 104 19
61 89 33
15 122 31
98 115 5
58 112 12
37 83 31
27 113 45
107 125 44
5 125 21
39 119 32
67 93 54
33 96 42
26 117 26
23 88 3
56 73 27
14 90 29
40 113 41
39 59 34
88 90 59
20 96 25
20 115 47
23 127 29
14 103 44
3 12 47
92 112 20
23 35 49
11 69 25
5 95 49
92 96 8
20 62 55
20 73 20
13 41 10
10 25 55
10 54 22
73 75 7
22 126 60
75 101 23
22 100 37
41 81 42
52 79 28
38 44 29
53 84 19
57 126 4
71 129 36
75 110 54
70 71 1
76 100 44
27 87 58
13 45 51
81 106 5
53 60 40
6 106 28
10 18 45
11 57 53
64 84 11
20 103 26
14 65 59
33 98 10
21 73 48
85 97 1
67 108 48
53 74 20
94 96 5
52 111 50
73 114 48
66 84 8
3 55 19
61 94 40
7 51 36
22 94 7
35 64 25
103 128 10
82 101 8
24 42 13
0 0 21
31 104 5
22 86 6
48 99 38
0 8 53
38 74 27
21 42 27
44 84 9
66 117 41
87 98 52
32 53 31
23 112 37
72 128 32
71 86 34
54 109 53
31 56 2
72 93 18
28 109 22
33 119 47
60 121 53
38 93 20
50 125 48
38 48 50
6 61 5
89 122 47
109 112 40
43 115 6
51 91 10
60 99 30
39 109 55
29 50 25
65 120 13
75 92 10
57 121 13
17 57 5
6 84 47
50 86 9
103 120 32
54 63 31
76 78 53
78 102 19
54 125 52
81 93 56
4 21 10
8 102 8
73 122 30
42 47 38
83 96 31
18 75 45
61 77 53
32 48 22
42 91 40
24 97 33
47 75 60
79 87 41
71 85 21
69 118 41
79 116 37
85 103 32
84 85 0
48 129 39
40 44 50
18 95 44
36 124 31
8 18 16
1 16 9
5 24 21
41 65 56
44 55 44
44 62 35
73 95 48
62 73 57
76 91 44
57 101 33
1 88 53
76 122 55
81 129 6
39 39 6
29 82 34
14 84 47
37 75 40
95 100 17
78 92 49
16 30 41
21 28 39
90 116 31
49 109 28
46 109 18
108 115 50
3 112 6
26 94 45
41 124 20
7 45 5
93 116 36
19 100 19
33 103 39
29 95 28
25 71 50
60 88 46
99 127 48
8 17 26
13 56 59
45 46 57
46 65 38
76 121 33
91 102 55
7 95 3
69 114 32
68 127 3
43 98 11
17 24 18
1 114 8
17 74 6
87 120 18
84 121 40
73 84 4
7 104 0
26 63 34
52 91 11
16 127 38
33 68 52
55 79 32
10 48 58
11 32 32
49 118 2
70 94 10
47 104 30
54 74 39
67 119 54
63 63 40
37 48 42
52 68 1
26 26 21
35 45 42
65 95 57
9 104 54
83 87 32
38 108 21
87 102 42
35 48 46
5 127 41
44 111 29
4 112 26
109 111 22
78 95 21
10 110 51
54 129 13
87 112 55
76 126 56
16 75 29
78 124 49
59 126 20
58 96 30
68 112 32
40 104 18
50 106 12
70 123 59
64 80 5
43 108 59
7 112 29
27 69 37
88 102 36
82 114 53
10 61 51
22 33 10
31 107 16
14 32 14
15 78 30
78 90 53
41 73 55
96 125 13
23 25 50
39 50 53
30 99 4
31 111 60
35 99 42
64 123 53
57 69 6
9 65 12
4 127 56
50 64 33
38 122 21
65 129 10
69 72 11
31 36 1
65 96 2
5 64 9
46 126 36
20 32 8
58 74 15
10 57 31
44 112 25
23 125 19
43 116 49
49 98 7
22 104 32
62 105 54
52 100 33
35 78 9
29 97 56
24 81 22
9 38 58
23 114 2
6 107 1
3 127 8
40 96 24
9 98 56
65 85 13
27 77 25
18 94 44
24 27 2
2 73 22
21 83 29
33 72 19
32 43 2
16 66 25
22 55 21
68 126 46
20 97 54
6 44 15
37 58 31
24 57 60
82 96 3
46 85 47
18 74 46
76 129 31
19 32 50
62 79 48
68 70 59
23 118 40
37 117 12
20 20 23
89 99 27
67 121 33
30 106 9
14 34 55
12 68 55
31 52 49
3 129 9
5 44 33
14 96 12
39 72 48
35 103 18
12 87 42
3 11 55
9 106 2
22 107 12
42 76 58
60 126 31
2 66 23
18 92 54
32 108 60
21 106 11
76 90 44
77 109 49
61 110 44
14 14 24
37 88 59
14 120 38
13 86 40
55 89 2
33 93 39
11 14 17
29 78 41
14 107 12
18 83 17
88 99 53
4 120 47
26 44 56
46 124 60
3 93 13
20 34 21
49 100 43
77 128 13
1 118 10
49 122 30
81 87 39
24 129 60
43 122 32
102 110 59
62 71 0
23 40 15
26 72 4
50 100 28
48 68 23
3 89 10
59 60 19
91 119 51
85 111 40
10 112 49
69 100 34
26 107 57
46 68 47
18 126 30
53 89 4
58 66 8
34 105 58
57 61 27
26 69 57
99 121 35
83 92 43
9 103 11
62 67 9
32 87 10
5 96 42
21 74 51
45 96 1
19 98 25
41 48 55
25 88 56
13 114 13
73 124 1
87 93 36
17 119 6
0 110 17
58 77 24
23 57 48
27 83 50
73 78 17
74 129 56
26 115 45
65 67 57
0 118 2
12 35 24
12 95 36
4 101 54
66 124 7
13 38 58
6 73 55
9 110 47
1 36 54
7 55 51
86 93 5
54 72 29
47 64 3
84 90 60
29 41 0
53 95 42
7 57 5
21 25 57
9 21 21
21 125 52
10 22 43
68 125 34
32 79 57
47 79 37
13 97 56
30 57 10
8 71 4
62 108 56
89 95 7
36 121 44
1 76 29
35 100 31
2 14 11
115 120 38
28 63 4
64 93 31
17 94 58
71 105 1
78 101 55
68 107 23
2 43 12
41 83 44
94 103 37
66 83 14
87 107 14
9 59 31
45 102 19
9 108 4
70 91 9
35 62 53
27 42 27
74 119 22
18 22 26
12 91 38
28 82 43
37 44 31
10 23 18
44 100 0
107 107 49
58 122 48
55 61 38
66 97 13
40 55 31
11 104 43
39 79 28
27 94 31
42 106 15
49 128 21
70 114 9
34 101 55
60 93 58
92 114 30
63 90 36
16 107 23
51 69 31
15 85 54
63 74 19
5 102 51
13 61 60
71 87 6
2 27 10
88 104 30
8 38 56
30 121 38
56 67 49
11 50 50
37 96 11
15 55 30
92 126 58
52 106 38
21 103 39
24 51 42
89 119 25
0 74 10
18 93 34
71 73 6
60 129 59
38 105 3
31 114 14
80 104 4
50 91 48
2 17 39
26 88 22
19 102 31
89 94 14
3 56 48
77 113 43
39 69 23
71 117 46
84 128 38
71 88 55
48 127 39
52 99 56
16 65 27
94 114 35
58 73 13
45 123 47
29 126 57
74 76 32
19 87 54
64 83 0
82 108 43
14 85 14
21 52 15
16 22 54
75 103 7
9 126 13
83 127 48
83 105 23
78 82 18
3 36 58
70 85 57
92 100 44
64 82 51
23 73 50
44 104 54
54 124 16
76 85 31
6 71 53
35 40 42
86 119 37
21 99 46
30 112 5
102 109 38
17 54 52
70 112 7
13 120 36
9 56 29
74 98 60
72 129 51
0 121 1
35 80 39
56 63 42
8 36 37
7 41 1
5 112 33
33 128 40
48 74 14
29 110 24
26 35 30
62 109 56
33 34 48
85 113 29
33 118 42
5 59 24
42 54 15
100 110 34
62 100 22
1 25 38
57 129 57
7 69 47
88 119 59
26 30 38
2 114 40
37 56 17
4 57 1
15 30 4
22 36 45
9 101 22
7 74 35
33 58 22
54 77 30
35 86 24
30 35 6
34 74 2
70 82 30
83 100 32
92 121 46
49 82 14
19 66 49
45 78 24
59 83 26
64 77 59
34 66 11
23 120 29
45 91 4
37 97 52
68 93 7
2 108 12
46 110 7
78 99 12
2 78 28
36 110 36
56 106 12
34 63 5
79 127 44
60 122 56
14 47 19
23 103 0
29 80 42
63 67 12
18 128 43
27 31 59
33 69 3
23 122 0
63 98 47
45 79 53
86 105 43
83 117 55
36 57 10
9 83 43
10 107 32
43 77 23
69 88 8
21 39 44
85 96 21
27 47 24
19 25 5
36 101 9
8 97 44
0 51 52
26 120 10
60 64 36
42 129 9
40 90 6
25 35 4
22 108 36
75 80 57
96 117 13
97 123 56
19 109 44
91 91 60
33 44 40
6 69 44
43 53 40
32 99 16
96 115 26
54 57 7
36 114 13
15 106 28
11 41 56
57 89 1
9 26 56
66 92 0
87 109 59
41 127 34
27 103 8
52 75 31
79 96 18
39 129 46
46 92 36
38 124 28
100 100 51
16 36 6
61 75 38
18 81 32
31 47 23
70 99 46
107 114 59
26 127 18
77 86 18
74 104 3
85 121 18
15 94 42
8 94 26
23 23 43
29 71 59
0 81 19
33 62 0
8 79 10
69 74 55
14 123 12
8 103 10
42 72 39
23 28 8
14 129 59
38 39 30
23 32 34
68 100 7
19 88 46
63 128 28
48 110 1
47 118 50
66 81 28
59 63 33
24 52 26
23 48 21
29 117 42
38 51 7
18 53 4
76 120 32
26 93 25
25 44 14
51 76 28
27 62 8
10 68 41
12 110 34
41 111 9
53 93 6
66 74 26
0 28 54
23 33 17
2 29 39
91 101 21
68 76 24
29 94 33
64 109 18
65 105 53
14 66 34
22 58 49
37 84 33
27 102 57
40 70 25
33 109 20
29 63 29
29 66 7
13 23 27
15 118 32
40 129 51
19 121 35
66 125 6
10 44 0
53 79 48
80 94 45
3 62 5
57 77 29
26 48 22
25 76 50
10 46 27
65 103 2
13 82 15
6 62 36
11 67 4
69 69 23
72 82 35
62 128 9
45 93 13
11 47 29
41 107 20
0 41 12
70 106 16
58 110 36
21 59 32
30 127 16
52 126 12
29 88 57
30 86 13
44 117 38
33 67 30
100 125 18
41 76 51
35 85 37
12 103 51
50 93 25
7 107 45
17 88 57
30 76 28
91 110 53
25 115 50
55 123 30
54 97 59
80 93 33
45 121 51
1 100 21
51 85 30
36 107 6
66 127 31
53 54 7
20 125 11
47 123 42
63 88 26
22 52 59
46 74 43
20 71 6
35 109 15
43 81 10
27 104 13
55 87 6
58 99 3
0 48 54
1 38 24
28 69 21
47 119 12
15 47 45
60 109 38
88 115 30
57 103 22
61 83 22
10 114 51
50 92 35
15 49 20
9 62 14
16 46 31
75 122 42
5 39 50
33 73 31
97 128 50
51 73 8
5 38 7
70 74 24
74 90 9
84 112 24
4 118 23
6 88 25
21 117 56
1 69 10
62 118 28
60 63 20
21 53 6
85 127 53
51 62 57
69 108 43
30 44 7
67 85 55
74 122 43
42 110 26
19 48 22
15 110 14
53 113 3
63 94 35
99 106 21
50 119 54
23 61 31
38 90 53
56 72 23
24 61 60
56 56 49
37 104 20
84 99 56
42 42 32
42 122 12
13 50 56
44 94 5
7 28 24
43 121 28
43 94 5
93 128 10
103 103 34
75 99 37
1 47 14
31 78 24
21 101 9
14 127 39
54 99 1
80 91 5
25 68 60
20 126 11
2 68 48
21 32 10
0 76 33
51 67 32
41 123 49
30 85 10
24 75 21
31 33 33
0 85 27
53 111 33
35 67 17
90 120 41
33 65 26
48 117 16
10 97 58
85 104 33
99 100 51
11 98 51
4 91 46
95 105 33
0 12 35
5 71 32
34 127 23
51 87 0
7 92 7
44 68 43
30 95 36
73 94 6
13 32 51
34 89 18
41 47 43
19 119 37
4 17 9
47 52 27
19 21 39
32 71 10
40 119 56
3 60 52
17 65 16
58 91 59
61 108 0
38 68 59
25 34 48
82 99 36
32 63 51
31 75 13
70 78 11
1 29 4
7 56 38
84 127 37
61 98 40
53 61 8
8 47 17
46 123 31
17 20 41
32 66 19
7 82 46
95 114 30
32 55 35
44 51 21
32 104 43
86 114 16
35 60 51
29 39 0
11 127 23
7 84 39
19 50 58
67 115 36
29 83 17
8 127 58
25 121 15
68 94 3
44 52 24
19 82 50
87 117 32
9 121 50
56 116 50
89 100 57
30 66 49
44 121 15
35 87 6
23 115 30
34 102 32
5 113 42
51 93 36
24 68 58
93 119 10
39 48 47
62 123 46
58 87 14
82 91 14
21 100 9
65 87 18
23 101 48
3 3 54
5 117 14
12 30 9
28 46 24
32 42 17
17 100 2
56 80 19
83 97 53
22 37 20
29 48 45
91 100 58
71 95 23
33 114 18
45 129 44
31 69 54
40 48 5
66 122 15
82 116 36
6 21 55
97 101 53
95 125 8
10 129 40
88 107 34
111 124 42
71 79 35
36 61 34
65 119 47
42 69 1
7 102 36
16 61 18
32 114 21
17 115 32
37 129 53
6 85 5
4 58 25
23 111 21
12 126 0
102 126 43
23 29 22
25 95 32
55 56 51
64 106 7
7 108 52
38 40 7
50 101 39
47 120 4
26 71 29
64 68 25
64 117 6
75 112 5
14 91 7
37 80 34
7 96 43
10 115 2
2 79 52
8 125 49
30 67 58
15 68 36
43 100 11
18 67 39
12 122 53
101 120 29
30 107 17
6 18 9
7 24 18
18 112 60
64 116 36
25 65 10
5 115 56
38 104 7
26 90 4
63 93 10
30 53 58
4 94 59
111 120 8
73 102 42
25 128 4
59 89 5
24 73 51
103 127 38
49 78 50
75 85 48
18 122 47
81 100 51
23 94 11
40 103 11
78 104 5
7 10 17
30 68 47
19 111 40
43 111 27
31 100 38
65 93 42
29 124 28
40 46 12
30 63 23
36 91 33
74 82 40
83 110 19
5 70 39
15 44 10
25 118 28
57 96 42
16 115 43
13 109 24
49 121 2
35 56 45
13 122 43
55 97 39
42 94 37
31 117 7
31 37 28
54 85 16
46 81 44
26 89 41
29 119 21
30 82 8
72 83 42
65 99 16
43 128 37
17 31 5
25 64 18
36 39 28
31 109 16
26 116 21
11 25 24
57 66 20
65 75 17
16 23 44
36 75 27
19 113 41
66 98 50
0 123 36
4 80 43
36 69 51
47 89 25
81 108 54
23 65 37
46 95 18
58 89 28
10 125 25
9 71 10
19 84 47
63 77 27
0 79 50
7 68 58
68 83 22
34 108 31
14 100 48
61 78 25
2 75 45
36 52 49
48 97 35
2 50 19
7 44 55
69 106 12
12 13 19
21 91 39
43 74 32
9 94 49
3 9 55
93 117 27
38 115 4
38 86 6
35 70 20
12 61 12
27 112 48
5 42 50
79 90 59
23 85 47
25 106 41
9 43 3
30 49 36
35 52 36
83 98 25
57 112 13
41 103 23
13 62 52
52 104 45
60 119 53
2 80 7
73 83 41
13 64 53
61 113 30
0 13 37
32 129 3
51 77 49
42 80 59
55 71 22
40 53 34
25 87 30
94 105 10
78 87 32
28 122 43
28 32 18
75 88 14
81 128 49
33 83 54
73 73 48
80 100 16
13 60 41
48 63 54
54 68 28
45 60 0
44 110 36
45 68 55
22 28 54
105 121 8
19 91 60
68 103 37
17 84 1
56 78 8
20 68 29
51 100 59
56 77 33
25 80 33
74 113 52
9 27 56
33 50 25
62 82 23
52 73 46
76 119 15
62 112 38
39 116 42
18 76 37
28 34 43
13 70 50
93 110 6
103 108 45
4 83 21
87 125 3
18 105 57
6 114 21
46 75 56
28 60 24
24 62 30
54 76 30
23 70 31
56 94 21
14 39 43
75 76 46
29 105 56
65 89 57
38 95 13
63 78 45
77 111 55
18 116 4
61 117 53
83 89 23
4 87 39
43 117 24
3 92 26
65 65 6
44 128 48
63 71 52
16 67 25
31 113 54
65 91 31
28 120 49
5 124 32
64 102 47
41 117 45
75 93 8
80 88 47
23 121 2
64 66 0
28 108 31
25 31 19
82 122 24
42 99 46
12 129 2
5 22 28
1 74 27
41 97 57
68 73 4
15 103 31
55 76 22
8 122 33
46 57 55
44 90 27
32 64 11
17 40 59
55 78 9
10 19 48
1 19 27
39 78 0
16 101 53
14 110 41
30 129 50
99 104 5
12 74 31
79 122 49
65 78 25
38 129 48
13 76 32
11 81 10
35 124 59
0 124 1
13 57 30
34 109 28
15 91 2
59 98 31
48 121 21
7 38 51
29 102 50
35 126 36
12 57 35
40 108 1
73 119 53
56 61 5
36 85 57
14 92 11
47 116 1
40 41 20
17 29 27
28 117 18
36 112 49
10 73 22
48 89 40
63 96 59
10 77 18
24 120 39
56 66 37
26 52 50
16 31 20
13 68 25
23 49 34
8 75 51
17 17 52
91 129 17
22 72 58
12 33 48
32 70 0
54 107 47
24 24 29
17 38 54
3 104 51
34 87 52
9 112 39
3 123 26
21 43 49
15 37 56
27 44 23
31 94 49
52 61 59
54 88 4
32 65 9
55 110 18
50 84 13
27 79 37
86 94 45
46 62 59
92 92 44
22 80 10
80 110 36
21 119 56
1 115 43
6 60 15
28 124 27
35 68 51
59 105 49
32 56 1
14 63 22
19 58 33
20 47 21
1 40 8
11 62 18
24 124 19
86 98 22
26 51 28
14 36 42
82 125 51
0 116 58
40 68 51
50 113 47
16 24 56
47 71 27
25 29 56
77 103 3
47 113 42
20 86 27
27 89 35
39 52 31
63 75 38
51 71 49
64 78 42
24 108 37
49 55 1
56 122 5
30 120 20
14 87 53
47 124 41
40 67 44
47 65 11
50 104 5
31 124 41
43 54 24
91 104 45
41 129 50
16 94 17
10 10 28
36 80 48
71 71 48
75 106 28
25 102 60
12 127 52
59 96 16
19 52 7
61 81 27
45 73 57
45 80 21
1 68 39
24 28 22
54 126 1
67 90 1
46 112 19
15 67 0
11 79 26
60 89 27
14 54 14
1 66 2
41 71 45
63 92 30
35 123 9
45 128 47
25 32 17
84 97 14
93 95 36
50 99 34
1 31 50
12 82 6
32 50 13
12 92 37
76 127 44
74 127 38
27 65 46
14 60 53
39 124 54
3 72 50
24 117 3
37 41 29
24 64 13
0 22 48
61 95 58
21 84 51
67 92 1
14 43 31
71 94 53
55 107 6
63 113 32
45 99 29
38 42 10
17 23 21
8 101 10
61 64 23
62 124 36
36 72 60
11 64 59
22 103 26
13 71 33
20 72 34
42 68 10
39 42 39
19 67 16
13 88 25
64 89 13
11 52 26
49 86 6
55 98 34
47 81 33
69 104 4
10 105 16
5 119 16
2 60 27
22 114 12
16 63 57
49 115 41
17 123 35
15 35 6
55 91 12
33 52 60
2 67 1
67 70 27
18 86 8
28 41 57
32 118 38
3 17 28
63 83 11
29 72 6
18 111 23
53 87 48
82 119 4
19 97 47
51 116 2
21 54 22
16 104 32
56 57 14
24 76 40
19 108 46
30 114 57
67 95 39
23 89 23
87 103 17
51 82 27
13 126 45
3 120 36
35 114 13
43 59 50
70 89 24
54 110 57
67 101 23
28 119 42
60 101 47
24 58 60
79 110 22
12 76 2
10 106 59
2 19 56
88 129 52
14 105 58
37 89 22
106 113 7
20 123 48
28 50 25
36 74 6
77 90 57
64 111 14
48 58 43
29 29 18
41 87 2
31 40 58
18 68 37
31 121 54
60 78 41
56 129 37
34 92 51
1 52 54
96 110 1
68 71 48
11 13 16
89 120 8
11 58 36
13 49 23
3 16 17
3 26 24
46 51 41
24 59 40
29 74 37
43 105 45
44 98 44
62 117 52
5 6 55
47 82 6
45 74 9
66 96 35
18 102 1
10 63 32
31 82 1
3 21 5
0 42 25
64 79 0
5 29 39
83 116 46
38 81 60
51 107 24
28 40 6
6 116 14
56 75 23
40 115 18
18 118 59
16 48 45
56 68 27
34 52 23
0 126 4
59 102 25
28 64 37
70 126 19
54 79 60
31 101 42
50 50 54
5 104 26
32 67 16
13 17 11
62 101 17
6 78 35
34 125 22
14 21 38
75 126 11
15 73 54
87 99 1
29 33 22
18 85 53
64 115 60
89 124 58
57 71 59
23 24 9
16 27 26
69 128 16
65 79 6
11 101 0
40 98 6
55 65 50
5 19 30
68 92 33
10 84 52
30 77 6
4 60 28
28 65 30
17 61 36
51 53 53
61 61 23
2 26 34
28 38 19
40 80 35
39 41 10
52 54 27
9 23 18
32 116 50
33 106 40
13 33 29
23 27 25
12 59 42
17 69 14
18 58 14
41 113 39
14 37 55
0 112 7
14 81 55
93 118 56
60 111 49
47 103 17
95 129 23
20 117 54
66 103 36
80 96 36
12 128 13
54 93 43
36 50 17
27 88 5
67 91 48
21 67 54
22 67 23
6 127 56
9 78 59
22 62 47
36 127 14
90 121 44
80 92 45
90 119 2
35 111 38
61 120 52
63 87 30
23 67 31
43 92 35
15 127 23
28 76 45
79 118 19
22 102 43
64 101 47
23 78 42
22 111 57
73 126 24
10 32 41
78 98 2
6 86 38
59 74 40
11 30 37
30 30 13
78 108 44
1 94 23
27 78 55
68 78 24
23 64 11
0 17 44
18 127 7
33 97 0
0 61 54
22 118 5
9 17 16
23 30 23
4 68 51
44 116 10
28 96 30
46 86 8
9 80 58
23 80 50
18 88 3
38 109 51
14 95 50
39 55 21
76 87 58
50 61 56
41 116 31
16 81 30
37 102 57
45 83 30
24 115 41
46 105 41
0 105 21
30 60 16
32 86 38
29 127 31
72 72 1
49 116 42
68 124 59
6 25 41
29 100 48
49 73 6
48 72 16
21 47 30
96 103 16
22 77 30
47 122 41
57 72 13
49 112 3
2 107 3
23 63 55
99 128 15
65 83 26
4 63 27
4 122 49
8 51 7
66 115 46
68 108 39
55 113 46
97 119 45
72 109 58
4 30 21
1 28 49
8 50 2
0 7 31
39 110 14
22 125 34
50 74 3
36 96 42
61 88 30
15 116 7
9 91 41
96 111 56
20 25 59
14 71 33
12 116 12
73 121 25
63 127 7
55 59 60
89 116 11
48 71 24
29 40 1
18 123 19
60 104 48
51 58 39
28 74 19
8 13 7
73 100 36
16 129 44
21 58 30
59 107 29
18 19 43
86 92 45
82 88 35
17 27 55
56 124 50
20 124 5
3 96 11
14 56 48
52 52 42
39 65 44
83 125 36
1 103 49
65 125 2
40 47 28
73 118 19
42 84 0
80 124 57
46 93 12
14 118 55
62 116 56
25 47 19
48 76 45
15 52 0
81 114 55
71 110 10
5 66 12
102 117 9
10 72 44
32 128 56
7 42 55
25 123 9
1 35 44
21 120 31
51 115 36
19 75 12
66 110 32
9 15 46
32 123 60
51 103 25
43 83 37
20 75 8
19 29 10
35 57 37
35 36 37
9 69 1
68 79 34
30 46 28
14 128 38
41 104 43
55 118 4
52 105 48
26 102 29
78 111 14
0 122 13
10 122 43
25 108 51
26 119 18
38 94 9
3 59 46
13 113 51
28 39 14
19 42 47
72 78 34
8 42 48
17 51 57
91 112 7
87 128 52
85 118 51
58 124 2
18 45 23
26 39 3
12 84 16
64 81 20
38 64 42
1 51 36
42 90 54
35 107 7
42 111 34
63 76 21
0 92 24
91 97 34
3 108 15
36 71 17
57 87 26
17 37 55
52 114 1
21 45 44
98 99 7
34 45 2
19 129 56
71 120 56
21 22 22
2 4 26
45 85 47
81 92 42
84 100 19
63 65 24
35 84 48
7 11 20
2 117 6
43 91 25
39 121 24
22 42 33
69 92 57
65 86 38
49 114 10
56 64 17
67 77 36
58 81 53
39 93 9
3 69 40
21 129 8
31 123 45
69 116 56
35 119 6
27 114 57
9 30 26
7 9 37
53 88 33
15 76 22
24 40 7
51 106 55
17 49 4
24 54 43
21 72 55
7 23 48
42 64 55
10 95 16
22 90 30
57 67 3
45 122 50
15 82 13
12 101 56
20 27 39
1 30 51
73 91 20
28 129 29
21 29 20
55 106 29
12 66 33
9 20 15
55 86 27
7 65 30
76 104 58
4 113 19
83 84 57
30 36 27
76 103 48
15 25 28
23 47 4
9 116 44
23 92 58
13 101 41
21 66 40
7 33 7
3 81 9
28 73 10
5 58 39
4 106 24
9 63 38
22 66 33
61 85 1
29 51 54
63 109 50
40 88 9
83 128 57
12 113 4
24 119 23
34 34 40
9 61 46
76 98 12
64 103 19
65 118 42
0 78 50
46 53 21
1 10 50
34 55 50
78 112 41
43 68 12
53 125 9
36 126 38
7 14 28
20 24 11
3 86 29
76 99 12
60 98 26
0 66 39
66 88 55
22 25 59
56 60 9
8 62 21
21 69 46
22 54 13
0 99 46
23 54 46
1 59 18
64 85 52
14 42 24
24 113 24
81 101 7
51 95 43
20 64 7
73 107 30
21 109 52
41 49 10
38 103 19
2 95 55
0 54 36
61 109 2
3 8 28
40 61 4
72 79 26
68 96 52
32 58 6
25 83 0
55 62 29
62 99 9
55 100 0
0 75 1
2 109 23
0 39 7
66 82 36
16 84 12
58 127 56
57 81 56
60 74 42
8 104 25
92 103 47
49 125 16
5 116 13
48 90 2
9 89 6
44 47 36
5 74 26
2 38 9
35 41 43
67 82 40
35 74 56
63 66 32
66 79 50
56 96 53
10 36 32
78 128 60
37 57 59
23 72 53
12 79 28
73 120 31
6 36 30
50 102 42
3 40 46
29 91 39
15 15 19
15 40 24
34 47 2
79 103 2
25 111 20
19 53 14
21 85 10
64 96 39
0 57 4
64 100 41
103 114 51
1 9 22
66 116 35
0 73 31
0 120 49
17 106 12
14 101 56
34 98 50
0 55 20
26 66 13
46 71 30
78 107 55
7 117 14
45 70 29
40 69 44
13 51 27
52 64 34
55 93 43
13 42 5
44 119 47
24 55 6
41 45 3
49 95 31
64 119 16
66 91 42
31 49 13
27 123 50
15 83 55
19 40 13
78 78 51
33 37 39
53 123 26
27 51 37
99 125 30
84 104 50
48 128 45
22 115 47
65 107 42
26 86 55
65 76 14
63 119 54
3 98 22
11 82 14
87 104 34
3 70 39
43 61 10
51 118 59
22 113 17
18 129 19
55 124 11
10 11 6
27 85 1
58 120 44
58 118 55
19 83 9
37 63 45
10 53 46
31 46 41
31 105 53
43 120 22
50 89 15
99 108 28
1 87 49
42 62 41
58 125 37
76 76 59
39 77 47
33 85 9
16 70 59
30 37 54
25 63 56
24 101 25
22 106 34
27 120 53
65 72 59
9 120 39
23 110 4
58 65 31
20 45 46
5 114 51
8 15 22
44 74 26
45 49 39
11 48 59
70 100 42
58 100 2
90 117 32
33 33 40
5 98 32
75 129 22
92 101 13
85 107 44
36 55 20
47 77 0
60 75 39
49 96 26
43 102 20
11 18 48
2 55 26
58 103 53
6 56 45
20 119 17
32 112 1
71 76 41
7 21 9
44 86 31
71 96 58
11 61 43
26 32 39
99 113 34
55 103 0
6 113 32
74 128 40
18 62 38
6 65 14
20 114 0
40 82 43
6 40 21
18 113 32
27 92 50
68 72 18
24 60 0
10 67 7
20 127 27
4 24 41
33 64 41
30 80 8
37 43 23
54 128 53
54 73 58
3 110 35
18 52 8
18 36 38
26 77 13
19 57 10
37 66 36
21 40 42
45 107 19
17 41 38
52 80 57
67 97 58
0 14 15
6 26 56
0 46 34
86 111 10
20 29 3
4 19 22
4 115 52
24 46 25
17 32 42
22 117 2
19 24 58
15 65 27
14 67 36
9 14 5
44 70 41
32 89 42
25 78 57
21 64 46
56 81 16
47 58 42
38 102 23
43 63 6
14 75 29
36 108 18
35 98 5
54 117 51
91 98 51
39 112 13
10 104 13
6 101 52
86 116 20
23 75 16
79 80 4
3 22 57
90 126 49
25 57 9
24 39 39
66 86 1
20 106 15
55 75 18
17 107 55
50 90 10
10 66 14
43 99 35
66 73 46
6 10 18
48 92 34
40 74 49
8 22 24
11 51 1
25 109 56
69 120 22
28 112 4
13 123 45
47 99 52
21 41 6
66 66 56
7 31 31
36 46 31
30 52 50
26 56 52
58 82 46
34 111 27
33 46 29
41 58 40
84 126 48
37 127 6
4 13 42
15 39 0
4 73 57
39 118 16
19 19 3
10 91 39
44 105 59
7 8 51
3 44 58
34 99 50
76 77 43
10 113 15
14 83 28
39 96 39
54 116 52
61 104 11
57 88 43
35 81 15
17 118 54
32 103 31
27 119 24
20 35 45
20 111 25
5 17 26
70 120 44
93 106 17
11 95 32
30 126 14
95 106 37
64 105 10
87 96 44
16 59 49
23 105 54
5 103 37
63 85 54
71 128 12
39 83 2
15 84 55
47 95 8
20 100 32
3 78 39
30 113 43
54 108 35
18 77 27
71 99 14
74 100 17
5 65 35
49 101 55
14 74 33
37 60 17
15 113 57
3 51 13
15 58 8
91 95 4
95 113 49
32 100 16
25 72 50
25 96 55
27 32 47
30 87 47
56 92 41
82 87 15
20 98 44
34 54 8
9 97 25
26 103 53
20 78 38
46 63 19
68 128 30
40 102 12
1 17 19
37 59 40
15 45 7
53 80 60
65 102 22
25 122 27
85 85 32
53 107 12
35 121 57
41 53 5
31 90 17
83 121 29
36 116 34
38 106 10
24 91 28
5 69 26
85 87 43
61 90 47
30 98 43
42 115 16
39 113 8
11 91 37
0 83 10
65 74 7
4 55 27
47 69 47
63 100 32
13 24 31
9 51 11
51 89 45
12 38 34
59 73 19
46 121 9
38 128 18
97 102 3
9 114 26
16 60 23
21 60 32
17 127 31
37 51 7
0 69 2
27 101 34
2 96 21
17 129 19
47 106 43
43 70 5
53 104 41
72 89 24
14 15 42
21 111 34
1 98 19
12 41 42
74 97 11
74 74 55
47 49 59
7 13 32
46 117 48
5 109 29
35 61 52
87 89 13
12 34 49
49 88 26
65 98 13
35 42 31
59 104 26
40 58 45
5 86 14
33 45 46
65 109 36
50 73 43
54 80 56
7 93 2
59 84 17
4 92 30
74 87 36
101 122 30
42 127 54
97 97 21
20 38 44
11 105 60
64 110 30
64 74 31
14 89 59
18 60 9
53 57 59
38 125 1
30 54 26
18 56 33
9 88 23
58 67 14
8 69 22
68 91 50
9 99 13
30 56 50
5 36 34
2 104 47
50 82 36
6 42 33
95 97 36
16 113 14
28 104 35
3 38 27
26 101 33
49 129 19
25 82 30
47 51 10
16 54 6
45 97 51
11 103 35
53 58 15
95 99 21
28 98 15
20 51 0
2 18 30
5 100 22
33 129 41
71 122 49
20 74 17
0 109 39
67 112 37
49 81 19
51 112 16
34 79 26
28 49 5
37 98 34
9 109 2
45 53 45
59 91 60
18 18 43
72 74 54
34 71 23
10 37 28
38 69 21
20 50 31
55 114 9
52 57 18
52 70 5
3 10 49
22 105 34
52 124 55
37 42 17
41 82 33
31 87 51
4 70 11
24 96 15
25 86 21
43 50 56
71 93 60
54 91 56
3 121 55
19 74 15
42 60 9
64 94 21
4 93 30
46 118 42
46 128 51
7 36 4
56 100 5
16 89 3
4 88 38
41 121 14
47 50 53
16 40 6
14 113 31
27 125 27
60 123 24
19 94 56
40 51 8
88 128 2
4 104 0
13 46 13
16 20 59
44 122 17
18 41 27
63 73 40
48 80 19
94 95 54
20 82 32
56 107 15
21 77 12
41 60 51
33 51 0
1 127 9
10 40 26
85 100 4
1 122 2
42 88 15
75 95 6
40 71 24
24 112 57
37 110 28
36 105 37
63 125 0
33 57 20
58 107 7
71 123 19
19 72 5
12 100 41
50 126 51
69 95 58
40 85 37
9 22 36
55 105 14
76 96 59
37 99 12
70 75 43
55 111 23
11 12 37
53 67 7
36 93 12
44 126 42
1 128 24
92 124 49
16 49 36
34 60 21
11 35 28
25 90 19
17 110 13
28 51 51
64 126 24
42 103 34
27 110 39
28 113 33
5 122 60
5 55 55
57 97 15
48 93 42
40 125 16
15 86 1
39 106 23
24 65 50
31 96 11
8 46 37
44 129 55
16 41 18
16 91 36
13 116 35
2 88 31
13 98 14
27 128 55
49 53 39
2 87 31
4 47 57
78 79 25
43 69 14
17 53 18
26 83 36
91 125 14
91 107 22
70 109 15
7 76 27
60 86 25
12 40 22
19 104 34
22 26 14
16 51 5
13 108 60
41 86 26
5 111 43
12 15 53
88 120 46
56 117 8
90 125 5
13 19 24
47 66 41
64 72 50
17 67 55
2 28 12
24 53 14
71 82 8
50 78 37
76 108 21
83 95 2
76 86 59
55 57 23
23 129 12
54 112 58
51 78 6
45 127 26
60 67 42
4 50 60
30 42 34
14 79 27
99 117 18
36 40 33
53 72 14
27 95 40
47 76 52
23 41 12
17 21 0
90 124 31
11 39 8
22 43 58
33 108 39
79 100 53
19 122 27
71 81 32
33 66 11
24 74 58
15 66 1
55 82 21
52 76 20
5 85 31
27 46 8
27 121 31
17 89 38
50 96 7
69 78 41
17 111 48
78 106 24
25 74 48
79 121 9
54 83 44
29 53 56
63 122 58
25 25 19
53 65 47
34 94 24
23 117 59
41 56 42
45 87 14
5 123 12
24 63 35
0 80 3
57 120 56
19 73 46
74 75 7
1 121 10
20 31 47
48 124 54
24 104 9
43 103 33
9 48 10
52 90 53
11 90 19
1 15 44
28 88 29
6 92 34
52 60 53
7 88 23
72 75 9
11 27 14
68 80 40
19 59 55
2 83 16
13 48 20
14 76 48
12 97 48
25 94 6
9 76 14
7 109 56
35 116 48
12 102 5
30 109 1
1 57 41
48 108 21
45 57 14
8 20 44
62 70 36
34 75 54
42 65 18
35 91 19
31 65 35
57 110 9
0 3 12
22 84 57
50 71 51
41 92 46
9 128 32
22 46 46
3 18 40
11 115 12
11 117 5
7 47 37
2 116 10
48 75 11
26 114 32
23 51 36
20 104 49
26 79 22
64 86 38
32 83 2
5 27 54
7 63 42
27 73 11
57 105 55
24 93 11
1 77 55
90 97 59
50 81 53
25 59 40
40 60 54
72 107 39
17 42 3
57 82 13
34 86 1
28 127 29
9 50 27
52 121 17
53 118 9
40 110 8
0 71 13
57 94 5
1 92 33
61 65 49
66 78 42
9 92 29
25 61 50
37 115 28
9 44 34
40 40 56
61 124 26
47 101 25
36 82 5
3 79 60
13 127 25
24 30 43
11 19 25
8 76 7
10 88 56
73 113 8
12 23 47
68 97 58
27 129 33
32 97 51
61 115 41
37 71 49
29 120 43
15 120 38
8 70 47
5 67 47
21 80 27
4 61 9
20 120 45
66 70 56
64 76 50
46 48 44
25 26 50
23 39 31
4 69 51
83 114 51
10 62 49
8 11 15
26 99 13
50 87 18
48 59 35
50 105 38
19 79 8
27 82 11
85 119 50
50 109 43
28 47 43
55 92 46
12 109 6
31 80 12
37 93 25
7 127 40
43 118 2
45 98 27
9 33 54
13 26 49
55 125 25
7 72 45
79 104 31
43 129 31
2 30 26
13 14 47
4 34 36
85 93 5
25 93 47
5 92 60
43 126 7
21 34 0
56 114 40
28 57 51
20 59 52
51 111 26
0 88 20
1 111 58
57 125 36
14 102 15
28 66 56
19 45 27
76 81 35
30 78 39
29 68 45
42 120 2
0 98 16
66 108 52
46 56 20
0 70 56
7 49 55
33 102 4
35 59 43
32 88 60
29 81 59
48 88 29
43 86 53
42 74 54
3 20 29
17 85 52
1 110 44
20 80 49
21 93 31
22 97 16
38 113 60
28 44 55
78 105 17
17 109 20
7 16 34
88 121 42
39 68 0
45 115 60
59 114 52
11 54 2
16 55 37
13 103 56
1 112 21
22 95 16
3 35 48
13 91 40
51 66 21
24 89 45
52 107 41
67 74 45
50 62 29
44 58 28
29 125 50
55 108 15
57 79 43
48 114 9
98 110 1
43 114 16
73 86 10
30 89 39
3 23 45
24 90 60
14 78 2
7 111 47
15 104 38
32 106 32
48 53 21
47 108 10
11 33 26
4 23 53
22 56 12
15 63 53
57 59 5
51 61 4
19 44 32
29 121 44
21 124 25
7 79 5
4 100 37
1 45 42
10 12 54
32 91 52
27 33 29
21 121 33
0 128 8
2 82 29
65 106 23
18 99 54
43 47 32
12 56 13
22 27 23
71 114 45
12 72 44
9 118 52
36 103 46
18 96 12
29 69 16
16 17 21
15 34 43
26 33 21
11 63 60
21 79 5
24 95 17
15 92 19
9 85 0
44 67 14
48 49 3
35 110 39
76 97 57
64 118 3
97 112 21
6 14 7
7 70 19
27 116 4
28 93 32
3 94 58
12 32 58
6 97 21
14 122 10
39 95 49
45 117 45
28 75 55
82 115 50
43 110 19
29 34 12
6 89 57
0 18 10
40 52 38
40 120 54
18 108 21
77 85 32
4 22 0
55 119 54
38 82 37
75 91 21
60 79 15
29 93 15
58 90 13
75 79 5
33 117 3
29 62 60
13 52 10
51 94 59
36 37 25
24 99 3
28 53 51
3 114 32
46 50 42
6 31 13
6 74 30
43 78 5
28 52 23
33 121 49
15 48 17
13 84 12
18 73 33
13 59 41
13 58 44
41 55 54
6 102 23
26 42 40
6 126 52
40 72 0
0 107 11
23 109 44
71 100 33
6 6 37
6 16 42
24 67 1
16 74 36
59 111 30
41 62 42
60 71 54
70 80 18
75 104 52
60 66 20
19 49 0
11 119 3
24 111 55
18 31 35
53 117 13
10 29 49
72 104 59
59 119 26
50 66 55
43 82 39
13 119 8
4 32 58
17 34 55
19 46 21
23 123 44
1 32 18
1 93 58
9 68 57
11 68 39
2 115 34
27 72 23
77 125 57
54 89 19
105 115 48
28 86 26
28 97 3
53 73 39
9 122 39
14 53 6
53 114 25
6 33 19
47 54 56
47 57 33
25 120 15
75 100 26
14 18 39
56 86 28
50 108 0
25 91 34
58 102 36
31 63 35
12 73 60
31 108 6
10 111 30
31 66 21
30 70 3
30 83 20
75 86 19
84 117 43
53 102 45
37 81 13
25 62 0
24 71 25
44 71 53
28 114 10
12 63 25
62 119 32
69 101 19
33 76 45
6 17 60
40 84 18
20 40 7
46 94 54
32 41 51
19 56 9
63 86 37
18 44 47
19 117 26
1 43 5
39 90 10
59 67 46
60 108 49
37 86 54
30 73 13
46 78 37
41 52 60
3 49 50
20 91 51
1 80 50
13 115 5
26 78 34
70 72 39
36 42 51
37 47 57
26 113 30
2 89 33
32 36 24
14 88 19
73 106 59
54 58 38
32 85 51
55 126 11
10 119 24
46 122 39
24 105 4
32 78 21
6 87 4
33 87 4
27 64 39
46 101 6
50 120 44
19 86 43
67 109 0
11 87 55
20 102 7
61 72 26
69 82 7
11 120 25
4 10 29
3 80 2
61 127 57
24 85 51
29 115 42
45 67 6
26 27 7
0 24 46
54 118 9
8 87 41
20 108 8
45 105 5
38 63 53
1 67 10
9 57 59
55 115 31
23 87 44
20 28 51
4 33 22
52 63 45
47 111 40
5 21 53
42 89 9
79 81 11
34 51 37
11 16 39
63 69 30
6 125 18
0 87 2
17 19 35
53 122 59
46 98 44
39 102 27
18 69 56
8 68 53
22 81 21
33 94 46
16 34 8
32 92 23
10 33 56
30 91 2
36 92 2
12 81 35
53 86 50
47 59 48
0 58 28
13 121 24
5 5 8
63 68 8
0 34 40
26 80 58
26 36 34
28 61 44
10 109 22
4 66 11
60 96 8
65 126 53
1 62 29
22 75 27
98 125 40
33 126 31
89 89 9
50 123 59
36 38 53
41 85 21
51 68 46
9 28 43
4 39 35
47 73 5
7 39 57
21 104 45
16 68 25
27 117 46
2 45 13
22 35 15
34 80 58
62 63 3
12 60 52
39 62 2
54 96 54
34 41 54
30 45 41
45 47 37
0 101 12
52 89 56
60 95 57
55 99 24
26 58 57
2 44 4
41 122 33
4 78 59
10 86 37
62 98 5
84 95 37
18 78 30
41 68 60
7 61 25
10 21 26
8 43 47
59 110 50
16 76 13
7 126 43
10 120 4
9 39 9
20 81 24
46 87 24
22 65 9
31 77 2
11 124 14
68 102 46
30 92 4
5 76 36
26 68 9
41 84 40
86 129 52
1 26 30
2 127 40
45 104 33
65 68 27
5 32 14
77 81 59
24 49 1
41 120 11
35 55 29
54 86 12
2 25 25
52 69 14
16 128 30
94 107 51
38 53 21
23 62 41
10 74 34
76 89 3
44 97 42
27 96 19
19 20 8
2 110 37
12 29 27
34 84 57
56 91 60
24 127 33
76 79 12
42 104 57
43 80 22
13 53 10
19 71 7
69 112 4
8 59 22
3 77 2
32 32 34
20 105 49
43 49 8
40 123 28
17 72 8
13 81 32
66 120 56
35 127 57
30 48 1
17 92 35
4 84 28
40 105 34
22 57 16
6 22 21
20 55 43
21 98 27
39 70 40
42 63 4
32 52 32
33 41 17
55 69 29
11 56 6
42 87 2
19 69 27
1 82 34
36 67 22
75 75 16
65 110 17
82 82 36
0 33 38
30 115 28
56 119 56
40 101 45
13 87 55
8 39 15
9 111 47
1 27 10
48 64 6
62 88 33
29 114 2
19 26 21
4 64 14
20 46 5
4 59 15
23 81 47
24 41 52
44 65 32
36 43 26
6 11 4
2 6 3
8 57 42
25 46 33
29 38 35
60 73 31
18 27 15
12 39 30
16 88 37
9 96 19
69 119 53
80 116 35
27 53 50
4 72 27
65 124 44
28 35 42
20 92 37
23 60 30
12 65 1
26 47 17
44 45 30
14 98 22
15 72 39
34 117 22
48 91 59
32 74 55
16 29 56
2 59 4
52 62 24
19 99 21
57 102 31
28 80 44
29 85 21
53 91 29
57 83 46
15 124 9
14 26 45
58 95 40
17 78 23
38 127 13
3 14 11
34 38 21
41 78 43
13 92 28
2 124 49
0 97 21
33 80 2
23 55 38
1 116 53
69 79 3
4 53 46
47 61 10
56 123 27
6 28 36
34 113 49
6 37 39
2 77 18
23 79 17
26 45 58
71 101 12
10 89 50
50 114 5
12 107 60
22 24 11
60 80 32
20 121 41
9 124 21
22 91 16
30 75 56
13 78 24
57 98 32
12 125 26
8 109 57
0 119 55
58 104 54
39 122 22
6 34 7
55 88 53
18 20 41
9 73 0
15 129 24
18 110 3
26 54 49
27 126 22
54 70 33
62 91 40
11 97 18
21 116 34
35 39 25
42 85 16
10 64 28
25 43 27
58 101 18
79 88 57
53 90 22
65 97 19
17 50 0
16 62 8
7 122 8
4 76 25
81 96 2
46 103 15
31 92 51
56 111 31
31 72 21
29 64 50
8 44 6
3 84 40
88 96 33
12 90 22
17 59 44
40 106 41
4 85 52
4 65 16
39 127 23
27 70 19
34 114 51
10 93 11
63 97 9
32 39 60
18 61 54
72 110 6
89 112 36
24 126 5
31 88 30
25 69 26
19 28 35
27 55 8
66 123 19
16 18 5
58 76 16
10 82 58
9 25 54
79 85 12
12 120 19
13 104 5
2 126 10
77 91 33
57 92 43
24 123 16
88 112 14
7 116 57
24 48 48
1 97 27
43 46 53
22 34 8
56 99 20
4 126 27
4 109 0
65 113 7
1 65 7
3 68 60
7 64 1
31 62 44
70 86 6
37 50 0
58 60 57
64 98 52
69 73 29
1 7 36
2 2 40
26 81 49
5 90 37
11 88 41
0 103 25
17 28 10
20 70 29
31 61 33
36 88 9
11 122 27
15 19 42
21 38 48
42 119 10
13 105 45
27 34 42
27 59 52
89 91 58
43 72 39
5 75 46
21 123 28
50 97 44
39 82 17
37 45 33
28 37 52
24 50 38
11 92 12
30 123 14
19 39 32
6 91 5
51 88 28
10 30 5
3 63 13
39 111 58
42 117 29
27 86 57
3 101 40
56 105 22
14 99 34
7 58 21
8 63 19
80 127 28
25 53 58
53 94 16
14 45 35
18 64 60
13 72 42
46 77 5
69 107 39
50 116 13
40 50 42
5 110 16
31 41 35
46 114 28
4 121 31
17 104 23
74 79 59
9 100 17
10 56 43
28 103 7
52 95 11
5 91 40
8 111 11
51 83 60
16 116 11
56 118 34
19 22 27
36 68 11
60 81 18
62 87 41
39 66 17
22 31 46
7 29 15
42 75 55
16 42 37
30 124 16
33 74 1
5 108 29
55 80 2
55 129 44
6 63 3
11 85 45
37 52 5
