40 740
177
180
169
122
102
195
114
134
127
169
184
150
186
156
176
130
139
170
111
143
167
186
127
177
196
185
171
143
118
134
140
196
170
159
186
170
108
121
109
103
0 1 41
0 2 20
2 3 10
3 4 50
1 5 39
0 6 27
0 7 21
7 8 31
3 9 2
3 10 2
3 11 28
7 12 1
8 13 14
5 14 2
1 15 4
5 16 52
9 17 55
4 18 51
5 19 30
14 20 59
20 21 7
5 22 56
14 23 34
9 24 10
12 25 39
4 26 44
12 27 44
0 28 42
18 29 35
7 30 15
15 31 37
0 32 60
30 33 59
25 34 39
34 35 36
16 36 26
29 37 29
33 38 22
5 39 60
18 18 46
16 21 7
35 37 59
4 37 22
14 29 29
25 31 18
13 16 15
10 32 26
1 21 4
13 31 14
30 31 33
18 28 5
0 25 33
1 7 53
21 37 43
24 39 22
32 36 39
29 38 40
9 21 35
32 37 33
9 29 29
27 37 24
16 17 29
28 31 26
5 18 17
24 35 17
37 38 26
32 32 51
10 28 23
13 23 20
34 34 58
37 39 29
24 29 3
14 38 12
27 33 22
20 36 17
5 5 1
4 30 53
14 34 14
23 31 42
35 39 1
4 9 22
3 26 19
4 35 17
27 29 4
15 39 2
34 37 47
15 28 45
32 38 33
5 7 26
11 33 57
23 35 14
7 33 46
6 39 5
3 7 35
30 39 21
16 30 12
11 13 54
9 39 31
15 33 8
23 26 24
21 39 5
38 39 46
10 19 25
22 24 1
12 17 43
14 37 33
25 26 31
28 33 31
31 38 53
10 12 49
23 32 38
38 38 11
21 28 34
12 18 23
11 11 57
19 22 13
22 27 27
26 34 52
10 33 37
1 16 48
34 36 60
24 33 59
18 25 5
29 36 40
9 34 48
14 15 39
21 38 24
21 35 36
15 15 56
5 11 15
7 18 46
12 14 36
13 29 44
20 25 2
10 37 43
13 34 12
35 36 58
4 28 60
19 24 20
16 18 10
8 28 48
3 35 7
11 36 40
5 21 44
1 39 37
1 28 10
23 37 48
28 32 33
32 35 26
22 22 57
26 39 28
18 32 35
15 24 13
36 39 0
25 33 58
9 18 27
26 35 25
13 38 57
23 34 37
18 23 38
16 27 57
12 24 11
37 37 55
19 38 51
20 35 17
31 32 7
8 30 47
12 31 16
23 29 24
8 24 23
15 16 27
35 35 56
0 39 3
7 15 5
14 19 24
35 38 58
15 22 36
10 10 12
33 36 18
1 8 5
20 37 20
19 28 10
19 29 60
29 30 0
19 34 7
6 15 21
6 12 8
21 21 43
9 11 34
11 38 49
31 36 30
11 17 4
17 27 4
34 39 57
3 5 43
26 36 11
20 34 22
19 36 25
32 39 23
15 34 29
8 18 60
11 24 43
6 31 4
27 36 25
22 37 15
16 26 54
18 24 15
8 36 34
25 30 27
19 23 40
15 26 1
30 38 51
13 18 21
21 26 36
4 10 2
8 17 13
17 25 33
9 36 38
28 39 0
8 10 39
4 29 21
23 24 11
29 33 4
31 37 44
2 25 30
19 21 0
29 32 5
0 4 44
27 34 49
17 33 58
26 26 6
28 37 12
36 38 17
10 31 10
7 7 17
2 11 51
13 27 45
9 27 12
26 30 22
5 38 20
2 33 53
22 30 40
13 15 9
12 35 10
0 13 35
22 36 24
26 31 49
8 39 51
24 24 50
33 34 1
14 39 59
9 10 33
18 35 33
2 7 57
26 33 26
3 16 58
18 39 19
24 28 25
19 39 0
31 34 26
3 14 16
15 32 35
12 23 37
15 27 35
32 33 59
11 35 43
27 30 13
20 23 57
17 35 33
26 37 36
25 27 51
6 24 31
17 30 36
8 31 39
30 34 39
4 39 58
34 38 38
1 10 25
27 27 5
7 10 10
5 10 32
3 31 41
33 33 43
8 21 45
21 25 42
24 34 34
17 37 27
30 35 45
17 18 52
36 36 50
1 22 45
17 32 7
5 25 41
8 33 40
22 26 27
25 35 58
3 38 53
15 35 10
10 24 22
11 15 59
28 36 36
23 36 6
7 26 50
24 27 50
25 32 45
15 38 0
2 18 39
3 37 36
27 28 24
29 34 26
13 30 19
7 31 60
13 35 13
6 17 24
7 37 16
21 36 44
12 32 44
22 35 40
18 20 45
23 25 11
19 27 45
4 12 42
1 38 25
7 20 41
2 20 11
14 21 52
11 26 20
3 36 59
6 30 14
6 14 56
18 31 46
31 35 43
27 32 10
26 32 7
1 37 32
7 29 31
23 27 3
17 29 31
14 28 43
25 39 19
24 25 22
8 34 58
4 6 34
3 33 21
0 15 39
2 23 27
27 31 8
12 20 44
13 28 36
9 15 11
15 23 8
21 33 21
26 29 13
16 31 10
31 33 59
16 22 40
1 11 53
1 31 0
21 34 16
2 15 43
10 21 30
11 30 7
16 24 26
11 37 17
28 30 49
30 37 14
8 25 8
12 28 13
4 20 0
1 20 29
9 33 11
17 26 36
4 33 8
1 6 35
0 31 41
30 32 47
36 37 40
28 29 53
13 37 55
11 19 1
8 20 3
14 16 1
33 39 32
10 27 2
25 25 18
0 38 8
17 31 37
9 13 33
2 8 35
3 29 35
15 37 51
27 39 41
2 30 54
28 38 56
14 22 24
17 24 41
13 36 57
26 28 17
4 22 13
25 38 7
2 29 3
17 36 47
6 13 26
24 31 23
3 12 30
5 26 17
17 17 34
14 27 28
14 36 49
22 39 13
16 38 1
20 38 31
2 27 29
9 30 1
32 34 50
6 34 60
16 20 44
10 17 48
28 34 46
5 35 14
17 34 49
3 17 40
0 0 0
4 34 30
5 12 0
17 22 53
6 28 47
8 11 48
29 39 55
27 38 49
20 30 60
12 29 50
15 19 26
19 33 10
14 18 31
7 23 15
22 33 36
10 20 20
30 36 59
22 38 24
1 9 58
10 25 23
4 15 51
2 37 43
16 39 54
7 17 39
2 24 60
13 17 30
23 28 47
12 19 30
1 36 39
6 20 39
16 33 53
33 35 51
17 19 21
10 16 16
21 22 42
12 26 12
2 2 13
20 33 28
33 37 19
16 34 49
5 27 40
7 39 17
2 13 47
2 14 28
13 32 28
29 35 42
11 39 37
4 31 59
15 25 34
24 26 48
1 14 38
14 35 15
0 33 12
6 35 30
12 30 9
1 1 26
2 5 45
9 31 29
21 29 17
10 13 52
7 22 50
4 25 60
22 32 48
10 11 19
14 25 36
23 33 43
3 13 32
13 39 28
4 23 48
21 31 41
9 37 52
16 16 57
5 15 36
1 12 31
9 22 7
4 4 36
0 12 45
3 19 48
13 26 17
8 22 5
28 28 41
0 11 45
9 26 32
2 6 9
13 19 30
18 19 53
19 32 41
21 30 14
18 27 31
10 18 12
0 3 28
28 35 30
19 26 59
11 14 55
12 21 5
12 38 47
20 32 39
15 36 16
6 9 35
23 30 39
10 34 44
14 31 23
5 8 10
25 29 13
31 39 16
19 31 33
20 27 11
1 33 52
3 3 4
17 21 5
17 20 38
9 9 20
15 21 22
13 22 23
20 24 51
3 6 0
25 36 10
25 28 36
3 25 24
2 39 11
22 25 17
26 27 41
8 35 48
6 26 15
6 10 28
25 37 51
9 19 46
14 24 13
10 29 20
30 30 22
20 29 23
3 18 55
12 37 30
12 34 23
24 37 11
16 29 27
18 22 59
13 24 23
0 9 21
0 23 36
20 39 8
1 18 49
9 32 6
3 24 5
4 27 0
2 36 13
13 21 8
22 34 48
4 17 39
11 16 22
22 29 27
14 33 24
5 33 11
4 11 36
23 39 29
4 13 7
18 34 43
10 36 30
3 39 26
9 16 6
6 32 21
8 12 31
5 28 11
8 14 48
16 37 55
6 23 35
0 5 41
12 13 58
15 18 36
18 21 3
7 27 36
6 11 23
14 17 49
5 30 24
7 34 1
5 32 21
20 31 54
2 10 29
2 17 23
0 37 52
0 30 50
2 9 11
0 20 27
9 38 25
5 6 28
19 30 25
5 34 10
27 35 39
9 35 8
21 27 17
7 9 8
8 26 10
2 32 8
0 22 33
15 20 55
17 23 3
1 13 15
11 22 2
7 36 28
5 13 29
16 35 52
1 26 55
2 19 30
24 38 2
10 22 52
15 29 29
3 30 39
0 36 60
1 30 29
7 14 35
3 22 1
8 15 18
7 32 31
7 16 53
12 22 26
1 23 7
5 29 14
10 35 60
10 38 43
7 25 41
6 37 54
23 23 10
15 17 47
29 31 26
20 22 45
16 19 31
18 38 12
16 32 41
11 27 12
6 21 19
11 12 27
24 32 26
0 10 51
9 12 33
14 14 36
26 38 25
1 27 14
12 33 53
14 26 41
22 31 21
3 23 16
11 31 2
0 26 2
21 24 53
1 4 18
7 24 31
3 34 57
23 38 7
18 26 51
6 18 42
9 28 30
18 37 37
6 16 15
6 7 16
12 36 13
5 23 10
6 19 25
3 8 59
17 38 52
11 25 25
22 23 1
2 34 17
16 23 51
12 15 30
24 30 37
0 29 18
2 26 53
2 22 28
1 19 27
21 32 45
13 13 31
17 39 10
31 31 4
2 31 56
18 30 9
6 25 56
0 21 57
5 31 31
4 21 4
16 28 10
8 38 46
6 22 53
2 12 48
0 14 6
8 32 36
6 27 45
10 30 55
11 34 8
24 36 22
7 28 25
13 20 29
0 17 30
22 28 32
20 26 19
7 21 10
9 14 0
0 24 2
4 38 44
17 28 40
3 28 7
18 36 11
29 29 30
3 32 32
19 25 13
3 20 8
12 39 0
1 34 28
0 34 47
11 20 26
18 33 16
2 35 43
7 38 20
4 32 1
8 9 3
5 20 17
14 32 24
0 8 24
6 29 50
