110 5445
195
118
130
170
111
159
131
145
184
185
157
191
163
128
118
170
144
138
188
129
198
133
159
154
146
142
108
140
100
149
196
182
144
127
193
132
134
192
116
101
170
170
192
184
124
161
104
199
153
132
193
125
140
200
193
161
168
100
133
128
165
155
106
145
107
104
174
176
151
151
156
134
108
111
150
138
138
159
128
158
151
150
110
137
152
116
193
171
180
168
138
146
176
117
121
170
110
179
115
171
128
170
116
100
102
182
157
144
176
176
0 1 12
0 2 5
1 3 46
0 4 3
3 5 38
5 6 12
4 7 44
1 8 3
6 9 33
6 10 5
2 11 12
9 12 41
9 13 18
11 14 48
2 15 46
2 16 22
0 17 57
0 18 55
14 19 49
5 20 34
1 21 28
10 22 56
17 23 45
12 24 59
0 25 37
14 26 23
15 27 50
5 28 17
5 29 8
24 30 28
24 31 11
14 32 57
18 33 26
25 34 8
3 35 7
20 36 23
36 37 44
19 38 53
22 39 60
17 40 48
24 41 6
40 42 32
21 43 30
32 44 2
27 45 36
30 46 29
41 47 58
34 48 40
15 49 52
22 50 23
12 51 46
28 52 47
49 53 44
30 54 45
54 55 20
3 56 13
30 57 40
21 58 4
15 59 48
47 60 21
49 61 12
9 62 8
44 63 53
12 64 57
11 65 54
11 66 7
61 67 41
55 68 16
24 69 1
50 70 59
2 71 9
33 72 35
33 73 55
67 74 42
70 75 29
21 76 20
65 77 37
7 78 57
13 79 45
77 80 26
43 81 10
52 82 11
71 83 8
47 84 44
70 85 24
30 86 30
75 87 12
83 88 51
3 89 42
78 90 55
38 91 40
62 92 52
67 93 16
12 94 51
72 95 27
57 96 3
78 97 44
43 98 54
47 99 58
86 100 48
51 101 51
21 102 17
17 103 10
40 104 5
6 105 26
32 106 15
59 107 27
21 108 41
71 109 55
107 108 10
89 99 45
19 101 7
72 74 48
59 91 18
2 24 19
23 51 28
5 72 51
70 70 14
28 107 47
50 97 51
16 37 7
1 53 49
58 70 19
54 65 49
70 91 35
23 91 26
93 97 30
22 48 59
64 66 23
55 96 41
30 72 59
49 74 49
72 88 21
65 95 0
9 74 59
26 101 24
44 57 19
14 86 57
20 104 12
92 106 9
90 98 20
1 91 15
85 95 22
98 101 46
17 73 47
102 105 30
27 94 7
38 83 9
74 90 5
76 98 51
82 109 26
16 92 7
67 84 46
59 61 56
51 58 17
5 23 43
75 99 24
5 37 43
29 96 22
9 18 8
103 106 1
62 70 57
41 50 36
76 87 16
101 108 57
90 106 24
49 65 28
6 6 39
19 97 36
22 100 6
21 88 5
3 104 25
66 80 9
49 63 45
64 73 18
93 96 22
89 102 48
51 66 26
66 75 14
92 109 4
60 101 16
95 98 59
24 107 17
50 103 8
108 109 56
44 108 30
65 76 24
9 98 6
34 104 20
73 80 44
12 28 24
26 26 30
3 95 40
39 80 14
83 90 56
45 109 1
70 107 46
58 63 29
78 106 2
3 109 32
108 108 25
29 49 14
25 48 57
106 108 51
44 64 52
28 65 5
70 93 24
46 52 43
99 99 45
10 91 13
46 57 11
30 107 33
32 42 48
85 98 25
69 102 21
43 93 20
101 109 10
84 86 1
2 78 30
75 103 22
7 79 40
35 92 56
86 107 53
47 83 3
36 108 14
40 91 52
58 102 60
40 43 53
10 52 46
46 49 50
65 69 58
24 50 0
5 104 3
56 79 49
36 78 34
20 96 19
70 109 13
77 101 39
38 109 20
98 107 16
71 91 38
27 69 18
53 105 56
24 82 16
62 62 42
37 92 48
5 43 4
9 71 51
55 103 5
56 61 43
36 109 44
7 32 43
36 59 17
64 86 37
72 98 28
38 78 14
18 28 43
68 86 7
97 103 50
96 99 20
9 108 34
12 84 31
87 101 11
23 101 36
96 108 52
25 95 19
73 83 9
76 80 25
73 105 49
1 98 4
81 92 54
11 87 32
5 88 39
56 80 37
40 83 42
41 63 45
96 106 40
2 82 60
19 32 52
93 98 21
72 80 60
30 70 32
61 68 3
15 63 50
50 51 35
63 64 23
15 90 21
78 85 59
72 81 17
16 64 1
48 75 3
1 18 27
75 83 25
63 67 11
50 102 48
48 69 3
1 36 1
22 77 25
14 65 2
83 104 55
31 105 52
89 98 9
36 75 5
88 90 10
84 99 41
57 65 29
71 73 29
50 78 27
14 23 24
66 81 15
15 18 32
101 107 44
105 107 8
33 49 35
76 93 12
53 90 8
31 92 60
11 51 14
4 8 54
55 71 56
104 109 3
23 78 43
57 106 44
97 109 57
30 32 15
64 84 7
88 106 57
95 104 29
100 107 43
28 59 21
61 85 37
91 105 36
69 69 2
50 56 47
1 109 23
31 75 4
69 98 16
97 105 25
86 109 4
72 94 51
106 107 25
70 96 8
102 107 39
63 75 39
39 79 37
55 76 34
30 105 43
55 108 31
11 88 56
49 99 12
100 106 54
89 93 16
55 88 3
77 107 45
32 48 2
24 71 1
58 96 26
59 98 51
82 105 39
106 109 48
77 96 51
92 104 30
84 105 2
77 91 58
104 104 48
7 83 44
73 73 13
49 54 51
92 97 43
71 104 10
47 85 60
56 86 57
45 90 14
29 37 21
25 55 56
91 103 55
46 61 6
33 87 37
99 102 47
69 72 29
55 73 30
16 87 40
93 107 16
92 100 12
64 64 42
35 100 23
28 103 47
77 84 59
96 104 24
29 41 34
80 96 33
102 109 45
16 50 32
52 106 7
97 107 43
38 39 9
69 109 38
107 107 60
2 14 53
10 37 29
36 72 55
61 101 40
81 94 39
96 100 58
9 106 5
100 103 53
47 61 9
45 78 50
74 79 10
44 85 40
5 39 45
72 76 4
0 108 29
16 51 48
16 56 13
37 101 25
90 108 14
17 24 4
92 107 24
91 104 54
40 88 15
86 106 24
64 109 45
10 25 40
22 94 20
104 106 57
76 109 24
10 46 39
30 108 2
79 99 35
86 97 44
72 99 50
60 105 45
97 99 24
14 90 43
38 54 30
102 108 31
95 100 24
23 85 9
47 104 52
103 104 58
61 66 22
18 67 39
89 105 54
43 65 3
51 69 1
8 28 10
26 69 22
14 49 38
44 71 36
1 4 35
69 91 16
8 16 9
64 68 20
54 105 1
53 57 52
7 20 43
70 94 7
102 103 45
3 76 39
18 82 50
18 54 29
63 68 3
98 109 9
46 69 47
39 48 13
45 47 36
37 105 6
61 103 48
24 46 45
53 69 29
18 96 34
13 108 20
24 91 1
20 59 9
33 88 46
26 34 8
68 92 45
36 73 40
44 90 30
98 99 8
76 97 18
5 94 43
97 98 35
27 29 55
106 106 23
27 67 12
5 58 3
53 81 42
98 98 36
88 105 49
0 9 55
81 103 10
17 38 28
30 65 53
40 82 31
69 78 47
33 97 50
90 105 0
26 103 20
37 42 53
5 76 25
35 109 60
72 78 41
59 81 15
62 99 35
58 99 25
16 79 13
16 84 18
39 90 53
14 43 58
42 54 43
28 100 7
59 78 46
77 94 44
91 92 56
29 106 50
0 48 44
62 98 47
46 73 23
20 54 34
41 73 4
36 70 7
89 108 40
84 101 57
19 37 52
26 27 1
51 71 44
103 109 43
98 102 45
28 45 54
88 97 9
24 83 16
91 106 13
25 53 9
52 102 42
36 40 24
26 33 5
4 96 37
29 48 4
36 45 55
14 92 20
99 104 39
79 98 48
59 68 25
95 99 50
105 108 51
42 62 57
55 55 43
6 48 57
42 86 55
43 95 4
102 104 22
72 89 57
14 25 60
96 107 16
56 103 47
54 95 12
35 40 17
84 96 13
21 26 0
92 96 4
81 81 20
35 48 38
101 101 35
50 91 56
81 108 9
79 106 24
100 105 56
58 109 29
45 57 17
52 92 20
92 95 32
63 74 36
69 86 16
64 99 22
103 107 35
98 104 24
48 91 37
65 91 32
60 67 4
60 82 5
77 109 54
17 19 17
89 107 33
82 82 3
66 97 24
48 60 5
75 89 42
2 56 1
32 95 47
84 89 45
58 64 46
54 63 17
1 22 21
9 14 6
27 71 5
94 102 51
4 79 35
14 68 39
87 98 8
88 93 17
63 102 37
99 101 39
65 104 19
33 102 59
13 109 57
98 100 15
66 68 32
13 46 59
38 49 16
87 87 14
4 57 41
89 94 58
76 78 40
62 68 43
18 97 29
35 74 47
3 107 22
65 97 1
56 74 31
53 70 28
36 67 45
60 77 14
69 83 18
26 49 5
90 104 28
4 92 40
90 96 5
38 68 24
37 40 9
47 67 11
88 94 12
103 108 14
42 77 46
44 92 13
33 57 19
39 103 49
87 109 23
75 107 13
20 86 1
6 36 15
104 105 55
95 97 26
10 60 57
107 109 46
86 104 28
91 95 48
16 96 6
46 109 56
91 102 7
80 104 6
18 23 1
45 76 46
86 108 49
9 93 53
85 107 27
90 107 14
47 100 8
20 107 14
80 105 29
10 99 12
40 106 49
17 94 9
61 61 60
8 94 37
22 51 31
0 84 2
59 62 22
79 109 25
67 107 27
78 91 58
6 44 24
1 77 21
71 87 1
45 70 40
48 83 4
85 92 53
2 75 39
36 93 5
58 107 31
88 104 41
70 95 54
79 100 27
69 108 20
77 93 18
87 104 30
21 59 13
36 88 31
2 62 1
55 97 21
39 97 46
51 109 27
10 83 24
49 90 41
104 108 48
54 70 19
82 88 50
94 98 46
89 104 2
20 21 30
40 54 32
3 11 13
71 93 3
18 74 4
15 106 8
60 85 7
48 67 8
93 103 10
36 56 54
54 75 57
6 96 42
80 88 42
77 77 42
14 54 14
82 98 55
43 86 0
45 65 40
92 93 22
26 89 8
1 23 7
89 103 20
19 72 8
37 86 15
2 57 30
41 94 48
82 108 23
75 104 8
43 60 54
8 106 24
27 54 35
35 108 21
62 100 54
21 73 59
50 52 43
11 68 35
77 98 54
94 107 46
79 89 3
3 22 51
67 77 14
24 43 27
52 78 56
4 56 37
26 30 42
28 36 11
72 103 3
59 102 23
62 78 12
43 71 10
48 99 45
62 84 19
9 55 54
59 93 57
3 81 45
37 96 43
90 109 11
94 99 33
42 92 18
64 78 29
14 100 53
58 79 38
41 45 20
30 52 40
94 94 44
17 54 30
12 73 27
52 85 22
31 54 10
5 45 60
33 86 20
75 85 56
24 52 25
58 67 31
53 84 28
38 46 8
79 88 21
83 93 51
46 63 43
73 92 11
15 68 13
22 38 31
80 93 39
37 52 18
28 46 10
44 89 16
74 87 36
13 45 36
66 103 43
4 30 39
93 105 47
88 99 21
63 99 2
83 89 20
56 99 5
42 105 31
95 101 6
47 57 47
78 84 12
3 100 6
64 71 53
66 90 46
59 83 22
28 29 34
55 56 20
72 106 44
62 77 17
17 48 51
5 18 36
58 68 25
50 107 40
53 55 7
28 39 25
1 106 34
87 102 26
42 72 50
10 89 36
64 102 30
18 38 40
6 88 10
81 106 58
61 81 0
26 61 49
16 40 32
8 41 45
89 109 40
30 75 36
37 69 11
19 66 59
44 97 50
96 98 56
18 104 13
31 53 31
69 80 3
35 36 48
34 103 36
75 86 35
54 98 26
91 96 21
6 35 36
97 108 38
32 63 53
49 72 1
0 60 23
21 50 36
19 104 30
53 65 56
62 72 32
25 64 26
20 103 58
58 100 17
9 43 40
88 100 31
20 97 34
93 108 6
0 52 43
12 40 40
41 106 59
82 104 44
7 37 12
2 102 2
25 65 1
75 101 1
17 22 52
4 93 1
93 99 17
94 104 38
35 65 9
73 91 16
24 29 37
8 77 28
70 92 22
86 88 25
10 13 23
64 69 10
55 59 47
71 89 2
74 94 41
85 88 1
74 74 43
44 72 25
67 69 31
44 81 44
15 21 10
105 106 53
12 59 10
51 83 58
17 66 41
65 72 39
23 106 15
88 92 43
35 49 20
82 102 20
9 102 42
59 87 37
16 33 49
75 93 1
104 107 3
59 69 51
7 108 26
59 73 50
4 36 19
71 100 22
53 89 52
93 93 32
6 54 41
29 91 18
21 40 33
29 76 46
16 90 10
62 90 43
96 103 23
37 58 20
88 98 54
68 99 38
66 99 9
75 105 4
90 94 1
77 104 30
14 59 9
2 25 29
10 98 56
4 12 29
28 58 47
31 48 56
14 62 40
65 94 6
13 40 1
73 81 35
36 101 6
94 101 48
80 92 36
25 85 21
20 33 31
58 91 24
22 84 22
77 92 26
47 47 33
31 37 2
54 82 51
68 103 2
46 99 10
84 85 38
48 64 38
5 97 6
25 35 59
32 60 37
26 108 42
32 67 45
72 85 22
23 86 6
42 90 20
105 105 14
23 24 13
38 74 52
7 39 13
44 51 13
35 80 43
97 106 10
95 106 39
48 104 37
34 40 27
65 79 1
101 105 33
95 103 43
35 50 37
13 55 28
41 48 36
18 91 13
44 107 13
6 107 56
31 49 14
90 95 35
39 98 0
42 102 7
102 106 7
32 81 14
45 59 24
33 42 22
11 13 14
21 81 51
62 80 59
39 67 16
55 99 30
90 102 25
9 94 50
83 105 5
71 82 15
25 32 55
12 99 50
12 48 12
101 104 60
86 86 52
35 86 27
73 109 49
54 108 5
52 69 44
7 16 36
38 42 1
84 97 4
5 99 4
74 101 11
69 82 37
77 78 55
13 48 4
59 71 51
51 51 41
28 109 27
51 55 7
70 86 33
39 82 26
90 92 50
49 83 39
8 25 11
27 103 30
17 65 38
21 33 6
52 71 8
64 85 37
44 83 60
54 85 42
80 101 49
63 93 23
59 106 52
40 72 13
33 41 10
95 109 56
11 97 32
3 88 42
42 61 48
84 90 7
28 88 5
64 79 27
42 53 49
58 92 13
6 71 11
64 92 28
51 54 24
21 101 44
48 96 42
57 86 0
76 90 36
33 48 12
46 65 26
97 104 59
70 87 41
12 44 37
9 21 54
16 76 27
33 55 42
101 102 33
78 96 22
69 70 28
68 85 41
35 79 39
61 72 50
95 96 7
85 90 32
41 79 20
5 10 6
15 103 58
83 86 19
83 96 26
30 31 49
55 106 45
75 96 58
38 70 54
17 100 7
48 90 60
100 104 10
32 91 7
76 81 4
15 50 45
84 87 32
80 95 9
54 86 4
39 61 58
43 91 2
21 61 38
105 109 10
77 89 17
49 75 9
73 97 55
34 99 56
48 105 26
3 108 0
11 23 47
81 84 15
68 100 37
81 88 60
82 94 17
20 25 34
44 105 10
44 68 4
15 20 42
77 95 24
85 89 52
31 51 31
73 85 7
93 101 39
36 55 55
3 60 27
66 94 55
30 69 53
21 36 40
69 93 16
54 102 45
74 91 45
33 98 31
82 93 39
62 71 46
49 106 21
97 100 23
27 95 10
25 79 22
103 103 53
43 79 33
73 107 58
96 105 41
70 106 12
100 101 28
61 90 10
81 101 15
74 83 56
42 80 59
62 63 39
58 74 52
63 106 31
87 89 14
20 27 27
9 83 9
56 100 4
34 72 31
13 39 5
31 62 27
84 88 0
1 65 58
66 107 13
26 104 31
93 106 10
103 105 6
26 55 23
78 98 36
32 78 40
12 43 52
74 78 58
74 98 18
89 89 26
16 101 16
52 72 52
20 109 9
48 49 34
66 69 28
84 106 34
18 87 7
29 35 21
48 88 31
90 90 57
100 100 59
79 102 25
47 77 53
84 104 19
64 75 22
43 46 15
6 11 46
71 74 5
8 95 47
10 59 9
100 109 14
53 76 48
90 103 60
23 26 39
15 46 44
40 109 51
101 106 33
49 78 47
25 39 18
50 83 26
57 77 16
39 101 22
56 56 42
46 46 36
21 57 58
91 94 16
35 61 15
51 78 51
54 106 50
65 98 4
18 59 22
64 98 59
34 63 56
38 44 4
0 56 26
53 92 40
61 106 49
69 105 53
17 83 59
17 107 53
2 41 28
29 77 36
53 77 35
55 82 9
56 77 19
69 107 22
35 70 6
79 80 13
74 80 22
21 86 46
48 87 12
16 60 33
36 104 49
28 106 48
8 59 27
31 78 13
74 85 11
43 64 6
14 99 50
66 73 9
6 83 2
59 108 29
6 25 55
25 83 28
99 100 42
59 76 50
18 94 45
32 72 0
31 76 54
93 109 37
56 66 42
15 101 39
71 97 30
17 39 10
65 100 35
24 99 42
51 56 48
63 80 21
72 86 49
61 89 54
27 43 7
86 103 20
94 103 4
65 101 15
89 91 55
75 100 3
57 90 33
86 96 51
34 74 16
52 63 10
89 97 29
52 86 22
37 90 59
27 74 8
67 96 54
72 79 35
13 63 17
12 103 42
47 68 44
17 101 48
68 102 32
67 71 32
65 109 5
8 52 22
4 9 16
55 87 50
2 23 9
87 90 36
72 92 9
80 103 14
56 67 45
42 107 1
54 57 31
62 69 14
53 86 6
18 26 2
52 104 52
9 40 5
69 101 58
80 100 42
13 28 36
50 59 38
22 57 10
70 72 36
67 99 32
32 77 60
21 62 33
27 48 17
71 101 37
73 82 7
18 60 26
46 100 4
17 28 58
14 47 34
35 67 51
73 88 25
66 102 54
7 105 52
46 70 50
31 33 51
4 33 31
13 36 11
66 70 9
7 95 31
28 76 20
26 50 6
56 76 13
25 106 43
20 89 58
62 87 28
42 74 25
87 88 52
33 71 44
22 32 26
93 100 56
2 58 25
61 109 37
23 108 48
95 108 9
20 79 57
5 33 17
49 76 3
90 100 0
96 101 35
0 93 29
9 91 29
16 44 23
0 100 45
23 40 20
3 37 36
60 71 6
11 106 38
12 61 50
81 93 13
31 80 56
61 91 52
72 96 28
14 56 60
46 55 18
14 27 54
98 105 35
52 97 20
19 82 31
50 74 45
3 46 28
21 55 47
2 65 6
26 72 48
42 42 36
55 105 44
32 88 60
68 75 53
39 55 15
64 108 25
25 40 53
4 18 13
4 53 19
85 109 16
91 97 24
83 99 3
27 76 46
3 78 21
96 109 44
32 76 18
44 75 8
5 66 18
47 58 33
99 106 19
75 109 52
35 68 44
69 87 54
64 91 48
87 95 29
80 89 47
19 56 45
67 70 8
48 70 7
43 88 20
73 100 40
18 83 59
36 71 58
21 83 11
16 24 52
14 37 11
76 100 48
67 83 31
31 68 12
96 96 54
74 76 29
87 97 2
16 53 17
2 81 60
5 46 46
82 107 44
11 22 26
44 106 26
16 75 31
41 82 57
58 90 30
16 58 47
16 73 45
53 99 17
31 46 43
7 104 29
7 50 27
55 64 40
14 64 54
37 67 5
59 109 46
24 58 30
9 20 33
29 83 32
52 75 58
8 9 36
84 100 42
44 73 58
86 92 17
5 80 15
63 95 22
52 84 34
43 57 47
95 95 23
25 90 59
28 64 9
36 86 3
7 27 18
60 79 22
38 89 3
18 49 0
28 72 22
24 53 22
61 108 36
35 107 39
99 108 18
10 65 59
2 83 24
2 35 35
50 72 11
63 85 27
23 62 55
3 106 30
39 102 52
45 62 54
76 92 48
17 79 4
1 88 43
11 104 9
40 71 43
47 52 57
79 107 43
6 65 14
86 102 8
21 80 60
39 88 54
10 38 56
67 73 53
60 97 58
18 108 8
23 74 37
46 86 52
7 77 4
12 71 14
5 79 50
18 21 23
36 105 16
26 105 48
43 106 29
81 86 9
67 67 19
18 40 35
43 47 23
50 98 6
10 36 7
76 84 19
84 93 19
79 90 44
31 95 28
10 104 5
72 102 3
79 105 18
55 72 24
30 84 55
18 70 3
58 87 33
60 80 44
26 41 46
47 103 52
100 102 20
31 58 10
32 35 18
50 54 24
29 38 23
4 98 27
32 100 49
30 68 26
51 53 28
65 85 13
62 102 35
69 81 29
56 89 58
22 25 1
27 46 27
88 103 8
1 11 2
76 83 57
32 71 29
89 92 16
56 108 16
102 102 26
19 105 2
18 56 56
73 104 40
59 101 60
93 95 22
85 93 59
5 38 47
88 91 3
38 108 57
6 39 13
29 92 45
29 64 40
4 27 60
0 32 53
82 100 47
56 62 4
29 65 39
34 57 44
43 73 8
28 77 17
24 42 34
15 93 14
33 90 10
2 36 21
74 102 30
42 95 55
53 56 28
80 83 54
3 33 21
3 4 60
54 74 35
50 76 37
8 71 35
88 101 27
18 80 15
26 59 2
68 91 12
90 93 42
34 37 13
0 20 7
31 43 45
25 28 48
63 79 24
56 109 8
20 46 39
17 99 15
47 65 40
23 31 55
8 91 34
25 82 11
89 100 1
40 59 16
25 96 12
54 64 45
97 97 12
13 95 42
20 30 52
30 33 37
5 52 24
14 57 41
47 92 11
33 61 39
81 83 54
85 86 50
38 98 45
92 101 52
16 25 40
47 106 58
31 103 44
10 27 11
54 94 1
6 45 43
0 72 58
27 49 59
22 109 48
37 74 22
97 102 50
43 108 9
90 101 20
34 105 22
47 79 15
32 90 54
47 76 43
56 105 47
3 93 34
57 108 34
71 96 21
57 101 16
84 108 60
85 97 3
25 27 15
96 102 56
37 109 29
14 70 43
19 55 13
14 78 36
0 27 48
35 98 40
63 73 31
32 39 13
79 93 36
38 69 50
52 76 20
62 94 60
70 99 52
4 109 13
94 108 5
19 57 43
82 97 1
37 64 25
68 72 57
51 62 9
2 34 20
40 41 58
60 96 44
60 61 17
45 82 28
49 73 59
81 87 54
67 92 9
26 62 17
37 39 24
69 90 29
66 89 16
52 54 11
16 57 30
0 13 46
81 91 18
32 51 32
8 35 45
83 107 3
2 10 46
45 107 51
69 106 46
45 67 7
24 85 59
34 80 18
29 34 8
45 85 35
67 89 47
58 81 16
1 10 23
73 74 46
80 82 44
10 58 13
93 102 2
82 92 45
86 95 36
13 21 10
97 101 38
15 25 55
94 100 14
86 98 4
35 43 48
11 59 49
25 33 1
91 98 52
34 90 16
101 103 3
12 86 6
13 83 35
57 100 0
51 104 9
30 50 21
42 81 59
14 38 0
86 93 10
88 96 56
33 66 23
83 101 6
26 97 19
17 72 43
75 92 49
23 93 53
43 74 0
15 89 39
65 105 52
73 87 43
49 102 30
1 49 54
14 50 40
28 42 60
62 66 44
42 104 15
13 25 5
84 95 0
0 79 43
25 50 25
41 85 33
49 51 56
17 33 48
78 105 4
12 26 44
51 88 41
27 104 39
19 83 41
37 49 12
30 90 42
17 93 57
8 98 24
75 108 17
37 103 58
63 81 13
12 25 28
74 93 0
19 41 4
27 52 13
98 103 23
4 80 54
73 103 51
28 48 8
13 59 8
70 101 51
42 71 11
15 78 38
58 108 57
70 76 49
17 17 18
11 11 20
14 20 45
63 109 31
63 104 12
1 45 21
6 79 54
12 83 11
15 39 24
4 46 13
16 85 57
29 54 42
63 63 4
75 78 18
86 101 37
33 47 6
28 85 28
10 14 28
32 66 46
46 75 27
36 42 12
50 62 26
51 59 43
76 79 32
78 100 52
94 97 7
20 84 54
63 69 32
2 32 3
21 39 6
81 95 54
70 77 26
23 73 52
31 72 10
10 32 23
22 88 17
48 71 53
24 102 54
4 54 59
46 76 22
34 69 7
45 101 55
1 69 23
17 35 15
7 106 24
51 94 16
45 72 53
53 97 39
11 48 53
31 59 58
41 97 18
29 86 1
2 59 20
52 81 5
30 80 39
35 72 1
48 66 2
99 103 57
33 96 60
15 77 20
1 32 52
7 65 31
2 103 30
34 88 8
68 90 36
51 102 43
59 89 48
93 94 20
63 103 36
94 105 3
22 93 17
70 89 57
28 60 22
25 67 15
36 85 10
16 78 16
80 97 39
61 71 41
14 14 13
23 89 18
0 16 14
90 97 12
10 40 60
27 92 6
51 99 21
13 76 40
83 91 35
42 83 55
79 101 21
4 88 26
12 52 35
12 89 23
72 87 52
77 81 57
56 102 5
38 82 36
39 95 31
49 100 51
36 38 39
30 100 20
91 93 43
50 69 55
15 62 49
19 88 36
8 78 21
37 47 23
70 88 35
26 73 29
60 92 55
77 108 34
8 75 23
19 78 21
44 70 15
51 57 1
11 26 23
2 7 28
56 97 34
81 98 29
40 60 28
46 94 33
20 63 41
35 104 56
11 90 29
63 72 29
2 47 55
43 59 7
1 101 7
11 73 50
12 108 8
55 94 20
4 106 40
21 54 51
45 74 25
63 78 37
53 95 46
18 19 38
51 87 58
40 61 36
17 46 16
9 96 37
3 10 22
89 101 43
20 64 13
10 35 59
21 77 11
39 68 30
62 96 46
2 61 9
62 105 10
67 108 14
55 62 41
52 55 32
8 69 56
62 85 10
53 88 34
14 40 6
94 96 32
90 99 58
18 75 24
72 97 24
83 94 47
17 88 5
20 98 39
81 104 41
34 84 15
54 80 59
17 97 57
57 104 7
54 79 15
0 0 48
56 92 50
66 106 19
6 104 57
85 105 41
55 92 42
83 98 26
87 100 38
14 15 13
31 79 18
56 58 12
79 85 26
57 109 24
80 98 2
39 42 16
8 18 3
54 71 19
72 75 6
72 100 41
32 104 41
46 102 58
19 62 4
1 31 48
27 79 34
57 59 25
6 26 38
62 82 56
38 59 53
21 42 11
29 39 60
46 58 9
19 67 20
4 65 16
26 84 23
23 52 54
5 16 29
33 50 8
9 19 17
75 94 10
79 79 36
70 102 28
57 72 17
93 104 17
63 77 40
14 109 60
5 85 10
71 71 45
88 95 35
58 106 48
23 25 16
17 29 27
33 95 46
87 105 37
57 74 35
54 90 50
0 45 36
74 92 45
16 29 42
12 38 57
68 101 3
15 88 0
31 89 43
39 87 44
31 100 41
24 73 12
23 39 6
71 78 38
3 3 17
51 93 5
3 8 31
58 72 44
13 44 0
52 77 49
33 107 37
77 97 32
7 109 12
42 69 0
60 99 39
11 25 54
31 32 58
51 91 9
42 96 24
71 77 38
69 74 8
15 17 45
48 63 36
27 41 24
5 89 49
21 90 57
64 103 37
53 75 1
74 103 60
5 12 60
43 97 0
50 65 45
42 64 19
66 93 7
18 48 59
14 69 5
86 89 43
55 77 43
23 42 55
70 79 34
67 85 48
98 108 28
28 63 45
33 94 31
4 104 13
74 99 22
33 92 32
31 83 41
43 62 49
25 101 4
2 2 37
12 36 25
9 82 5
35 63 53
18 95 57
33 103 36
33 43 19
36 89 40
91 101 43
68 108 24
65 107 28
42 48 56
61 88 11
54 68 23
24 48 19
24 47 59
68 89 11
9 107 22
76 105 52
60 69 2
64 74 18
37 41 59
51 67 14
14 44 53
4 94 49
5 73 1
12 22 8
49 60 56
72 77 55
47 105 28
6 31 23
73 102 22
0 14 43
63 71 9
20 57 39
60 76 9
54 56 2
22 42 33
59 82 29
73 94 59
0 106 11
8 63 40
83 87 12
92 105 52
65 86 0
8 15 56
14 103 38
56 68 33
28 74 40
92 98 31
35 71 34
35 47 37
87 99 18
42 91 8
10 62 35
0 35 56
22 55 30
76 76 5
95 107 40
48 94 56
8 38 20
78 104 27
75 91 5
30 30 17
23 72 14
42 84 53
14 74 29
0 53 5
77 105 9
61 83 45
36 52 57
3 92 26
32 105 33
47 48 33
69 94 27
5 48 54
24 65 6
66 101 14
81 82 50
34 100 44
55 104 55
29 30 16
34 109 7
51 74 14
29 50 33
58 75 8
89 96 41
63 92 0
63 82 35
84 94 34
55 84 2
70 83 55
32 96 27
59 96 26
62 74 29
68 93 16
6 47 30
99 107 41
1 94 53
66 92 27
74 89 41
17 77 26
26 44 45
13 106 6
28 104 22
61 102 42
54 88 13
38 71 51
25 107 55
70 98 14
79 86 19
57 83 54
75 106 55
33 52 21
9 101 11
34 66 46
13 98 20
76 86 46
12 19 15
15 82 42
29 45 1
72 83 45
41 49 25
31 71 1
88 102 20
34 106 13
36 49 39
95 105 45
1 12 12
51 73 18
72 108 59
78 83 7
71 106 9
29 70 58
54 76 13
24 84 41
1 50 15
77 88 8
24 57 17
78 79 57
79 104 60
30 98 47
18 77 46
15 92 40
80 87 60
62 76 15
34 83 32
98 106 28
34 82 39
11 75 46
7 45 38
23 75 25
50 88 11
76 102 24
11 77 18
54 67 60
44 66 13
1 7 30
63 66 46
20 102 22
16 61 7
0 47 43
47 59 3
8 92 34
67 97 40
76 106 36
30 104 43
8 68 5
85 99 39
62 64 21
51 96 32
18 98 15
46 81 19
50 101 18
16 55 53
16 65 55
38 66 25
3 6 38
14 42 41
63 65 33
85 87 53
61 79 44
86 91 36
79 87 44
60 107 43
12 47 53
0 83 49
8 14 10
78 87 6
0 37 6
0 44 18
41 75 29
78 108 45
60 102 7
13 62 60
83 103 29
59 72 11
71 79 4
64 88 56
77 86 55
63 94 34
11 69 26
29 73 51
55 100 3
100 108 37
43 104 37
29 103 52
8 57 13
28 57 51
53 93 50
37 99 26
82 101 2
41 91 26
31 82 26
41 101 56
78 102 6
70 78 46
44 60 5
52 62 56
36 95 27
87 103 30
68 76 59
39 99 40
28 33 22
19 58 38
15 28 43
20 77 19
71 99 13
16 70 22
68 83 17
13 24 25
45 86 7
94 95 56
50 108 22
77 83 51
86 90 7
14 107 60
34 47 57
46 106 10
79 103 33
47 88 40
41 78 41
20 68 26
7 18 34
86 105 22
33 59 30
49 84 16
15 19 29
51 89 5
46 101 3
85 94 57
23 79 25
1 76 12
27 50 43
34 67 2
32 85 32
7 99 51
32 82 17
68 105 34
39 69 44
28 90 22
28 69 0
41 42 20
23 105 8
46 104 49
42 45 32
19 96 7
3 49 36
67 76 46
16 104 56
80 108 3
69 71 4
20 105 51
89 106 38
27 107 49
34 75 49
62 89 46
70 74 60
87 93 9
75 82 19
68 68 48
32 93 4
55 89 0
10 43 52
84 107 16
17 37 13
31 108 16
6 106 14
28 91 57
50 84 52
53 60 55
39 50 51
4 66 55
27 87 45
23 70 48
41 108 0
84 98 52
26 81 16
22 23 42
82 87 51
7 28 26
58 76 33
61 92 22
7 25 54
54 84 30
25 104 34
44 77 15
26 100 56
48 48 7
32 109 22
35 101 29
37 37 13
12 58 33
41 69 44
69 96 25
5 82 32
15 40 50
25 30 6
24 76 45
49 66 50
11 108 15
25 108 22
54 101 30
74 75 50
59 86 47
14 63 18
25 89 36
65 96 54
48 57 50
44 86 34
77 85 36
27 61 34
40 67 27
79 94 5
47 87 30
28 99 29
55 61 46
76 107 0
35 77 26
99 109 36
32 47 4
26 29 14
53 53 52
19 31 21
22 103 3
60 64 37
50 105 19
38 77 25
41 70 2
19 36 22
32 74 20
16 45 18
0 94 37
36 79 50
59 75 12
15 58 43
54 87 46
10 68 44
22 36 27
12 57 37
68 73 9
19 53 23
4 40 34
65 108 4
8 42 23
34 93 3
45 79 0
64 101 58
15 33 29
21 91 19
35 82 36
20 39 44
21 89 3
2 26 18
37 80 19
54 83 51
67 101 10
15 95 56
56 63 12
47 69 58
80 80 40
65 88 17
37 76 23
67 81 37
10 41 20
15 55 54
40 53 14
71 85 36
77 99 42
21 107 43
88 108 23
28 53 48
38 93 16
58 65 43
9 54 26
60 66 26
36 106 8
0 31 28
64 93 20
35 57 50
43 99 49
6 77 21
17 75 44
83 83 51
64 87 41
6 22 14
4 71 52
41 109 49
76 95 11
15 31 40
23 34 22
30 61 4
31 41 3
40 51 23
68 82 31
13 43 23
26 109 17
92 94 53
6 97 29
67 103 52
32 53 59
77 100 60
22 46 55
45 88 58
21 78 11
23 27 20
52 89 34
3 43 24
13 85 38
75 84 14
54 61 54
15 37 55
62 67 16
36 61 54
83 109 13
54 104 56
73 96 11
43 109 53
58 61 5
76 103 2
76 108 11
33 64 50
60 95 53
30 64 18
74 84 53
29 59 55
74 106 7
41 86 3
46 105 45
35 75 24
18 53 4
74 107 16
23 103 7
18 47 30
70 90 2
67 98 23
49 82 23
65 93 22
19 90 19
78 78 7
55 70 32
66 108 12
77 79 54
21 71 7
76 77 3
4 48 26
46 56 15
41 43 54
47 98 49
63 98 21
47 81 21
53 54 13
80 94 34
33 75 12
4 20 31
4 11 42
25 38 27
69 77 27
31 101 22
66 95 12
40 58 33
12 54 21
46 47 29
69 89 23
2 76 31
59 92 57
37 87 26
75 88 1
37 81 16
42 97 52
55 75 8
88 88 15
30 71 50
0 78 13
89 95 14
40 101 0
51 77 33
72 84 29
8 31 60
37 93 58
34 81 54
46 98 55
70 108 25
26 66 2
72 72 13
85 104 29
19 23 12
22 68 47
0 103 41
74 82 33
10 18 5
40 100 49
10 28 54
66 72 42
78 86 36
23 99 21
58 71 31
34 77 44
71 88 39
60 63 15
49 104 46
78 107 1
49 98 14
43 107 57
47 78 22
28 68 51
59 59 52
55 58 18
3 54 19
3 23 25
1 74 54
55 107 60
32 46 3
44 109 11
21 28 44
47 62 52
2 77 1
40 90 31
21 70 0
6 42 51
44 65 30
25 25 55
38 85 53
4 4 12
5 53 56
23 54 31
3 44 57
84 92 7
41 99 48
24 68 28
18 29 42
42 93 13
15 102 55
37 89 32
42 89 4
56 104 49
79 97 20
25 37 37
65 84 1
15 26 4
22 80 44
22 54 12
28 37 31
26 76 49
5 83 5
38 55 26
65 106 13
46 71 60
32 62 42
70 105 11
7 55 3
4 103 48
42 94 55
48 82 16
76 94 37
66 87 17
1 16 51
26 98 25
40 93 33
34 107 29
49 105 16
21 24 43
80 84 15
17 64 26
67 78 31
13 52 21
26 74 3
21 100 10
22 28 7
71 90 29
28 34 8
49 81 44
3 84 26
60 62 25
9 38 25
4 21 7
10 109 35
61 93 22
76 104 5
56 75 1
3 52 1
12 91 13
67 105 35
60 103 41
37 73 9
13 65 54
15 38 10
85 103 53
61 82 43
60 109 56
1 71 24
56 69 36
37 68 4
46 91 60
30 103 19
22 96 59
2 13 7
56 88 35
10 29 9
41 65 2
61 97 41
48 108 2
19 91 54
4 82 7
48 107 7
56 91 14
10 57 24
29 107 16
7 38 0
26 78 46
45 84 19
2 108 13
18 85 4
38 40 45
68 78 8
32 94 2
27 80 36
12 105 13
30 76 34
61 65 1
84 103 45
32 80 25
50 50 43
14 61 49
22 90 57
26 80 37
41 93 43
37 53 4
87 107 39
0 67 42
52 103 49
12 97 44
25 94 20
25 69 57
30 79 15
9 49 54
27 42 44
30 37 22
36 53 23
95 102 50
10 80 33
42 106 22
25 63 40
27 98 35
29 109 28
3 85 7
6 108 36
22 102 49
81 85 18
82 91 19
29 51 5
66 76 58
63 89 22
83 106 19
22 37 5
78 99 17
55 81 28
16 42 40
16 94 50
36 65 9
34 52 37
25 57 1
5 21 23
60 65 46
74 95 34
35 73 40
48 106 34
11 45 50
38 101 4
38 79 21
59 65 15
7 87 15
33 36 32
39 83 49
19 44 24
70 73 19
29 84 37
65 67 37
70 71 16
12 78 59
20 24 48
16 89 41
68 69 55
30 66 28
3 31 53
30 45 35
13 87 10
2 85 36
48 97 28
67 75 55
17 34 59
44 98 27
81 96 4
66 71 47
76 99 40
68 94 50
79 92 31
14 88 60
11 55 59
2 63 43
19 84 47
3 99 27
69 73 14
11 79 13
24 32 28
22 70 18
13 86 15
0 88 16
32 84 56
52 93 6
38 52 46
6 7 35
83 84 20
21 34 7
43 58 49
29 78 9
7 84 35
11 105 54
2 86 19
17 98 19
37 88 29
34 71 1
44 93 25
31 65 60
38 90 10
75 76 45
7 13 12
64 95 1
57 93 20
71 86 4
76 85 38
20 22 53
11 16 1
44 58 0
20 108 19
22 53 49
23 90 40
37 45 37
36 98 7
25 47 11
69 92 59
53 80 60
7 96 40
83 97 54
4 101 33
23 44 8
71 81 48
0 15 48
22 81 23
14 82 1
9 11 51
62 104 6
26 38 36
22 67 41
43 76 54
4 83 12
46 51 22
73 95 26
21 68 44
52 95 57
73 79 31
42 85 18
51 81 44
50 95 32
29 94 59
53 64 23
44 52 48
24 93 47
5 17 59
81 100 35
12 37 51
42 58 42
84 91 52
9 73 47
2 46 0
33 51 3
19 100 20
21 22 17
23 68 23
80 91 31
25 102 49
5 84 41
1 103 42
5 50 37
32 49 19
1 43 8
3 98 55
25 77 7
8 60 1
52 101 46
80 106 6
15 24 29
58 104 45
19 46 38
75 81 29
0 61 44
91 100 14
74 86 15
74 105 38
33 83 47
52 99 26
78 88 1
72 101 44
31 98 25
58 95 4
11 18 41
36 76 7
41 103 50
91 91 48
38 88 53
62 73 22
81 89 8
39 47 29
35 103 19
27 63 55
37 43 13
85 100 22
30 87 41
50 89 12
46 72 49
69 99 32
79 81 27
71 76 24
38 87 23
75 80 21
6 28 8
45 49 43
58 86 18
62 65 42
47 109 56
57 97 12
47 96 18
16 21 50
34 41 47
24 56 18
10 88 46
48 73 45
30 93 35
18 69 45
65 80 53
4 35 27
58 62 22
42 47 36
52 66 6
48 84 60
71 84 20
50 82 0
49 92 26
1 24 20
82 85 0
48 55 15
15 36 42
46 97 47
79 96 57
13 22 8
15 69 20
59 60 47
54 77 49
75 90 44
9 56 35
71 94 52
57 58 24
4 102 51
59 100 36
16 86 11
20 50 6
27 36 39
68 96 48
24 66 12
49 101 42
7 101 47
18 41 39
29 57 26
48 50 47
91 107 25
57 105 2
39 53 47
48 92 4
21 99 16
52 70 37
74 88 15
30 95 17
62 88 14
0 73 26
72 91 23
6 66 39
3 77 31
10 53 11
38 56 46
27 77 26
34 98 54
25 97 39
26 52 8
12 90 17
15 66 28
16 47 52
12 88 38
56 83 15
54 66 4
62 91 52
31 39 24
55 65 5
45 68 18
83 92 41
24 34 3
92 92 52
14 98 56
73 98 41
58 73 10
66 86 27
57 87 16
21 38 13
45 66 43
90 91 23
16 34 52
29 46 55
23 97 6
65 82 26
5 96 42
55 78 42
26 53 20
35 46 21
27 83 4
81 105 6
21 65 41
67 80 31
9 42 37
22 89 22
58 97 57
20 94 40
9 23 48
17 57 52
66 88 49
13 54 47
41 53 8
11 72 5
48 52 25
26 107 46
55 57 34
82 99 8
6 32 46
0 3 2
11 83 35
5 75 50
8 32 2
61 80 40
25 75 44
6 19 6
27 30 46
20 81 57
16 81 19
15 79 19
54 91 59
53 66 41
6 78 0
31 63 59
51 84 34
10 76 49
29 60 48
2 48 15
51 107 34
61 98 59
38 81 17
66 67 24
55 86 5
20 42 0
71 80 7
23 67 48
29 81 53
16 91 55
61 99 19
3 53 57
48 62 29
96 97 18
79 91 5
60 94 0
18 63 37
3 90 30
19 95 12
24 36 56
41 46 34
36 68 41
69 85 39
11 12 35
56 106 30
81 102 30
5 55 14
41 98 28
38 72 60
2 30 60
8 67 60
16 98 35
15 22 38
25 72 2
53 91 46
24 87 51
34 55 54
50 75 4
53 68 42
11 34 21
2 91 10
83 95 43
91 108 15
23 28 54
35 35 53
7 33 30
81 99 19
32 55 45
8 73 43
15 91 52
4 77 31
41 100 22
10 39 47
36 39 48
9 105 51
68 104 57
31 87 35
28 54 7
63 107 34
22 74 23
14 52 58
68 98 32
28 62 25
9 79 15
78 95 31
7 22 1
31 57 44
2 3 33
59 97 58
61 70 25
0 85 19
21 95 48
9 95 38
11 80 59
12 42 3
85 91 28
23 61 45
74 109 18
49 80 51
56 93 23
54 72 3
29 89 36
61 74 20
77 103 54
61 96 40
20 69 59
57 67 42
2 104 15
63 97 60
57 69 6
50 68 27
22 97 20
48 78 10
28 70 11
7 59 5
22 87 21
13 20 19
0 10 17
23 33 14
24 86 9
1 86 32
60 75 2
33 58 33
12 27 13
41 55 20
92 99 0
57 60 32
32 83 0
24 26 54
44 67 60
29 68 8
10 78 21
45 63 34
10 64 41
38 38 59
36 54 22
44 61 4
64 81 57
6 101 54
36 62 18
30 67 34
26 48 5
66 98 24
56 90 2
80 102 1
82 95 40
2 8 42
58 105 47
82 90 56
5 71 59
28 101 1
39 52 29
54 58 58
51 108 42
27 88 13
35 38 35
19 60 40
12 70 16
12 77 60
20 106 38
36 74 33
50 60 41
18 88 49
52 87 18
41 44 57
62 107 14
21 96 10
4 6 39
70 82 15
64 90 41
32 52 45
24 101 40
27 90 7
58 89 19
40 70 13
15 74 6
81 90 33
11 29 3
47 49 40
26 28 31
7 64 60
52 94 39
17 76 41
38 92 54
21 37 37
3 34 31
9 37 7
42 108 25
59 99 47
64 82 31
65 73 24
27 85 30
89 90 6
34 35 4
24 54 25
15 83 45
42 75 13
62 106 24
59 94 54
65 70 48
37 100 22
43 94 57
58 103 33
31 96 28
0 81 29
33 106 1
30 78 50
57 107 54
53 108 48
21 98 15
49 86 19
94 106 4
77 90 41
48 65 8
0 33 60
57 68 53
43 49 14
68 95 35
23 32 7
94 109 9
73 77 26
65 89 60
4 38 55
18 32 22
1 2 60
27 78 59
32 64 27
3 68 38
18 18 9
4 62 53
62 86 41
40 107 24
62 75 37
6 23 27
13 29 6
26 68 44
51 92 12
15 57 27
3 64 43
44 95 26
33 93 45
55 79 8
4 32 51
13 58 27
17 74 47
22 72 5
34 46 6
39 62 26
0 101 39
48 109 45
6 57 32
14 45 0
91 109 35
47 53 35
27 106 44
18 76 39
6 50 27
25 66 7
40 76 30
0 96 59
14 16 36
45 81 9
21 48 50
1 28 29
38 80 54
20 76 45
38 45 47
33 104 31
34 91 29
87 108 32
61 84 14
32 102 54
72 90 19
31 61 15
59 103 33
55 83 55
47 97 52
11 32 39
3 17 9
1 93 13
44 46 14
7 49 30
65 78 49
63 87 41
63 86 20
71 102 19
3 91 57
37 97 56
17 59 34
2 31 24
37 102 52
69 79 54
2 100 48
8 26 18
63 101 7
47 54 30
65 83 37
61 69 30
23 47 54
17 61 10
42 44 14
47 72 41
57 57 19
10 19 46
12 39 3
10 17 60
16 99 34
39 91 11
53 72 10
73 108 35
12 31 20
92 103 58
22 35 3
60 88 51
0 97 12
45 91 54
41 104 23
19 30 39
28 67 58
4 55 43
40 69 57
55 98 27
52 96 3
21 60 55
26 54 60
12 33 59
25 29 35
15 96 19
58 66 45
19 20 60
5 40 1
26 45 39
45 99 56
29 95 1
3 75 18
31 81 57
54 100 10
50 53 11
5 91 9
8 83 43
11 67 26
64 80 26
60 70 43
82 83 21
28 102 28
2 95 5
82 103 29
5 108 54
85 85 32
62 95 49
28 83 41
57 88 7
36 46 58
66 83 54
8 12 3
51 95 17
36 99 13
16 102 23
66 96 22
12 32 12
1 95 2
43 105 27
25 93 38
37 63 56
34 45 29
68 97 2
12 13 17
54 92 12
47 50 18
37 50 27
42 66 33
79 83 59
22 99 11
68 81 32
9 50 21
12 46 56
69 103 54
37 60 3
57 85 34
72 93 9
29 62 0
39 41 55
41 74 8
76 82 28
45 94 3
31 86 47
38 76 25
78 109 51
63 108 37
24 81 20
31 52 57
5 61 4
10 51 31
38 63 31
8 43 5
39 100 52
67 106 59
64 100 37
55 67 9
32 97 58
38 96 18
60 60 50
68 77 22
15 107 25
22 33 58
6 34 21
72 82 18
45 108 24
40 73 30
67 104 43
81 97 33
46 82 0
36 50 45
20 82 32
7 63 5
9 30 41
3 12 32
41 96 9
11 71 27
2 33 19
78 93 59
7 74 38
11 17 31
79 108 55
8 8 59
0 99 41
0 41 60
63 84 13
25 42 50
0 7 12
38 58 44
7 31 40
6 81 11
55 85 34
48 76 1
2 27 40
23 77 19
2 37 41
2 109 56
42 78 60
21 41 43
78 94 53
27 81 17
8 13 1
20 80 14
1 78 33
1 90 14
68 79 32
54 99 34
57 91 59
22 78 45
12 17 14
67 72 39
99 105 22
85 101 55
53 100 8
29 85 22
23 58 39
47 56 45
12 12 57
74 104 51
56 87 45
56 96 8
16 88 57
22 52 23
43 48 9
2 39 21
11 101 0
38 103 2
12 45 43
37 48 47
3 47 13
41 71 57
19 34 58
65 66 58
76 101 47
13 102 19
37 71 32
64 89 13
80 90 43
20 26 38
57 80 43
7 76 7
5 24 14
73 86 48
27 27 23
6 74 40
26 51 36
42 49 11
29 55 34
0 19 27
16 74 25
39 108 8
60 78 22
54 60 30
47 108 15
9 45 13
15 48 2
6 90 5
38 99 56
10 34 34
33 54 34
15 109 18
72 107 9
8 74 16
50 99 60
11 49 13
20 72 12
10 47 7
50 100 21
44 99 10
24 59 57
20 49 35
70 100 31
86 99 49
73 101 44
51 72 24
16 108 3
52 73 29
49 107 54
0 62 4
50 86 51
15 80 53
80 81 34
36 63 4
29 61 55
48 68 0
40 102 57
43 87 59
59 90 4
35 99 40
57 61 3
60 74 14
63 76 11
61 107 1
23 88 15
28 40 26
28 79 0
38 51 9
44 87 46
19 24 10
57 70 39
5 109 11
12 15 42
28 92 47
61 73 29
25 76 35
14 95 59
11 85 5
31 73 25
7 52 53
52 91 13
31 34 24
34 70 45
3 58 1
61 64 49
17 45 45
66 82 48
64 83 23
23 71 14
9 86 34
62 81 25
15 29 19
53 96 22
10 72 47
27 64 50
30 36 18
27 55 52
54 59 54
10 81 9
12 16 37
27 100 8
83 85 1
67 90 15
38 43 39
16 100 12
83 100 58
6 49 6
56 57 55
7 57 42
42 46 13
12 104 51
5 70 41
36 48 11
28 105 1
88 89 38
6 73 28
74 96 8
12 98 25
9 58 11
45 95 36
44 59 17
8 87 24
57 78 9
1 99 58
31 97 47
42 51 39
7 86 23
6 38 8
35 81 17
51 82 8
21 97 13
2 99 23
8 61 13
30 96 53
25 91 33
34 73 20
7 34 27
14 51 16
42 70 30
49 96 59
57 102 47
57 92 42
4 50 9
17 85 15
1 26 43
73 76 37
56 60 27
27 66 30
22 106 34
68 80 13
6 52 38
33 62 44
35 76 20
21 31 20
50 92 42
31 60 20
34 64 7
9 46 5
53 83 52
43 70 51
48 86 46
7 81 48
39 105 43
38 57 46
36 91 20
0 70 41
2 29 35
39 93 10
51 103 28
57 84 6
32 92 22
32 45 55
23 95 42
42 65 29
4 34 60
75 79 51
66 74 19
10 63 3
7 44 21
1 105 7
24 38 47
37 84 21
41 54 26
60 106 19
57 73 27
40 45 59
40 98 4
31 70 32
28 41 20
1 17 7
11 38 24
23 83 45
28 73 38
21 74 54
43 52 29
16 26 47
1 13 47
73 75 40
54 54 43
19 25 32
44 45 52
60 91 52
59 104 20
15 105 4
25 70 30
59 66 20
17 68 13
26 42 47
66 104 24
27 44 52
45 60 16
43 102 41
7 48 19
57 75 39
5 59 17
49 79 46
63 83 25
43 84 18
70 104 39
38 73 40
51 60 10
9 17 48
24 33 3
48 56 10
26 36 34
80 107 37
30 48 51
49 59 12
9 103 37
39 73 36
3 63 24
3 80 18
54 97 4
43 85 41
23 64 28
45 92 51
33 80 24
72 104 35
17 105 58
61 95 46
15 16 4
43 45 33
34 87 41
7 93 19
80 99 38
62 79 38
53 106 45
35 55 20
12 81 34
68 71 51
25 52 27
15 53 5
5 54 48
3 103 41
21 66 15
68 107 46
67 87 38
71 105 22
36 107 34
26 60 8
49 109 52
33 39 51
43 53 9
25 109 14
7 29 14
29 71 34
10 23 33
45 64 5
32 57 44
6 64 19
49 95 57
4 28 20
42 56 18
39 54 42
83 108 30
26 91 36
17 56 51
31 104 37
53 82 41
5 25 3
2 66 43
58 80 7
23 76 46
16 52 38
46 96 46
13 33 5
8 47 21
51 105 55
21 29 46
40 92 55
49 70 42
9 75 20
23 87 4
20 93 16
13 50 55
26 31 32
37 104 4
77 87 3
31 38 3
28 98 19
50 81 12
10 93 11
92 108 12
17 53 28
48 79 40
53 67 21
0 36 32
3 65 42
5 42 33
54 62 10
17 102 46
50 90 29
21 30 31
50 94 59
7 46 47
43 92 29
31 88 44
23 30 7
12 62 56
74 97 29
15 99 22
0 51 7
7 11 19
55 74 22
16 43 50
9 35 16
15 108 51
34 62 6
40 96 28
22 43 1
85 108 13
18 72 19
41 41 40
4 73 59
23 80 10
19 42 41
3 15 55
16 39 48
29 105 12
28 47 1
5 13 24
78 80 50
4 24 10
33 89 48
57 63 35
30 99 40
38 64 36
64 65 34
34 50 29
71 75 58
24 97 36
5 31 28
66 66 27
45 100 37
3 67 27
10 100 9
1 42 41
41 84 34
6 91 34
50 63 43
1 97 39
19 35 25
54 73 48
31 42 50
58 101 47
5 8 40
1 58 46
9 97 13
42 59 56
14 71 13
20 66 17
33 84 6
15 67 56
2 107 1
60 68 15
26 58 59
75 75 37
28 81 38
8 17 15
74 100 7
65 74 39
4 47 45
33 79 53
40 47 9
0 40 46
56 82 57
22 30 43
14 17 32
25 81 39
54 96 18
12 75 44
52 68 31
46 83 41
7 102 30
26 87 58
80 109 21
1 15 5
28 44 35
52 52 17
37 94 36
35 83 51
13 38 12
33 69 34
38 106 45
10 103 49
85 106 60
1 54 38
13 70 19
25 51 39
6 62 57
37 106 50
27 105 50
42 50 29
34 54 46
67 94 26
20 83 33
48 89 14
45 102 36
35 37 56
50 87 18
37 38 50
58 84 58
25 61 35
70 84 5
17 67 42
30 102 9
24 104 39
13 32 58
42 98 24
16 72 54
45 46 20
33 101 38
61 78 42
38 102 21
41 67 56
27 51 42
57 99 8
41 81 54
49 64 11
58 88 21
61 87 8
25 87 12
61 94 32
7 40 26
7 88 3
87 96 22
67 82 43
60 104 46
14 35 21
39 57 13
22 105 19
37 59 39
19 102 2
43 67 20
87 94 4
50 57 10
74 77 29
67 68 11
19 73 8
26 43 59
70 81 42
13 69 40
18 79 53
84 109 32
1 67 32
15 35 10
32 89 30
25 73 41
2 84 52
5 86 53
32 61 1
21 53 55
26 79 13
37 70 39
18 34 50
20 28 29
8 55 2
27 82 11
25 71 12
16 41 56
76 91 19
65 75 20
82 106 21
18 92 16
40 65 7
45 61 1
6 37 2
68 106 36
2 51 30
48 77 8
26 35 16
18 81 34
47 94 17
23 96 49
79 82 15
1 6 31
22 27 54
35 87 56
41 64 31
19 43 58
87 92 4
20 29 39
11 74 29
4 68 45
7 47 0
64 76 25
33 53 18
51 76 25
6 41 31
33 67 44
59 84 9
8 62 46
55 63 27
31 77 51
73 89 20
34 59 54
65 103 15
44 62 31
5 87 34
33 91 44
28 32 26
43 66 47
34 78 46
38 104 59
9 61 23
8 101 33
32 87 17
2 12 53
17 55 28
11 64 3
46 108 12
21 79 7
3 97 40
36 84 31
36 64 23
30 34 22
21 56 25
44 76 44
57 89 49
17 84 29
1 72 47
5 74 59
53 61 14
23 84 30
53 58 15
22 86 44
33 65 43
13 74 17
2 45 50
15 87 45
12 79 12
67 91 18
52 83 10
45 98 16
16 63 58
3 9 39
39 84 28
16 66 21
32 33 14
26 40 31
28 30 13
5 98 10
6 15 34
40 56 48
53 104 43
45 75 20
16 18 44
37 46 0
16 38 6
64 77 57
46 84 4
14 28 36
6 12 52
75 102 23
2 43 49
22 63 56
36 102 28
86 87 57
11 52 58
43 69 40
1 64 27
40 68 25
21 92 10
63 105 18
42 55 41
32 86 51
4 97 53
66 77 50
43 55 5
13 57 56
3 48 25
17 86 45
33 109 17
14 73 55
17 50 36
19 93 43
14 91 51
62 103 33
7 17 3
56 94 51
14 29 24
16 68 26
3 7 7
23 38 21
73 78 1
48 53 55
14 85 14
6 14 9
19 27 26
78 82 30
67 88 10
76 89 42
43 78 21
32 37 53
50 96 9
15 32 14
55 101 29
21 72 38
30 92 58
46 89 26
53 71 46
40 62 13
11 70 26
20 88 15
0 29 0
69 100 14
18 20 31
8 53 23
14 102 19
35 88 6
52 53 31
17 63 55
47 51 26
16 49 31
27 93 31
1 41 58
17 20 33
34 49 19
49 55 47
33 81 55
87 106 34
49 85 40
10 31 10
36 100 30
13 41 12
64 97 24
25 98 50
38 47 6
53 109 21
30 35 39
10 95 39
34 44 55
18 25 55
14 46 10
27 56 3
13 91 33
59 80 42
48 74 6
80 86 33
72 105 12
54 69 2
14 36 22
13 64 3
11 102 32
22 98 35
30 59 21
77 82 36
13 90 44
25 103 47
4 25 6
66 109 15
21 104 48
44 96 31
12 18 58
69 84 48
4 16 31
55 102 48
39 72 15
45 50 29
26 96 58
14 108 36
22 73 26
24 70 37
27 101 44
49 62 50
15 85 16
13 72 57
35 84 52
31 84 53
29 97 53
52 57 46
11 43 38
2 17 5
41 77 11
66 79 15
26 71 51
42 43 24
32 50 56
44 49 42
33 63 38
43 68 1
18 102 14
1 51 24
0 75 56
44 55 3
17 78 5
55 60 56
53 103 41
49 67 29
87 91 47
22 34 15
50 93 40
70 80 34
66 105 56
20 70 22
9 90 57
12 100 29
28 55 4
8 90 24
68 87 51
71 95 25
0 34 38
25 62 40
8 108 17
19 65 0
11 41 23
22 45 16
54 78 16
19 63 32
69 75 10
48 61 24
23 107 32
13 80 14
1 87 27
57 64 32
38 105 10
3 13 31
56 98 14
45 96 20
1 79 54
81 109 49
25 45 23
15 15 9
19 94 49
43 43 7
92 102 12
0 39 36
53 63 32
4 86 53
18 71 10
48 51 24
28 86 43
16 107 3
55 95 24
29 108 37
9 89 4
19 103 13
24 106 42
58 82 37
23 46 55
5 51 56
10 20 34
3 38 9
51 97 42
9 68 44
3 87 8
53 59 50
39 70 37
24 109 17
18 35 9
17 96 0
80 85 9
65 81 45
31 85 48
46 54 19
1 104 6
10 90 4
9 77 36
4 31 13
10 15 44
22 82 56
51 75 54
23 48 26
62 109 44
9 33 59
13 15 10
58 83 53
3 70 7
73 99 28
63 91 28
29 99 55
44 79 51
61 75 0
13 88 47
42 73 14
10 48 27
26 99 11
43 44 31
36 36 13
13 94 6
27 109 31
2 4 6
52 56 38
73 106 45
12 69 23
8 102 17
35 97 22
10 10 41
15 86 18
24 103 42
32 56 26
4 84 17
13 42 0
81 107 53
85 96 29
31 102 10
16 59 9
17 70 2
23 81 39
1 30 21
52 61 44
13 78 26
13 37 31
7 53 58
8 44 8
36 44 34
26 67 26
7 23 26
0 107 41
10 71 1
33 37 53
60 90 57
33 99 45
26 85 46
1 29 47
40 66 18
5 92 51
39 76 6
47 64 32
43 82 27
1 56 4
16 30 13
20 41 29
30 51 12
45 56 2
67 102 15
47 90 38
57 82 30
58 98 37
64 105 51
10 75 19
30 77 50
5 47 18
13 27 9
5 57 13
25 78 52
53 98 54
63 70 10
61 77 21
22 95 51
6 102 16
66 91 60
30 55 3
1 107 40
46 88 22
39 78 30
46 53 22
31 47 51
37 57 53
75 95 9
11 103 55
9 36 9
9 48 43
59 63 7
2 54 24
28 51 52
47 93 33
42 99 37
33 76 59
38 97 39
23 104 2
7 90 25
61 76 56
9 9 22
34 79 52
67 86 9
41 95 32
6 89 20
8 109 56
30 94 44
64 107 43
24 62 11
18 89 55
9 84 26
32 38 17
7 62 8
57 81 3
32 98 21
49 88 48
47 89 26
41 89 29
36 94 14
7 69 56
30 88 28
68 74 5
39 44 1
65 68 28
67 95 32
19 85 26
38 75 60
11 20 34
53 101 12
29 44 23
56 84 43
67 100 33
28 89 12
12 55 52
15 97 14
6 58 43
10 97 33
27 33 8
51 61 17
4 51 16
8 76 39
3 42 57
7 43 9
34 34 37
18 58 30
71 92 26
47 66 43
31 67 0
60 84 33
23 23 1
44 78 29
18 86 22
8 48 37
3 105 34
10 16 39
23 98 59
21 46 30
18 39 38
53 62 19
42 103 51
13 14 13
50 104 4
28 96 21
23 56 50
56 85 18
41 51 35
1 73 16
16 20 42
33 46 51
36 77 31
30 58 23
39 59 24
29 82 59
19 87 50
14 34 36
0 38 50
46 48 7
12 107 47
40 64 38
71 72 15
0 77 2
30 42 40
29 75 8
61 62 53
47 91 37
34 108 58
65 99 1
64 72 47
40 46 28
78 89 52
50 85 51
19 50 1
50 109 23
58 60 47
24 90 54
16 77 15
8 82 14
45 104 43
54 107 4
47 86 24
50 79 46
28 84 26
60 72 38
38 61 47
71 103 59
29 53 52
12 72 13
2 49 35
24 39 34
57 94 45
41 61 54
2 28 5
2 18 8
0 104 36
37 55 41
39 96 25
6 67 38
3 51 38
45 69 31
76 88 35
42 87 42
59 88 1
75 77 4
11 40 34
40 94 21
28 94 43
0 80 47
22 101 21
53 94 52
40 108 14
73 90 20
32 70 28
4 64 27
12 67 51
19 81 54
37 61 30
7 68 14
46 60 8
64 104 53
45 97 40
78 81 21
69 97 36
45 83 20
27 70 9
27 38 32
10 70 56
20 62 49
13 97 5
38 41 28
51 98 10
9 88 59
12 96 11
55 90 47
47 74 48
11 46 42
4 85 57
37 54 21
8 97 11
4 76 40
82 86 11
19 52 23
50 55 1
57 79 33
22 66 39
49 103 21
7 71 33
5 9 10
35 53 28
36 103 2
6 99 42
39 106 51
60 81 43
11 92 45
35 96 58
18 73 26
27 75 22
26 90 45
41 76 57
65 102 38
1 14 22
27 58 5
19 74 14
20 35 26
2 6 49
15 41 44
46 79 55
31 109 33
33 44 57
0 109 50
64 96 26
16 80 5
41 52 21
45 87 4
31 93 38
12 60 30
3 40 22
44 53 51
2 21 25
9 109 44
56 65 30
35 102 50
49 77 3
84 84 21
56 95 37
25 88 28
19 107 41
24 80 46
84 102 12
37 107 22
40 95 25
30 53 29
20 53 6
52 88 39
49 93 42
3 27 11
27 91 4
5 49 21
6 59 3
88 107 36
49 68 43
2 60 25
5 26 12
45 45 5
22 92 16
7 15 29
9 72 16
35 91 49
11 62 50
7 75 7
23 49 60
6 68 28
16 95 39
24 72 54
3 83 48
14 104 50
3 18 56
13 61 16
20 20 8
61 104 30
52 108 53
40 86 59
31 74 26
83 102 39
47 55 24
44 101 25
4 100 22
35 54 3
39 75 6
39 104 45
8 45 1
43 75 14
39 45 51
26 106 15
42 68 30
6 76 5
38 94 53
22 40 21
13 19 56
6 24 21
46 87 57
8 93 13
39 74 2
16 105 18
6 61 21
10 11 23
45 103 14
13 100 41
37 51 54
6 17 38
9 104 59
28 56 0
27 31 0
9 99 31
61 100 44
2 92 28
56 81 15
10 56 22
29 101 2
11 93 20
18 109 9
1 100 36
11 28 43
67 79 19
8 21 24
52 100 31
12 74 51
4 14 60
44 48 4
6 20 59
11 24 57
62 108 7
37 72 27
49 57 10
3 41 54
7 85 28
2 87 52
59 95 40
11 94 1
33 40 4
77 102 20
20 92 38
10 33 22
22 60 6
32 59 20
7 82 37
58 58 6
42 109 20
34 89 21
20 47 40
18 65 54
44 84 49
46 93 59
35 58 58
35 94 55
79 95 14
19 106 56
32 65 40
32 58 25
9 44 54
43 101 10
39 56 51
6 103 56
21 69 8
57 95 56
38 65 51
60 93 9
48 54 59
1 57 45
3 57 48
46 92 60
20 87 49
45 53 51
21 85 0
8 103 2
11 89 49
7 8 7
18 64 60
2 72 7
25 31 34
69 95 8
37 44 6
65 71 58
35 45 19
52 107 31
3 20 34
1 38 56
2 88 37
41 102 30
33 82 9
18 24 49
1 27 42
0 46 31
40 55 26
6 92 20
46 78 50
7 42 18
16 17 11
59 77 0
44 104 7
57 98 48
7 72 40
18 57 51
8 36 27
39 64 13
50 66 28
17 90 44
35 95 3
13 13 21
77 106 13
44 44 14
23 35 0
13 93 41
31 35 25
61 86 33
39 81 29
47 101 30
12 66 8
2 70 27
8 34 53
30 39 50
27 60 34
12 76 9
47 70 58
16 32 43
22 47 60
26 93 1
22 41 19
34 102 7
55 109 31
15 98 53
21 47 17
23 29 39
28 61 40
68 84 29
28 82 22
24 45 13
82 84 28
6 40 36
11 107 32
20 90 16
9 53 22
56 72 39
62 93 13
27 84 36
40 103 57
29 40 41
56 101 39
43 63 24
3 71 28
21 51 9
56 78 41
41 60 47
0 69 27
13 101 20
63 100 33
20 43 23
45 106 33
39 60 48
35 60 4
15 73 55
37 78 43
45 54 1
15 34 30
49 50 23
45 89 31
32 108 47
13 53 18
50 77 23
78 92 10
4 72 22
59 105 23
16 83 48
48 98 0
49 69 43
2 94 43
22 104 40
8 100 41
5 78 12
25 36 51
29 33 51
49 56 47
56 59 48
6 27 53
0 54 8
22 29 48
13 47 51
16 23 55
4 59 30
16 67 7
22 59 46
30 97 22
12 109 13
17 58 32
49 58 38
29 52 28
40 79 44
7 41 6
8 30 14
82 96 13
33 77 59
17 44 53
3 62 45
6 93 22
22 22 34
53 78 55
9 85 34
1 83 14
42 88 14
37 77 12
33 60 1
18 42 2
1 82 54
20 73 40
36 51 11
60 108 41
13 56 59
40 44 54
8 56 1
3 36 19
46 62 5
71 107 21
26 39 31
37 95 34
33 68 23
12 80 51
46 59 37
28 93 34
38 100 59
17 51 9
22 49 16
24 51 50
30 109 57
52 80 30
7 97 23
11 53 5
35 89 58
27 28 6
3 50 28
5 62 4
12 102 36
41 56 59
17 62 48
37 66 34
7 94 47
26 77 10
14 97 24
0 24 3
49 87 37
45 71 13
43 89 51
0 102 9
8 85 6
6 98 22
23 60 45
62 101 40
12 106 43
8 24 54
16 109 23
14 22 4
49 52 45
67 109 13
14 106 15
36 83 13
56 73 22
29 98 2
27 86 11
31 44 29
39 46 24
26 94 37
30 44 39
0 57 41
42 79 34
18 61 6
7 73 50
1 96 0
31 99 41
40 87 47
16 46 25
39 43 53
10 45 41
12 95 54
49 49 34
2 20 41
51 106 59
1 35 53
34 95 18
11 63 3
15 72 2
23 41 56
43 100 40
58 69 19
51 90 44
19 68 28
19 51 3
3 61 47
63 96 53
51 64 4
1 46 21
47 107 31
27 40 0
10 86 50
73 93 59
44 100 46
52 59 48
21 103 11
8 88 16
21 25 13
17 82 10
11 27 43
14 80 16
40 85 27
35 56 43
51 65 51
52 60 23
11 99 46
33 35 49
31 55 33
65 90 14
17 106 42
45 58 30
20 95 41
50 71 26
36 47 7
26 56 33
66 85 19
22 56 26
33 45 25
3 25 25
29 80 34
2 106 38
13 31 12
72 73 18
17 71 53
15 70 17
15 104 46
71 108 29
31 107 45
31 40 6
69 88 25
12 93 19
66 84 10
18 51 43
36 82 0
21 93 45
22 79 47
19 33 9
27 37 26
41 57 6
51 86 34
10 108 4
31 69 44
40 57 21
26 88 45
64 67 24
6 94 55
43 61 6
20 38 41
57 71 57
51 68 19
79 84 19
4 89 4
55 93 10
13 77 55
24 35 58
9 63 12
40 89 44
16 31 26
3 30 46
54 109 6
66 78 6
4 5 22
33 34 1
9 80 48
49 94 45
6 100 43
5 27 20
3 79 46
1 20 48
14 48 10
18 22 58
18 36 28
10 69 34
69 104 0
42 82 49
37 65 10
46 68 24
21 52 21
37 91 8
5 19 13
78 101 24
14 96 48
20 61 57
38 67 52
42 63 45
28 78 2
20 37 20
36 96 42
41 90 10
23 63 24
29 72 34
61 105 42
59 85 21
13 68 49
35 51 28
19 61 10
31 64 20
18 68 3
11 81 40
0 86 21
25 99 26
35 62 20
6 46 19
30 74 48
2 42 20
5 90 57
35 78 16
22 24 45
64 70 17
52 109 4
14 76 23
11 21 21
17 49 57
59 70 30
60 73 33
33 105 12
26 64 16
26 102 34
13 71 11
9 22 13
40 40 46
29 43 3
28 108 42
78 103 51
9 51 28
10 12 44
5 105 8
8 20 58
8 80 12
44 69 41
38 50 20
8 104 26
24 25 38
6 8 23
82 89 40
1 39 9
14 94 52
0 74 46
56 70 36
14 41 33
28 66 50
32 103 44
54 89 26
2 40 34
69 76 29
30 62 51
6 13 57
47 73 13
9 27 18
48 80 6
10 21 12
15 43 54
41 105 24
36 97 26
32 79 60
18 103 0
29 90 2
34 97 13
30 60 16
39 85 44
71 98 27
46 77 52
45 55 1
29 88 23
62 97 7
5 68 25
5 5 36
51 52 56
20 60 38
19 40 56
44 47 40
10 94 0
36 80 17
37 98 21
3 28 18
0 26 36
48 100 2
24 40 37
16 69 4
20 99 26
37 85 42
32 43 59
45 51 26
20 52 34
1 80 20
0 65 58
48 93 60
68 88 53
11 31 31
46 107 37
40 77 53
0 95 24
40 105 2
27 99 29
15 30 59
2 38 36
23 92 35
13 16 6
46 103 51
17 41 0
4 37 49
22 62 21
12 65 30
9 92 55
0 98 27
43 56 15
36 60 42
46 64 47
10 82 56
65 65 29
17 52 38
34 36 56
91 99 42
9 52 33
22 71 10
53 87 49
30 63 10
8 70 39
20 71 43
37 62 37
25 49 53
47 82 49
12 30 51
30 49 14
68 109 39
57 103 28
12 101 23
11 33 60
23 37 11
7 19 57
36 66 49
44 88 18
1 62 9
25 43 28
47 71 8
29 29 59
8 99 37
4 60 51
16 62 6
50 64 16
52 105 14
6 56 41
85 102 47
41 59 28
6 51 30
14 67 42
31 66 34
19 21 37
5 32 24
4 10 19
74 108 39
13 18 14
29 93 32
12 56 8
35 39 10
13 67 43
8 64 47
24 100 59
1 25 4
28 87 0
29 67 36
27 34 26
21 32 7
47 102 12
15 76 20
13 17 21
35 42 59
3 29 60
10 85 54
25 46 15
9 70 41
6 69 34
6 29 6
12 41 55
18 99 7
38 95 7
51 80 17
32 54 49
11 47 47
31 45 41
36 81 47
32 40 1
23 36 38
30 85 56
10 96 53
27 97 4
16 97 2
36 69 2
28 97 29
16 93 58
7 7 59
38 48 59
25 80 41
36 58 23
20 31 54
4 75 33
19 109 27
17 32 48
7 14 1
20 40 18
9 16 60
15 94 13
39 94 55
32 101 55
33 38 27
23 59 28
16 27 57
5 107 9
15 45 27
1 108 9
3 26 36
3 55 0
2 55 5
43 103 35
14 60 38
2 52 18
8 96 49
13 34 11
6 21 5
21 109 20
29 56 43
25 100 18
17 91 14
35 44 29
5 44 47
8 22 11
60 86 19
46 80 21
26 75 26
41 107 57
36 87 17
10 54 10
25 60 52
8 49 39
2 105 18
26 82 54
34 60 45
17 47 26
38 86 47
5 103 32
39 77 59
10 50 18
23 102 27
1 92 59
58 78 52
41 83 5
14 105 34
6 63 18
13 89 0
34 61 1
59 67 34
18 37 4
59 74 33
5 56 13
35 52 47
40 52 35
27 96 48
18 55 42
34 51 3
43 83 25
31 91 33
19 28 26
20 91 27
33 74 15
11 56 6
51 85 16
34 92 39
12 50 5
30 40 14
45 93 7
39 71 28
54 81 20
9 41 43
13 104 48
5 34 24
54 93 8
14 31 1
27 72 18
41 87 5
4 91 6
12 21 2
3 16 56
21 35 24
56 64 15
75 97 56
2 98 22
8 50 31
7 66 24
17 43 34
15 60 46
6 18 38
19 47 58
55 80 24
1 48 14
4 43 6
8 81 41
48 58 49
15 84 40
18 44 50
15 51 54
44 50 45
0 63 2
26 32 22
32 107 46
19 26 22
7 92 5
3 59 46
70 103 17
9 34 30
6 80 26
1 52 43
34 58 41
20 51 9
44 74 47
2 90 36
86 94 52
13 51 19
1 81 27
7 10 13
43 90 52
4 19 18
31 56 58
1 85 13
28 35 54
24 24 36
32 69 17
9 100 40
56 107 39
7 21 27
48 85 30
14 18 49
13 66 46
14 39 51
18 84 41
21 27 13
38 60 40
4 74 23
28 43 0
63 88 45
9 29 15
20 101 37
64 94 19
40 81 23
35 41 26
19 89 27
34 101 55
34 94 41
17 109 45
17 104 1
29 63 57
5 93 32
19 108 60
33 108 32
60 98 33
9 39 35
11 57 20
23 57 51
51 79 24
40 99 10
25 26 37
10 105 56
4 39 56
11 100 20
14 30 54
30 43 52
53 102 51
7 26 48
24 28 41
48 59 50
23 100 25
46 85 24
43 72 55
8 105 0
5 35 43
16 35 5
52 67 9
6 95 35
24 78 26
32 36 23
58 59 25
29 31 47
11 76 29
30 83 46
17 26 7
9 57 29
20 55 43
25 74 13
45 80 15
9 64 25
24 77 58
29 32 25
9 65 34
20 58 3
0 6 13
47 80 50
14 53 54
18 78 0
20 44 45
35 64 12
27 53 2
24 92 39
66 100 25
4 45 15
21 21 22
17 30 14
35 106 40
8 89 7
23 94 11
40 80 59
5 101 8
44 80 10
10 92 19
44 82 24
15 54 46
52 98 23
76 96 47
4 26 33
49 89 45
39 92 30
59 64 12
7 54 39
26 86 19
33 100 32
21 44 47
50 61 1
6 33 12
60 100 28
36 57 42
17 92 19
15 52 12
7 58 12
11 78 37
54 103 41
4 67 20
7 70 46
3 66 7
45 52 22
31 36 59
14 55 42
32 68 5
88 109 37
0 30 53
7 103 57
6 84 50
23 45 45
37 75 53
6 72 35
33 78 22
37 83 12
46 74 54
0 5 37
18 107 59
12 29 4
39 58 5
50 80 9
24 94 2
