20 170
177
180
169
122
102
195
114
134
127
169
184
150
186
156
176
130
139
170
111
143
0 1 24
0 2 48
2 3 46
2 4 47
3 5 29
2 6 12
5 7 9
7 8 0
5 9 19
7 10 37
3 11 41
10 12 20
11 13 10
13 14 50
6 15 39
4 16 27
13 17 21
7 18 31
6 19 2
4 9 28
5 8 1
8 8 2
1 6 47
17 17 32
12 17 34
9 11 52
9 19 44
0 11 32
1 17 35
17 19 0
10 18 60
15 17 18
13 18 36
2 5 23
6 10 22
14 15 33
7 12 46
16 16 59
2 15 29
2 14 15
1 14 26
3 19 52
5 16 33
2 16 5
3 12 33
0 18 43
12 19 22
9 16 35
2 13 33
2 18 29
13 16 24
4 5 29
6 12 17
8 19 17
8 18 26
0 12 51
2 8 23
9 10 29
10 17 3
4 8 17
11 15 1
12 13 58
1 9 31
16 18 53
9 18 14
8 13 42
1 16 22
0 14 19
10 13 17
4 17 4
12 16 2
4 13 45
15 19 33
9 15 26
5 13 57
3 13 46
9 9 5
0 9 21
6 6 12
8 15 54
0 3 31
11 14 27
3 8 8
3 16 25
0 17 43
10 16 31
2 12 36
0 5 31
18 18 22
6 9 9
8 14 34
15 18 57
11 17 13
15 15 27
8 12 52
2 19 5
12 12 48
16 17 25
8 17 5
3 17 40
15 16 10
2 7 39
3 3 24
0 16 21
14 18 56
17 18 15
10 15 46
6 8 36
1 18 44
6 17 43
1 1 58
6 16 60
11 19 10
10 10 48
8 11 7
6 13 40
7 19 44
1 7 8
11 16 48
4 14 57
7 17 28
5 14 13
0 15 0
8 10 58
14 19 27
7 14 37
7 15 38
18 19 57
13 19 17
2 11 16
5 15 24
1 10 54
5 5 12
11 12 5
13 15 10
5 19 6
14 14 8
6 14 29
12 14 60
7 11 2
14 17 1
1 5 38
6 7 24
1 15 21
2 17 31
7 13 4
9 12 5
16 19 51
3 14 46
10 11 10
4 6 17
3 7 53
14 16 40
6 18 9
0 10 60
2 2 6
3 9 50
0 8 3
1 12 40
3 15 49
10 19 12
12 15 54
3 4 13
11 18 51
0 19 39
0 4 39
4 15 58
5 10 32
13 13 43
5 12 42
