25 275
127
134
134
111
111
107
117
143
165
145
172
199
121
197
164
152
147
177
119
120
119
162
120
132
193
0 1 29
0 2 37
0 3 7
1 4 33
4 5 53
5 6 35
0 7 13
5 8 47
8 9 49
5 10 58
3 11 42
2 12 51
2 13 42
8 14 15
5 15 24
8 16 17
13 17 56
9 18 52
18 19 5
1 20 60
5 21 19
18 22 60
3 23 46
17 24 0
19 21 49
21 24 45
16 19 8
14 15 16
22 22 46
2 17 27
13 20 50
4 7 40
22 23 54
19 19 53
18 24 11
15 22 59
10 13 27
11 19 23
12 18 33
11 23 54
2 20 30
4 20 30
9 17 20
1 16 22
13 16 51
20 24 17
12 19 20
15 16 16
10 20 30
4 8 41
1 18 47
12 23 3
17 17 25
21 21 20
20 23 43
21 22 9
11 18 32
19 20 29
0 19 15
16 21 8
12 16 26
8 22 36
6 23 53
0 13 53
21 23 16
14 17 10
1 22 58
11 17 17
8 10 8
3 4 29
2 24 34
20 20 49
11 11 1
8 23 59
16 22 56
2 5 49
10 24 13
5 13 47
3 16 17
11 13 42
15 15 60
3 5 1
12 12 4
23 23 15
1 23 4
10 18 20
17 21 19
14 22 22
4 10 35
12 13 33
16 20 28
9 22 35
0 4 12
6 13 27
20 22 47
5 5 50
6 22 56
3 13 30
8 11 51
11 16 41
22 24 45
9 15 1
18 21 7
15 24 60
3 6 60
12 21 7
1 24 50
19 22 47
7 16 46
8 20 10
6 21 15
7 17 54
17 20 51
10 16 0
17 23 51
5 12 9
15 21 55
13 21 32
6 17 20
1 3 11
9 13 34
15 23 42
5 9 14
13 13 23
4 13 45
10 15 50
14 24 36
6 24 57
9 20 46
16 23 36
8 18 27
23 24 8
16 24 47
8 21 37
2 16 40
11 14 51
17 22 3
0 15 53
16 17 44
14 14 42
12 24 58
5 22 3
7 21 23
1 13 36
17 19 15
11 24 9
18 23 22
0 16 37
7 20 43
19 23 9
19 24 21
3 7 29
0 20 51
15 19 53
14 23 12
9 16 26
16 18 33
4 19 6
8 19 52
7 10 42
10 12 24
7 24 18
11 12 37
13 24 3
5 20 59
3 15 47
13 19 14
2 11 18
7 8 25
6 16 14
18 20 29
10 19 8
0 5 7
17 18 30
0 11 33
8 13 5
1 5 40
12 17 4
5 24 9
10 11 0
7 13 29
4 12 27
11 15 22
3 22 13
7 23 31
3 14 44
0 24 49
7 14 31
2 3 9
3 12 14
0 0 43
4 21 59
12 22 58
2 9 23
3 10 11
15 18 9
9 24 31
0 21 44
15 17 55
9 19 11
10 22 58
1 9 18
18 18 19
2 6 20
6 7 57
1 21 40
4 16 8
12 15 7
4 6 24
7 9 42
9 10 3
13 18 24
1 12 37
4 17 39
5 19 10
14 21 44
1 8 19
11 20 16
4 11 10
0 22 58
13 22 40
1 2 21
8 12 46
9 14 23
4 15 28
6 12 30
9 12 10
1 17 30
3 8 48
11 21 45
3 3 15
8 24 45
9 11 29
6 18 29
14 20 11
14 19 6
1 7 15
4 22 51
16 16 27
3 18 34
6 19 32
7 7 45
6 14 27
10 17 12
6 8 60
6 10 26
2 4 18
3 20 35
8 8 10
15 20 20
0 17 4
5 23 38
3 17 36
3 19 16
5 16 30
7 15 7
1 10 13
1 6 60
5 11 30
0 6 14
10 21 24
2 7 8
2 18 42
2 8 22
10 14 20
10 23 31
2 22 32
7 22 11
13 23 13
20 21 50
5 14 48
6 20 26
4 23 0
9 23 5
8 17 10
