55 1430
195
118
130
170
111
159
131
145
184
185
157
191
163
128
118
170
144
138
188
129
198
133
159
154
146
142
108
140
100
149
196
182
144
127
193
132
134
192
116
101
170
170
192
184
124
161
104
199
153
132
193
125
140
200
193
0 1 23
0 2 39
2 3 4
0 4 33
3 5 54
1 6 16
6 7 9
3 8 42
0 9 37
5 10 17
3 11 8
6 12 59
12 13 4
8 14 38
6 15 24
4 16 33
15 17 32
0 18 40
0 19 29
18 20 4
7 21 34
11 22 35
10 23 27
9 24 21
14 25 43
17 26 42
24 27 28
5 28 59
5 29 60
27 30 44
21 31 34
14 32 43
7 33 53
7 34 32
29 35 12
5 36 22
23 37 58
3 38 18
3 39 23
21 40 3
13 41 23
13 42 28
15 43 21
33 44 3
29 45 26
29 46 41
20 47 12
26 48 11
15 49 32
7 50 27
7 51 25
17 52 42
48 53 13
4 54 55
15 33 25
41 54 28
42 42 46
15 37 26
45 46 19
53 54 23
2 42 45
30 48 60
52 54 29
13 26 32
34 43 36
51 51 36
0 6 20
19 41 40
46 52 15
26 54 46
27 38 59
32 50 45
30 50 16
13 44 40
12 27 33
7 26 21
5 20 49
15 52 53
26 29 27
13 33 7
23 26 39
7 22 1
36 40 57
29 42 35
15 21 37
37 50 29
13 29 40
29 30 57
37 37 52
5 52 10
43 54 12
47 53 44
47 51 10
38 41 12
0 49 17
29 51 55
24 31 5
7 53 16
46 47 41
30 37 3
9 27 51
21 32 58
2 12 48
43 47 17
45 51 8
53 53 26
27 27 38
15 30 41
21 29 17
12 33 10
28 35 45
5 48 7
33 43 48
50 54 18
47 49 19
11 53 28
34 38 51
31 47 14
40 42 47
48 51 51
26 42 7
8 48 49
47 47 19
1 4 49
25 46 35
42 50 26
33 46 30
11 37 59
0 44 23
49 53 41
2 2 49
50 53 21
36 39 0
33 50 59
52 52 24
30 32 19
41 49 57
33 41 12
21 35 22
22 54 47
21 27 7
25 40 9
37 53 5
6 35 51
0 34 26
13 51 7
15 34 46
8 28 56
43 52 17
18 43 24
18 37 43
4 50 22
34 42 8
36 52 1
32 53 57
34 46 36
41 52 16
17 17 28
17 23 39
11 46 36
32 35 6
19 19 25
25 43 9
19 31 45
11 34 18
17 44 22
35 51 48
36 41 26
39 52 14
10 21 16
15 53 59
19 22 17
36 44 8
4 13 56
29 43 30
39 54 24
17 43 6
49 50 1
24 48 44
1 1 30
28 51 40
32 48 14
31 50 51
24 52 46
29 34 29
6 39 2
41 47 32
0 26 51
2 7 53
35 43 25
29 50 14
21 44 57
21 43 52
9 16 24
28 52 43
17 49 45
17 20 13
38 51 11
5 42 33
26 37 48
32 40 21
32 54 10
22 45 1
48 52 30
25 37 56
16 43 53
49 52 3
32 37 52
49 51 60
25 38 53
13 24 1
51 53 46
3 14 50
45 49 58
12 38 0
47 52 3
3 20 49
2 29 34
1 41 19
9 34 34
36 49 13
45 50 20
11 48 16
1 21 18
32 44 56
40 41 16
16 44 48
34 51 4
12 24 51
29 33 5
0 30 43
41 48 44
0 41 43
31 46 17
52 53 37
20 31 28
32 42 43
25 27 50
35 42 9
30 40 2
21 34 20
22 33 31
19 46 11
29 31 52
42 53 19
26 45 9
5 14 13
39 51 25
36 42 49
5 21 4
48 49 4
15 42 54
1 23 32
16 39 39
31 31 37
47 54 60
11 36 42
6 27 45
40 48 40
2 26 21
44 54 60
9 53 32
34 48 3
13 38 50
33 35 51
23 25 23
17 24 59
16 21 17
34 44 37
29 38 25
17 22 3
4 52 1
28 49 25
9 45 24
45 54 2
21 45 24
45 52 9
29 49 10
30 41 41
11 49 29
24 42 27
26 31 24
24 25 15
15 23 32
38 46 44
50 52 8
48 50 12
2 41 60
19 50 56
40 50 43
1 31 7
42 47 57
21 37 29
31 33 36
41 50 3
15 51 2
38 52 47
17 31 23
51 52 4
6 44 16
29 40 4
41 41 8
13 40 39
50 51 34
50 50 43
14 26 31
24 35 12
44 48 54
18 54 3
14 39 2
19 51 27
10 27 39
7 41 51
13 49 30
1 7 44
41 44 13
1 8 5
26 40 43
6 50 10
36 51 57
5 5 56
28 34 55
28 50 37
35 38 47
30 34 29
7 39 30
9 48 40
40 49 42
36 37 23
28 44 59
28 54 24
18 51 33
14 53 45
24 30 32
3 45 7
46 49 38
16 22 60
25 49 53
44 46 29
43 49 55
1 42 40
21 53 58
13 13 5
8 19 9
16 27 40
40 40 57
9 20 45
5 19 4
24 49 25
6 36 29
28 32 48
19 45 13
31 36 25
13 19 14
33 53 34
45 53 4
12 14 24
30 53 15
11 15 24
30 35 45
14 29 40
26 26 57
17 41 39
14 49 2
29 44 33
34 45 35
47 50 44
39 48 21
17 51 24
32 52 19
26 28 43
25 47 30
10 16 31
23 32 24
27 32 39
41 45 10
8 52 36
51 54 35
32 51 40
27 37 9
34 37 20
2 48 52
14 34 43
35 39 7
2 31 50
3 30 9
40 51 47
2 19 33
21 39 13
30 47 36
27 34 48
37 47 29
10 20 34
34 34 20
3 28 1
27 42 9
23 47 46
23 43 8
2 45 45
24 24 30
6 25 43
20 36 35
49 49 55
19 39 23
6 8 15
20 38 3
23 51 42
42 48 36
17 48 49
23 42 53
11 39 31
21 50 0
15 46 53
38 54 25
4 27 60
35 52 25
43 44 13
24 54 18
33 38 53
5 12 58
18 30 23
20 35 46
44 50 44
3 3 56
0 53 50
0 14 47
23 50 23
9 51 34
23 39 4
33 49 52
14 41 44
16 49 43
13 34 16
16 29 30
32 43 9
29 53 24
4 18 37
10 29 4
16 37 20
44 49 39
35 37 25
36 47 51
10 35 43
17 28 42
20 34 57
5 27 55
30 42 4
41 42 57
4 45 60
12 40 47
16 52 23
33 40 34
37 54 17
18 25 4
46 46 35
16 48 4
11 30 56
7 44 17
44 51 20
23 36 32
14 33 36
20 44 16
18 42 22
13 52 35
1 49 24
4 48 37
25 28 13
21 36 4
18 18 54
46 48 17
36 46 33
4 17 3
12 29 24
46 53 42
15 25 1
33 54 47
26 53 45
12 45 46
12 25 21
19 43 6
42 52 51
7 27 34
39 45 39
4 14 8
4 40 17
22 24 39
44 52 19
31 39 59
8 32 57
37 51 14
32 36 58
13 23 55
12 35 43
31 38 29
35 49 47
16 46 31
16 26 58
22 39 14
38 53 54
37 52 20
43 53 5
8 35 12
23 49 14
8 37 46
23 52 9
1 2 52
23 35 19
14 50 49
9 22 55
4 39 26
34 54 46
41 46 48
33 36 56
31 48 1
46 50 49
43 51 53
34 41 27
29 32 14
29 36 39
27 45 8
48 48 14
12 19 17
34 49 12
5 51 49
6 19 9
22 27 37
0 40 22
21 26 25
12 21 21
10 13 42
24 32 1
38 43 40
5 16 19
46 51 53
42 51 41
21 24 54
14 48 27
17 36 20
4 10 13
28 37 31
18 36 11
9 40 29
15 27 21
30 51 46
19 34 41
10 41 48
27 43 19
2 28 9
6 51 23
6 26 50
39 43 46
18 46 27
42 49 53
9 19 32
0 50 7
18 39 10
16 53 8
32 32 42
14 27 42
25 29 14
7 23 55
8 45 8
40 46 8
26 46 7
42 44 28
6 13 20
4 6 8
36 38 30
47 48 48
34 35 8
12 32 24
16 20 21
11 45 54
1 34 59
45 47 43
10 22 35
3 32 3
3 17 16
3 25 56
2 54 37
10 32 42
0 38 11
42 46 40
18 49 3
6 9 3
41 51 23
6 6 10
23 48 45
29 39 23
11 52 30
24 43 33
9 39 39
27 29 29
22 43 17
13 27 53
38 38 34
29 41 30
18 41 27
23 30 22
27 44 56
15 22 26
19 37 25
31 49 21
49 54 43
25 41 11
29 54 13
0 16 31
12 44 18
0 51 10
24 26 36
3 43 36
2 16 43
39 41 39
28 36 47
21 22 21
35 47 57
8 44 2
2 20 20
19 40 6
12 16 47
22 40 12
1 24 6
7 7 46
12 47 22
4 51 34
7 24 16
1 5 20
30 54 20
22 52 44
43 46 17
26 32 51
26 43 36
38 50 34
13 17 50
38 47 36
35 54 36
10 49 58
0 8 49
28 45 57
48 54 50
16 24 21
27 48 31
8 42 46
11 40 48
16 42 35
40 52 26
23 23 60
9 32 36
4 46 38
14 35 1
16 54 23
2 35 56
38 44 32
40 44 26
32 39 58
33 37 17
15 36 57
35 41 40
8 39 31
28 43 43
11 32 59
44 47 12
17 33 2
20 40 1
32 34 1
5 50 17
23 53 17
8 16 38
3 53 25
27 46 23
14 54 10
8 12 47
15 47 28
17 54 2
8 20 57
4 22 43
8 26 25
12 42 21
2 34 40
7 14 44
26 34 10
0 10 58
26 49 41
26 36 39
24 51 37
11 29 35
22 30 50
10 38 55
33 34 22
17 27 32
39 47 41
30 44 18
11 13 33
9 41 10
22 41 43
13 39 20
45 48 38
0 33 9
25 25 4
6 48 9
16 41 37
3 47 1
35 35 29
2 4 47
10 39 56
18 52 48
0 47 36
18 44 41
16 30 22
22 37 26
16 19 33
17 25 51
36 53 38
19 38 38
8 49 59
2 11 42
39 46 31
32 49 52
13 50 13
15 20 36
19 54 39
14 15 33
41 53 37
16 33 26
16 36 3
2 5 37
35 48 18
25 36 32
3 24 54
27 28 13
0 31 56
18 40 35
14 22 19
5 24 24
3 37 22
9 10 14
34 52 59
2 33 16
3 23 30
8 54 50
14 37 5
4 8 50
21 41 5
11 35 36
40 53 1
17 30 12
5 30 11
16 16 0
7 9 4
8 31 26
43 43 51
31 45 41
40 43 27
17 42 34
14 52 45
23 29 50
1 18 30
38 42 38
19 29 12
18 19 60
38 40 23
1 39 13
19 35 7
22 46 27
23 41 18
36 54 13
34 47 11
11 25 28
46 54 24
21 21 42
6 11 0
18 50 55
3 15 36
26 27 12
19 52 41
24 36 54
20 46 27
14 47 22
11 28 28
40 45 41
1 37 50
23 45 32
3 41 12
4 7 19
30 39 26
24 40 49
2 30 0
14 24 60
13 37 10
7 32 4
39 50 26
22 51 32
33 51 4
6 16 10
2 36 9
6 54 46
37 39 55
6 53 56
44 45 47
31 34 14
5 47 37
6 42 31
5 18 7
28 38 39
24 38 10
13 15 55
24 53 2
4 20 39
4 37 46
8 51 48
2 22 22
16 51 33
5 11 58
24 37 41
3 12 28
15 26 10
35 40 14
9 13 59
9 11 14
17 37 4
27 33 31
7 46 5
0 39 27
26 50 0
37 43 31
28 47 6
1 30 23
24 41 36
25 35 40
36 43 38
32 38 58
12 31 52
21 47 37
9 46 34
22 47 28
7 11 34
42 54 56
9 26 37
4 30 31
13 22 53
12 49 22
5 41 15
19 48 46
22 38 9
6 46 45
14 44 18
34 40 44
15 54 51
25 44 39
28 29 54
14 16 2
10 19 46
21 52 18
28 28 26
15 19 16
6 23 36
4 43 36
17 39 16
2 49 15
22 25 22
12 20 18
35 50 25
38 45 40
12 28 49
7 47 53
1 22 59
17 45 51
6 41 15
41 43 53
13 16 28
6 47 42
18 48 32
27 54 19
20 30 6
17 40 48
5 49 22
32 47 36
9 47 13
13 30 11
28 41 29
3 13 42
12 46 45
6 45 3
1 53 39
8 24 30
10 37 48
43 45 55
1 13 49
18 34 7
5 44 4
17 19 16
13 46 8
36 45 42
1 33 5
2 14 32
11 24 20
6 17 34
13 28 9
24 34 36
24 45 15
17 29 0
8 11 22
37 38 58
34 36 36
0 11 47
19 30 7
2 24 11
8 47 58
26 35 51
9 42 31
9 38 11
14 40 31
7 49 20
2 47 6
14 21 26
6 52 6
11 31 25
22 28 25
11 26 57
10 51 9
3 4 29
5 39 56
10 25 17
30 45 35
13 21 40
37 42 31
1 17 51
28 39 39
27 52 50
5 40 6
1 35 48
28 40 44
20 20 32
36 48 53
45 45 53
29 47 24
36 50 3
10 33 18
23 34 44
27 49 19
30 38 44
11 14 11
2 18 20
25 52 40
18 21 9
7 42 31
37 45 12
30 36 12
30 46 60
44 44 26
13 36 31
27 47 36
42 43 47
0 12 17
20 42 35
34 39 46
15 41 30
13 31 36
39 39 9
23 33 22
5 33 22
4 26 2
7 40 36
18 23 56
20 21 34
9 33 48
26 38 43
19 47 55
37 48 43
11 19 46
33 39 30
5 46 14
28 53 40
7 31 56
7 45 8
25 54 4
1 36 31
25 39 50
39 42 23
17 38 16
1 9 46
9 50 19
12 15 6
14 43 28
10 54 51
14 31 18
30 30 8
19 27 29
35 44 40
26 51 45
11 23 52
10 44 24
10 26 35
22 35 51
39 40 57
3 27 56
22 42 17
4 44 32
18 27 16
26 47 26
24 39 47
21 42 13
6 14 60
37 41 47
20 45 4
27 31 39
14 36 44
33 48 8
22 34 17
1 52 28
30 43 35
29 48 27
27 41 48
43 48 8
26 30 15
22 22 40
11 17 18
25 53 43
25 48 1
40 47 41
39 49 11
4 49 8
27 35 39
13 25 1
9 36 50
16 25 50
32 41 41
0 3 47
18 29 30
26 41 3
0 5 16
31 54 44
3 52 13
14 17 20
10 18 60
13 48 52
17 53 57
28 30 4
7 25 44
20 50 11
9 21 27
12 30 7
13 35 18
5 22 51
8 33 16
3 34 59
15 45 35
23 38 23
25 42 46
24 44 4
10 40 32
0 22 16
19 44 21
8 10 46
15 29 7
21 25 21
29 29 0
17 32 19
20 52 54
2 15 39
38 49 15
18 45 60
28 48 5
7 36 0
2 53 33
24 47 56
4 11 48
12 22 41
2 8 58
6 28 4
37 40 51
34 50 8
27 53 49
23 31 33
22 49 57
43 50 21
3 48 27
12 41 1
20 41 34
6 33 54
1 32 32
25 32 22
6 24 52
35 36 47
4 28 7
1 28 55
37 44 16
11 54 28
33 47 39
6 38 10
19 33 39
10 53 60
18 22 31
27 40 15
0 52 43
5 38 36
4 47 57
28 46 10
26 52 13
16 34 60
12 53 6
28 31 55
31 51 21
10 47 2
2 13 23
20 23 52
7 29 11
10 12 24
3 6 29
0 48 15
33 42 1
20 32 27
15 38 29
15 44 56
19 49 29
6 21 50
13 14 37
31 44 8
8 17 36
42 45 16
0 20 37
40 54 13
7 16 30
5 26 9
9 43 58
35 45 8
37 46 24
21 23 24
1 51 48
16 18 41
9 31 45
0 13 41
9 35 44
10 14 19
15 40 60
39 44 48
4 33 34
24 46 38
19 24 34
12 34 53
15 15 40
8 38 17
9 18 32
2 51 46
20 43 8
6 10 34
16 35 44
11 16 12
11 41 6
18 24 20
18 53 38
25 34 24
26 39 21
18 28 48
39 53 58
22 31 49
19 20 56
4 24 49
44 53 19
5 34 7
2 40 43
10 42 43
35 46 4
4 21 48
23 24 19
28 42 8
6 43 13
1 38 24
8 23 59
9 14 11
20 49 0
11 20 17
1 26 22
7 10 12
12 52 18
14 20 14
37 49 53
13 47 57
25 26 56
3 19 4
12 17 24
13 43 37
9 44 18
0 45 8
12 50 35
21 28 56
27 36 30
20 37 44
34 53 27
15 24 14
18 33 26
3 49 25
20 54 37
0 27 41
2 50 16
14 42 29
30 52 28
21 33 7
3 21 46
3 26 45
2 37 25
15 31 52
4 9 8
33 33 2
25 33 15
3 50 8
11 21 2
31 53 49
31 52 32
32 33 28
4 38 38
8 46 53
5 53 46
6 32 22
21 38 31
4 5 43
7 54 39
6 37 38
23 46 33
12 36 3
0 21 39
1 25 2
6 34 37
14 14 52
4 53 13
15 35 24
14 19 38
20 33 39
16 50 7
12 43 51
15 32 8
8 27 40
3 46 22
7 30 3
14 28 44
9 15 59
13 20 22
20 51 26
9 52 43
25 50 51
27 51 53
7 18 56
4 23 47
23 54 16
13 18 0
4 34 9
31 42 59
38 39 22
27 50 15
16 38 57
8 13 25
5 43 33
10 31 47
22 23 30
16 28 45
19 23 50
24 29 46
30 33 26
19 26 0
0 23 4
20 24 6
9 28 21
28 33 2
10 15 50
31 40 46
22 50 3
25 31 59
11 50 3
16 40 8
31 32 40
5 32 59
2 9 23
14 51 37
0 0 42
17 47 24
26 33 35
10 24 0
11 44 60
11 33 44
12 18 52
30 31 40
11 47 42
2 23 17
36 36 52
5 9 55
10 11 27
2 46 48
2 21 36
3 16 27
12 51 13
12 12 11
17 50 50
19 53 39
30 49 18
29 37 14
1 20 38
20 27 17
2 52 35
5 17 7
1 12 32
22 44 29
18 35 33
9 30 29
5 23 25
13 53 2
21 51 43
7 12 41
3 18 49
5 35 40
0 42 21
20 29 52
3 29 39
12 54 3
25 30 11
9 9 25
33 45 14
1 11 59
0 32 12
22 29 30
5 54 38
8 15 3
25 45 25
20 39 35
21 49 52
8 22 7
26 44 36
16 47 41
8 36 26
0 15 35
6 30 19
14 46 49
8 40 39
38 48 5
19 21 30
11 42 12
20 25 5
18 47 11
20 53 19
25 51 6
17 35 37
0 28 51
12 48 43
20 48 27
10 50 9
7 43 44
19 28 19
18 26 33
7 17 3
7 28 41
31 35 31
10 34 11
16 32 24
14 23 25
22 53 37
24 28 14
8 41 34
24 50 47
18 38 7
4 12 13
19 25 3
2 44 17
3 22 42
13 54 48
3 31 7
35 53 1
31 41 1
10 10 17
0 43 46
1 10 18
3 7 2
4 32 21
6 31 5
22 36 2
10 46 30
8 53 14
6 18 12
9 25 42
10 48 59
0 37 14
4 25 39
6 40 40
20 26 52
5 6 42
3 54 22
8 50 5
16 31 35
3 10 19
3 33 44
23 28 41
8 34 34
0 46 25
14 45 4
1 43 29
19 42 5
8 8 8
17 18 43
1 48 14
6 22 57
0 25 19
10 17 38
8 21 22
5 8 19
29 52 42
15 18 21
6 20 26
3 35 25
22 48 43
14 18 11
10 28 12
5 45 44
21 48 25
0 35 38
7 38 13
11 38 33
22 32 45
0 24 58
11 27 20
19 36 28
12 37 53
15 48 56
32 45 49
15 28 60
23 44 34
9 37 16
3 9 49
2 38 50
7 19 28
1 40 52
27 39 38
8 25 6
