20 170
111
182
126
138
103
163
141
104
164
147
155
169
136
185
150
134
168
160
180
194
0 1 54
1 2 38
0 3 7
2 4 31
4 5 7
3 6 34
2 7 17
2 8 56
3 9 59
9 10 48
10 11 27
10 12 53
9 13 48
13 14 2
14 15 43
5 16 46
15 17 20
14 18 47
5 19 18
4 18 21
6 19 49
8 17 0
10 10 40
16 17 19
9 15 7
12 13 59
6 17 29
1 14 19
11 19 26
12 19 0
5 13 15
7 8 7
6 8 59
5 5 20
11 17 37
1 13 0
10 15 13
7 14 28
10 19 27
16 19 48
18 18 2
8 19 5
14 14 49
12 12 13
7 10 14
0 5 36
18 19 29
7 7 1
3 16 44
12 18 33
1 1 55
9 19 42
8 8 20
5 10 29
0 0 23
3 15 10
6 16 16
13 13 33
12 16 38
15 19 35
0 11 48
8 15 28
3 10 23
11 14 48
11 16 19
0 15 28
6 10 25
9 12 53
2 19 27
9 9 54
4 17 14
8 14 32
8 12 38
4 9 24
17 17 35
17 19 53
3 4 33
15 18 22
7 11 24
7 17 38
3 18 50
14 16 4
6 12 8
6 14 51
2 18 14
10 14 0
11 12 46
16 16 35
6 11 13
1 6 59
16 18 26
2 17 17
9 14 42
14 19 19
3 7 58
5 6 58
17 18 18
3 17 53
1 18 7
13 15 49
4 8 43
6 15 27
5 9 21
3 13 54
2 13 45
10 18 5
7 16 26
1 12 50
8 9 44
1 5 20
15 16 3
2 5 11
13 19 38
2 6 44
6 9 5
4 7 46
8 10 1
0 12 17
8 16 33
1 15 47
9 16 42
3 11 38
13 17 23
4 14 56
4 15 54
10 13 32
8 11 42
7 18 5
13 18 56
4 12 31
11 11 1
2 15 45
6 13 34
13 16 13
0 16 4
2 9 29
8 18 52
15 15 53
7 19 7
0 2 41
11 13 51
9 11 8
6 7 53
11 15 17
11 18 27
1 16 42
2 11 33
2 3 57
14 17 58
10 16 3
3 8 57
10 17 56
2 12 3
3 3 46
4 6 3
2 14 13
7 13 36
0 14 3
6 6 20
7 12 31
1 9 39
0 8 0
12 14 45
3 19 38
7 9 0
8 13 22
12 15 49
9 17 38
3 5 10
12 17 49
