140 9030
162
104
148
110
147
145
171
118
104
102
115
101
189
189
147
159
170
191
124
188
166
149
106
154
107
187
173
112
193
117
108
157
133
133
136
176
143
112
115
184
135
118
193
175
130
166
155
197
152
133
183
153
111
177
181
133
191
151
100
194
156
159
136
176
140
164
136
151
156
144
185
111
129
169
134
100
118
167
166
120
176
176
195
196
147
190
100
114
130
175
163
134
151
123
100
184
154
186
177
186
136
110
162
142
149
178
124
192
200
172
117
144
194
174
185
164
171
168
180
173
199
174
191
197
191
120
196
104
155
102
190
100
193
176
142
133
177
139
156
101
0 1 26
0 2 44
2 3 10
1 4 20
1 5 47
1 6 0
3 7 10
7 8 49
7 9 5
1 10 35
2 11 4
1 12 45
0 13 50
11 14 26
10 15 27
5 16 56
0 17 56
12 18 31
13 19 36
7 20 18
18 21 26
14 22 27
12 23 27
17 24 22
23 25 27
12 26 54
4 27 26
6 28 17
6 29 21
22 30 56
17 31 36
11 32 32
4 33 17
28 34 29
13 35 5
22 36 14
24 37 49
15 38 59
12 39 10
39 40 40
29 41 44
6 42 2
2 43 6
19 44 38
32 45 31
18 46 25
1 47 0
25 48 38
45 49 19
12 50 27
5 51 10
42 52 9
43 53 49
29 54 23
54 55 40
42 56 27
10 57 12
17 58 29
51 59 31
42 60 12
22 61 47
8 62 39
8 63 60
23 64 56
26 65 19
44 66 25
21 67 5
57 68 57
8 69 55
43 70 44
51 71 34
3 72 49
11 73 19
18 74 6
24 75 55
34 76 43
53 77 47
66 78 4
78 79 15
48 80 1
8 81 17
51 82 51
29 83 16
56 84 38
79 85 28
7 86 21
31 87 26
66 88 57
30 89 46
88 90 51
30 91 57
70 92 21
23 93 38
27 94 36
55 95 47
53 96 41
73 97 46
55 98 30
29 99 58
8 100 48
6 101 36
7 102 44
42 103 6
72 104 5
23 105 34
48 106 0
91 107 39
16 108 9
30 109 36
86 110 54
24 111 33
25 112 51
12 113 37
48 114 50
0 115 57
1 116 49
82 117 31
76 118 24
87 119 42
33 120 35
107 121 22
49 122 56
22 123 49
58 124 37
40 125 57
113 126 10
18 127 52
16 128 14
44 129 51
67 130 1
77 131 55
34 132 24
14 133 13
89 134 15
7 135 42
120 136 16
20 137 18
38 138 27
45 139 13
63 76 7
106 107 0
59 72 45
138 139 4
123 130 24
18 62 28
25 51 21
26 87 57
34 129 53
114 129 32
80 139 23
32 128 45
31 66 59
102 119 18
17 67 6
41 88 25
128 130 36
36 93 6
48 74 25
116 119 48
50 89 57
1 118 6
13 86 18
53 88 57
31 88 43
57 105 59
3 79 0
60 117 55
121 129 12
43 74 31
31 92 13
28 61 9
132 134 11
64 68 43
131 136 45
97 103 39
74 110 46
45 120 53
12 127 22
25 138 37
92 95 12
41 76 40
101 137 17
64 106 52
126 135 22
44 56 36
36 57 12
31 59 51
5 61 13
33 103 45
87 127 56
33 101 55
58 112 22
131 134 26
3 12 19
112 127 21
39 86 60
20 31 16
128 136 12
112 131 12
118 119 54
83 84 56
63 94 57
57 114 7
109 117 15
54 114 50
2 39 1
115 125 40
38 59 37
37 78 52
22 129 27
135 139 34
87 124 53
124 124 39
102 128 36
88 129 6
35 102 41
65 72 54
15 31 28
7 41 33
61 101 43
125 138 17
16 56 58
115 122 41
56 125 39
117 136 25
135 136 9
138 138 28
5 18 15
129 137 36
57 115 15
107 125 20
33 123 30
62 102 44
115 120 14
125 125 29
91 95 42
85 99 60
41 114 56
84 86 41
108 117 57
79 82 50
125 134 39
4 56 47
14 121 59
77 110 57
71 118 59
57 82 48
69 138 28
2 127 3
51 62 49
91 133 24
82 104 12
23 28 37
24 115 56
20 123 7
76 137 13
26 52 2
3 132 2
66 96 1
132 137 42
32 72 8
111 116 25
8 105 16
112 135 31
43 107 25
105 132 23
64 102 48
96 135 28
90 94 26
49 106 54
75 134 32
43 79 52
115 131 29
11 123 13
111 117 45
20 113 34
74 101 47
102 131 9
94 112 36
48 56 49
102 130 27
13 113 50
104 128 33
23 128 30
97 125 37
36 73 10
1 51 4
136 138 21
27 58 10
32 76 15
21 139 19
53 65 5
103 115 17
13 48 8
85 123 47
137 139 25
13 131 25
109 123 6
72 138 37
5 119 0
6 50 20
41 60 33
46 137 40
68 110 49
111 130 17
0 74 47
65 115 39
58 109 29
84 132 52
0 126 54
10 68 1
21 58 13
70 76 24
14 134 48
70 105 2
41 133 11
32 79 36
115 128 36
46 49 10
52 106 33
124 126 52
26 135 23
81 111 13
66 66 29
6 37 46
70 85 11
104 139 1
1 17 53
47 70 39
91 109 17
7 128 33
105 113 51
33 88 21
82 137 33
118 131 51
11 35 38
60 134 60
107 118 41
32 78 44
120 121 57
88 132 37
31 51 20
58 70 36
115 137 44
119 129 7
126 137 47
108 131 52
35 35 48
134 136 2
0 40 12
93 139 48
98 123 26
101 114 35
80 115 24
47 73 35
133 139 3
86 131 42
55 126 27
22 80 52
114 128 25
103 117 21
20 40 7
41 116 30
100 125 18
125 126 24
53 56 16
14 43 54
24 125 45
9 97 6
98 135 29
11 39 25
132 139 32
24 84 35
85 124 32
92 110 17
122 131 49
46 100 17
87 123 57
92 129 9
59 69 38
17 43 51
76 112 8
123 135 56
9 132 19
136 137 8
85 127 52
76 83 55
22 72 24
64 118 15
122 129 41
84 88 60
56 119 27
28 33 31
124 127 27
83 96 52
103 120 46
20 82 40
100 128 26
133 133 60
49 76 8
31 69 52
90 137 55
29 92 54
88 134 22
15 100 30
92 132 7
98 115 48
108 138 24
45 105 47
45 45 58
55 114 4
106 128 20
70 127 0
80 87 58
129 135 8
122 123 22
34 60 56
90 109 50
5 130 11
0 58 46
89 95 46
25 113 12
87 130 8
30 119 17
108 122 18
82 114 20
97 114 14
27 80 24
62 123 30
103 132 5
132 136 16
28 74 20
65 89 47
85 104 42
50 57 23
119 135 13
117 125 20
99 134 17
96 100 12
101 107 21
107 111 60
34 51 45
63 120 3
109 120 45
87 138 30
122 132 13
54 96 23
83 87 40
26 83 31
59 131 7
38 97 14
16 57 33
27 129 7
96 104 23
90 96 8
62 93 51
115 116 52
103 135 24
70 129 8
108 118 43
55 85 7
80 119 46
102 123 40
126 128 4
53 129 40
99 131 1
43 68 49
12 138 40
5 49 2
6 55 8
32 46 52
91 114 29
48 68 22
90 111 44
51 90 5
123 133 43
20 72 19
36 102 21
91 115 7
47 89 54
122 139 28
56 62 11
85 85 32
18 49 22
108 126 42
94 136 31
121 126 3
2 28 54
83 100 55
136 136 44
45 82 14
97 130 54
137 137 51
110 134 50
69 124 1
58 92 59
92 103 10
48 138 31
93 114 48
85 116 8
68 136 4
55 58 34
15 71 15
56 80 22
9 84 42
2 10 52
34 104 29
10 122 18
41 132 56
86 114 40
131 135 43
100 134 8
85 108 4
106 137 59
101 130 40
73 99 50
58 87 46
25 108 6
103 116 38
66 85 2
53 113 5
79 120 3
123 129 17
112 133 34
98 126 57
91 130 39
19 26 1
0 107 19
87 98 59
51 112 0
123 136 21
42 70 55
117 124 14
62 138 9
68 83 29
118 123 8
24 46 33
129 134 27
44 117 21
62 135 20
68 106 5
123 127 49
70 123 56
74 123 36
16 102 21
127 133 9
0 65 27
48 69 15
77 134 40
83 102 29
99 117 0
71 92 27
66 105 25
32 40 15
70 96 5
5 125 51
107 126 58
13 99 51
58 59 31
12 59 48
97 131 60
42 95 39
17 114 39
60 108 30
111 131 50
4 66 28
3 31 34
29 39 8
125 137 23
41 78 56
81 89 32
32 83 52
106 109 54
71 135 32
57 139 36
38 79 49
48 60 23
50 127 32
97 108 11
1 132 34
110 135 21
72 132 12
128 138 13
61 132 37
91 94 6
9 68 15
70 126 31
60 96 59
25 99 18
100 105 52
105 122 16
133 134 48
16 25 44
15 39 48
104 117 43
84 117 58
97 123 12
72 77 22
44 127 11
79 103 41
40 84 56
32 119 17
105 129 41
97 111 40
110 116 29
86 122 32
112 136 54
27 117 3
53 78 37
22 65 2
92 101 21
89 116 48
128 129 56
85 101 16
93 137 14
121 135 58
99 128 8
15 61 54
104 115 0
55 118 20
70 134 6
33 89 15
55 79 2
109 125 57
66 139 56
43 43 56
93 123 37
125 133 37
77 100 60
112 120 42
48 123 48
63 121 13
57 125 36
115 117 50
28 100 59
79 126 24
97 106 54
55 106 45
33 37 57
21 51 22
15 65 10
55 56 24
78 83 58
56 137 58
37 60 15
24 102 3
62 130 60
70 112 29
120 131 40
16 64 47
74 136 29
67 116 50
9 102 18
77 92 23
8 55 19
132 135 56
34 67 51
111 123 41
7 37 56
38 60 23
29 34 28
88 92 24
89 129 15
72 103 31
30 111 53
13 26 54
22 41 2
58 122 42
79 106 58
82 128 11
51 76 41
35 48 55
57 86 13
82 110 12
77 112 0
1 108 42
47 47 5
3 116 8
79 90 41
111 112 16
26 62 51
2 20 1
10 96 31
35 110 13
102 124 34
99 100 40
10 105 7
66 80 57
10 43 32
78 95 12
77 107 58
111 128 10
44 47 17
112 116 58
120 139 9
97 113 31
7 93 23
62 129 16
123 124 36
61 77 32
19 86 46
24 104 4
72 116 24
24 99 20
4 121 55
91 98 50
68 93 27
6 89 14
56 70 15
97 135 37
54 108 42
52 63 3
28 76 29
131 131 53
118 133 11
135 138 1
13 83 54
34 95 0
96 98 45
74 104 13
84 99 60
24 105 43
105 133 45
1 60 5
123 125 16
35 125 1
92 138 53
11 41 44
42 77 14
12 77 30
104 125 57
2 60 48
101 116 27
91 137 1
55 64 9
88 106 60
131 139 7
11 84 32
62 116 55
48 78 35
40 116 4
9 122 19
114 138 12
8 117 27
7 54 7
58 78 23
118 137 18
75 117 58
107 122 28
101 119 57
0 89 1
84 137 7
44 100 60
117 127 12
119 124 0
85 136 59
67 126 10
72 99 41
59 82 33
97 104 9
53 128 12
124 137 12
18 56 29
116 136 52
66 70 48
121 131 9
16 51 3
40 92 49
85 112 28
39 109 32
18 131 17
1 121 30
111 114 44
132 132 43
77 108 1
48 104 12
88 107 2
79 116 10
27 134 14
77 126 50
108 115 17
42 80 6
43 65 25
44 135 12
105 128 11
6 88 28
44 112 59
115 130 55
99 135 0
129 139 58
11 67 49
2 58 11
31 126 29
48 109 17
4 75 46
114 125 50
29 73 2
88 100 59
91 93 4
14 47 13
84 127 28
20 52 54
59 85 39
123 138 36
39 108 46
67 80 28
95 132 35
122 122 1
84 129 31
9 129 43
73 96 53
87 102 20
58 97 21
50 50 9
96 128 41
103 122 1
12 36 7
62 122 53
135 135 56
86 103 58
34 54 19
67 115 22
52 87 43
19 87 29
14 94 60
60 91 23
1 133 38
100 135 55
15 83 12
104 108 41
98 137 22
56 106 39
22 62 2
22 125 36
99 130 60
82 129 14
91 124 50
74 137 19
95 118 44
86 135 0
84 105 46
77 130 8
89 131 50
23 71 0
81 133 53
46 63 46
55 88 43
63 88 6
81 138 58
8 33 26
32 33 50
130 136 60
134 134 14
102 133 20
59 135 4
66 132 42
101 135 54
58 99 5
98 102 52
132 138 26
131 133 56
40 122 10
90 135 4
104 135 9
130 134 39
16 88 37
104 111 7
96 131 48
7 139 17
6 87 25
96 99 51
74 105 23
5 65 0
21 96 2
113 131 40
83 119 45
59 123 57
70 120 54
71 87 1
67 135 30
126 130 60
3 14 42
106 125 33
37 96 0
96 125 0
8 133 0
101 132 47
16 95 14
134 139 6
65 100 55
114 137 16
67 119 25
34 123 40
64 73 36
75 93 26
89 126 9
39 131 50
87 114 21
51 122 26
80 109 28
72 125 58
1 9 15
89 94 51
18 96 54
18 77 24
88 123 39
98 105 50
105 134 17
9 117 60
124 125 18
43 85 44
119 121 1
86 100 4
4 21 53
19 35 25
73 90 38
30 54 14
87 99 56
51 51 32
40 44 26
104 131 60
121 134 5
18 50 13
129 136 23
10 119 10
12 89 16
57 108 14
67 67 31
49 121 31
92 94 47
109 136 60
29 36 30
114 132 30
39 110 52
37 109 27
87 108 30
59 139 50
100 124 35
64 79 39
37 116 16
58 61 23
102 105 50
106 110 49
118 121 34
21 115 18
43 59 50
113 123 25
29 132 52
99 109 44
137 138 59
92 102 14
66 91 34
110 118 45
114 115 5
36 38 42
107 137 43
105 109 29
11 36 43
15 133 38
116 117 41
134 135 0
22 107 23
25 126 7
50 63 26
28 101 24
95 130 26
78 78 10
60 74 34
107 112 38
48 105 14
48 102 48
76 107 22
102 102 11
11 37 32
44 68 39
53 114 7
47 134 16
90 98 11
34 100 3
5 69 0
43 94 50
106 126 53
72 98 38
28 79 40
61 117 54
0 6 59
112 122 52
47 119 9
34 77 7
124 128 23
53 97 47
109 111 0
79 110 37
100 139 12
83 95 9
98 136 32
20 27 13
88 136 11
7 21 42
7 121 51
79 105 17
28 105 14
96 137 47
128 128 9
31 81 8
71 88 3
102 110 15
42 124 52
120 124 36
80 80 21
13 18 30
0 104 27
80 106 26
111 121 60
41 102 38
100 123 18
17 28 13
98 114 26
85 90 36
42 105 50
4 100 24
7 49 22
24 33 40
44 61 13
54 91 59
34 106 59
0 36 36
30 104 21
111 125 42
88 117 4
125 139 19
5 113 22
48 48 27
23 63 26
29 119 24
103 112 3
94 109 42
43 99 42
76 121 39
20 99 7
115 136 48
72 106 7
94 116 0
120 120 13
57 70 39
26 88 24
38 39 39
12 61 56
64 139 34
19 62 24
43 46 41
22 40 22
123 132 9
122 126 39
68 113 44
64 105 14
56 66 13
3 133 54
107 138 16
31 96 39
11 129 0
117 130 35
62 108 60
112 129 30
95 105 0
80 136 20
106 114 25
23 61 34
92 133 55
39 43 20
22 126 42
107 114 2
117 135 9
95 113 10
75 102 2
76 96 48
35 132 47
38 120 10
128 139 5
30 90 26
68 89 26
25 54 55
54 134 3
12 132 5
62 79 33
115 135 7
7 46 13
115 139 3
46 74 15
77 95 45
93 135 56
76 86 38
96 130 56
54 113 15
67 121 49
90 124 39
24 49 47
60 139 3
56 121 25
9 88 19
80 89 21
53 73 9
116 132 33
49 58 51
2 95 8
51 120 48
2 113 5
52 122 31
16 58 34
57 138 52
78 123 40
96 132 23
93 130 7
71 108 22
7 98 45
124 131 22
83 92 16
65 130 24
20 129 37
61 95 35
45 63 29
35 131 6
127 138 34
45 88 54
0 99 60
103 118 16
74 100 55
101 118 55
80 100 41
117 123 0
106 115 28
48 119 41
108 111 50
83 116 8
74 98 22
45 123 27
95 98 48
8 84 7
58 84 40
85 122 2
9 87 42
97 120 54
102 129 29
76 91 36
41 105 4
49 132 42
91 132 19
73 85 4
97 115 27
45 101 28
6 15 11
26 134 29
132 133 54
35 114 38
130 137 26
31 82 22
49 115 28
113 114 49
32 55 33
116 126 25
49 86 8
129 129 10
11 74 50
133 138 58
103 103 41
116 124 48
92 106 8
8 92 37
115 118 44
57 121 39
87 89 38
72 105 12
89 136 60
91 122 19
56 108 1
21 47 52
84 85 18
55 101 10
94 95 30
1 94 57
75 90 14
109 130 22
60 137 5
18 119 42
113 116 28
73 117 19
2 64 39
4 110 33
86 87 13
37 95 45
77 79 34
107 109 34
10 75 29
127 127 52
26 109 25
28 115 55
112 132 56
77 117 58
41 54 15
104 127 12
107 123 60
48 129 47
86 92 51
8 24 17
133 135 6
46 128 51
93 95 0
85 94 53
74 129 21
14 90 44
82 127 22
119 139 59
31 70 60
30 68 48
65 95 45
55 75 55
62 126 8
6 137 32
29 75 35
93 98 10
105 117 53
13 107 15
92 125 12
45 125 12
109 124 19
13 137 43
19 57 55
36 63 49
120 123 22
61 99 36
75 138 53
99 114 39
119 127 32
37 55 50
135 137 49
20 24 13
123 137 14
2 50 8
34 61 12
121 121 35
54 118 24
74 117 37
20 118 35
49 60 24
4 116 10
64 129 60
6 36 28
12 46 58
37 132 41
130 138 54
91 125 38
56 77 0
7 65 30
40 86 9
6 131 19
14 41 50
0 21 54
55 72 38
23 108 19
56 82 42
35 135 11
64 97 10
52 118 23
128 131 6
120 126 35
12 62 18
26 69 30
10 131 22
97 127 28
116 134 43
88 101 9
35 69 22
67 91 45
50 84 47
79 97 49
90 118 0
7 118 17
98 112 17
106 129 19
120 138 53
4 59 36
9 11 23
94 125 44
120 127 50
25 37 29
99 101 48
57 129 51
64 83 55
70 91 35
32 89 32
33 95 53
107 110 60
66 136 8
77 115 16
65 107 24
11 122 60
10 25 22
18 109 12
49 109 11
9 19 60
5 24 6
30 84 29
108 129 31
50 56 23
10 13 36
37 93 44
6 71 26
60 138 12
49 136 24
81 82 24
20 56 12
46 115 33
74 93 32
78 82 54
64 135 46
34 80 16
27 86 36
36 126 44
74 102 25
67 133 57
6 58 33
75 87 54
39 49 60
91 103 56
20 131 40
8 47 29
117 117 35
84 130 15
127 139 44
60 129 8
94 98 41
102 127 2
40 79 33
0 103 56
9 10 49
75 131 40
74 82 17
28 104 17
64 74 56
125 127 31
114 127 10
85 129 38
9 62 41
3 50 9
34 126 35
80 126 37
117 134 44
125 135 54
54 62 18
46 89 22
80 122 45
66 81 57
63 64 38
47 76 2
74 133 27
67 101 21
31 134 6
48 95 44
91 128 27
92 105 57
14 54 43
128 134 23
53 127 41
75 106 14
66 93 36
108 134 55
35 109 7
19 112 13
66 112 38
59 102 26
33 86 14
108 113 22
122 138 9
75 76 33
26 91 45
34 110 57
36 125 18
17 21 25
12 104 13
76 93 7
38 78 31
89 109 20
1 136 21
61 61 46
62 120 21
109 135 17
100 118 60
92 135 1
25 25 51
60 99 59
16 20 5
81 107 20
43 119 53
50 121 46
20 86 40
104 113 58
47 127 57
5 115 46
70 95 12
12 44 28
41 115 56
55 111 14
35 80 36
103 129 49
43 62 13
58 58 11
25 131 40
69 97 24
11 113 4
118 126 34
12 54 57
89 98 0
94 131 10
19 95 31
35 68 45
25 96 15
127 130 10
84 126 47
2 44 47
44 49 10
26 130 21
16 122 57
17 129 4
73 78 1
80 88 48
45 69 49
120 137 29
41 45 45
27 95 24
120 132 34
85 87 40
35 73 31
4 85 24
47 71 21
27 68 37
94 130 53
35 139 6
48 62 53
52 55 23
51 109 41
24 85 5
62 117 16
129 130 45
58 129 29
21 105 38
54 65 31
124 136 55
29 80 42
72 110 17
100 120 6
91 123 50
2 106 27
126 133 53
18 34 27
93 117 4
121 128 58
107 130 0
114 136 26
43 127 7
90 110 29
42 65 34
105 139 17
73 112 45
47 85 24
28 42 26
113 135 39
86 112 15
24 78 26
116 131 27
73 92 11
97 122 49
47 55 35
86 129 49
105 106 20
0 78 36
30 114 18
39 95 39
107 132 54
4 127 32
136 139 34
56 134 16
79 119 28
34 65 29
102 117 35
16 82 38
69 108 23
15 72 57
53 53 22
23 137 36
32 98 12
34 41 48
129 138 23
50 116 60
90 119 34
71 138 40
50 102 46
91 136 36
41 108 21
39 128 5
17 105 48
83 128 38
57 122 34
93 131 20
31 101 30
58 73 50
94 107 47
68 132 7
31 61 55
101 106 37
92 130 27
44 59 37
75 133 6
12 102 25
92 122 4
10 108 26
80 95 42
3 17 2
134 137 58
95 104 7
27 49 53
130 139 34
68 120 26
26 112 50
122 137 7
38 128 15
23 112 53
64 85 6
85 91 8
117 131 21
134 138 1
68 108 0
77 94 33
94 118 10
77 105 53
20 114 49
22 38 1
85 115 24
94 135 4
39 78 38
30 64 12
10 127 19
99 102 56
98 100 41
52 113 20
53 92 21
68 117 44
53 68 30
114 120 56
109 139 32
93 118 57
109 118 60
62 134 13
111 139 4
27 53 0
16 107 2
33 39 9
56 76 60
32 120 30
68 124 37
90 104 12
116 137 40
90 114 38
32 34 7
72 72 44
130 131 6
42 72 45
61 87 24
72 85 29
54 63 24
100 114 7
95 131 37
92 111 47
103 106 13
21 82 56
9 125 11
82 123 10
90 107 51
105 131 39
23 100 54
71 120 10
111 113 25
59 86 25
26 33 21
95 111 21
9 20 8
20 110 34
117 139 60
24 138 38
67 94 1
21 111 58
34 81 11
49 101 27
37 83 4
14 49 17
113 120 16
60 98 32
119 136 60
40 129 6
49 64 53
43 71 21
42 76 20
63 77 50
17 91 42
38 117 34
16 139 2
107 135 47
23 76 39
89 137 59
104 119 25
34 55 20
54 75 35
3 118 35
52 116 42
130 135 7
12 64 20
41 58 30
15 66 9
65 82 35
11 99 16
45 70 11
44 80 29
30 92 30
113 121 48
18 136 54
115 115 45
95 122 22
2 40 54
72 75 41
65 137 43
119 131 53
102 135 37
54 138 53
73 132 3
126 127 28
15 36 49
91 129 51
34 57 26
82 83 13
48 130 5
6 40 58
119 130 43
35 86 25
117 120 7
122 133 21
111 126 12
89 96 14
6 23 28
98 129 42
84 120 27
64 121 21
67 123 57
36 103 0
95 95 2
66 101 27
102 114 42
88 114 0
46 72 33
13 139 9
46 123 51
76 105 18
48 94 19
27 32 39
55 55 24
45 55 46
8 129 54
36 109 36
100 132 29
50 86 45
4 107 55
87 128 33
122 130 10
91 120 44
62 75 24
41 80 33
56 95 31
63 98 50
126 126 29
99 126 50
93 120 14
19 122 34
67 81 6
32 36 27
43 63 51
19 59 53
0 132 42
98 133 30
80 131 32
4 23 1
81 116 26
130 133 22
24 121 37
71 73 60
59 133 40
34 58 18
32 73 44
52 138 28
24 136 29
27 78 50
70 77 14
14 88 6
105 111 22
34 49 48
27 102 6
25 69 21
73 109 31
101 124 60
26 64 18
103 107 52
56 92 52
55 57 6
101 110 29
38 133 30
61 123 1
16 126 38
87 125 28
17 25 4
93 121 10
65 84 4
27 36 36
52 82 13
84 100 18
86 99 49
22 57 58
7 26 26
95 138 6
80 118 8
65 86 5
109 121 10
63 117 27
5 79 35
20 101 21
40 80 15
36 36 4
104 137 42
24 112 55
16 103 19
58 60 32
123 131 2
6 51 18
39 62 42
88 95 41
95 123 13
25 30 51
48 71 16
72 107 33
1 88 24
47 94 51
121 133 34
25 70 26
93 96 28
37 135 16
33 130 57
7 125 39
110 129 50
73 136 39
93 125 47
57 106 44
121 123 44
77 137 18
113 125 8
20 28 10
99 113 4
97 119 33
31 32 34
95 106 51
102 132 21
1 98 60
0 10 23
21 117 7
69 119 44
88 89 0
26 72 47
55 86 23
47 112 6
86 97 50
8 118 43
75 98 8
8 20 24
76 98 34
122 124 24
75 109 40
39 98 23
71 112 50
94 110 14
90 90 55
41 125 37
124 132 59
11 96 42
27 120 23
14 33 34
114 117 28
71 94 43
81 109 6
58 117 1
67 84 46
63 84 17
64 123 56
5 73 24
12 114 51
100 137 48
80 83 57
27 33 54
129 131 59
98 104 16
90 103 25
28 43 28
9 137 44
43 93 54
126 132 27
10 55 32
50 83 38
123 139 11
19 31 40
61 102 58
31 133 21
21 106 40
29 82 36
55 110 47
9 76 9
51 116 16
78 106 43
109 119 12
84 102 27
6 124 14
26 113 18
0 20 49
92 99 31
25 32 32
37 69 49
28 28 49
18 116 51
113 129 59
13 121 57
107 134 50
26 50 3
47 78 25
5 59 9
102 137 2
90 132 2
58 72 38
35 107 32
108 109 42
80 121 52
13 44 20
29 30 10
4 15 0
49 129 42
26 81 17
48 128 29
93 116 33
21 126 60
131 138 49
86 101 38
42 86 3
14 66 27
4 32 49
70 107 52
2 84 16
123 134 12
13 45 59
61 114 39
8 29 7
106 116 38
24 95 37
34 98 26
30 56 24
90 102 5
70 72 21
66 125 52
55 131 29
70 70 30
74 99 21
0 69 6
15 113 54
102 139 41
30 69 52
73 103 48
9 100 9
31 38 22
23 123 50
103 111 9
87 93 21
44 122 22
84 136 51
2 46 15
77 124 46
95 101 4
125 132 55
115 124 47
76 79 7
5 108 1
28 123 15
87 90 60
125 131 30
2 121 59
34 71 1
74 103 57
133 136 31
21 116 57
80 102 51
28 77 22
86 133 27
103 138 43
111 138 35
62 69 32
122 134 6
72 114 54
91 121 18
16 104 42
28 133 14
84 139 60
98 111 52
4 90 46
9 77 26
56 57 31
44 93 3
101 111 38
22 55 4
64 94 40
41 95 43
51 56 43
2 93 29
18 126 34
96 123 57
40 105 15
109 131 50
77 116 29
102 125 53
72 119 53
93 109 12
133 137 15
45 89 50
14 130 19
71 95 13
118 138 48
84 106 56
63 138 55
83 139 26
0 108 58
112 112 12
25 97 8
120 134 20
118 139 52
56 115 35
60 105 46
129 132 2
64 107 8
24 42 39
28 98 33
42 50 27
36 111 55
45 50 20
65 136 34
107 124 26
43 109 22
87 126 0
127 132 49
121 139 20
43 112 29
30 131 56
31 80 35
42 68 48
79 135 50
6 138 21
10 40 33
32 42 7
43 138 37
122 127 5
52 65 52
48 96 0
46 95 4
95 107 56
96 97 54
72 126 13
54 57 36
38 106 34
107 136 41
40 104 46
73 123 43
87 131 0
35 92 25
43 133 17
90 113 2
5 107 17
52 58 37
21 64 38
38 109 19
34 64 3
104 138 52
68 79 36
67 83 27
39 99 44
30 123 2
25 110 39
85 100 44
13 105 31
62 92 1
52 88 15
62 137 59
83 123 46
104 129 28
69 125 6
127 128 50
11 66 52
84 122 16
5 83 51
87 92 24
119 122 37
76 88 30
68 98 32
2 23 13
47 118 12
71 84 25
86 106 41
104 109 13
53 64 0
69 72 46
10 28 44
23 70 10
61 139 57
85 113 39
1 58 17
26 110 15
26 123 12
18 87 48
7 134 51
47 60 21
47 126 13
60 85 34
108 136 26
54 68 13
30 62 4
97 97 41
70 106 40
25 102 38
19 91 44
127 137 46
6 81 13
81 81 59
66 103 17
110 127 60
46 111 47
98 110 7
46 81 24
71 89 41
28 30 35
16 77 0
52 126 24
14 84 59
106 138 9
117 122 40
87 88 43
61 122 14
73 84 40
101 103 16
7 39 1
62 128 33
66 98 21
86 123 46
114 133 9
11 47 42
32 93 24
52 120 59
8 79 54
108 132 56
94 119 7
8 23 54
34 137 49
51 101 23
112 113 2
107 127 26
100 106 10
62 71 22
127 134 12
42 121 24
110 114 41
39 132 23
49 68 14
115 133 34
30 71 20
95 117 39
23 98 39
93 122 54
4 64 26
73 120 17
6 9 14
65 90 7
131 132 3
29 69 23
74 131 55
6 98 31
51 111 55
41 50 5
52 94 35
38 61 22
9 31 51
20 69 54
44 119 54
1 77 46
119 138 41
83 133 28
89 114 16
106 127 26
90 99 48
53 58 39
8 41 3
26 106 27
38 67 7
61 118 9
104 132 56
121 130 31
91 138 48
57 123 52
80 125 32
27 128 12
6 25 10
53 57 58
6 8 56
84 98 4
75 99 16
0 124 9
14 32 25
68 129 54
39 56 60
76 124 36
65 103 50
66 89 9
38 105 52
90 125 44
82 120 57
77 87 15
82 105 43
34 78 38
36 49 31
82 139 53
95 108 39
46 121 58
40 135 8
107 107 42
34 66 2
69 113 31
50 128 18
46 85 8
71 114 49
12 49 42
76 130 37
13 89 21
124 139 27
57 100 34
100 131 23
25 86 47
109 138 19
105 107 20
56 98 37
66 116 2
26 38 27
93 136 52
38 114 14
58 85 38
14 124 44
70 93 35
3 19 49
59 116 1
80 117 7
101 131 0
54 111 29
8 50 15
37 48 59
21 33 15
39 117 0
56 61 9
83 91 19
0 102 22
91 92 0
23 85 25
34 52 19
64 130 31
3 92 39
69 101 15
3 63 15
19 45 30
68 134 33
30 61 7
28 118 7
126 139 13
45 58 51
53 70 13
85 131 3
98 106 12
107 117 48
27 75 27
30 98 19
0 64 13
103 114 58
72 87 3
64 119 9
84 107 44
98 120 4
59 100 27
77 133 2
49 107 25
6 74 31
97 136 1
28 84 34
89 132 11
50 53 6
52 74 59
80 97 35
108 124 0
71 133 25
3 74 4
22 134 18
58 110 1
52 76 48
66 120 56
29 109 13
46 73 55
13 30 26
27 98 57
89 113 30
88 137 50
55 107 18
43 110 34
44 78 12
30 73 12
52 56 29
68 133 36
51 117 17
30 110 36
67 107 30
44 111 46
128 135 58
27 116 39
34 101 18
17 126 30
62 109 46
120 128 60
13 106 55
16 97 38
94 120 8
80 99 40
70 133 47
34 83 16
3 10 40
55 113 1
66 99 43
61 135 29
116 135 14
19 63 59
99 116 49
49 52 55
35 101 13
8 87 19
13 97 19
89 130 55
21 120 41
55 135 6
61 134 1
13 77 1
6 27 37
84 89 58
94 102 37
32 35 40
3 34 27
20 59 26
8 9 56
37 125 18
41 127 39
16 52 57
45 138 59
69 80 28
28 46 31
15 120 55
69 95 22
62 67 47
29 120 27
33 108 16
126 136 18
3 111 13
25 125 54
56 63 47
27 118 30
3 134 5
79 100 58
90 129 44
98 124 4
86 104 19
88 94 54
93 102 6
66 75 47
69 128 15
43 95 15
86 134 1
91 104 51
118 134 35
9 126 3
10 27 54
53 135 21
124 135 48
89 103 46
73 87 38
40 126 53
100 103 42
70 80 29
59 120 47
66 79 43
117 133 49
72 78 11
77 83 47
103 134 51
32 110 27
9 135 51
71 85 15
55 68 21
23 24 43
29 59 25
59 132 55
110 136 16
7 94 31
23 51 10
52 102 1
50 133 12
100 130 44
40 43 23
0 88 33
27 96 28
56 58 5
75 103 50
4 13 2
127 135 14
57 89 8
28 31 40
15 131 26
82 93 10
40 98 43
53 116 34
11 118 20
14 37 28
38 38 59
94 133 60
31 113 36
80 96 35
65 99 0
71 123 12
5 38 7
24 107 19
55 99 14
19 39 57
48 54 19
80 110 49
93 106 36
108 123 40
26 139 1
104 136 7
75 122 25
97 128 7
96 134 1
120 135 15
36 78 50
92 119 52
15 103 40
16 66 17
81 126 8
91 101 29
14 77 8
63 90 18
40 81 30
87 96 27
124 138 18
52 134 53
44 102 37
67 134 3
28 139 55
28 122 9
14 61 23
46 120 22
43 137 52
45 100 59
34 35 9
53 85 34
118 122 31
48 63 36
62 88 1
82 136 17
71 78 0
2 120 54
65 67 9
2 117 8
30 81 7
94 122 16
23 131 39
65 88 52
43 124 56
60 112 28
93 97 1
51 132 1
8 15 10
18 134 52
102 138 10
1 93 8
62 87 34
58 94 15
100 126 50
87 95 0
46 133 50
80 91 9
36 120 40
113 127 50
51 133 20
59 65 38
7 35 49
70 121 6
93 99 12
84 103 18
83 130 48
70 130 44
7 10 21
10 88 0
88 120 35
3 100 3
117 118 41
32 39 39
61 94 26
47 137 30
95 112 33
55 103 30
96 117 29
12 112 34
5 97 52
90 116 5
124 134 60
67 114 11
19 37 35
56 99 45
22 68 10
88 125 32
18 88 8
18 64 27
122 128 1
6 30 31
90 108 6
116 125 34
36 81 30
85 126 60
54 103 60
85 138 3
63 130 32
40 111 13
97 134 43
68 97 39
127 136 0
94 101 8
94 106 35
59 89 34
95 124 60
36 56 12
24 108 54
89 123 36
118 132 43
20 111 40
114 114 50
52 131 17
55 96 29
88 91 27
29 96 46
81 108 53
13 70 19
11 11 5
95 126 15
31 68 10
73 94 26
103 109 47
111 137 5
64 108 13
12 38 1
110 139 30
66 110 21
88 126 23
64 91 23
84 118 16
110 117 3
33 84 56
31 122 22
71 125 32
46 76 34
48 92 8
62 73 59
90 100 11
84 101 45
81 118 52
98 99 7
31 91 22
85 118 29
90 112 2
27 110 32
52 92 52
39 72 11
24 53 47
55 138 12
37 80 43
13 73 15
8 10 59
20 38 1
100 115 30
31 72 33
7 97 6
64 75 31
12 126 60
94 127 48
56 113 12
25 92 7
74 113 57
19 96 44
18 106 55
54 133 4
72 82 56
60 104 24
82 101 41
24 26 46
27 111 51
21 107 17
61 82 48
33 73 0
17 88 59
77 125 16
35 130 33
49 74 37
107 131 4
64 131 26
28 82 17
57 88 1
25 81 10
111 119 0
94 123 8
80 90 19
38 49 43
5 112 52
40 99 46
61 116 36
59 128 58
81 136 53
103 137 59
76 104 9
70 125 31
69 123 16
112 124 8
74 124 7
42 139 17
92 112 59
115 123 44
16 27 48
54 105 39
22 91 5
4 44 24
1 79 34
17 50 48
128 137 51
78 124 33
72 113 47
7 106 31
78 125 10
77 106 3
5 103 42
102 108 16
112 138 57
57 109 48
45 72 7
85 109 44
11 112 11
105 127 16
20 48 39
60 75 45
43 67 38
101 117 56
39 123 9
101 101 25
50 138 58
54 102 37
5 84 29
94 124 20
21 59 43
81 117 47
61 88 10
1 76 12
68 90 50
38 131 26
107 129 50
82 113 12
21 81 13
86 121 55
10 81 54
58 136 35
77 80 41
27 115 34
64 88 14
19 77 43
65 83 51
23 110 40
14 119 16
40 66 21
37 42 14
15 95 35
97 117 17
130 130 53
108 133 8
74 127 36
56 118 42
96 113 5
25 44 4
19 115 47
38 52 56
66 122 40
81 135 50
48 88 2
100 138 10
53 132 31
95 139 0
73 108 2
114 139 12
99 105 2
77 81 5
40 55 26
45 112 54
76 134 19
58 62 45
69 69 42
48 89 25
98 116 10
23 42 15
2 107 37
34 50 16
54 90 39
64 92 38
13 36 33
104 118 24
19 137 31
5 95 7
31 64 37
54 87 54
98 109 57
30 126 18
105 119 45
55 139 27
118 125 57
65 74 57
85 111 26
47 67 25
46 138 0
59 134 43
16 136 6
51 100 56
2 76 22
4 137 2
28 87 22
3 110 9
17 136 18
34 85 50
93 105 24
83 112 24
58 105 21
53 131 40
7 53 44
35 66 38
103 128 9
17 37 53
57 111 36
25 61 34
83 136 17
114 119 20
66 68 46
2 6 27
53 95 27
34 117 49
72 121 39
31 108 25
97 102 60
21 73 5
81 84 1
85 135 18
75 80 6
27 31 12
81 123 14
7 105 12
39 47 55
53 108 37
130 132 8
64 72 11
2 37 37
88 105 47
30 63 27
67 98 59
23 33 39
2 27 17
20 115 2
54 94 48
22 138 9
40 72 2
120 122 29
82 130 42
70 100 48
46 46 28
63 73 43
45 128 9
112 117 51
71 127 10
31 49 26
34 134 57
92 113 16
13 29 47
66 121 15
38 121 29
42 84 6
49 134 43
25 135 58
89 139 7
116 130 22
126 138 37
97 109 30
36 122 21
16 35 54
14 106 30
22 113 45
99 124 41
42 63 37
109 128 32
13 80 15
19 113 20
31 138 55
64 66 23
0 34 58
42 62 57
4 71 29
65 71 31
99 108 37
47 92 1
100 133 34
89 117 47
120 129 19
10 47 39
11 55 3
46 97 41
65 111 9
8 123 49
99 107 54
69 129 19
47 48 56
20 70 30
22 71 46
52 54 7
97 121 55
24 65 33
19 71 58
29 52 14
10 52 49
24 69 59
111 111 17
0 5 29
78 115 30
47 62 2
110 112 15
27 99 31
114 121 39
47 111 15
3 87 11
103 123 11
25 105 26
23 104 16
73 89 6
105 138 33
12 139 47
72 73 25
17 32 22
94 137 52
77 123 27
90 121 35
125 130 3
77 122 60
114 124 40
123 123 5
51 95 6
119 133 0
64 64 5
39 136 2
71 81 50
77 136 34
19 126 15
83 115 48
53 83 31
8 16 37
46 56 33
4 29 26
86 105 27
119 125 18
88 127 34
118 130 4
69 117 51
35 120 38
4 102 14
57 87 23
93 94 47
99 137 44
72 89 26
44 69 39
88 112 12
58 79 49
47 80 56
51 72 54
1 16 48
97 137 17
46 52 12
21 87 22
15 43 18
64 117 1
65 85 14
59 106 39
22 42 59
74 78 50
96 114 48
79 108 15
8 36 8
43 111 27
4 37 56
110 113 29
106 106 21
14 45 14
77 89 40
34 125 43
56 116 53
106 120 56
59 64 19
37 131 10
62 112 60
31 48 3
23 119 33
3 70 49
10 139 1
110 137 57
36 58 4
43 58 41
21 46 14
5 133 26
101 113 53
21 102 23
59 118 13
96 103 1
16 42 42
66 94 39
7 77 42
117 129 16
84 111 37
37 61 51
25 93 34
49 130 50
5 29 26
114 131 38
81 120 25
23 97 59
121 137 25
62 72 13
86 120 3
57 64 36
58 88 17
10 126 7
65 126 6
46 58 18
2 35 13
54 123 7
14 25 51
41 134 5
79 96 5
84 114 40
35 91 20
24 96 28
74 112 54
120 125 0
37 106 15
30 136 18
113 139 40
20 78 48
117 137 36
64 137 8
35 103 41
113 122 24
83 138 25
98 118 30
28 127 3
106 135 36
56 74 2
28 137 10
52 85 5
3 119 44
19 136 36
37 45 6
19 70 39
36 42 23
33 46 54
2 83 50
96 136 56
13 63 50
5 88 46
92 127 34
30 99 36
55 109 56
14 36 39
29 117 53
18 91 58
49 117 28
54 66 48
53 98 9
57 71 21
49 62 50
22 130 44
35 115 46
0 26 53
68 77 41
49 112 46
54 95 0
99 138 60
105 112 18
93 110 42
44 72 22
1 124 36
108 119 49
90 134 51
109 112 6
42 98 41
128 133 53
10 34 31
47 59 47
81 130 45
118 124 41
27 59 57
0 49 55
5 70 32
95 137 53
38 57 46
31 55 44
27 85 17
78 117 32
14 113 35
77 91 12
92 117 39
76 92 2
31 106 31
92 139 25
87 116 12
13 28 28
21 108 54
49 65 50
89 89 13
43 139 30
48 66 53
68 91 9
18 84 38
119 123 2
68 123 6
22 118 38
3 77 9
26 54 17
78 97 35
41 120 17
95 133 11
78 108 39
82 138 60
26 49 0
121 138 25
124 133 59
87 100 35
96 139 19
4 31 30
35 47 4
114 134 56
67 122 46
63 119 60
77 93 9
84 90 11
17 68 27
116 116 16
56 120 11
61 100 44
31 39 35
110 110 41
99 122 30
81 86 2
57 90 26
88 93 56
67 138 44
76 82 26
115 132 42
51 91 3
46 75 27
25 62 51
12 93 13
23 81 22
23 30 29
42 100 57
41 59 2
38 40 23
18 121 7
73 104 5
73 122 17
9 69 41
51 113 19
10 66 47
35 138 20
81 110 51
110 111 28
44 134 8
38 71 0
87 132 46
58 103 46
99 132 18
81 97 34
69 100 56
28 37 2
92 115 19
35 76 30
0 86 22
71 101 47
56 117 0
70 94 17
48 107 27
93 119 6
1 82 1
52 97 52
108 135 43
6 45 8
74 89 59
53 104 43
21 44 15
57 135 23
109 114 56
48 57 2
8 42 28
104 104 27
54 79 44
2 68 11
23 36 56
67 109 14
40 50 45
37 43 30
92 93 12
20 64 2
94 104 58
103 113 11
29 121 17
73 77 25
83 135 24
78 126 52
121 136 48
105 124 14
17 120 26
104 121 45
56 85 11
74 74 26
20 93 32
81 129 15
19 108 50
79 132 43
93 101 47
24 39 27
19 41 1
40 94 12
36 83 57
112 128 14
29 114 19
36 132 57
27 107 25
50 101 9
77 119 56
69 71 9
57 72 60
33 44 13
16 32 16
7 99 41
110 124 31
11 86 41
35 56 4
128 132 33
23 103 21
32 49 24
41 99 30
65 127 44
13 85 18
110 128 58
60 61 52
73 113 1
18 44 41
58 63 25
129 133 24
23 68 32
37 41 5
95 128 39
24 134 7
1 127 25
88 121 24
8 66 36
48 93 6
68 107 56
62 100 28
110 132 21
76 139 25
30 36 49
20 77 34
9 51 37
16 100 1
3 40 44
35 51 59
91 91 54
73 126 23
109 134 38
16 45 51
33 65 6
26 75 58
81 101 4
22 106 48
0 0 44
15 108 52
4 14 27
29 44 42
59 114 42
11 34 56
58 66 55
9 67 56
89 108 21
6 110 12
69 85 19
41 52 3
83 125 7
67 86 14
71 90 60
46 50 57
10 130 50
112 115 8
47 97 1
89 127 4
36 44 52
45 71 13
67 112 31
39 39 21
77 102 26
74 122 49
19 67 37
32 103 12
115 126 37
67 85 32
6 21 56
5 28 50
52 72 56
45 79 48
84 131 28
95 116 16
11 53 45
6 139 39
56 138 3
91 126 4
101 105 7
126 134 32
76 103 15
103 104 60
3 83 46
61 73 35
57 107 35
107 128 33
1 96 7
39 124 7
77 101 51
103 133 43
18 20 27
65 66 50
51 126 29
83 122 57
49 131 49
44 70 10
46 130 50
98 127 30
44 138 50
75 121 17
69 122 48
42 93 21
23 92 60
50 111 49
54 78 6
18 23 35
27 88 49
15 64 14
80 138 8
99 115 20
113 134 47
52 83 51
118 128 35
83 121 31
106 119 28
103 136 53
56 100 3
51 66 24
19 48 22
59 122 41
24 61 6
25 106 38
0 43 47
1 128 21
14 27 22
59 78 25
43 105 49
22 51 5
83 97 11
58 132 25
69 112 9
53 87 35
104 116 22
68 85 34
2 49 43
31 71 17
41 111 14
51 103 27
0 136 33
11 133 47
62 81 29
15 16 60
27 133 15
53 106 23
50 55 55
55 108 19
109 109 57
76 114 15
120 130 10
26 89 2
51 92 3
41 81 60
43 122 24
101 133 20
87 139 1
100 108 32
41 121 0
41 53 35
93 133 56
3 43 43
33 102 44
51 58 33
55 127 53
54 77 51
19 107 59
15 106 6
59 104 34
5 68 38
75 125 18
0 106 37
81 113 53
19 25 59
73 107 8
42 85 26
74 106 55
74 109 3
32 99 32
72 115 21
31 46 60
51 75 36
34 89 8
123 126 41
24 109 21
68 87 2
56 68 36
39 61 17
71 110 8
46 57 22
75 112 34
29 128 31
92 126 32
21 137 50
116 139 55
76 128 7
53 62 14
105 118 9
73 91 31
64 132 60
38 94 50
106 112 1
82 126 47
9 16 53
37 130 9
118 129 15
50 77 23
100 102 15
15 87 34
48 111 59
64 95 10
30 44 51
47 64 57
99 112 11
59 125 42
28 124 14
15 121 27
60 121 6
28 128 6
127 129 50
50 94 30
16 40 24
69 132 22
17 46 43
23 126 31
68 95 59
23 82 9
97 138 31
5 74 17
95 119 23
76 81 37
3 93 51
79 130 33
71 74 16
32 105 56
16 78 12
100 119 50
43 103 36
26 29 38
63 78 45
113 113 47
93 138 1
83 90 52
89 119 29
71 111 27
87 101 59
82 100 18
24 43 17
86 117 23
33 135 58
28 64 57
57 69 54
0 29 18
3 32 2
37 90 15
111 136 33
82 131 12
91 139 39
2 128 46
24 29 37
7 18 17
6 86 13
43 51 53
88 98 37
12 95 48
78 88 14
96 106 6
14 107 43
39 85 41
93 100 45
31 90 31
106 123 27
2 17 24
104 114 43
82 133 20
103 105 47
89 138 55
17 111 43
90 91 21
71 102 7
14 71 16
71 96 2
80 82 1
59 101 41
102 118 38
27 73 28
39 76 31
81 105 47
59 60 18
30 113 44
69 134 4
31 132 46
42 137 3
58 93 26
40 97 7
32 122 12
66 133 24
65 80 54
71 86 34
0 129 47
23 106 23
6 90 5
61 96 44
34 124 16
25 95 27
110 115 34
43 113 5
57 84 21
108 128 28
96 124 54
22 86 49
66 137 46
40 73 60
24 64 2
70 79 4
67 124 37
82 92 37
7 73 0
13 21 40
5 105 30
51 123 0
5 96 39
43 84 50
58 101 26
47 69 51
93 108 1
46 67 49
79 109 31
61 121 24
43 88 35
17 100 54
102 106 33
27 130 49
11 22 18
24 139 42
74 115 41
38 58 52
17 66 58
57 67 57
22 82 47
83 118 57
8 102 43
0 93 25
48 70 27
96 105 5
48 121 5
16 92 47
69 120 9
79 122 33
14 125 33
8 45 9
42 79 41
97 101 5
8 43 57
2 7 54
96 102 21
16 29 19
1 54 16
40 103 42
4 78 45
53 109 24
109 127 49
55 94 20
0 31 60
36 74 24
28 99 3
9 73 32
12 48 34
107 139 48
30 95 46
6 136 14
58 75 8
57 77 51
86 124 24
87 115 35
30 118 7
74 95 41
85 96 52
39 130 36
33 104 26
85 139 10
86 90 16
46 80 46
80 112 37
39 67 23
32 52 5
105 116 28
97 139 55
47 121 53
61 79 18
42 92 39
47 107 55
74 125 36
110 125 23
73 80 21
10 110 41
92 116 23
8 22 26
45 126 29
11 61 33
91 106 11
54 126 23
37 79 52
75 89 45
19 51 30
18 80 43
56 96 34
114 135 5
113 115 45
69 93 22
42 119 28
61 89 18
92 120 16
67 127 40
50 95 44
57 128 18
74 87 53
32 114 57
31 123 24
79 86 34
100 117 58
67 90 49
27 125 13
20 85 25
65 110 12
4 136 38
52 107 14
13 57 4
49 72 53
72 124 42
107 115 0
71 126 28
19 30 59
85 134 0
21 35 13
87 109 22
94 94 13
61 137 50
87 111 29
69 110 30
78 89 24
15 92 1
85 132 12
72 136 3
4 120 17
24 81 49
1 102 39
44 74 4
46 64 22
114 126 42
45 113 9
50 108 32
81 128 0
44 126 47
7 120 55
70 104 49
85 105 30
0 119 31
17 121 35
95 115 14
25 87 58
15 55 34
96 122 53
37 87 21
57 58 48
44 87 7
65 128 58
36 59 8
1 91 33
59 90 43
38 50 55
78 111 53
32 37 32
28 103 52
55 133 28
32 57 41
26 101 52
100 110 10
33 87 59
2 133 28
66 71 27
9 35 6
9 71 15
1 106 20
10 97 19
11 120 46
81 100 16
122 135 46
28 107 53
17 49 33
52 110 6
103 124 26
26 80 56
45 115 53
4 18 15
78 138 20
36 95 7
39 135 57
42 106 45
12 20 2
53 126 13
6 33 58
124 129 0
13 23 38
126 129 27
99 125 40
4 11 39
49 138 0
74 96 47
38 136 20
63 102 15
60 86 2
25 47 1
89 104 50
62 66 31
33 122 15
111 127 6
40 132 53
85 93 60
11 107 4
86 109 29
29 79 30
112 137 48
50 58 35
65 125 59
21 25 25
15 134 15
92 118 6
108 125 26
123 128 12
4 106 1
99 129 38
76 94 35
37 94 41
62 101 14
106 131 25
1 23 8
100 111 58
115 119 49
115 129 14
60 125 20
14 98 46
37 53 33
13 118 28
111 122 42
112 126 43
71 75 7
75 91 24
14 78 36
37 84 59
69 127 57
8 78 56
4 76 31
1 75 29
84 113 4
50 62 29
29 85 45
95 134 21
3 84 60
27 84 45
58 133 24
36 117 31
14 118 42
29 139 8
64 134 59
81 91 56
36 60 48
23 88 0
12 94 40
108 108 44
93 115 23
33 47 27
48 99 38
29 124 27
41 62 28
17 90 34
5 10 42
21 24 30
16 106 49
28 109 26
18 86 40
78 122 43
76 80 1
33 121 56
16 36 20
2 90 15
39 119 24
49 54 32
94 126 57
48 103 48
63 123 56
45 46 38
27 93 12
76 116 44
24 135 47
72 131 4
83 124 15
38 81 30
45 132 12
89 93 47
48 127 48
62 104 39
44 106 27
7 62 52
17 47 26
2 134 48
30 120 56
57 127 51
71 131 36
125 129 9
74 120 1
35 37 25
72 97 40
49 56 35
125 136 42
100 100 38
11 111 56
131 137 11
32 133 41
97 118 26
39 41 44
110 121 43
24 27 50
75 84 48
79 111 47
17 34 22
70 132 59
17 23 8
27 91 45
57 63 42
107 113 18
50 100 33
19 128 20
67 125 44
49 78 27
101 122 10
76 108 10
105 126 55
35 38 39
14 83 26
84 92 39
53 121 4
42 110 22
65 101 58
33 83 60
32 86 20
14 60 29
37 107 7
4 111 42
51 88 11
11 59 26
12 118 60
14 74 19
12 129 9
90 126 51
78 121 31
68 111 29
96 120 31
98 98 3
26 117 35
119 137 15
3 102 14
37 108 23
119 128 6
10 67 59
55 80 51
67 69 49
97 126 34
37 119 0
14 114 12
19 105 34
33 78 16
43 108 51
75 81 21
24 52 0
73 116 52
94 111 26
52 89 31
64 65 20
106 117 8
69 121 6
33 34 12
51 127 40
97 124 59
121 124 13
58 104 17
29 95 5
23 87 5
86 118 41
23 45 53
45 127 8
73 121 2
108 110 40
19 19 39
71 113 20
2 112 51
77 113 42
56 86 25
14 24 15
6 125 19
24 127 55
36 64 22
37 98 1
19 92 15
11 136 53
23 125 43
27 81 4
45 86 30
21 74 1
36 69 51
11 109 6
22 56 40
23 96 1
45 61 34
39 58 2
60 109 24
51 97 28
9 9 36
57 97 10
21 89 3
119 126 48
22 121 37
122 125 19
18 67 38
55 71 27
34 44 12
67 99 19
119 119 24
16 65 38
26 57 6
90 95 18
61 78 26
45 87 46
64 113 17
46 99 10
47 114 21
106 136 57
59 126 40
36 82 23
10 107 6
38 95 34
39 102 15
47 104 60
41 66 24
22 39 44
46 110 22
27 109 7
36 43 0
26 102 59
78 119 44
109 129 50
32 43 40
53 99 34
19 123 3
42 94 20
60 97 11
29 48 33
35 60 46
0 48 46
61 68 5
40 61 42
118 120 18
84 110 16
6 85 3
38 74 43
120 133 14
23 90 29
43 76 40
49 104 37
106 108 32
32 115 55
4 128 54
24 68 3
62 94 58
68 137 16
60 77 10
49 73 16
41 137 26
73 133 51
0 70 42
47 56 33
31 130 29
99 119 31
4 41 33
70 115 9
89 121 3
66 83 5
12 99 10
116 127 29
104 107 53
30 137 4
94 105 22
56 87 25
8 64 36
55 59 57
22 124 50
12 78 36
89 118 44
97 129 31
27 123 46
83 111 9
27 64 2
73 73 59
74 88 32
67 104 57
47 75 43
2 79 39
90 138 59
49 67 6
18 112 29
91 105 49
1 13 20
38 115 4
12 80 58
74 90 19
79 98 52
36 67 21
19 133 23
118 136 25
32 71 56
29 102 47
17 52 28
76 76 60
51 87 57
57 92 37
22 31 55
5 11 16
41 129 19
24 123 24
21 85 45
12 75 40
53 76 31
63 116 22
9 104 45
61 111 36
112 121 45
47 50 60
86 113 18
112 130 18
75 75 28
12 12 4
18 135 34
50 131 6
19 32 52
3 136 54
40 102 55
69 102 43
44 91 13
46 98 4
62 111 39
6 109 50
37 111 29
49 100 52
80 124 34
70 83 44
48 86 37
22 94 46
81 92 53
70 82 29
66 95 4
23 115 47
64 100 53
15 53 22
20 107 36
70 110 27
80 101 52
4 68 4
25 27 8
89 90 3
45 106 34
37 123 21
38 51 44
17 128 13
34 128 39
59 121 48
76 99 2
74 92 60
59 80 42
33 100 49
19 102 32
36 118 55
0 84 16
51 125 36
69 87 57
58 83 20
59 136 45
10 78 38
67 78 58
2 118 47
83 127 40
56 83 4
67 120 14
54 136 9
101 134 47
21 28 38
53 81 44
1 20 1
53 120 38
73 139 0
11 27 25
70 73 10
59 62 35
2 81 33
44 67 23
16 61 22
113 119 60
16 59 42
92 104 39
18 41 58
7 38 24
113 138 3
112 139 13
82 119 39
46 112 8
33 55 2
101 127 54
54 58 17
1 87 21
19 21 5
80 108 23
9 46 38
43 55 1
90 133 41
40 85 9
114 116 50
22 95 44
27 67 47
15 116 2
29 38 1
21 71 24
12 109 27
96 108 23
80 133 38
2 96 56
113 137 46
42 58 42
29 90 47
23 44 44
3 51 29
89 110 49
21 61 51
40 131 30
21 98 2
18 104 32
8 107 0
69 130 53
89 135 7
115 134 56
83 104 51
62 90 39
41 110 6
5 78 34
78 85 11
16 46 39
64 110 18
48 135 47
17 98 49
62 78 41
4 22 38
68 109 34
67 87 55
1 18 14
1 139 38
39 111 33
67 97 16
37 57 53
2 132 43
0 83 8
11 77 6
88 138 4
40 67 60
51 129 16
75 82 7
44 44 40
12 33 19
12 90 24
61 127 3
7 88 20
73 95 45
98 119 21
25 117 28
11 127 29
89 101 45
4 86 60
52 109 45
110 120 31
57 137 54
51 80 36
76 117 7
104 133 12
8 132 56
0 76 6
92 124 6
56 109 49
103 139 35
61 128 13
37 127 46
11 121 32
51 138 30
44 99 9
29 136 56
23 65 11
50 120 1
60 101 43
96 107 5
96 110 48
36 68 17
80 135 48
16 55 40
63 91 19
36 61 29
108 127 1
93 93 44
67 137 33
27 30 38
81 132 49
33 136 18
64 116 17
69 135 29
17 59 12
22 29 27
76 113 22
8 112 55
98 125 4
85 130 28
47 66 20
19 36 21
11 50 25
73 110 19
117 132 0
62 68 41
43 102 15
76 106 60
45 92 13
100 127 50
2 73 33
1 28 48
32 118 51
101 112 51
19 73 8
13 27 12
47 63 57
43 82 21
14 15 4
39 118 23
8 110 31
45 80 31
40 101 19
95 120 40
33 40 52
53 80 45
46 79 34
81 102 53
57 80 30
3 62 58
4 46 40
110 119 46
42 99 60
75 132 2
121 125 40
9 111 30
18 73 26
73 127 36
44 84 10
9 14 32
56 73 47
42 125 26
5 85 31
59 97 42
56 102 25
7 48 4
22 117 52
7 111 38
52 119 57
29 55 37
17 55 25
42 111 2
58 80 53
34 90 37
91 113 0
117 121 21
98 131 17
91 131 16
8 108 35
37 76 32
49 126 8
76 84 32
15 122 29
111 134 14
11 18 0
85 102 44
19 72 22
60 89 38
14 64 22
63 135 22
3 54 39
75 100 57
9 123 40
69 114 5
18 33 57
32 90 54
28 56 10
10 53 48
82 135 3
1 44 2
34 93 37
127 131 9
17 27 42
33 56 14
38 89 28
19 82 0
78 101 58
3 4 50
49 127 24
20 92 52
43 57 21
45 104 53
16 74 55
53 137 11
23 102 45
30 86 22
9 61 5
88 104 50
41 85 7
62 74 13
32 95 9
69 126 20
35 134 35
61 138 0
17 113 51
96 112 60
9 110 6
21 91 20
41 135 2
89 92 5
15 37 27
126 131 9
19 74 41
14 126 38
30 53 38
9 134 54
18 132 52
17 139 27
108 120 22
43 131 20
7 57 11
101 123 49
93 111 51
11 17 11
3 9 38
111 124 52
46 107 55
13 94 47
53 112 19
15 75 19
12 13 3
78 120 17
44 64 19
73 74 8
38 44 25
1 97 21
61 109 26
25 85 10
7 63 30
10 61 3
82 108 4
21 122 28
26 121 9
8 17 39
82 109 40
63 111 60
106 139 46
35 49 4
92 123 9
5 32 8
75 85 19
6 47 23
75 120 53
70 136 40
6 35 34
92 109 45
34 72 49
78 137 39
4 133 6
96 138 16
85 110 9
117 126 52
32 134 28
86 88 16
3 123 29
111 129 31
47 99 25
2 108 18
71 119 43
13 75 5
83 83 56
108 137 51
87 120 17
46 126 36
75 88 46
48 134 45
19 132 6
62 76 53
2 62 8
12 110 48
67 76 55
68 119 42
6 19 37
31 65 6
66 107 43
74 97 38
20 36 16
74 126 38
99 104 23
86 137 23
98 128 42
105 120 0
75 105 56
8 131 5
84 84 25
7 61 49
3 73 42
16 132 41
9 139 53
4 105 15
27 56 20
52 112 34
73 129 7
31 119 53
44 90 18
46 122 58
38 92 17
10 80 26
5 123 16
118 118 56
110 123 9
82 97 32
116 138 51
29 130 34
36 131 16
11 92 18
14 55 8
81 83 7
101 120 42
76 109 42
9 86 56
46 119 15
8 76 29
4 10 38
86 119 47
7 70 58
1 7 10
21 56 33
83 108 48
70 128 11
22 77 52
90 128 24
10 115 12
69 106 8
45 131 0
76 127 14
14 23 1
51 55 16
65 79 23
23 99 48
70 135 57
61 104 60
79 123 59
68 125 51
44 85 4
38 53 26
31 135 12
15 26 22
49 83 34
2 55 21
49 125 1
2 75 25
25 91 13
85 137 34
17 18 54
65 106 29
2 14 60
57 98 30
86 86 25
44 57 3
108 116 58
102 116 37
116 120 51
14 21 16
96 115 3
84 138 26
7 24 36
58 65 9
26 131 7
104 126 50
74 84 56
49 88 10
20 135 6
78 87 9
39 51 55
53 115 45
9 89 33
5 46 35
11 43 1
42 97 8
26 136 55
74 81 39
4 73 23
40 65 14
26 95 26
31 114 19
113 124 20
36 87 56
11 44 1
49 103 37
17 17 46
2 135 30
36 80 47
121 132 18
13 32 25
6 117 46
73 134 3
60 110 31
39 87 17
61 108 42
103 119 17
59 99 4
11 105 20
117 128 29
50 106 22
34 40 5
42 51 40
85 92 11
35 41 37
33 124 41
1 84 48
30 60 48
1 104 43
52 61 7
73 81 7
36 47 19
2 70 13
60 116 52
58 137 1
43 90 1
7 103 37
10 71 37
60 60 56
17 19 50
87 118 55
107 133 56
45 54 41
28 96 59
71 79 35
8 85 37
21 32 25
53 54 30
14 34 48
70 98 34
95 129 57
35 55 11
39 92 23
33 52 10
61 85 13
33 111 34
57 96 7
96 116 45
12 97 7
10 38 30
90 101 54
23 111 38
1 52 6
81 114 8
72 100 40
81 90 34
18 93 40
31 127 44
49 111 21
6 133 4
25 100 3
24 90 53
62 133 7
54 115 23
6 102 2
43 132 14
47 51 43
29 112 40
72 79 0
69 115 8
24 120 24
52 81 12
55 116 46
19 84 23
42 59 30
39 45 49
110 131 34
4 63 32
27 97 21
52 52 2
44 121 35
105 125 21
93 112 14
3 139 1
40 54 15
38 96 46
9 138 60
59 98 30
84 124 55
14 44 8
25 137 2
24 87 38
49 49 37
1 63 37
43 73 7
65 135 2
49 55 34
21 86 0
60 126 17
59 92 53
14 42 45
9 54 28
48 100 15
67 93 39
78 139 47
71 72 16
18 26 46
65 139 60
118 127 45
95 103 16
15 107 46
23 134 57
0 16 34
22 81 47
80 104 36
79 95 26
5 86 35
98 134 36
16 26 54
50 112 4
79 107 34
30 115 29
119 134 32
4 112 54
63 92 37
89 105 29
63 89 33
76 133 47
21 93 37
9 26 5
21 79 6
43 130 31
26 120 21
102 103 49
12 25 11
67 75 48
22 84 5
40 100 6
59 93 14
6 14 9
23 135 38
5 128 2
25 42 44
8 77 8
60 122 44
34 102 6
50 99 33
31 37 14
7 79 57
53 117 34
29 58 60
116 128 32
78 96 30
1 1 37
42 61 4
107 119 2
0 28 2
20 57 39
81 134 14
38 46 8
106 134 41
60 136 6
94 129 38
3 122 23
41 41 25
55 63 7
33 38 56
86 111 30
108 130 46
108 114 6
81 99 9
37 128 35
69 92 35
40 117 35
113 117 9
67 68 58
90 127 0
17 106 6
57 59 23
36 110 15
114 122 40
20 79 35
116 123 11
50 118 1
99 120 7
72 76 26
86 94 30
28 102 6
113 136 21
46 113 41
19 130 31
44 73 26
70 131 34
112 114 59
55 60 49
39 65 37
21 21 49
27 66 41
7 83 56
10 118 5
1 70 21
100 136 34
11 38 23
105 137 7
49 124 45
5 33 42
76 95 7
46 127 59
70 74 47
111 118 6
40 76 60
5 102 18
88 115 58
4 4 25
21 62 6
78 132 46
26 30 29
49 82 11
60 82 10
102 134 41
26 105 10
78 109 31
71 91 41
60 120 6
76 129 5
81 121 19
26 115 8
22 122 10
56 128 56
14 100 21
37 56 18
61 97 31
50 109 38
89 97 12
71 139 40
81 96 53
72 127 6
22 112 32
115 138 12
43 135 6
2 61 37
61 106 51
82 82 30
9 25 18
82 124 41
51 102 35
24 83 45
8 57 45
59 112 12
24 97 11
62 115 29
30 35 53
75 127 36
61 124 2
37 86 8
68 86 18
27 112 8
29 46 11
0 55 28
12 28 43
95 136 29
102 107 48
38 108 29
62 82 4
39 64 27
87 106 52
111 133 1
79 139 1
35 84 37
23 139 57
58 76 17
60 115 4
60 92 47
114 118 13
92 136 29
34 119 55
28 81 50
65 78 22
33 116 25
19 38 15
13 46 18
27 131 25
36 138 19
48 139 57
31 83 35
37 85 22
51 130 1
66 67 35
33 33 12
1 38 21
93 104 1
95 109 10
22 83 25
11 76 12
98 108 1
31 105 37
16 115 5
53 79 25
61 115 26
32 102 5
11 49 54
62 64 60
47 116 34
8 83 40
113 133 8
29 86 42
94 114 55
67 82 51
36 84 26
18 100 8
82 107 52
33 107 40
28 57 56
33 45 32
0 98 29
56 69 52
35 126 29
38 54 11
37 121 44
83 126 33
101 129 11
1 65 53
45 66 56
58 107 31
65 81 7
54 122 9
63 70 13
25 35 49
32 131 38
79 94 28
50 54 26
55 90 36
53 63 48
50 122 38
37 54 47
26 108 48
44 124 25
76 78 4
29 98 23
20 76 9
13 13 33
75 136 17
63 112 31
84 112 36
68 94 18
9 27 19
87 136 30
87 117 10
51 131 43
87 104 51
95 114 46
81 139 23
47 57 4
25 115 21
38 137 56
31 74 10
33 113 25
74 132 45
94 100 54
5 21 3
6 10 36
4 6 44
23 69 15
43 104 12
72 84 46
54 132 33
24 28 25
3 103 3
6 69 54
3 59 38
33 110 24
60 69 36
51 81 49
91 134 15
86 96 24
82 121 30
5 48 47
40 78 58
54 88 56
77 90 13
87 103 15
7 19 9
20 26 38
56 81 32
14 35 58
19 69 59
22 32 46
60 90 54
48 136 45
19 49 5
104 106 59
33 131 43
52 130 4
50 93 52
47 123 41
38 86 27
82 95 4
70 116 34
12 119 13
30 122 45
70 108 8
84 108 8
93 126 56
13 124 24
29 76 16
32 66 43
16 62 41
42 134 50
101 138 0
17 127 33
32 65 40
86 107 42
95 127 23
109 113 8
45 95 12
92 137 25
75 111 42
71 107 2
39 97 49
28 68 48
15 85 28
18 107 28
49 69 44
101 108 27
14 31 8
15 101 11
79 124 31
7 133 36
83 89 3
22 53 56
13 65 26
16 80 45
30 46 6
109 110 1
18 18 23
55 125 41
51 106 16
34 96 55
64 81 50
27 137 12
10 116 24
43 128 48
96 129 7
66 111 49
38 129 35
78 102 45
98 138 51
100 122 24
39 82 50
53 100 15
21 70 2
53 93 47
104 120 41
101 115 2
102 126 7
9 116 42
37 58 7
83 105 49
47 113 32
11 135 20
69 74 19
83 120 5
71 97 55
54 107 44
23 49 23
24 66 3
72 133 33
44 136 22
4 8 25
46 53 16
18 120 43
27 40 54
119 132 10
9 80 55
41 79 51
16 28 53
20 43 15
4 12 39
35 95 35
8 11 15
94 103 54
43 78 25
74 83 38
29 68 25
33 93 22
11 90 25
24 131 30
73 137 44
13 135 52
72 102 33
29 71 30
99 118 14
50 60 34
16 41 33
30 132 27
66 86 31
45 109 27
34 114 42
79 91 12
20 90 53
61 66 9
86 139 23
4 87 20
17 93 2
68 84 21
32 132 37
36 99 15
20 84 53
24 100 3
12 124 31
0 116 22
16 49 40
86 132 12
42 136 30
15 78 46
50 88 2
20 98 7
37 68 26
88 124 44
74 111 47
43 89 17
103 126 12
94 113 4
18 57 34
91 119 53
12 133 36
9 37 37
15 98 59
100 109 51
20 122 53
6 52 13
3 20 45
1 126 36
118 135 18
35 61 59
17 107 37
69 116 1
106 133 29
48 55 33
96 109 55
25 128 41
106 111 7
34 133 10
49 128 58
88 119 8
28 41 56
14 68 12
58 82 26
66 115 1
28 35 15
50 92 12
77 84 38
81 131 19
88 99 12
15 33 27
113 132 27
14 67 35
102 109 27
109 122 47
116 122 31
110 126 49
25 31 20
6 91 39
68 75 58
39 79 33
12 41 22
63 72 22
33 85 10
55 112 37
59 117 16
95 99 26
81 85 25
79 84 26
2 30 29
22 132 10
47 117 32
77 128 9
65 112 38
65 124 35
17 44 38
55 82 29
30 75 49
35 99 10
42 122 52
35 54 19
8 68 0
102 122 38
29 33 35
121 122 57
63 93 14
85 125 38
111 135 29
102 111 3
30 48 13
6 92 60
86 93 53
92 131 15
18 76 37
51 105 35
12 30 24
5 139 26
44 81 16
35 44 54
16 75 0
109 116 57
35 67 25
37 126 19
20 25 41
35 90 2
75 97 47
10 90 42
105 114 11
73 119 16
60 94 11
83 134 11
99 123 4
68 128 44
1 53 16
92 128 42
11 48 17
38 119 60
34 59 13
112 134 37
47 95 52
46 132 26
51 118 14
85 114 22
13 136 55
30 139 19
60 79 40
11 108 60
71 93 31
50 75 49
9 34 58
39 133 23
34 97 10
9 23 27
40 112 6
83 114 23
96 101 8
18 22 30
61 64 42
27 63 41
84 95 17
101 104 28
54 71 23
10 33 54
59 67 51
30 100 49
71 104 9
18 30 20
26 32 14
52 128 2
40 75 60
91 97 18
71 129 54
79 138 28
125 128 23
3 16 2
16 101 32
30 72 24
39 53 55
2 80 34
7 47 49
88 97 24
75 110 36
17 29 54
53 82 54
64 89 21
10 11 48
5 39 42
46 106 1
59 71 29
89 91 8
25 84 12
7 82 51
23 34 1
39 54 48
65 131 22
68 72 54
89 122 35
44 105 27
21 95 33
78 81 51
34 108 10
39 101 25
48 125 51
7 45 55
15 67 42
38 130 27
0 56 38
99 139 34
79 112 31
31 121 53
12 24 28
99 127 27
10 29 21
42 82 24
29 37 12
23 40 42
40 56 3
42 120 11
99 136 19
50 139 49
12 101 37
98 122 40
20 66 40
32 125 43
100 101 30
15 48 53
101 128 44
55 61 52
8 99 6
5 64 12
14 46 8
57 103 54
17 71 28
79 80 53
80 129 60
72 137 22
117 119 2
36 72 37
53 133 20
88 130 56
19 75 31
97 116 35
74 91 60
59 81 42
93 127 56
105 110 48
54 130 54
20 33 28
23 52 51
21 31 17
44 46 14
47 124 57
10 125 33
60 66 32
57 102 22
83 93 44
27 77 32
73 75 51
10 91 34
35 39 1
30 133 2
51 63 15
124 130 55
17 36 8
33 35 3
116 129 53
52 96 59
89 100 22
9 29 14
34 43 40
45 97 7
14 48 51
69 105 57
106 130 23
79 92 36
50 85 40
25 122 18
14 81 9
68 100 50
7 107 56
11 119 22
17 35 35
1 21 10
11 115 41
14 57 60
50 78 42
54 93 43
36 65 28
14 80 2
44 65 35
70 97 60
70 117 38
6 114 9
55 137 11
14 110 18
64 67 19
37 75 29
0 35 48
10 21 59
12 131 50
1 111 50
18 45 28
5 72 54
65 120 19
44 107 13
14 117 43
41 122 9
70 113 35
78 100 5
16 91 7
20 23 41
62 70 44
26 36 31
2 71 20
22 110 41
20 130 14
47 120 56
18 115 36
76 90 10
38 83 43
95 96 18
13 129 46
3 85 28
3 76 55
66 118 17
64 109 23
39 83 35
41 46 26
66 135 26
59 77 1
41 104 6
37 104 58
23 130 57
48 83 35
110 133 27
19 50 30
42 75 26
26 71 58
41 139 40
56 105 16
22 90 11
17 38 20
4 101 38
72 139 16
6 20 27
54 109 19
31 109 13
35 36 45
6 108 19
88 131 6
46 92 55
97 99 22
68 114 60
52 64 59
92 108 50
11 54 5
62 121 8
33 94 5
57 134 13
60 100 51
26 45 23
12 19 39
62 96 22
69 94 5
81 88 43
71 115 25
19 27 23
58 106 28
73 93 29
94 108 10
6 111 46
14 93 3
18 114 21
69 109 2
17 102 27
51 61 5
104 122 34
101 102 5
43 101 58
88 111 52
6 70 3
69 90 20
22 116 15
4 28 14
40 74 2
14 75 33
84 97 56
6 48 38
31 128 32
54 100 45
68 130 6
24 41 28
68 135 27
27 51 59
29 47 59
68 81 25
15 137 60
54 104 4
57 66 31
31 76 37
34 46 36
74 128 17
32 121 15
52 60 2
17 95 56
82 118 57
65 104 54
88 88 37
58 71 31
64 70 18
84 116 25
85 120 8
106 121 48
31 99 1
49 96 13
14 122 10
40 49 4
75 124 40
103 130 11
18 79 43
17 83 18
32 124 23
10 111 17
9 115 9
55 128 19
27 61 52
75 108 36
55 117 10
30 121 12
90 93 54
53 134 4
73 76 9
14 63 24
4 19 8
78 104 41
22 27 54
72 117 19
0 67 42
15 74 15
86 91 32
57 78 13
25 74 17
101 109 30
29 111 38
101 136 53
33 137 55
17 26 37
44 94 43
92 134 2
13 127 16
30 130 28
40 83 14
78 136 60
51 134 54
28 85 26
21 43 41
25 65 35
50 123 38
33 90 36
79 102 50
91 117 36
39 80 12
3 35 53
60 131 59
39 60 8
50 130 25
3 113 14
10 102 59
25 90 32
33 51 46
0 23 50
90 123 41
22 63 22
82 91 60
11 130 36
19 94 22
25 114 58
38 103 54
107 116 30
21 41 43
68 78 41
11 25 50
6 22 38
16 50 37
26 90 59
24 101 49
65 97 55
36 134 21
48 126 42
63 136 12
72 130 57
23 133 35
33 70 0
49 89 10
0 47 53
104 123 29
87 87 57
30 49 17
66 117 53
36 137 5
8 111 26
58 95 2
47 98 37
21 80 2
9 50 54
64 115 43
11 62 55
10 92 3
44 62 55
43 47 39
19 47 7
12 66 18
12 29 35
50 135 24
68 138 42
7 14 11
3 71 58
8 49 33
2 42 54
1 3 3
39 106 35
63 108 51
26 61 48
26 116 31
77 129 8
99 111 32
47 83 4
63 81 3
108 121 27
18 128 1
15 52 24
61 72 16
26 60 15
68 122 6
77 98 23
14 123 55
15 135 21
19 124 4
0 62 12
32 139 57
3 66 31
30 51 23
37 81 27
29 134 34
87 107 13
26 132 34
2 26 54
40 96 24
40 77 0
69 136 29
40 137 58
63 133 48
34 107 59
48 84 6
7 17 5
35 64 52
47 101 23
37 112 36
81 98 34
17 112 27
20 32 44
19 43 55
6 118 20
9 15 11
109 133 29
82 125 4
28 32 6
27 127 16
29 116 13
58 100 0
74 94 47
97 105 48
11 16 22
68 103 49
8 136 16
39 121 57
63 86 39
19 114 48
83 132 31
10 87 56
3 44 49
20 120 46
63 71 24
60 68 44
66 138 1
11 12 25
78 130 5
84 115 7
76 125 56
7 22 43
20 100 56
22 92 1
24 71 11
80 93 27
60 113 17
105 121 44
19 24 36
83 131 24
32 75 27
52 132 21
66 114 51
95 100 39
90 136 56
27 41 52
41 87 29
88 109 53
89 120 42
41 43 4
27 104 40
88 122 48
66 126 39
16 99 9
40 48 47
0 85 2
22 120 27
98 132 48
32 84 31
6 120 35
63 115 26
26 66 45
40 89 6
55 121 11
2 34 37
42 113 21
43 64 1
58 118 12
38 88 43
63 66 20
7 91 48
18 82 47
63 110 15
79 136 57
65 70 26
2 56 20
47 52 40
66 106 34
45 91 52
102 120 52
52 103 6
98 130 3
32 138 60
22 54 22
62 85 42
1 31 3
82 87 14
20 106 0
31 54 33
94 128 19
36 52 14
63 134 36
27 101 42
51 77 59
36 105 29
53 89 41
20 42 43
21 104 13
41 90 39
49 123 53
16 23 20
65 132 60
34 48 0
92 98 22
45 117 5
89 128 54
41 77 50
44 132 58
34 138 60
11 95 15
30 102 10
93 103 9
4 117 29
17 39 5
45 108 7
50 52 17
30 93 39
61 74 50
55 81 12
94 97 7
73 135 48
110 130 46
40 107 5
27 60 60
89 106 37
101 121 14
34 34 27
91 102 54
50 114 26
3 101 38
94 138 22
43 80 53
90 106 14
5 117 0
33 71 41
65 133 16
1 85 49
38 99 40
36 114 43
82 85 47
42 74 21
29 106 39
76 89 52
62 107 20
48 76 22
90 139 47
95 125 41
1 83 25
68 69 30
80 128 9
10 120 34
31 73 36
5 14 13
42 101 24
10 100 28
57 73 60
51 128 23
18 105 35
45 116 17
3 124 37
76 102 51
20 62 19
75 139 36
42 102 15
50 67 23
44 48 52
25 76 35
46 84 53
11 28 11
45 68 10
5 136 9
0 50 24
13 100 7
36 50 56
44 115 10
4 17 26
43 91 3
80 123 15
22 43 0
24 35 47
0 138 38
69 77 59
32 58 18
79 117 42
82 115 20
80 134 44
116 121 46
5 56 49
18 63 23
59 110 54
0 39 43
57 133 18
38 118 0
53 111 13
39 91 0
100 116 51
23 116 53
100 121 42
31 110 3
49 70 28
52 71 27
52 57 56
78 128 13
28 51 39
20 127 14
44 60 7
25 57 37
25 118 49
25 109 3
83 94 11
29 129 5
66 73 53
102 104 57
5 121 11
52 129 14
68 88 37
3 30 25
9 74 15
34 70 52
47 87 12
17 22 49
31 137 29
6 128 45
27 44 5
62 62 28
17 124 54
43 50 7
80 127 60
30 108 45
4 82 43
12 67 58
98 139 18
25 124 6
4 48 10
42 42 9
62 124 21
60 102 27
98 107 38
35 94 45
10 109 25
5 31 23
41 71 22
7 100 39
26 74 8
0 91 40
16 123 60
57 81 34
0 87 12
93 107 39
97 107 40
61 67 0
88 128 22
3 108 34
28 113 30
58 114 44
19 55 16
7 116 4
30 50 35
54 125 6
16 38 23
9 99 28
74 138 15
59 105 43
93 132 36
15 84 60
5 111 49
28 72 45
23 41 11
101 125 45
71 76 44
18 95 18
52 79 5
37 105 34
25 55 18
13 90 0
35 137 16
67 117 39
53 119 30
84 91 57
7 29 56
74 76 23
39 81 31
44 92 2
52 108 29
103 108 58
29 87 12
53 72 32
2 38 16
35 70 20
13 96 11
72 93 31
43 72 1
41 70 17
59 130 30
5 58 15
9 28 13
35 52 3
80 111 6
75 113 6
13 15 44
13 104 37
75 79 2
37 63 8
3 75 45
55 102 52
67 136 57
89 133 16
22 67 58
37 82 4
27 50 58
30 78 9
76 132 54
66 127 8
64 111 21
0 101 3
74 121 24
31 62 2
43 118 46
79 133 35
52 105 58
57 104 12
55 69 42
31 34 17
28 121 43
3 88 13
62 86 6
34 131 38
47 58 31
70 75 52
6 135 46
8 109 31
20 61 37
70 89 24
65 108 20
46 131 23
113 130 40
76 101 35
17 51 49
11 79 54
100 104 53
88 108 47
32 116 56
33 43 39
48 59 52
57 132 4
76 135 58
25 111 17
29 42 19
26 129 49
21 39 2
18 117 31
63 131 44
75 95 12
14 56 42
12 100 33
30 135 19
53 110 3
29 70 26
75 128 13
6 32 37
42 118 51
87 137 56
52 135 27
55 123 3
8 119 18
109 126 39
6 57 39
24 56 6
64 104 44
77 135 9
7 92 35
12 121 52
35 133 40
4 114 21
21 94 33
27 52 34
109 137 1
29 108 45
25 52 25
21 119 35
66 100 31
52 117 51
11 51 35
53 138 28
11 19 59
99 133 46
60 71 27
14 17 53
10 128 9
33 62 17
4 40 5
0 33 43
10 35 26
40 106 15
7 126 0
14 103 37
8 116 12
41 131 30
5 53 4
18 31 56
71 122 50
90 115 54
40 62 43
71 80 51
38 123 9
38 91 34
24 94 28
57 126 27
58 96 54
37 46 2
35 59 5
61 125 57
59 95 56
7 55 17
90 117 42
93 124 30
12 86 31
35 83 31
63 96 42
78 90 27
44 95 59
25 60 2
91 111 40
25 56 45
89 125 28
64 124 51
72 74 17
20 109 9
18 75 2
81 93 5
33 76 31
104 110 50
17 45 21
25 77 39
67 70 22
91 135 39
63 100 24
58 108 41
55 87 36
36 53 53
19 139 25
29 62 39
8 80 42
22 85 36
31 35 35
28 59 12
45 118 5
63 103 18
22 52 20
27 108 49
65 114 37
64 82 53
61 76 39
51 69 35
65 123 5
78 118 50
27 39 8
55 105 11
49 81 53
6 129 8
58 90 59
19 33 31
35 124 2
85 88 58
14 137 6
4 79 8
87 94 58
39 107 22
60 111 10
65 129 19
67 108 40
39 112 21
54 106 2
5 13 39
32 32 24
54 89 32
3 120 9
92 107 15
76 85 44
45 62 9
56 60 44
46 139 40
108 139 3
83 98 11
27 124 6
17 133 17
11 26 54
22 49 21
62 139 48
38 98 56
47 133 45
30 30 1
18 85 60
31 115 47
4 94 11
80 137 23
51 93 44
22 47 44
32 81 8
50 103 59
66 90 2
41 96 30
91 99 43
51 70 43
18 35 28
65 75 32
38 113 58
28 119 11
25 94 1
26 92 18
28 73 11
4 123 50
24 63 40
44 82 59
49 84 56
35 79 43
12 107 23
83 110 41
22 46 55
62 127 50
77 78 4
85 86 38
27 70 8
42 116 6
92 100 16
76 123 40
36 85 26
15 27 38
48 113 26
9 107 15
106 118 11
11 134 26
35 127 15
78 129 29
8 97 17
21 63 53
64 122 41
16 24 55
53 105 51
59 138 7
62 119 20
33 126 51
88 110 17
81 124 42
7 113 36
78 135 59
113 128 19
94 139 44
3 60 30
114 130 39
53 107 53
7 137 31
34 88 40
26 86 53
107 108 16
37 137 23
3 81 36
25 107 1
70 90 23
78 99 34
88 118 52
23 120 43
34 74 52
53 86 39
10 19 27
43 98 57
31 116 55
115 121 2
22 24 55
15 60 42
19 98 4
32 56 27
11 93 50
71 137 41
110 122 16
87 122 1
88 102 27
47 129 0
64 114 9
4 36 39
79 114 6
18 58 45
12 40 39
36 89 16
92 121 38
66 92 21
56 110 6
6 62 13
12 27 20
39 63 4
45 75 6
40 109 6
84 125 12
58 68 44
10 59 21
6 84 55
47 109 51
35 119 52
51 124 13
18 19 58
24 24 43
41 128 52
62 97 40
32 80 39
84 104 10
54 139 56
84 134 1
37 64 2
9 108 26
8 32 51
9 113 53
56 65 57
100 113 4
27 87 50
122 136 50
37 50 41
66 123 39
77 99 31
83 103 2
62 114 15
6 66 33
41 107 43
52 66 2
54 80 51
9 92 24
82 134 10
15 44 15
46 47 45
0 113 30
6 95 37
69 99 58
49 118 31
88 116 40
10 135 26
95 97 51
80 92 43
34 99 5
20 41 34
44 103 41
70 111 23
44 54 37
62 77 19
43 56 51
42 131 24
60 135 52
19 29 52
60 80 38
60 81 26
31 33 20
45 130 5
45 60 8
38 65 7
75 94 45
45 64 22
24 132 3
25 46 37
71 83 58
119 120 24
88 113 44
78 114 26
50 51 59
20 55 13
12 83 19
97 100 39
77 85 24
14 59 34
50 113 5
15 80 59
88 135 53
22 70 14
7 71 53
14 135 33
26 85 34
75 78 36
0 133 49
69 96 54
22 22 6
31 31 38
3 86 7
75 123 28
48 98 56
63 105 29
22 25 52
30 116 51
19 104 28
43 126 4
101 139 26
13 67 48
16 60 12
15 90 11
107 120 57
5 131 29
27 69 49
26 76 2
104 130 23
54 60 44
26 46 48
86 128 13
53 59 27
13 76 28
58 98 13
79 118 2
73 128 36
81 106 49
6 6 56
46 125 43
7 115 11
50 74 28
70 118 20
45 52 7
4 88 3
33 112 47
0 44 58
45 73 7
24 55 8
5 26 47
52 86 23
103 131 49
35 96 3
75 104 43
7 13 26
121 127 52
52 95 56
114 123 43
89 124 26
2 36 56
39 127 42
39 84 23
59 66 3
35 113 38
115 127 46
23 59 40
41 113 33
27 45 7
3 128 59
57 94 0
4 61 31
1 119 29
21 34 30
53 124 27
31 103 24
48 64 32
15 40 6
38 135 34
0 4 12
16 54 8
54 97 3
21 69 30
8 27 53
12 76 12
80 85 21
21 26 58
10 60 31
72 128 54
23 46 22
25 36 27
11 57 2
86 127 11
69 76 2
26 114 2
17 84 35
27 122 33
49 93 48
48 51 52
8 138 0
66 82 50
80 94 31
91 112 50
61 86 12
12 81 58
79 134 43
9 65 57
38 132 12
12 115 59
61 119 7
35 40 33
22 66 12
8 8 0
15 94 45
50 115 38
58 77 21
74 134 34
11 15 48
53 122 52
68 118 39
80 81 5
12 14 23
12 34 31
24 50 34
84 93 41
65 96 46
73 118 6
84 135 44
3 91 58
113 118 2
10 89 42
6 78 51
48 97 49
16 134 37
40 51 16
36 75 2
59 74 53
100 129 1
49 63 58
60 64 9
1 112 7
1 27 19
72 112 29
33 67 58
5 110 47
105 105 15
14 131 3
64 71 20
42 128 1
13 117 7
16 98 3
9 48 30
13 62 38
29 43 3
38 101 53
69 103 40
15 50 27
65 117 47
96 133 52
11 126 50
31 111 20
48 53 60
79 121 27
54 110 31
6 13 58
79 104 25
92 97 53
14 30 36
41 57 3
37 118 13
15 136 44
42 126 56
40 52 1
29 40 21
44 137 4
45 67 36
0 75 48
25 58 25
5 40 12
77 120 60
64 69 0
42 81 9
23 136 44
52 100 32
39 89 12
74 79 14
86 95 7
35 87 36
3 39 53
12 74 30
10 93 13
38 126 3
36 107 11
73 125 39
8 82 40
21 42 27
68 139 22
33 42 32
33 92 10
92 114 53
42 55 45
47 86 35
8 38 40
22 109 26
32 62 33
40 108 47
21 109 15
1 32 15
93 129 19
25 73 18
102 121 19
70 78 22
40 121 25
1 110 5
23 84 15
25 88 26
41 64 31
28 58 47
0 109 25
10 44 0
33 81 47
12 88 49
54 56 36
54 112 49
27 113 17
51 57 1
32 61 22
69 89 29
49 79 9
7 15 42
32 123 2
70 124 40
40 127 42
26 63 48
28 134 2
24 34 2
1 122 11
72 101 33
22 28 60
0 46 22
34 68 57
4 52 42
26 47 14
44 77 43
9 79 31
51 83 37
13 82 19
52 77 35
67 72 43
32 77 42
3 64 3
51 108 40
41 130 60
24 116 45
60 62 27
64 127 9
3 47 15
43 136 55
21 75 42
16 137 56
55 93 33
86 108 47
22 33 55
33 63 6
44 123 21
27 57 35
70 137 10
76 119 21
65 98 5
22 26 27
26 37 39
17 70 21
68 82 44
38 70 49
14 79 32
45 98 57
20 97 22
67 100 47
22 139 32
106 132 18
61 131 0
36 115 9
4 24 16
48 82 13
105 115 24
109 115 36
56 136 49
36 136 23
19 80 31
30 80 23
39 93 8
50 96 60
89 107 46
42 45 43
3 8 47
28 106 41
70 122 18
40 82 9
94 117 5
2 82 49
72 92 11
43 114 11
3 13 35
52 68 1
22 99 48
40 46 41
16 79 46
27 135 11
69 75 50
19 66 42
3 99 27
64 80 18
10 99 7
36 104 3
38 90 20
5 43 9
1 123 53
10 36 12
49 87 6
25 119 14
29 49 45
70 139 27
25 130 10
47 130 3
46 59 57
58 139 33
13 95 3
31 94 56
48 137 33
20 133 27
38 77 36
19 119 51
44 118 24
31 57 40
23 26 45
70 88 51
12 65 6
45 47 56
108 112 11
61 91 8
50 97 13
7 131 2
64 138 30
83 88 53
58 64 31
26 43 25
9 82 31
15 97 48
59 84 29
7 78 28
110 138 51
4 132 13
1 66 12
40 63 12
40 42 50
43 49 58
30 43 39
17 119 8
30 96 33
67 77 10
32 85 11
79 125 25
29 60 16
60 73 36
30 59 29
8 135 23
81 95 52
59 127 17
36 113 55
77 109 24
7 112 49
50 132 20
78 103 53
82 88 57
59 88 49
58 111 57
8 115 23
65 138 51
6 26 45
37 138 56
62 80 39
30 67 38
56 64 39
64 84 12
10 31 29
21 99 54
35 104 25
116 118 0
74 107 60
51 139 19
34 121 1
5 89 0
105 123 5
71 71 0
55 78 35
43 121 28
117 138 37
17 72 11
24 40 21
88 96 22
40 95 18
23 66 19
53 69 34
38 55 26
106 122 60
18 71 47
28 53 5
44 116 53
5 109 50
31 97 15
11 139 1
5 120 32
30 34 21
54 121 25
21 23 24
58 120 12
4 55 22
3 129 19
16 135 6
58 125 37
2 8 20
36 46 47
7 85 30
94 134 48
106 124 56
30 45 4
25 41 10
0 30 1
54 83 19
112 123 29
27 34 58
78 80 39
57 120 10
75 115 35
47 53 41
6 116 3
75 83 51
67 128 57
38 66 58
4 113 54
55 97 9
73 114 25
96 119 52
23 39 46
27 72 48
38 112 34
27 74 12
49 80 48
3 78 57
47 110 1
60 83 59
51 78 6
26 98 56
17 89 39
59 59 38
39 52 9
78 86 22
52 136 49
32 74 39
62 89 14
20 121 34
6 75 12
25 45 7
54 54 11
103 127 46
28 54 24
31 45 3
75 119 25
74 77 54
3 114 3
81 137 30
5 129 16
66 128 15
7 51 40
91 108 44
78 113 17
68 116 55
18 47 18
6 132 43
78 91 8
4 50 23
34 75 3
67 71 25
61 136 54
53 55 58
24 30 11
43 81 19
72 135 47
83 85 55
87 97 4
20 89 43
5 81 17
24 137 13
45 90 40
54 69 28
36 76 38
38 62 30
42 96 57
96 96 44
32 91 9
29 127 47
3 130 39
25 134 52
49 116 30
65 102 18
28 40 2
2 87 53
25 98 38
78 93 52
38 85 45
44 83 0
42 46 2
9 52 60
49 98 42
61 103 16
41 72 57
58 138 1
2 86 5
28 55 20
73 115 12
46 70 58
79 127 53
67 92 45
46 69 14
57 85 47
0 38 49
71 106 40
103 125 16
75 129 33
32 96 39
41 42 60
30 97 36
39 50 15
25 83 31
27 46 59
26 111 1
15 45 18
68 99 6
10 117 10
23 91 43
2 45 21
22 76 44
104 124 53
16 53 40
32 69 13
5 106 41
11 29 10
31 50 9
79 101 52
72 90 10
56 104 18
38 116 51
47 106 59
51 52 15
16 133 23
12 130 48
31 53 12
70 86 25
61 112 1
66 72 32
17 104 14
12 137 33
56 97 38
47 139 21
8 61 29
63 74 11
63 132 22
15 132 3
37 51 52
47 84 35
11 88 27
42 66 3
22 59 27
14 16 53
50 104 41
35 112 11
111 120 57
104 134 38
32 87 36
42 133 16
16 118 38
97 112 14
0 22 36
2 18 20
51 114 58
1 37 52
11 58 30
28 89 22
33 77 22
36 71 2
59 96 38
65 105 14
39 114 40
65 73 15
22 44 49
79 129 29
34 73 23
52 121 27
9 96 2
0 54 0
22 111 48
75 96 5
21 37 53
5 99 30
8 122 36
20 105 18
36 123 42
17 115 20
86 136 40
18 83 53
16 121 28
80 107 30
5 132 9
15 56 28
47 77 27
33 117 20
4 97 6
13 47 36
10 83 53
64 112 45
8 12 48
41 61 43
51 84 9
13 38 9
69 131 46
18 98 22
36 91 20
46 124 37
45 121 16
33 75 25
76 131 0
71 134 34
37 72 56
2 19 27
71 116 9
86 125 34
46 90 7
37 91 51
6 73 49
86 89 60
38 134 1
58 123 45
0 51 17
99 99 35
0 120 18
82 102 53
15 119 59
4 129 18
99 103 45
67 73 18
43 125 58
26 55 14
8 58 24
6 18 23
79 88 17
50 81 11
45 96 53
7 42 52
19 61 44
20 96 8
33 58 1
25 53 26
61 75 52
85 133 25
42 90 25
34 42 25
29 57 42
50 98 59
60 70 9
20 117 17
35 53 38
26 137 54
40 45 48
89 115 13
67 88 11
34 120 56
54 61 18
5 5 29
38 75 47
41 101 59
72 80 13
9 136 0
15 81 33
105 130 59
8 124 55
77 138 48
5 62 20
33 109 60
30 94 26
102 136 12
26 133 46
17 97 11
40 87 22
7 12 22
48 131 20
87 105 32
29 94 52
13 68 58
18 55 37
54 74 31
10 14 53
47 115 15
40 136 46
43 77 42
13 93 40
17 79 15
45 114 26
56 90 38
53 71 4
68 96 37
1 8 51
4 99 14
54 72 13
90 97 41
18 102 41
53 66 26
59 79 57
75 101 21
45 129 32
52 91 7
56 133 58
36 112 50
65 69 21
66 119 49
1 2 42
6 115 11
99 106 39
94 132 39
13 25 48
34 92 35
100 107 32
17 76 18
7 117 6
58 102 0
40 88 51
16 138 40
37 113 2
75 92 43
66 69 38
17 82 44
33 132 34
53 74 29
30 40 33
17 123 57
6 34 47
37 101 37
32 44 22
18 124 13
60 106 16
23 129 3
44 97 25
86 138 22
29 100 6
18 92 54
35 45 28
56 126 23
68 76 53
70 103 17
16 73 35
38 56 40
43 44 4
42 138 38
14 28 40
112 119 3
72 118 55
24 86 29
12 108 49
85 117 18
32 92 3
35 57 54
33 61 5
2 41 0
35 106 43
46 62 18
34 86 53
2 122 0
39 75 52
17 63 7
112 125 57
28 39 2
61 113 15
72 95 31
18 113 52
5 66 23
24 38 37
78 127 15
10 84 17
4 57 22
48 52 52
65 93 20
65 94 55
36 128 23
13 20 49
21 136 55
8 93 41
45 48 14
52 90 37
0 94 12
54 70 2
11 21 44
78 131 11
62 103 5
12 72 37
3 106 30
4 134 0
35 50 46
42 71 39
5 67 36
61 81 47
29 67 21
70 99 32
42 130 9
47 93 21
19 129 24
57 91 29
9 45 3
69 79 13
9 105 2
74 75 24
7 31 24
13 84 42
39 74 3
25 78 18
6 134 17
38 125 21
15 130 24
0 112 6
72 83 33
54 129 31
62 99 58
78 107 16
1 57 27
56 59 16
58 131 42
8 52 20
31 42 44
19 125 2
83 107 37
4 74 51
59 115 45
37 110 24
28 125 30
2 25 2
33 72 43
66 113 18
23 109 24
52 104 47
52 114 53
81 119 11
81 115 31
45 107 24
62 118 48
30 77 12
21 83 50
46 87 22
68 121 39
6 100 51
33 74 59
15 58 41
47 61 44
1 50 60
35 46 11
55 83 21
8 28 4
27 37 57
95 102 34
81 122 36
87 110 43
4 47 56
49 57 30
82 98 10
10 98 0
84 133 44
33 139 56
10 20 24
65 134 10
54 124 10
51 64 20
31 120 0
37 88 12
42 89 6
34 112 16
29 45 4
31 43 55
105 135 0
58 121 3
21 103 36
13 114 56
22 97 52
0 118 38
47 102 0
36 48 29
41 98 18
35 82 22
5 34 4
45 77 39
7 30 30
26 93 14
22 103 49
63 69 35
59 111 1
37 44 10
30 52 55
34 94 6
4 119 30
44 110 45
20 136 21
7 124 29
10 121 1
71 77 19
48 117 41
7 114 7
6 94 16
6 80 40
19 116 16
55 66 57
62 83 10
79 137 38
64 77 51
68 127 53
6 82 9
16 93 41
5 36 25
25 133 37
15 82 50
45 134 11
63 97 21
92 96 22
26 79 29
10 30 41
61 92 11
47 108 11
73 83 10
23 86 57
56 94 34
95 110 59
44 79 56
69 70 27
9 22 11
41 119 8
68 73 20
84 94 24
67 74 44
44 131 24
77 139 30
60 123 53
60 88 13
98 103 16
51 73 14
48 87 6
15 93 57
18 32 11
22 115 35
2 115 19
28 95 13
73 102 29
10 82 19
3 67 33
44 86 18
2 130 13
11 104 14
104 105 56
63 63 19
91 118 13
7 122 52
12 70 37
74 85 37
68 115 41
42 117 60
10 65 39
72 109 12
77 118 15
66 77 5
109 132 23
31 98 54
42 47 31
63 137 57
24 88 8
55 136 13
22 78 33
95 121 28
78 84 54
29 104 36
15 59 60
61 110 24
50 126 20
99 121 24
63 80 8
14 19 3
2 22 16
19 58 60
11 69 40
73 131 16
76 77 42
27 47 29
84 96 16
36 96 39
7 69 7
78 105 21
76 126 0
103 121 51
63 83 56
58 126 24
64 98 37
6 96 45
47 79 10
8 128 1
0 110 1
6 127 45
18 39 52
56 122 49
0 15 17
12 135 36
15 128 26
37 100 24
3 61 35
24 129 23
3 80 58
39 100 22
78 110 35
7 56 0
46 55 11
33 133 20
43 106 6
50 119 46
80 132 15
59 87 21
34 63 31
9 70 49
11 124 47
63 109 21
21 131 7
63 75 9
67 129 35
21 76 9
15 25 53
13 56 20
46 60 56
9 58 15
78 92 18
9 112 40
65 116 37
75 126 21
38 41 18
78 94 26
80 105 17
3 37 28
13 78 33
55 77 13
33 69 46
28 86 10
11 60 56
90 122 16
38 122 45
32 67 22
15 70 19
61 80 56
16 96 54
5 55 7
84 123 16
83 117 7
20 104 13
16 48 26
61 126 18
90 92 50
20 134 33
49 53 26
40 91 38
12 120 10
48 49 50
37 40 58
29 131 24
75 118 41
11 40 18
19 131 4
66 97 41
15 30 50
89 112 22
78 116 17
94 115 48
1 120 57
12 52 42
60 127 57
14 29 24
0 96 21
1 78 44
44 71 29
9 109 58
39 44 53
15 110 34
0 41 0
36 121 5
67 102 8
17 125 37
72 81 36
43 61 4
32 38 42
96 127 49
60 72 23
2 111 27
1 89 23
31 36 58
17 53 22
6 104 27
45 93 47
91 127 15
53 60 38
51 137 43
16 33 54
10 18 3
56 56 29
84 87 51
69 107 51
51 60 10
49 139 14
8 70 53
15 102 7
59 108 56
53 91 45
79 87 50
47 68 5
48 75 50
31 136 14
18 72 0
42 57 56
35 89 2
67 131 48
44 53 9
16 87 60
18 43 25
41 118 3
15 91 52
80 84 53
10 17 12
35 105 27
64 99 5
43 100 35
15 99 41
29 56 38
58 113 5
6 130 15
49 94 25
3 26 40
46 134 8
27 79 54
5 77 21
31 67 33
33 118 14
6 112 36
36 98 52
98 117 23
20 81 57
8 104 28
91 110 15
15 112 45
112 118 4
39 55 55
29 91 43
2 52 18
102 113 54
44 125 15
18 118 26
13 71 54
27 100 12
47 128 32
30 66 22
10 49 51
76 138 22
61 120 26
19 81 6
1 62 41
86 115 20
42 123 18
2 51 31
63 122 18
66 76 52
10 26 37
53 130 17
18 108 25
40 114 53
24 133 29
44 75 58
46 54 1
71 100 17
97 133 23
13 133 59
15 86 53
47 100 3
46 93 37
54 127 37
54 92 48
10 123 26
36 130 54
28 50 25
20 30 13
61 62 51
17 57 20
8 34 38
68 105 17
99 110 34
24 124 38
26 42 53
25 123 16
22 104 38
31 79 24
14 138 42
31 47 60
71 103 28
34 103 23
23 31 56
64 90 31
52 53 10
18 37 6
17 54 52
44 108 4
37 114 30
14 111 41
12 56 1
9 59 10
88 133 29
50 110 31
6 93 4
4 16 53
23 74 51
56 131 46
83 109 6
84 121 23
63 128 6
65 113 46
65 122 24
33 134 52
74 108 25
2 89 21
45 110 54
69 73 16
7 27 17
37 102 52
52 70 38
67 106 4
25 139 36
32 107 52
83 137 56
17 48 12
56 91 44
41 86 39
39 69 19
3 23 44
26 56 30
13 66 41
28 47 60
20 132 32
3 90 34
24 59 15
44 109 22
26 138 35
90 130 28
25 80 10
69 118 12
34 53 47
77 104 24
10 134 60
43 87 21
14 97 45
67 105 47
26 70 29
21 124 38
12 51 20
11 138 51
15 47 21
42 48 55
1 24 35
57 130 53
11 98 45
49 135 59
45 59 56
91 100 25
15 62 58
39 120 6
100 112 21
17 80 23
19 134 52
5 54 4
16 19 14
2 15 29
64 120 22
55 119 60
6 119 40
15 15 58
57 57 35
94 96 0
16 89 45
29 89 17
43 120 12
54 82 24
37 124 1
48 73 26
50 137 58
34 37 19
75 137 15
39 66 2
40 139 4
38 107 17
42 69 27
72 123 39
37 133 3
32 126 4
21 29 57
21 101 22
12 117 5
14 115 3
8 13 53
111 132 13
4 81 44
12 16 13
21 123 9
56 124 10
30 105 52
67 118 22
9 24 36
59 76 50
46 65 4
40 124 9
70 84 17
53 61 24
7 89 11
27 89 34
14 53 29
2 88 35
39 48 21
87 91 17
56 127 28
67 103 37
40 70 9
10 133 55
3 82 25
81 112 3
78 134 5
55 89 22
62 113 38
34 87 5
76 87 56
63 68 36
3 6 2
14 82 12
87 113 28
21 60 16
10 56 31
73 138 1
36 45 6
23 83 22
13 55 30
13 74 6
21 84 12
52 133 10
51 98 17
13 58 49
31 129 51
70 71 55
72 86 2
51 65 4
42 64 55
23 77 30
31 95 55
52 67 19
1 22 56
23 48 21
29 78 41
69 88 4
28 112 23
47 65 47
23 62 31
57 95 9
43 96 56
85 119 18
37 47 46
54 67 38
13 138 20
64 101 37
25 64 45
36 106 42
18 29 43
24 126 59
56 107 11
3 21 50
11 137 8
85 106 44
42 54 18
1 40 18
13 98 23
55 65 8
59 70 45
11 45 2
25 132 40
23 53 33
16 131 45
46 108 43
25 63 11
64 78 3
7 119 17
75 130 27
6 43 22
24 79 46
49 137 26
67 79 0
7 80 14
71 128 26
34 79 37
61 98 37
5 101 58
3 126 27
63 87 49
26 26 54
2 131 2
34 115 50
24 60 2
55 92 25
61 70 28
10 86 33
5 93 51
101 126 37
34 36 44
55 76 58
11 128 18
4 67 1
68 101 8
16 125 25
17 20 36
87 112 28
21 53 25
15 89 29
43 69 36
42 43 44
96 111 11
28 63 33
52 99 5
24 76 46
3 57 23
11 102 38
35 128 11
13 41 42
5 98 15
67 113 53
97 132 6
12 58 20
47 74 19
60 76 8
65 109 53
4 35 18
6 77 29
25 71 15
3 18 23
86 126 37
6 54 55
6 122 3
49 108 18
70 87 35
23 78 0
53 94 26
5 114 40
10 106 25
38 47 37
76 110 6
28 94 6
47 105 15
42 109 57
40 93 13
55 124 26
24 57 49
49 97 47
63 113 7
3 125 3
79 99 39
69 98 14
51 54 24
24 98 22
69 86 27
33 106 41
6 67 1
20 63 0
21 97 20
85 107 54
45 85 60
65 118 52
49 91 57
24 62 3
51 136 58
98 121 39
5 124 57
63 118 15
4 89 37
48 90 3
76 136 54
3 29 26
6 121 41
58 91 1
48 50 45
13 119 29
4 92 38
45 124 21
7 64 22
57 62 4
34 116 8
55 84 29
111 115 49
0 92 51
53 139 29
49 50 55
10 58 46
4 34 24
19 68 6
0 7 1
38 73 55
20 37 50
22 133 24
0 100 15
14 112 4
15 19 37
25 129 36
13 108 10
19 120 51
33 91 21
82 90 51
0 32 18
41 84 54
25 104 52
39 73 15
76 115 18
25 136 15
80 98 25
18 101 2
0 97 26
62 105 24
5 82 29
10 32 5
15 35 19
13 53 54
59 109 26
94 121 2
45 76 25
44 63 3
20 138 24
40 68 31
10 70 45
57 75 11
52 115 43
87 134 12
50 79 41
88 139 22
42 107 49
41 123 53
73 98 43
3 96 51
0 105 18
2 69 16
46 114 44
42 135 27
0 61 48
65 76 42
74 119 10
76 111 14
25 127 26
37 115 33
80 103 22
38 93 9
46 117 52
20 91 47
23 122 3
26 28 27
46 109 0
18 66 39
72 120 45
52 78 59
20 119 48
12 43 57
44 101 13
28 91 52
63 85 8
65 65 22
82 96 11
16 44 53
10 85 45
66 102 41
31 107 48
73 100 14
26 77 45
71 109 39
36 90 50
0 52 16
37 59 54
58 89 24
8 127 19
49 120 17
68 74 47
82 103 14
10 77 22
26 127 29
39 94 39
25 116 11
35 71 14
41 69 40
67 110 18
40 133 35
56 89 55
38 43 33
12 45 56
12 17 40
21 138 13
22 69 22
20 49 35
0 82 11
18 60 45
48 108 41
0 14 33
7 129 7
74 80 3
25 50 13
25 28 18
31 102 47
77 103 48
63 106 2
54 117 58
52 125 4
21 72 16
2 5 59
17 69 2
59 94 54
80 116 18
43 86 47
90 131 59
58 69 4
16 43 2
73 105 39
28 38 13
36 133 19
28 120 29
28 92 17
46 96 25
4 139 51
71 121 11
67 95 34
56 139 37
9 36 0
36 124 21
39 139 40
23 95 34
8 121 34
46 129 27
44 76 17
29 113 54
59 83 33
68 104 60
2 4 14
6 68 5
26 35 37
13 125 25
93 134 57
1 86 55
63 127 26
49 114 51
35 116 25
3 22 48
38 68 25
11 82 3
11 72 7
76 100 52
13 126 56
18 125 30
105 136 8
47 122 53
36 40 5
12 125 4
65 77 14
26 94 13
17 64 19
56 123 52
79 83 8
53 67 8
73 86 57
88 103 21
35 88 25
19 65 52
20 65 54
11 116 45
82 89 55
104 112 57
1 45 41
102 115 7
28 108 25
23 55 58
50 107 33
5 126 60
23 117 27
4 25 0
41 49 39
2 101 22
31 93 44
48 110 13
37 99 2
52 111 22
37 97 45
46 101 36
77 121 5
98 113 56
48 112 2
33 125 60
50 87 19
29 63 14
1 41 56
16 85 52
5 134 21
80 113 53
73 101 22
48 65 37
33 53 8
58 115 54
35 117 33
36 119 51
57 101 35
14 128 25
2 48 27
2 104 49
12 22 53
61 90 46
39 42 20
82 94 51
57 119 11
55 115 41
97 98 51
18 36 42
3 89 11
24 36 11
16 18 23
22 128 8
69 111 8
0 53 55
48 122 55
40 69 11
35 77 7
79 93 56
94 99 54
27 126 1
28 97 21
37 39 6
34 130 26
78 112 55
45 135 45
45 83 11
56 130 53
51 94 14
30 37 17
79 89 34
27 48 39
18 137 0
83 106 14
42 83 9
21 100 55
48 61 53
44 104 37
18 123 35
77 114 40
33 36 39
11 24 34
32 41 11
24 80 15
41 112 24
68 126 14
4 43 55
66 104 34
16 67 43
71 99 9
51 96 34
34 136 41
69 139 15
31 52 8
11 94 46
13 103 33
3 112 19
15 118 40
10 112 43
2 85 19
1 64 41
75 135 16
46 102 0
7 81 9
30 32 40
86 98 21
39 125 0
1 19 4
41 73 18
59 137 3
16 112 10
17 96 13
4 138 4
49 75 19
20 22 31
11 106 44
43 83 53
43 129 37
49 59 29
28 132 19
24 122 40
9 81 17
31 125 26
69 84 46
32 88 19
28 65 35
30 134 10
79 81 11
85 89 6
5 30 20
61 107 17
13 81 32
4 118 54
27 62 5
43 92 53
63 65 48
21 49 14
17 135 17
47 132 29
33 54 6
35 121 43
10 129 33
54 101 37
24 89 42
16 72 22
60 118 53
61 93 44
25 101 9
23 47 55
49 66 2
32 127 25
50 70 29
58 135 10
41 47 30
82 86 27
29 93 2
37 122 31
50 125 46
58 128 2
71 132 6
32 109 7
21 36 42
38 124 51
51 53 18
23 43 1
67 96 19
23 58 21
49 95 11
47 90 19
29 29 13
26 122 46
33 98 26
12 122 39
116 133 15
52 80 31
15 51 43
39 138 54
11 78 49
7 130 31
58 130 42
12 47 53
15 17 36
13 92 54
90 120 16
2 67 40
7 72 1
46 105 59
74 139 3
48 58 15
3 105 23
46 66 47
74 86 53
15 79 4
45 137 58
44 114 34
49 133 15
42 104 58
10 10 0
30 85 53
32 63 8
51 67 11
13 54 56
24 130 38
33 66 20
30 33 14
38 64 33
29 122 53
81 127 0
1 46 1
16 21 39
35 118 48
8 103 51
16 105 14
59 73 7
27 121 17
44 130 38
54 135 39
52 73 33
35 100 28
23 35 24
15 63 49
45 122 5
15 105 48
6 123 39
45 133 18
84 119 14
29 65 14
77 111 57
28 138 12
57 79 37
11 65 7
66 124 5
8 126 38
51 79 2
32 70 36
21 114 6
4 42 3
36 86 4
37 65 14
32 112 50
0 8 53
31 84 20
102 112 50
41 109 30
71 130 48
37 134 53
10 39 27
46 91 48
63 126 25
26 126 22
22 105 44
64 128 17
43 134 30
29 107 56
17 134 7
56 75 27
19 79 39
12 136 20
2 125 14
74 116 25
29 84 7
11 13 58
49 77 3
62 91 30
30 128 54
14 101 57
40 128 43
72 129 59
16 119 11
14 86 35
25 79 39
0 9 47
52 124 22
36 70 52
4 124 58
8 94 49
37 67 42
71 117 17
76 122 5
10 132 55
15 124 26
12 84 19
1 39 15
14 108 56
35 72 15
35 63 40
77 96 60
17 77 29
29 138 2
0 60 57
14 120 52
37 74 33
14 127 47
32 111 18
62 132 59
57 60 56
3 58 52
56 111 1
45 94 25
61 133 19
58 127 41
13 33 57
5 92 20
16 113 39
23 89 20
47 131 52
8 31 54
19 93 22
38 72 52
24 82 7
39 113 60
40 40 27
34 39 13
15 114 43
52 127 33
21 110 28
18 52 38
18 51 34
8 35 51
26 107 16
2 78 6
27 103 24
37 52 29
60 114 52
19 34 18
63 101 19
17 85 48
81 87 45
10 138 8
13 112 45
41 93 11
19 23 7
41 67 55
50 117 12
4 95 18
56 72 5
27 71 10
35 111 39
65 119 40
14 102 57
23 72 54
24 44 34
13 123 8
8 48 58
29 105 6
4 30 19
13 115 45
3 56 39
18 139 55
23 57 17
32 60 58
18 54 10
62 98 8
15 77 59
75 86 31
57 83 11
12 68 38
6 12 54
19 100 1
86 116 58
61 63 21
7 95 56
41 100 3
30 127 18
26 97 47
16 69 53
40 71 43
50 66 18
40 120 25
56 88 7
47 49 12
4 91 42
12 57 30
79 128 39
4 135 22
25 82 12
35 85 50
54 76 2
34 109 47
35 75 3
19 135 34
56 135 59
25 26 53
2 99 39
9 47 27
18 97 32
45 65 22
63 107 19
54 81 35
21 48 20
28 78 52
23 114 15
25 39 22
38 69 52
26 39 52
19 28 24
54 59 52
53 125 46
20 34 16
19 40 5
50 76 33
6 79 34
31 117 0
50 59 22
58 116 42
52 123 7
24 67 17
9 119 2
7 132 42
23 138 51
28 114 25
29 72 9
29 101 53
18 42 59
49 119 5
89 102 30
15 21 10
36 129 5
60 107 7
13 132 25
5 15 21
9 90 14
63 95 23
11 97 53
50 134 45
32 113 33
58 81 43
21 135 0
70 114 38
44 51 2
0 139 7
32 135 23
39 116 35
9 55 45
85 128 52
68 71 12
50 73 54
22 64 22
39 122 44
28 110 29
21 57 16
18 89 47
14 14 23
2 66 28
84 109 48
2 91 9
16 37 24
13 122 50
86 102 55
82 116 1
18 61 7
45 84 36
9 32 48
20 46 57
6 59 13
9 39 37
40 138 45
72 111 25
66 84 38
4 62 26
5 135 46
44 96 43
40 119 21
23 27 44
52 59 37
73 111 13
4 54 9
72 88 49
56 112 46
85 97 39
45 81 15
11 31 2
57 131 14
15 76 26
13 31 32
40 59 37
70 81 45
11 56 43
0 19 15
83 113 9
32 48 24
41 136 12
13 88 0
33 99 24
17 65 50
0 63 56
0 90 25
40 130 13
27 119 2
2 126 6
29 133 7
74 135 18
34 56 53
76 97 7
32 94 11
64 96 22
67 89 39
96 118 26
76 120 58
18 94 28
50 61 57
18 69 25
14 92 48
38 127 46
15 54 36
15 32 28
44 50 60
3 46 1
34 47 35
28 75 57
20 95 1
16 16 22
30 88 42
85 95 1
5 80 4
67 111 21
58 134 12
85 98 2
9 53 30
58 67 10
9 41 12
44 120 43
17 41 23
3 131 13
24 58 11
3 127 36
17 132 21
30 70 11
8 40 58
29 115 33
75 77 22
77 127 0
54 128 36
9 101 32
63 99 60
61 69 36
35 42 24
12 21 20
14 104 19
3 49 15
1 129 20
7 50 29
29 64 27
45 136 53
50 124 22
42 78 8
0 37 14
16 30 24
57 118 15
32 130 17
32 51 37
31 86 57
20 44 12
13 87 31
34 82 34
34 127 35
41 63 13
34 38 27
2 119 37
72 94 57
13 120 9
10 22 43
5 8 20
30 83 45
47 81 43
60 95 20
77 86 38
78 133 26
59 129 58
9 63 10
16 71 58
20 21 51
46 48 41
24 93 31
56 93 51
31 78 16
9 133 44
52 93 58
0 3 34
7 66 56
53 90 48
11 110 25
23 79 35
34 62 33
55 62 15
9 128 28
57 112 6
81 104 49
10 101 33
7 108 8
22 100 38
34 111 19
54 86 18
10 23 21
25 121 49
57 136 19
9 12 4
1 90 55
35 81 17
78 98 43
10 69 21
3 28 0
42 87 42
64 93 9
8 125 14
64 86 24
21 129 27
74 130 46
24 91 25
63 129 10
98 101 46
1 138 60
40 113 16
5 41 15
23 107 32
25 40 44
24 119 25
37 62 45
6 76 11
33 127 4
0 25 2
49 85 32
77 88 52
3 97 29
71 124 39
15 29 10
56 67 12
35 93 18
41 106 28
24 45 4
0 80 59
4 115 42
68 70 22
82 84 14
61 129 26
47 54 54
28 117 20
16 39 57
66 130 17
83 101 31
38 63 0
24 54 28
48 132 6
24 113 15
6 105 16
87 133 7
1 14 44
50 64 44
87 121 46
14 50 18
57 74 42
22 74 37
31 44 45
47 135 20
8 137 50
22 93 36
82 106 48
8 71 57
43 116 13
42 49 27
33 115 60
36 127 41
48 81 4
16 63 24
19 121 33
51 89 25
58 86 55
68 68 18
6 65 11
62 84 20
48 124 57
29 137 50
59 91 49
66 87 6
3 15 26
5 22 1
7 74 27
43 54 31
46 77 17
56 132 30
66 129 35
16 22 49
41 94 6
16 86 3
27 28 41
40 123 11
25 38 25
4 83 58
3 65 54
4 72 57
23 60 16
45 53 34
72 108 29
55 100 58
70 119 2
83 99 49
18 122 17
22 88 46
91 96 14
2 97 52
34 105 9
36 37 24
61 83 58
17 99 19
46 118 56
47 125 36
13 116 57
6 38 38
4 60 5
18 38 29
44 133 0
37 139 2
6 31 50
22 60 38
26 41 52
17 42 47
60 65 2
17 87 8
17 101 11
4 39 33
34 135 30
27 35 27
18 81 42
96 121 41
2 54 46
42 73 24
15 123 12
53 101 37
16 81 5
80 130 48
11 23 46
8 18 12
24 51 49
13 16 3
20 103 38
77 82 19
8 46 57
41 124 20
31 60 40
64 87 24
50 72 30
47 88 6
89 99 9
7 59 27
69 83 54
27 42 20
18 53 1
5 90 53
13 37 52
9 93 42
66 134 45
82 122 0
21 92 8
22 79 41
43 117 24
15 111 55
48 91 19
16 120 0
4 5 55
36 116 47
63 82 44
60 130 2
20 75 8
92 92 57
39 71 44
20 68 28
28 36 38
12 96 25
20 74 57
38 102 33
31 100 30
60 128 52
80 114 30
60 78 6
1 11 13
18 90 53
7 28 3
38 111 12
61 84 1
24 103 25
21 54 25
62 136 57
32 68 4
64 125 32
79 131 16
41 91 53
13 52 7
17 103 18
69 91 14
30 57 18
21 55 9
41 89 55
64 126 59
6 60 0
50 91 55
0 135 1
14 139 10
29 61 36
42 91 23
42 115 53
21 52 23
41 82 6
11 81 45
10 62 56
0 125 5
27 132 48
3 53 56
4 58 53
45 102 41
32 100 14
72 91 32
42 114 38
6 7 11
63 125 23
57 93 47
27 55 36
23 37 31
30 125 56
38 139 53
22 37 42
30 55 12
3 104 33
7 84 50
50 136 23
80 86 22
30 82 4
12 111 49
79 115 15
28 71 0
43 45 53
70 101 6
71 136 8
16 47 40
69 104 55
21 45 58
59 68 12
56 78 4
44 88 3
18 25 27
21 78 35
87 129 15
17 110 33
56 101 4
24 117 2
17 130 57
10 124 29
28 135 35
32 108 6
53 84 1
14 91 60
20 67 13
21 132 11
24 128 16
23 113 4
21 88 51
20 50 23
50 71 47
2 63 30
48 133 26
73 82 13
3 52 25
13 72 19
35 122 45
54 99 58
35 108 43
34 122 39
40 41 28
2 47 39
39 104 0
7 136 60
32 104 19
19 88 17
22 131 60
106 113 32
14 87 36
55 120 38
36 51 35
35 123 22
54 120 47
16 130 53
55 130 15
9 42 24
36 97 19
93 128 56
14 18 17
10 79 17
83 86 14
54 64 12
4 126 29
21 77 6
19 109 5
1 137 32
60 103 1
0 117 26
56 71 36
33 105 40
52 69 47
77 77 10
41 83 8
44 55 19
46 103 38
65 87 36
18 138 33
9 83 58
10 137 44
18 59 54
16 124 42
46 71 6
42 53 32
14 39 39
8 51 11
72 96 11
52 101 58
39 137 49
3 5 49
6 126 51
17 56 41
1 61 16
11 89 48
17 137 24
63 139 57
49 102 32
40 134 17
82 132 60
21 68 25
14 96 10
24 48 60
17 116 54
58 74 40
80 120 3
85 103 41
14 99 28
57 61 59
73 124 5
41 44 36
12 71 58
32 137 34
10 64 39
6 113 38
1 59 20
73 79 52
18 70 27
9 21 7
68 102 22
48 79 33
1 80 29
17 122 50
38 84 10
3 55 11
30 39 51
9 91 21
20 58 38
17 73 33
4 109 14
25 33 16
33 57 51
25 72 4
27 83 38
38 82 43
26 27 3
54 119 18
8 56 1
54 73 45
25 59 8
28 93 15
29 53 45
8 90 49
29 88 30
12 53 6
46 68 9
45 74 12
29 81 10
69 81 39
64 133 34
19 127 56
39 88 28
51 107 13
33 79 32
22 75 13
6 17 24
40 58 36
31 75 20
20 126 36
11 87 55
9 13 34
57 110 3
20 128 60
14 116 45
39 77 23
20 102 43
15 20 37
37 103 44
10 45 3
4 80 16
10 136 17
69 133 19
11 42 27
8 106 54
26 40 53
28 136 56
8 65 25
30 124 44
55 91 36
6 72 31
25 43 2
71 82 19
52 84 17
28 52 4
96 126 5
93 113 46
33 138 43
84 128 16
63 104 1
2 74 50
22 108 9
9 118 49
14 72 10
64 103 51
67 132 12
17 117 15
0 73 20
20 108 37
4 125 41
12 116 0
12 15 19
103 110 60
59 103 41
30 38 46
13 60 40
28 66 57
19 99 19
50 68 32
62 125 4
40 110 31
1 134 37
60 133 29
79 113 37
2 110 3
40 47 12
10 63 44
35 62 15
45 56 47
59 75 14
5 138 25
2 139 51
10 73 11
12 85 35
9 18 58
60 67 47
0 42 41
28 67 45
16 34 26
12 128 0
16 114 47
32 64 4
31 41 12
24 31 46
6 107 11
27 106 12
11 20 34
81 103 38
17 92 32
74 118 20
6 56 49
44 58 54
2 129 4
24 25 31
47 91 54
19 20 30
28 116 32
44 128 19
25 120 29
20 54 32
15 109 13
9 98 58
23 56 32
36 66 7
63 114 7
5 44 21
3 41 4
37 89 2
9 66 34
9 57 38
21 50 23
40 57 40
35 43 17
46 88 26
19 46 20
29 32 45
21 127 1
31 112 22
16 31 50
60 93 22
19 22 19
11 125 22
55 129 46
8 74 41
22 96 17
40 60 29
26 104 38
47 136 58
6 61 37
55 67 43
10 48 35
15 68 7
57 124 27
22 137 31
1 42 19
21 112 35
20 94 30
42 88 20
30 129 11
51 74 51
51 121 1
34 69 53
15 34 58
43 48 19
62 110 12
1 113 60
20 112 44
31 139 48
73 88 26
72 122 34
9 130 39
41 103 11
2 102 54
11 114 60
1 95 14
8 86 52
29 50 11
105 108 8
21 130 51
37 70 57
28 83 42
14 58 18
11 64 27
21 118 43
46 136 11
1 115 20
66 74 16
45 103 17
68 80 51
14 132 30
39 126 29
5 45 26
14 136 46
95 135 40
32 97 2
29 103 10
29 31 13
22 87 32
9 95 29
53 102 7
28 126 58
8 91 20
27 82 52
6 39 46
2 137 27
59 61 18
54 131 12
33 114 42
60 132 10
4 9 51
10 41 22
57 99 11
37 136 22
77 132 47
0 81 7
7 123 8
29 123 52
11 91 13
14 38 24
19 103 44
49 105 25
30 87 16
26 100 35
30 79 22
34 113 10
2 13 17
1 114 59
10 103 40
82 99 20
11 68 41
2 65 47
40 115 42
44 45 49
17 138 48
15 69 11
33 48 56
65 121 6
57 76 1
32 54 49
6 99 57
23 124 42
24 72 23
30 42 41
71 98 4
2 136 26
71 105 4
36 100 44
55 132 46
20 53 49
37 38 45
15 57 0
65 91 31
21 27 7
21 90 56
48 72 35
33 68 6
33 80 21
7 58 48
54 137 55
32 101 8
16 84 32
15 42 4
23 118 21
61 71 33
26 78 11
37 73 49
13 110 42
0 79 24
41 65 44
0 77 50
23 54 28
4 38 3
26 124 15
44 52 4
38 48 24
12 32 59
18 133 43
18 68 4
1 25 24
6 11 46
13 50 21
4 7 52
4 65 13
17 118 6
1 55 39
29 51 47
31 124 18
41 92 46
54 98 0
6 49 7
5 118 8
5 122 19
64 136 21
40 118 11
8 44 43
