100 4450
162
113
179
190
164
171
144
169
181
122
192
165
126
104
157
101
186
138
175
176
105
135
126
165
101
149
162
124
118
156
110
192
176
168
132
161
134
127
199
169
129
148
120
123
143
155
113
186
141
105
199
118
118
151
100
140
133
126
157
188
132
115
158
181
112
140
191
158
174
104
190
141
127
117
108
104
142
107
155
182
164
186
148
189
135
196
157
189
156
159
117
176
186
119
192
114
145
125
170
172
0 1 9
0 2 36
2 3 16
3 4 34
0 5 48
5 6 56
2 7 2
5 8 51
2 9 2
3 10 39
8 11 25
4 12 17
5 13 41
2 14 17
7 15 15
11 16 9
16 17 13
8 18 32
17 19 23
19 20 15
9 21 37
17 22 2
5 23 42
21 24 5
9 25 29
12 26 5
16 27 3
22 28 50
20 29 25
1 30 24
14 31 41
10 32 45
6 33 5
3 34 41
16 35 17
7 36 23
20 37 15
35 38 60
28 39 8
26 40 60
11 41 47
24 42 34
30 43 42
6 44 36
30 45 45
12 46 2
5 47 5
3 48 35
7 49 15
28 50 39
36 51 47
15 52 16
14 53 13
22 54 16
49 55 22
45 56 48
55 57 8
18 58 51
31 59 5
53 60 2
46 61 19
10 62 25
15 63 37
5 64 57
43 65 34
52 66 27
63 67 11
57 68 37
33 69 34
58 70 4
32 71 40
51 72 2
37 73 33
25 74 8
0 75 45
64 76 31
39 77 29
33 78 45
7 79 50
38 80 30
10 81 9
77 82 60
8 83 20
28 84 46
41 85 49
28 86 48
40 87 4
27 88 55
29 89 25
20 90 17
12 91 54
21 92 24
42 93 34
19 94 21
13 95 13
41 96 15
18 97 57
22 98 3
70 99 51
68 84 9
40 98 58
24 33 15
35 39 53
11 38 17
74 78 7
35 52 36
46 76 40
80 94 6
1 74 35
25 55 16
7 63 14
29 62 34
69 75 50
68 99 39
92 95 46
45 49 26
70 97 56
46 75 48
11 29 33
62 88 0
16 55 18
12 24 60
73 87 1
71 93 17
14 68 0
16 93 47
88 97 48
24 29 26
74 96 32
70 93 36
30 97 18
79 99 12
72 98 57
57 97 29
89 90 55
35 69 25
17 67 57
98 98 21
24 54 33
53 85 47
85 88 16
68 72 29
10 24 41
91 93 39
73 78 25
69 86 39
91 91 5
11 78 30
9 94 15
87 99 19
86 95 39
28 83 44
9 71 18
15 91 57
71 83 46
97 97 45
5 17 3
95 95 0
49 69 27
47 78 10
88 90 20
9 87 12
77 91 4
9 77 17
43 90 58
50 95 27
58 84 34
26 79 6
45 79 17
55 99 21
36 77 13
47 89 29
68 98 30
41 93 7
80 91 16
85 96 54
45 96 12
25 95 53
34 46 16
95 98 7
52 99 9
48 84 37
23 64 17
48 78 33
48 87 60
49 54 58
11 79 20
27 96 28
81 97 29
51 73 10
60 64 14
5 22 59
7 99 6
85 97 39
28 64 52
1 7 6
90 95 50
52 97 52
55 62 58
80 86 52
29 92 54
16 44 16
11 85 11
40 86 47
59 67 54
97 99 18
32 55 28
9 38 12
95 97 43
59 98 53
36 61 60
6 14 41
11 55 9
55 71 53
56 87 38
54 69 17
58 99 47
60 86 1
22 95 24
91 98 32
47 84 31
19 43 27
66 87 41
79 84 29
34 56 22
64 80 41
84 84 2
51 57 35
2 96 29
91 94 12
2 69 38
26 62 56
90 98 42
29 48 60
29 88 6
54 75 41
60 67 6
81 89 49
23 51 40
14 26 41
87 89 31
68 83 32
55 70 38
79 95 53
18 79 46
96 99 5
10 47 27
29 71 0
18 38 55
53 79 17
58 62 33
93 95 43
34 79 28
58 74 30
40 40 18
12 28 31
73 79 39
37 94 21
7 8 27
25 68 56
59 87 19
96 98 55
66 78 53
19 73 29
56 83 21
53 55 2
20 81 25
35 41 36
7 34 18
70 77 51
93 94 52
49 88 5
74 82 33
44 85 2
52 62 20
52 69 26
10 85 58
69 76 21
85 98 57
47 49 53
85 86 56
68 73 56
25 33 24
43 93 26
47 94 28
31 49 56
67 86 51
40 60 22
94 96 15
64 78 51
54 68 21
44 64 58
12 83 6
67 67 12
86 91 55
59 82 27
95 99 36
4 97 15
42 84 28
41 63 59
24 96 36
78 91 42
68 93 30
27 32 39
16 38 12
79 92 8
69 83 19
54 92 55
45 50 14
56 95 32
68 78 16
49 78 7
96 97 27
49 49 28
59 73 60
69 87 25
16 43 23
38 75 1
53 87 10
8 58 12
66 72 48
79 80 31
63 71 40
7 32 13
1 18 2
40 46 21
4 15 38
28 79 24
84 86 36
0 23 30
14 91 41
44 67 17
37 43 34
46 46 44
72 85 11
37 45 46
16 80 19
21 91 26
78 83 53
46 67 2
88 98 14
49 71 15
83 84 34
37 47 8
28 42 1
57 72 31
80 96 55
10 74 10
85 92 36
89 97 12
73 90 34
55 83 31
61 62 41
47 85 7
18 32 35
84 98 35
60 85 51
40 88 22
78 97 48
80 85 35
1 62 45
3 12 32
6 6 33
25 51 26
50 82 52
89 89 38
58 96 56
62 90 46
15 45 9
68 76 60
26 68 2
56 89 34
46 62 30
28 30 56
8 26 47
66 98 51
61 91 27
30 40 6
85 95 41
6 47 26
70 75 16
83 99 35
51 69 11
8 47 12
14 60 54
4 5 13
30 61 25
82 86 31
48 57 11
75 97 20
52 68 40
14 74 9
21 45 55
84 97 34
29 80 36
48 88 37
37 99 34
5 43 7
13 47 16
72 86 26
33 76 46
76 79 0
9 90 0
94 98 60
58 79 39
45 52 26
39 58 21
4 31 25
91 95 1
10 44 6
0 55 13
75 80 29
52 74 5
17 54 46
92 92 35
6 73 18
15 95 32
86 96 18
54 59 55
79 81 1
33 72 42
59 77 30
73 92 44
26 30 32
60 90 27
61 81 59
76 77 17
26 98 20
44 68 52
41 91 39
77 93 19
83 93 43
69 73 23
21 51 53
23 87 1
22 75 20
14 21 10
12 36 43
37 79 0
66 96 53
51 60 6
61 61 39
10 12 5
26 71 41
79 97 52
83 90 50
85 93 30
94 95 17
19 41 44
2 20 42
33 42 3
63 73 12
17 48 47
52 95 5
46 79 59
72 72 13
70 86 20
57 91 42
14 85 26
30 35 34
45 53 33
62 92 25
22 86 52
82 93 52
20 80 5
3 19 12
3 39 34
27 55 12
87 93 50
30 54 57
92 99 36
46 73 39
79 90 11
27 86 1
28 89 16
55 72 40
57 85 16
31 81 45
42 96 53
65 76 25
37 89 48
55 74 39
90 90 40
64 71 18
47 97 0
25 50 47
39 48 46
90 91 34
51 77 32
72 83 24
22 57 56
57 99 54
70 92 42
30 83 22
29 97 7
78 90 31
88 96 29
38 87 19
31 51 30
3 82 9
79 85 18
46 80 24
75 95 45
48 53 38
69 79 27
79 91 21
93 99 57
83 91 12
10 33 27
56 64 11
34 70 30
64 84 46
80 87 38
24 39 35
72 97 52
18 80 12
76 85 55
37 38 44
33 57 22
18 51 60
29 75 59
48 65 51
27 94 14
7 42 4
77 77 23
41 47 45
12 99 1
69 96 47
39 54 55
85 91 39
37 92 27
81 88 40
34 99 17
50 65 10
22 46 5
16 54 56
7 59 3
59 79 54
52 87 55
70 85 47
84 93 22
4 79 48
29 50 41
67 78 2
53 93 33
36 84 2
67 85 36
40 68 19
29 43 7
84 85 37
53 67 57
47 57 9
29 82 18
0 25 60
37 51 33
38 68 29
93 97 3
34 35 0
44 92 39
9 92 13
54 66 50
2 63 29
80 97 49
10 50 55
38 85 5
86 94 38
95 96 59
25 83 51
98 99 25
20 30 17
58 76 41
84 95 29
35 58 43
42 71 44
47 58 53
91 97 21
51 65 44
34 49 55
96 96 54
7 46 35
57 98 3
88 89 16
50 52 45
8 68 52
54 65 39
79 83 58
81 95 50
90 93 13
39 51 26
20 68 52
66 76 4
59 60 39
11 19 46
36 89 43
19 19 16
68 71 14
34 68 0
64 98 31
33 99 10
1 44 18
58 71 59
44 94 35
50 92 1
20 50 51
17 99 43
26 96 22
30 91 20
57 84 39
72 99 57
62 62 16
16 99 3
37 91 46
94 99 48
5 35 37
29 55 44
44 96 3
42 85 51
16 52 17
57 60 29
44 74 28
18 77 26
59 92 35
68 85 49
80 81 34
54 72 43
5 61 5
40 45 17
27 76 51
66 68 28
3 76 43
47 74 20
35 63 52
20 91 34
1 6 4
35 86 25
81 85 6
1 78 51
82 83 22
43 95 20
50 77 7
43 66 50
25 86 21
25 57 39
59 89 36
33 90 6
45 82 24
26 67 43
70 80 36
62 63 37
6 10 57
48 59 7
61 94 48
25 87 25
15 50 56
48 95 26
7 84 58
18 53 13
53 81 28
25 61 50
35 77 22
91 92 8
93 96 16
42 45 31
47 71 52
17 86 35
38 48 50
71 86 58
65 68 5
11 68 34
63 88 50
7 51 6
90 94 51
41 50 18
70 83 48
90 96 46
18 54 14
57 89 7
22 31 39
97 98 5
43 91 25
53 71 2
79 82 1
0 17 53
19 71 30
54 73 43
42 95 31
3 49 37
88 91 44
38 77 16
24 27 53
24 87 32
56 59 23
22 30 40
42 53 28
21 23 16
62 96 34
67 80 17
25 59 39
24 71 0
52 55 32
28 35 43
68 94 11
27 67 10
44 89 47
52 89 2
29 70 37
83 95 34
71 75 33
70 78 14
63 64 38
35 53 56
15 75 44
65 82 36
51 88 16
73 94 60
27 56 35
24 52 1
9 19 49
28 43 11
64 70 12
13 13 29
46 87 2
23 56 59
15 40 54
16 66 9
77 85 39
41 75 0
86 92 24
73 82 38
15 46 49
43 54 25
73 84 24
69 78 43
14 20 25
20 32 0
23 73 55
43 92 16
49 80 32
73 81 60
76 83 60
63 68 10
55 56 55
61 66 7
88 88 8
74 88 21
22 71 56
49 62 8
52 78 43
59 70 23
63 93 33
61 88 35
2 5 36
14 18 51
27 39 7
3 33 6
80 93 56
42 76 45
45 75 43
47 73 3
64 91 22
0 41 0
10 97 8
8 35 34
62 67 51
76 88 27
54 99 13
2 45 2
76 95 57
7 10 0
15 33 56
18 18 54
38 45 52
81 93 50
79 89 44
19 54 25
47 99 11
26 28 47
58 61 23
90 99 28
33 86 7
27 89 25
79 98 47
7 11 1
24 40 22
37 82 41
33 36 13
8 40 9
18 92 17
5 44 1
56 61 38
82 92 18
19 27 31
17 83 4
46 97 34
28 67 40
31 83 20
86 97 16
26 69 49
81 86 36
72 93 7
2 25 10
92 97 18
36 76 25
78 81 3
0 51 29
23 61 14
70 82 39
41 56 51
66 77 25
76 78 30
68 97 50
6 11 26
48 61 5
6 98 16
0 90 46
74 83 34
29 51 3
20 84 23
5 14 33
26 84 24
81 81 28
78 79 41
33 74 53
22 64 3
59 59 18
75 83 41
38 60 42
73 96 1
33 79 37
64 82 52
6 83 58
62 98 12
49 58 45
21 30 35
66 73 25
42 79 9
87 92 52
33 53 46
83 86 33
88 92 29
69 81 47
31 57 5
42 54 21
72 84 37
56 67 46
69 94 24
86 89 23
43 69 34
40 77 3
51 70 10
61 68 20
68 88 14
30 71 10
8 67 37
6 67 25
24 95 8
11 14 9
0 27 2
18 29 51
77 79 17
43 88 24
40 66 17
8 30 31
89 91 53
21 61 11
26 34 48
13 40 38
22 25 2
50 69 13
3 71 31
37 74 4
38 97 49
80 92 3
46 78 33
69 90 53
83 94 56
9 63 50
43 52 54
9 12 13
63 78 25
81 96 44
19 26 1
90 92 1
94 97 20
76 97 2
87 87 1
76 98 18
92 96 50
61 74 16
32 32 50
66 90 32
59 83 4
93 93 45
50 73 44
16 62 27
9 96 57
60 68 9
4 39 41
38 52 51
63 91 27
55 95 53
28 49 52
30 55 52
68 70 42
30 76 26
79 96 15
60 71 24
77 80 34
22 49 49
21 72 54
49 66 21
40 51 39
10 89 49
70 88 0
11 99 59
46 47 10
18 63 13
53 95 43
94 94 60
21 75 0
46 95 8
0 22 19
27 71 20
9 64 14
23 47 58
15 99 48
23 44 50
77 89 37
78 96 59
42 97 41
60 81 51
8 10 17
77 95 47
5 97 59
13 26 50
14 80 3
26 55 54
22 40 31
90 97 44
27 49 0
32 41 4
4 55 58
35 84 14
56 85 55
60 66 57
52 52 34
47 51 19
9 48 41
61 83 7
13 43 28
61 82 10
50 84 14
65 87 54
67 84 15
71 80 22
87 91 14
71 98 28
0 19 53
44 87 37
89 92 57
76 89 36
13 38 3
77 86 19
10 87 3
9 78 51
50 76 47
70 84 9
9 49 53
57 73 34
17 98 24
34 90 22
0 49 8
41 86 46
78 88 26
65 83 37
78 80 26
21 96 32
17 90 57
62 72 18
29 35 58
21 40 16
39 42 21
73 99 36
74 85 8
69 92 0
74 93 48
16 96 18
2 39 2
24 75 38
15 36 43
72 89 35
57 59 26
34 37 36
57 66 15
24 98 25
49 60 28
31 43 52
69 99 43
21 39 54
53 82 23
43 67 28
1 34 17
65 85 34
24 62 20
42 83 46
61 92 57
46 93 37
62 86 22
3 53 51
22 76 28
7 73 59
56 62 51
70 90 14
24 73 58
25 94 50
13 56 17
27 34 48
56 97 42
52 82 46
41 78 43
38 72 56
29 66 22
75 91 30
50 66 47
4 82 30
39 46 60
65 78 12
23 54 50
32 92 26
4 56 54
64 86 25
87 95 53
33 46 45
37 59 2
53 77 2
36 54 49
36 49 30
16 65 26
26 44 40
65 70 32
22 72 27
89 99 40
34 54 11
78 92 55
35 72 10
17 25 14
13 45 8
5 68 56
34 40 14
36 65 35
66 95 36
48 94 42
81 90 48
0 60 30
66 81 4
8 60 39
54 70 32
50 53 49
10 84 11
15 72 2
31 88 0
83 89 23
14 72 16
20 51 38
28 80 14
68 80 56
67 82 50
2 80 28
73 98 28
46 50 7
37 69 21
44 82 10
3 36 38
64 65 39
60 93 13
27 46 6
16 76 24
70 95 48
7 77 60
32 89 17
5 24 57
93 98 29
54 76 23
2 34 13
76 80 54
25 89 45
17 30 22
0 57 19
54 55 44
15 84 26
53 70 29
92 93 9
6 49 48
37 52 42
4 99 19
4 59 6
87 96 42
12 62 15
5 89 6
33 66 3
84 92 28
91 96 54
70 89 37
69 80 8
80 84 31
38 56 16
20 48 33
86 99 12
53 62 30
82 89 35
13 32 20
13 71 41
57 83 57
46 64 24
66 83 0
30 57 53
26 92 30
32 91 9
7 13 20
32 49 57
67 89 0
50 86 20
6 75 28
82 95 12
76 92 45
87 90 16
65 84 33
35 80 26
0 82 51
2 76 0
23 29 29
25 65 31
85 87 33
31 55 22
56 68 31
2 8 2
85 90 10
66 75 23
12 35 27
51 81 49
26 93 12
64 90 8
73 97 47
92 94 59
64 68 2
62 84 2
51 84 35
23 60 24
11 88 22
5 27 16
20 21 60
61 65 6
3 37 59
21 42 47
5 39 11
67 93 3
88 95 35
28 58 54
45 61 44
23 74 46
39 83 1
17 50 45
33 45 24
17 77 18
73 76 0
29 69 34
47 70 53
5 88 35
3 44 11
13 34 24
50 70 46
25 66 5
36 39 33
29 44 48
38 91 2
18 46 39
41 77 52
71 81 56
67 81 38
61 67 28
49 79 59
43 97 35
36 60 40
14 61 24
23 23 56
19 55 48
68 91 33
58 95 20
68 69 50
51 64 18
39 49 10
44 62 14
19 76 2
39 97 50
13 59 51
25 67 6
54 85 30
39 52 0
51 51 34
70 87 6
16 83 49
78 99 19
46 91 13
42 56 7
56 58 1
65 96 51
83 96 17
63 86 54
25 96 13
69 72 5
65 94 45
21 97 29
14 42 37
31 71 2
1 72 16
46 86 9
30 33 2
59 75 51
84 89 20
42 82 5
6 64 50
17 51 44
15 22 33
13 42 3
30 65 43
32 74 8
82 85 15
69 91 25
66 74 52
49 72 3
88 94 10
44 98 40
26 58 19
28 60 26
25 31 30
80 90 46
24 69 54
53 94 49
47 59 51
47 72 12
71 91 17
8 53 41
58 80 58
22 66 45
55 84 7
55 65 26
84 94 54
1 17 40
73 73 28
5 85 15
7 18 20
6 7 44
23 71 9
25 43 40
63 98 5
5 96 28
67 96 43
58 91 60
66 69 30
1 63 14
37 78 46
23 28 45
74 91 43
48 76 43
40 53 35
35 40 49
71 85 23
31 97 41
64 81 3
28 32 11
5 94 12
12 63 36
81 91 37
18 42 22
36 43 27
52 63 43
82 90 30
80 83 60
0 74 56
66 70 20
16 73 29
56 69 14
41 57 35
78 98 4
86 87 14
29 86 45
36 97 30
10 43 1
75 89 58
21 81 49
85 94 14
51 96 36
71 78 4
7 44 34
5 71 25
78 95 17
36 67 53
6 68 47
29 46 17
74 98 18
36 95 44
13 98 44
5 21 2
71 73 41
60 83 22
42 63 14
27 97 49
47 66 1
44 86 43
77 84 50
85 99 54
42 55 54
83 97 18
63 82 38
31 34 46
75 98 24
60 95 33
14 76 5
11 11 6
20 79 52
11 73 50
12 14 0
39 88 13
27 47 13
84 90 35
31 86 38
66 86 17
2 40 51
8 12 37
6 18 24
64 88 60
75 79 11
0 61 41
84 87 24
0 94 12
23 34 34
17 55 8
64 66 0
23 88 0
0 70 36
22 23 4
21 46 28
39 41 11
61 78 42
26 37 51
8 15 47
23 79 2
74 86 32
11 70 25
59 91 31
29 63 12
86 88 4
83 92 33
73 75 56
47 68 27
58 60 3
64 96 7
11 48 18
61 64 33
12 42 44
80 82 48
2 91 30
77 97 7
27 93 1
28 31 39
80 95 14
87 94 41
65 75 1
13 14 31
23 66 29
67 98 30
87 88 15
30 50 56
74 87 58
32 48 19
3 28 36
30 59 15
85 85 24
13 77 43
22 97 17
6 70 5
34 73 58
71 89 4
42 86 10
82 97 41
56 72 28
37 72 60
59 68 2
89 96 30
41 49 56
73 86 28
32 57 12
52 90 41
29 58 54
19 57 5
46 71 57
20 20 43
61 86 30
51 62 51
58 81 42
36 94 45
37 84 15
2 12 48
79 79 60
8 87 28
39 65 36
76 94 54
64 99 52
34 43 6
82 94 45
24 46 55
57 74 53
4 52 33
8 80 28
21 47 42
69 74 43
15 92 16
42 75 48
49 57 6
65 93 13
21 71 49
86 98 32
66 67 28
73 88 55
43 80 0
23 37 43
0 89 7
75 77 8
46 60 3
12 51 1
9 14 37
81 94 1
63 69 4
49 85 38
13 94 14
43 68 15
62 81 30
32 87 45
15 27 29
58 93 54
49 98 32
43 72 45
75 86 35
29 41 42
44 95 58
34 80 20
20 23 54
37 85 1
13 66 36
2 68 52
12 41 24
64 79 39
82 91 58
77 96 15
22 79 43
4 63 17
14 15 5
44 58 15
4 74 10
45 60 43
51 59 5
50 61 16
6 15 22
71 74 23
58 69 4
9 59 24
48 80 12
70 81 45
62 93 47
37 41 35
71 88 46
4 76 26
33 52 10
19 37 45
35 98 42
31 76 39
49 83 2
89 95 12
62 83 35
53 56 50
54 74 53
15 34 47
75 92 43
17 88 12
54 91 38
66 79 1
74 99 17
18 19 21
32 77 38
39 79 58
19 58 58
40 63 30
48 96 23
0 87 37
20 45 51
44 49 26
71 77 48
10 14 15
9 97 24
34 92 17
36 58 12
23 78 54
40 64 15
15 87 36
64 83 55
65 80 40
28 61 38
0 83 25
29 68 56
69 69 35
50 58 1
2 64 41
11 22 41
21 36 29
17 46 18
3 60 53
55 80 5
34 97 48
37 71 10
21 67 10
91 99 26
24 51 5
36 41 8
3 51 21
13 92 34
48 54 27
48 79 41
59 93 55
27 58 19
40 56 46
1 28 47
24 66 53
52 56 60
8 51 30
60 76 59
8 16 13
40 44 13
59 61 11
55 94 14
38 73 47
62 69 20
6 96 59
38 71 19
71 96 14
40 82 17
67 94 18
71 72 12
70 91 12
13 58 39
22 35 10
3 80 29
19 77 9
38 42 35
52 65 39
19 84 7
60 82 40
66 89 57
49 73 14
28 95 21
3 83 5
66 97 10
11 12 41
65 99 10
1 19 35
40 85 38
80 88 34
59 63 9
33 38 43
29 67 51
20 69 6
43 56 48
48 51 27
14 32 48
58 59 20
6 65 36
27 52 27
17 59 49
78 87 56
44 63 2
77 94 16
76 82 37
1 25 46
51 55 44
3 18 10
52 59 56
13 24 2
55 66 21
8 29 48
69 93 18
19 38 47
38 84 51
23 93 18
14 66 10
65 65 0
82 96 8
32 51 8
22 43 15
30 51 25
60 62 46
29 29 52
62 97 27
39 67 28
32 93 49
83 98 3
13 76 23
7 61 15
83 87 9
89 98 52
49 81 12
64 67 16
51 74 28
48 62 38
17 41 26
10 55 39
72 92 13
53 58 58
4 8 11
19 53 0
7 94 26
8 9 19
0 21 2
78 85 26
69 88 18
22 27 26
10 23 51
17 26 13
55 69 3
33 85 19
31 80 33
57 90 52
20 36 24
39 74 35
21 59 3
38 99 1
62 91 60
7 20 12
9 45 12
28 33 35
56 94 16
16 95 39
15 26 39
56 80 30
65 67 15
26 48 35
30 90 57
44 99 52
1 50 47
24 44 48
63 76 9
52 88 40
54 79 44
30 34 31
65 69 7
6 36 11
1 16 11
32 66 24
5 95 1
31 73 21
57 79 46
71 90 44
60 75 37
64 89 2
8 78 16
7 98 23
8 31 17
45 69 50
42 94 48
77 88 31
58 65 45
75 75 39
26 83 54
65 95 36
3 95 46
87 97 16
2 82 44
67 92 2
67 97 25
52 60 14
72 74 21
34 72 9
47 52 57
15 98 10
39 94 43
27 30 11
54 94 45
24 55 32
40 62 8
63 84 31
36 90 1
73 77 22
52 67 39
2 79 60
30 87 4
3 63 36
18 52 50
60 94 23
32 53 11
60 78 55
47 93 20
16 26 41
45 54 25
16 58 8
5 36 51
47 47 52
71 92 23
80 98 57
3 66 5
23 72 2
37 46 36
50 79 3
81 84 6
22 88 55
60 69 15
16 39 0
12 59 34
72 94 43
37 55 57
38 94 30
5 42 36
47 65 56
30 30 8
30 95 50
18 26 2
44 79 41
6 62 1
70 79 5
13 46 7
39 89 55
38 92 38
65 71 4
56 73 45
33 65 26
8 71 40
92 98 46
40 83 50
15 70 46
9 51 40
13 67 12
42 47 6
3 61 20
59 66 23
23 30 53
49 67 10
34 81 35
67 95 21
47 67 38
41 89 26
29 87 22
8 36 57
57 70 6
21 87 14
22 77 7
53 78 16
19 52 58
58 73 58
51 76 45
75 88 1
77 81 48
12 27 7
23 55 55
30 32 5
72 82 37
49 94 57
47 64 56
67 88 28
79 94 38
47 90 12
42 80 22
10 37 27
46 89 57
29 94 29
4 68 17
4 37 26
35 36 43
41 95 42
22 91 38
30 81 8
52 57 24
19 81 21
58 90 25
45 47 24
59 78 34
23 26 35
67 72 39
54 61 15
41 61 3
76 93 1
71 94 30
18 70 5
51 75 5
27 85 18
42 90 40
6 22 45
58 98 11
47 76 59
19 87 21
27 70 59
31 90 25
64 95 53
24 94 54
67 77 5
48 89 33
47 88 18
79 86 42
35 43 13
23 75 26
62 82 48
4 69 46
64 85 15
50 60 39
9 58 37
14 77 29
58 86 37
32 35 5
87 98 31
1 9 55
8 33 5
47 83 20
81 99 39
43 75 55
18 62 42
76 84 16
57 87 30
42 50 42
27 57 52
28 68 51
28 59 6
32 37 15
74 84 36
30 48 10
66 99 5
17 75 24
19 56 37
9 88 4
1 68 34
17 37 8
35 71 55
84 91 9
61 72 44
17 72 58
34 53 23
1 96 52
30 77 53
50 64 25
2 66 10
75 78 58
73 89 44
22 68 50
61 73 45
40 55 57
29 81 18
40 96 20
6 53 41
61 70 0
39 69 21
18 72 25
71 87 43
6 25 3
27 74 44
89 93 13
72 95 41
23 24 46
31 50 47
31 60 32
2 61 17
50 85 60
32 82 25
63 66 42
49 52 5
35 46 15
0 30 10
44 60 18
50 88 31
16 98 12
42 62 27
64 72 35
39 78 58
53 63 58
4 10 47
23 41 40
38 58 22
3 56 58
47 96 55
21 82 19
7 57 30
31 75 14
24 70 42
72 88 60
63 90 18
12 23 13
18 50 17
10 92 55
33 75 32
4 54 7
33 88 50
85 89 8
0 35 9
1 87 23
66 88 21
19 88 54
75 85 41
45 90 33
69 82 40
26 61 17
55 55 54
9 30 58
64 75 8
68 75 35
44 81 21
21 50 4
4 40 29
34 88 22
67 99 18
34 44 20
4 38 39
30 67 50
56 88 13
26 80 31
56 77 30
43 83 8
80 89 0
62 77 11
27 37 24
48 71 4
12 92 1
48 93 24
75 84 25
81 87 24
22 59 48
35 57 33
9 68 22
13 85 44
88 99 10
52 70 57
15 21 5
55 85 29
76 81 17
74 95 7
0 67 43
37 98 25
7 60 40
43 47 32
21 80 17
45 51 23
22 53 15
74 75 6
57 94 2
46 68 3
31 40 8
46 70 42
31 85 58
56 81 60
17 74 40
2 93 18
7 29 27
1 91 42
83 83 11
40 79 0
24 31 35
72 91 6
61 95 58
67 90 13
16 68 11
67 87 26
84 96 42
10 38 50
72 79 11
15 19 29
43 86 5
53 64 35
81 82 34
30 46 26
9 15 10
5 93 13
38 66 4
49 96 44
26 31 48
49 63 46
21 84 12
8 97 41
0 68 52
62 73 32
12 84 26
16 70 19
14 89 32
72 77 27
47 82 54
1 61 19
13 31 35
35 56 47
72 78 44
68 95 28
45 45 36
49 90 23
0 26 52
42 78 20
12 48 17
72 80 12
3 78 10
30 84 43
31 89 10
13 62 52
41 97 13
71 82 22
21 99 40
27 40 13
64 87 30
6 38 7
31 69 19
40 90 40
57 57 52
20 49 3
13 75 24
20 83 18
35 99 18
82 88 47
23 81 39
34 39 2
2 31 60
2 89 45
33 96 17
6 87 6
63 80 56
67 74 19
44 44 29
39 95 3
67 75 59
70 71 37
11 50 44
28 53 12
8 22 13
64 69 50
43 43 7
68 92 58
79 87 10
21 31 12
23 63 45
18 59 38
57 61 56
50 55 59
48 55 50
56 60 13
2 99 11
50 97 38
7 14 52
18 95 22
20 34 52
43 76 3
18 66 16
12 49 57
37 83 11
22 65 48
20 89 47
44 56 54
5 7 1
11 20 45
43 74 35
13 23 16
3 69 37
78 84 44
36 57 44
4 13 40
54 64 40
9 47 2
6 63 35
10 46 37
12 87 13
58 66 33
30 72 49
51 83 47
76 96 31
38 61 42
74 97 22
41 72 42
39 81 30
57 67 18
10 36 5
41 73 14
9 99 14
39 64 24
9 53 32
68 86 13
11 57 58
37 75 7
4 51 50
4 62 55
45 83 2
50 89 41
35 74 21
80 99 21
40 50 2
9 16 48
18 98 11
7 31 19
7 95 38
9 11 60
15 93 9
4 88 28
25 52 44
55 76 14
25 62 26
25 93 27
27 53 8
4 24 0
68 81 31
39 99 58
39 53 47
24 99 2
77 98 33
25 47 21
33 50 58
9 55 49
65 79 49
41 81 14
1 80 32
54 88 45
17 97 49
67 79 32
39 56 42
12 34 43
78 93 52
0 12 33
36 96 31
8 25 17
18 45 8
3 91 46
25 91 48
11 25 16
26 53 56
6 89 39
24 26 46
11 32 24
63 65 13
34 55 29
54 96 38
5 90 32
60 88 44
78 86 41
14 69 16
6 16 49
58 92 20
45 68 29
62 80 12
68 82 28
0 4 5
31 47 3
77 83 49
48 64 24
14 55 13
13 81 57
42 58 14
21 37 19
4 91 36
60 72 9
26 78 43
31 39 43
32 42 13
62 70 53
10 77 39
27 62 9
9 40 15
26 86 16
11 35 38
13 70 46
39 71 32
74 81 0
12 53 14
23 83 3
1 37 56
49 70 43
34 83 57
3 58 34
8 84 25
4 28 38
62 95 56
4 25 52
7 41 23
17 17 23
30 38 36
63 96 48
37 93 6
8 23 16
37 90 52
13 60 19
6 45 4
43 77 14
15 24 38
2 2 47
20 31 56
23 91 25
18 68 58
56 78 17
66 71 48
72 96 23
41 53 47
0 20 47
0 99 16
59 99 56
32 76 24
82 82 5
9 74 4
16 97 24
45 91 46
29 36 4
4 4 56
60 98 55
10 27 38
7 83 7
65 86 22
11 94 34
64 74 51
35 35 51
44 65 35
30 78 3
43 87 30
46 57 5
58 85 11
43 45 19
19 68 0
25 81 19
57 92 51
5 45 20
16 47 25
42 51 11
35 96 40
82 99 0
30 94 10
14 93 36
37 48 36
26 57 57
37 80 54
21 52 35
47 92 7
45 73 15
28 45 18
52 91 2
44 53 42
0 73 52
27 79 40
1 21 22
7 16 48
35 65 6
29 77 3
3 99 39
28 47 14
33 91 29
17 81 37
27 87 10
12 56 58
20 25 2
16 16 34
75 82 36
9 44 36
13 50 36
48 63 39
16 30 18
12 19 14
13 79 53
57 96 38
53 53 35
17 66 7
22 87 19
36 83 14
35 76 5
43 73 54
36 72 56
12 55 53
51 87 18
1 56 12
66 91 21
62 79 42
2 65 3
46 77 33
29 95 5
70 73 27
45 86 31
35 49 18
81 98 28
32 67 38
20 58 35
14 46 31
8 32 53
14 79 8
29 65 9
41 90 32
56 90 60
41 42 23
46 65 37
1 27 59
21 70 16
55 97 28
63 89 52
38 90 47
63 83 22
28 29 27
34 63 4
14 48 23
26 45 14
54 90 58
20 26 3
59 88 9
40 99 12
42 43 38
23 82 16
20 86 2
68 74 14
3 46 27
1 38 29
71 79 48
29 99 56
65 73 1
11 43 52
15 76 11
10 18 7
23 80 48
34 95 45
73 93 27
16 22 52
71 99 15
33 98 38
19 80 2
58 88 10
32 61 20
26 81 9
55 90 3
48 66 30
6 46 25
19 83 32
28 91 30
30 85 17
1 65 13
11 23 51
3 93 30
25 53 18
61 98 51
11 71 54
25 71 35
6 58 2
54 98 8
12 43 34
81 83 53
50 54 8
27 31 50
20 52 41
38 86 3
39 82 20
55 77 3
47 54 22
38 74 14
30 58 35
23 50 26
68 89 26
45 87 10
23 77 52
33 80 40
24 64 4
56 63 56
16 86 54
64 97 0
65 88 6
19 40 32
4 33 60
37 63 42
29 54 18
54 54 33
22 78 38
64 73 33
68 87 4
7 89 37
51 80 5
34 82 26
56 70 5
10 67 35
31 58 28
17 24 4
13 74 4
25 42 15
16 79 43
65 91 41
50 99 40
31 91 21
33 70 11
15 51 29
48 99 46
61 84 32
73 95 5
32 38 27
38 64 54
33 58 45
38 81 21
66 85 37
74 79 47
36 80 29
21 66 32
77 92 12
49 84 34
50 93 17
6 80 48
47 77 45
34 58 14
34 38 9
32 39 24
31 82 42
15 31 6
38 47 36
13 73 58
24 81 37
15 61 20
75 99 54
8 82 50
10 68 18
4 18 22
4 77 56
9 72 21
8 17 34
19 93 44
39 84 45
4 83 41
47 48 18
32 62 9
42 88 30
39 59 6
28 97 57
39 80 12
26 90 0
37 86 22
13 84 60
15 78 8
86 93 52
36 92 10
21 28 9
22 70 37
0 81 33
45 99 45
50 98 27
64 77 37
55 91 56
6 92 4
71 84 10
15 59 10
0 34 16
10 28 49
23 31 33
45 48 57
34 69 16
46 49 16
44 66 45
15 85 29
55 79 53
11 75 4
44 55 40
35 61 6
27 42 46
39 63 11
25 99 11
29 90 49
69 77 5
25 88 24
28 96 17
57 82 53
61 90 0
42 52 9
63 95 55
58 78 24
5 83 43
41 51 53
47 55 8
8 19 7
15 18 37
26 33 5
1 15 36
4 29 39
52 54 55
44 71 9
21 85 37
50 78 38
60 96 28
10 76 37
48 49 50
17 40 23
1 58 37
4 23 1
8 45 38
6 60 19
72 90 4
26 35 37
26 88 57
52 80 25
22 38 6
23 38 59
2 4 47
47 61 26
61 76 18
34 59 9
17 42 43
15 82 26
26 65 21
28 74 44
78 89 2
32 63 37
11 84 5
54 77 28
27 68 16
18 60 16
12 37 60
68 77 31
18 28 29
14 95 29
34 96 43
6 19 31
58 94 30
47 50 4
9 23 17
21 69 27
0 29 7
36 91 55
56 74 3
4 75 20
19 61 14
25 56 54
10 21 44
40 95 30
17 34 44
6 55 21
22 89 27
0 78 36
18 87 32
48 86 2
75 93 14
55 98 32
5 99 57
53 72 55
46 90 38
78 82 26
14 34 0
43 58 52
66 93 22
36 59 2
42 92 52
33 33 54
14 36 21
56 86 59
32 43 47
37 77 54
7 81 14
39 98 30
70 76 51
18 96 35
38 55 14
14 92 44
21 43 28
1 69 50
12 96 56
17 18 47
14 78 35
60 74 8
5 98 33
24 91 9
10 94 46
0 6 50
51 82 41
37 68 52
18 88 18
0 43 51
18 91 14
61 71 29
31 74 22
51 78 12
13 90 44
1 23 32
63 85 58
18 40 15
33 34 0
12 21 47
17 71 6
25 73 37
58 83 28
45 95 15
59 65 50
11 80 28
10 41 58
13 57 1
5 66 33
19 47 58
56 71 51
57 71 0
49 56 46
6 71 18
0 69 18
80 80 1
20 24 33
43 98 24
48 60 9
26 26 52
20 61 28
10 52 54
84 88 37
74 76 0
25 77 38
5 26 24
14 94 24
16 88 45
2 41 3
41 69 5
38 96 48
83 88 29
31 41 8
40 41 55
29 61 14
3 14 17
69 98 10
62 74 13
44 73 32
48 83 14
48 69 1
8 63 16
82 98 1
75 90 20
29 91 26
13 30 21
3 23 23
40 49 16
15 48 10
2 27 24
17 65 15
31 46 12
17 52 39
11 93 2
65 66 17
47 69 44
74 89 0
5 79 59
55 58 23
3 94 16
47 75 17
16 21 48
63 75 46
13 91 10
4 90 11
23 92 19
33 63 4
20 94 49
14 23 16
38 41 1
49 91 20
59 90 49
6 77 44
31 92 56
10 56 23
6 20 60
45 66 57
18 57 15
3 31 2
11 37 59
15 49 11
1 40 23
56 56 8
24 59 37
11 39 32
12 39 47
18 43 6
45 67 34
20 77 28
49 77 27
67 76 50
36 81 20
42 70 12
74 77 25
32 85 8
18 37 5
67 71 21
28 48 21
33 93 33
57 65 1
66 82 20
0 48 39
14 62 10
5 32 54
61 85 29
26 41 4
9 84 44
66 94 31
16 82 33
11 95 20
19 69 55
22 55 52
28 55 1
19 82 19
84 99 35
2 51 39
21 48 36
24 78 53
48 82 38
36 78 49
33 48 32
30 68 25
40 69 59
7 28 19
74 92 13
11 89 60
6 93 60
59 81 32
25 28 57
19 75 11
44 52 27
32 46 56
63 92 18
11 67 15
73 91 23
13 82 39
39 72 22
7 55 26
50 67 36
7 97 48
3 70 40
75 94 28
69 84 54
17 44 45
59 64 20
83 85 2
29 31 58
36 55 38
1 47 58
11 92 12
30 93 44
2 52 41
5 59 23
53 61 45
20 66 50
54 95 0
58 72 59
70 72 23
51 63 17
53 54 0
46 58 60
46 66 18
18 65 58
7 43 29
0 71 13
11 27 27
54 86 4
46 98 53
55 89 34
14 40 55
48 81 51
35 64 48
15 20 9
49 65 35
25 34 30
74 94 53
8 99 35
34 98 20
41 46 28
14 37 21
59 84 59
19 24 20
3 77 56
51 71 57
29 96 28
55 61 12
1 84 54
21 38 28
53 69 36
8 98 52
16 67 38
15 96 3
5 49 58
15 23 27
32 88 54
33 89 9
33 35 56
2 22 5
4 73 56
61 96 4
35 87 36
13 35 48
44 51 37
48 56 30
30 89 46
18 31 60
9 43 26
2 15 39
51 58 49
39 73 16
62 65 48
31 98 40
1 81 4
31 53 2
62 76 35
21 86 54
14 41 8
13 20 43
29 85 21
26 46 19
51 97 9
2 16 7
32 59 6
59 69 34
2 38 2
30 39 40
28 85 21
70 70 42
65 98 16
4 44 56
58 67 0
14 90 19
12 80 59
27 28 43
32 47 59
35 70 56
75 76 5
5 28 34
12 73 30
18 93 2
36 44 44
25 29 21
63 94 32
39 57 40
52 75 22
27 81 14
89 94 33
48 74 1
19 59 27
13 19 12
31 52 11
6 74 23
22 82 3
9 33 13
11 60 55
29 78 43
28 28 15
15 67 21
70 74 41
0 53 20
26 85 23
40 71 57
70 96 31
42 89 41
45 98 46
44 84 48
2 58 53
9 91 59
14 70 54
39 43 2
28 78 57
0 65 32
26 75 13
48 50 38
12 61 10
38 98 24
67 70 47
22 63 2
55 60 16
12 69 1
6 99 39
51 92 28
60 99 24
28 40 21
22 33 45
8 43 28
61 87 41
58 77 32
41 66 7
2 33 27
55 68 42
7 9 17
20 64 20
48 52 5
45 72 21
53 83 4
0 13 11
62 68 10
19 89 48
26 51 32
45 65 26
9 34 20
62 94 17
3 79 14
41 58 40
33 81 23
22 80 50
61 80 30
14 29 19
12 22 14
3 7 51
16 29 9
65 90 35
64 93 31
5 40 11
37 57 9
8 37 30
33 68 13
5 51 5
20 42 48
43 63 48
45 77 17
36 70 46
23 90 1
50 96 44
41 52 8
58 97 48
29 56 52
10 66 34
27 99 28
76 76 27
14 38 1
14 73 7
56 91 20
47 87 25
62 66 20
17 39 11
16 78 10
63 99 16
21 25 13
19 72 6
44 83 24
10 60 56
9 29 39
3 47 39
42 57 9
29 93 36
4 27 41
10 25 42
34 84 36
18 75 14
22 94 6
9 57 38
18 21 32
53 76 8
27 59 9
23 36 39
11 24 50
48 72 39
62 87 52
35 45 8
2 24 58
8 88 29
51 93 60
69 85 36
12 66 10
41 80 58
28 57 35
25 37 60
6 32 5
27 54 48
15 29 42
55 64 16
49 53 3
16 74 22
16 46 24
5 72 0
22 67 46
73 85 37
11 56 11
17 23 59
22 62 31
20 71 28
43 49 29
10 19 5
1 48 17
24 37 9
45 78 8
11 17 42
47 63 53
38 46 38
38 53 10
55 86 35
13 55 17
14 30 41
33 41 11
32 83 9
41 41 23
6 12 56
13 99 3
18 83 43
59 62 49
21 63 13
10 48 38
36 38 41
2 70 48
43 53 14
37 56 1
43 94 50
43 82 37
76 91 7
2 67 6
30 80 58
30 96 33
22 58 60
46 81 34
46 83 43
45 71 51
76 90 57
20 75 16
6 42 10
24 85 3
28 90 40
34 41 26
72 81 16
30 64 52
53 66 0
19 92 10
1 4 36
7 7 9
6 81 40
5 50 21
19 95 34
49 99 12
18 35 32
26 97 19
8 59 1
67 73 11
44 46 44
16 20 14
27 72 17
56 79 41
78 78 50
30 92 36
37 97 22
88 93 39
11 28 29
38 69 50
31 36 54
17 32 33
34 67 4
27 75 46
14 97 31
24 47 59
31 31 21
22 47 14
15 55 42
1 88 36
46 94 11
25 60 7
31 68 26
59 80 59
11 81 59
54 83 29
54 84 6
38 65 50
77 90 53
60 63 20
35 60 35
4 43 10
25 63 51
54 71 45
0 76 38
22 96 49
30 88 45
25 70 24
13 80 45
24 50 31
6 78 26
38 82 44
49 50 51
36 93 44
57 62 20
36 46 46
8 95 11
44 47 27
34 51 18
36 68 3
37 39 19
58 87 45
20 98 57
1 73 59
23 85 5
3 21 35
29 37 29
45 81 6
14 45 9
54 62 12
6 72 49
39 91 31
54 57 23
49 92 40
55 73 52
39 87 25
26 77 16
5 55 52
41 55 52
14 28 58
52 96 55
50 87 16
19 44 15
31 61 12
41 83 13
16 56 5
22 41 35
12 58 51
46 72 35
18 61 60
27 64 21
12 44 45
79 88 15
41 76 41
22 81 0
15 38 13
17 56 39
64 64 36
10 15 36
10 95 17
32 70 27
32 99 54
23 94 50
11 30 3
6 97 48
4 26 21
14 43 40
26 52 10
86 86 21
13 86 28
31 87 6
1 13 39
55 82 50
28 93 32
3 6 9
16 32 19
73 74 52
56 75 9
22 44 48
60 80 36
18 24 10
4 98 25
42 42 35
25 49 31
25 85 52
5 52 54
47 86 52
20 60 40
22 51 15
19 90 39
48 98 38
42 77 54
4 9 23
42 59 55
14 35 16
33 71 11
50 72 36
72 87 57
77 99 10
38 38 33
24 67 20
0 58 26
23 98 43
28 92 20
1 12 13
41 79 38
24 65 43
36 50 8
39 61 34
39 90 34
5 82 29
5 67 26
22 34 12
60 97 35
46 56 31
17 76 15
41 62 3
20 97 54
24 97 13
8 94 60
8 46 54
9 35 22
28 88 60
27 66 36
1 79 33
57 69 17
28 73 44
46 48 19
28 66 3
6 51 14
49 93 52
60 79 5
16 45 41
32 36 7
40 75 9
11 46 34
35 48 10
46 74 19
35 55 44
8 49 52
18 25 54
6 66 6
72 75 39
12 47 39
14 39 29
48 70 51
48 48 36
35 85 37
65 77 19
20 27 60
28 99 3
41 82 34
51 85 14
13 28 24
11 72 51
75 87 52
32 65 33
7 48 11
41 59 7
42 61 31
2 46 40
3 25 42
25 25 52
16 90 21
1 71 4
76 87 6
38 43 53
13 33 6
2 30 40
14 19 41
24 53 58
11 97 13
34 86 47
53 97 28
43 85 30
12 75 53
34 85 42
54 81 2
14 96 13
52 84 18
21 64 45
42 49 60
77 87 35
39 86 25
35 90 49
31 93 1
41 98 25
21 83 46
1 83 41
43 51 37
12 45 51
3 41 10
0 52 2
33 67 53
1 60 29
19 49 41
63 79 3
69 95 43
39 45 30
38 83 34
60 84 11
56 99 31
28 37 58
60 65 13
58 58 9
1 51 0
12 57 23
5 34 27
1 90 6
75 81 31
46 85 22
6 23 3
13 49 14
6 9 13
46 63 36
1 52 37
40 57 53
40 91 53
5 31 59
61 89 54
35 66 3
9 17 25
40 74 49
33 87 11
3 3 26
44 91 38
59 85 21
15 71 8
17 61 39
20 57 39
11 42 44
15 60 50
19 42 39
60 70 21
27 63 54
36 40 55
34 52 24
5 87 50
23 39 14
49 75 36
32 98 43
12 82 14
8 74 39
23 58 37
24 58 21
10 35 53
82 87 57
4 49 58
6 79 60
3 40 14
45 55 9
2 87 21
19 65 10
20 74 23
5 65 26
4 48 36
9 67 25
32 33 4
55 88 3
57 63 28
10 83 11
19 25 8
26 38 4
36 42 24
12 90 18
35 82 4
65 81 22
39 40 12
4 57 11
55 59 20
15 80 59
34 36 18
19 60 14
57 58 6
4 30 56
30 79 19
17 96 9
50 59 41
45 84 55
44 93 48
45 57 12
63 97 35
53 99 11
38 67 18
10 82 45
52 58 20
24 36 49
11 21 58
37 64 23
11 83 27
24 49 41
27 38 60
1 14 55
29 72 12
53 57 55
52 77 1
26 42 3
86 90 19
27 69 40
6 57 35
8 77 0
57 64 59
43 57 25
19 63 50
35 62 34
5 73 16
56 65 20
74 74 36
40 65 43
14 54 5
3 24 40
42 65 23
32 56 59
8 52 34
3 27 29
11 33 15
41 60 52
45 64 52
24 45 29
70 94 7
33 83 33
25 32 6
35 67 44
19 28 36
12 72 5
40 59 4
21 53 51
7 58 11
23 53 40
5 12 10
61 75 47
6 26 14
21 29 27
71 76 56
35 89 16
24 89 60
40 73 58
50 80 29
49 87 13
39 68 29
69 70 40
24 84 1
18 84 49
31 84 35
50 81 38
42 67 6
6 76 58
49 74 48
61 77 15
42 87 53
32 44 24
20 87 17
46 52 58
41 70 7
47 91 34
2 74 3
35 59 32
10 16 54
32 95 10
43 48 50
0 39 26
17 45 54
37 65 38
3 29 19
40 42 18
7 71 26
11 86 58
40 70 44
7 21 46
13 25 50
18 89 15
15 35 60
6 90 37
21 35 56
24 28 28
65 72 56
33 44 20
51 91 32
26 50 12
21 41 6
39 96 59
49 82 56
10 99 58
35 94 10
35 37 59
33 60 8
3 54 23
26 47 38
36 37 36
22 99 30
55 92 56
29 32 26
13 53 49
0 91 49
62 64 11
10 64 2
30 60 34
52 76 33
17 91 60
15 39 59
30 69 16
34 60 15
16 37 5
1 32 8
44 80 31
55 93 49
78 94 53
51 94 15
46 84 17
23 59 16
35 54 30
57 88 60
61 69 41
42 44 16
35 95 0
44 97 14
24 63 57
41 92 28
31 66 43
43 78 59
39 62 16
22 56 12
81 92 18
26 66 15
7 67 38
17 53 60
4 66 50
57 80 33
5 9 21
50 56 12
12 85 49
50 50 47
10 98 22
38 89 13
40 76 5
12 70 52
10 75 37
53 84 26
7 19 39
32 97 23
13 17 4
19 21 4
18 39 26
52 92 50
31 64 44
53 68 46
60 77 18
60 89 37
22 52 25
5 62 26
53 92 60
1 46 18
5 18 3
48 85 18
11 47 36
31 32 57
71 95 8
8 20 45
35 75 24
40 61 52
2 23 22
29 39 56
53 89 55
18 27 2
28 51 12
63 77 52
56 93 42
47 60 53
4 34 12
16 75 56
57 75 10
14 71 35
15 83 46
29 76 20
10 59 11
42 48 43
4 72 49
32 60 21
13 37 32
17 43 57
42 69 51
65 97 17
46 55 49
1 33 24
59 72 50
77 78 44
9 98 15
52 64 38
53 65 45
62 99 58
31 96 46
15 37 30
1 20 5
17 20 26
39 44 31
38 95 49
11 82 37
14 98 40
16 60 1
27 90 9
27 80 18
25 36 60
3 30 0
3 97 60
16 48 28
5 80 29
51 68 58
2 98 1
24 83 31
0 32 5
40 89 9
24 88 6
64 94 48
15 86 12
3 55 46
23 84 38
32 45 40
28 71 49
11 49 9
50 94 36
37 66 50
37 58 45
41 88 60
30 86 28
19 29 1
59 94 2
60 73 13
46 59 12
10 65 1
24 76 1
15 17 57
51 67 44
49 89 15
1 95 40
1 31 2
39 60 14
22 39 45
25 75 55
50 74 36
16 41 16
30 53 38
36 99 49
31 63 2
44 77 35
29 42 60
4 84 27
27 60 4
12 76 37
26 89 18
16 69 12
19 51 0
9 69 30
2 97 4
8 66 46
12 88 17
36 71 23
0 33 57
30 36 41
8 70 43
20 85 13
53 74 46
0 37 26
41 54 40
18 73 2
7 78 0
11 51 58
42 64 14
11 77 38
7 56 48
21 88 29
47 56 4
9 27 5
38 40 29
24 32 45
0 97 1
11 52 11
36 63 15
37 60 53
73 83 44
33 95 42
7 50 41
3 65 43
4 50 54
66 92 43
45 62 42
26 43 12
66 80 19
2 6 10
3 96 3
28 52 43
12 52 15
33 39 18
8 61 32
47 98 48
50 51 52
19 50 17
12 64 53
58 63 22
57 93 21
73 80 56
18 22 20
0 40 5
31 72 51
3 50 26
1 64 54
12 18 9
31 35 51
1 85 18
36 36 27
11 87 40
24 48 36
16 94 47
14 56 50
0 86 6
47 81 22
18 48 41
15 28 39
22 48 48
24 35 37
65 89 11
56 66 9
34 48 32
40 47 58
53 88 39
66 84 56
52 53 39
40 52 58
38 39 3
16 24 31
17 33 39
57 78 46
10 71 29
31 99 5
31 67 45
41 65 3
32 80 40
19 64 32
33 59 12
20 93 1
23 32 47
30 99 60
12 86 4
25 98 34
16 63 58
54 82 2
8 34 44
79 93 5
29 84 36
21 89 57
40 78 41
36 66 58
6 91 16
32 96 16
41 67 20
28 46 14
3 32 36
12 38 48
3 45 47
32 75 17
4 22 51
39 93 60
7 85 12
34 89 46
35 68 8
30 63 13
5 84 41
35 91 49
22 84 29
62 89 49
10 70 13
11 44 15
49 64 39
11 64 46
52 85 5
25 82 7
2 48 21
9 73 5
22 42 58
76 86 30
58 89 10
60 87 11
21 55 60
19 22 59
35 47 34
71 97 17
3 90 49
54 60 36
19 46 17
63 87 6
15 42 23
21 60 24
63 63 16
18 34 47
19 32 55
47 95 24
40 43 36
0 47 46
19 34 32
59 97 6
44 61 60
27 33 29
9 80 1
28 36 34
12 94 23
32 54 24
9 76 0
68 90 6
27 98 21
7 92 0
55 67 21
46 82 17
21 78 53
58 82 44
53 91 40
12 89 5
0 93 28
10 29 32
25 58 39
54 56 51
46 54 24
4 70 45
14 25 58
46 99 56
56 92 0
1 89 32
11 40 39
46 69 20
53 98 41
67 69 32
55 87 26
20 46 34
12 25 12
52 71 1
19 96 46
1 75 4
8 42 25
30 42 5
25 40 43
28 94 15
16 71 11
2 94 48
39 66 40
38 54 47
26 56 50
37 88 6
6 52 13
21 65 44
8 75 40
74 80 54
9 13 25
1 66 30
39 70 56
19 66 18
34 42 50
27 50 59
15 65 40
28 72 20
28 70 17
6 86 10
14 47 29
28 63 47
11 90 44
34 57 1
8 73 17
4 67 59
29 73 0
51 61 16
27 65 30
34 76 6
14 58 12
10 88 50
13 61 2
16 40 49
10 20 37
75 96 52
20 22 53
26 29 15
1 49 10
4 89 49
35 92 18
54 78 47
32 78 21
11 91 60
10 31 44
53 96 34
8 89 28
2 44 24
11 15 17
7 87 56
14 67 34
26 99 46
8 28 13
27 36 49
48 68 39
28 82 25
44 70 23
33 56 42
30 56 11
17 84 1
19 36 10
32 90 42
3 43 47
42 72 33
7 68 50
28 54 42
49 61 46
15 97 55
40 80 20
18 85 25
68 79 57
12 12 23
0 98 40
3 35 1
21 93 27
36 73 7
43 96 41
63 70 48
23 33 33
24 56 57
24 25 57
34 61 25
58 68 20
35 88 34
31 44 51
50 91 33
16 31 13
25 45 40
13 72 60
8 21 10
38 44 13
31 45 17
33 40 18
82 84 36
63 72 2
31 94 13
44 72 7
74 90 34
23 95 16
3 57 27
17 29 58
39 39 7
34 93 27
51 95 34
12 95 25
49 51 20
50 63 11
52 79 40
11 63 20
42 60 60
20 76 59
6 85 33
38 79 52
6 94 56
19 97 38
42 98 52
38 62 13
17 70 59
3 52 40
32 73 48
21 95 27
24 93 60
2 60 13
25 44 57
11 61 22
17 82 56
16 23 36
10 86 39
28 41 0
19 33 47
8 8 15
13 18 22
43 99 17
29 34 33
10 57 57
14 83 36
0 63 12
49 59 17
33 82 14
15 90 37
13 15 9
26 63 55
52 73 21
33 49 5
69 89 30
57 81 44
44 78 6
7 52 19
33 61 11
68 68 5
51 90 23
5 25 41
27 77 29
34 71 53
39 55 50
43 44 45
29 60 7
31 38 59
30 47 28
15 43 40
23 67 58
65 92 7
46 92 54
35 97 24
12 79 36
10 13 42
15 62 17
7 27 20
31 78 34
31 77 57
49 97 16
3 38 34
39 76 18
23 89 59
0 79 29
37 67 52
45 63 57
14 82 50
43 79 38
0 36 40
23 69 42
18 71 37
11 13 18
33 55 34
23 35 60
29 57 14
12 31 52
51 53 58
45 80 41
48 67 30
42 73 18
41 71 19
3 8 45
11 26 54
13 51 7
34 34 43
37 50 31
59 74 57
22 45 59
7 35 47
6 50 31
16 72 53
26 76 32
39 75 36
26 27 46
48 73 9
49 95 30
43 62 44
72 76 12
62 75 31
2 78 42
65 74 42
22 50 59
51 79 52
9 93 38
12 81 17
25 41 10
7 33 56
5 16 50
15 73 42
29 40 44
19 91 15
18 33 27
45 94 46
38 70 12
29 47 40
2 32 3
19 70 39
25 97 3
31 56 47
22 60 21
29 83 4
2 50 10
64 92 42
13 68 49
24 43 0
37 42 39
5 76 11
40 84 44
41 99 14
11 53 2
14 52 28
38 88 24
13 54 5
36 88 25
14 99 42
7 69 49
25 80 29
5 38 18
21 62 39
36 56 55
12 50 11
31 95 54
24 38 46
46 96 31
27 82 39
29 30 7
7 23 47
40 54 40
67 91 19
12 30 23
4 20 22
2 62 24
12 98 35
9 85 55
12 20 35
59 96 47
55 81 56
8 86 22
54 63 20
22 37 55
41 84 43
16 33 53
59 71 21
15 32 57
38 93 40
69 71 21
10 26 45
46 88 37
41 68 32
1 22 15
2 72 3
17 79 14
40 81 29
30 98 18
38 50 0
16 77 50
25 84 2
48 91 5
1 54 37
66 66 41
35 79 55
28 34 17
22 90 59
25 46 24
33 37 46
23 25 60
8 96 35
62 78 60
20 55 29
23 52 52
7 86 17
16 81 37
49 76 36
15 44 47
44 48 42
28 44 13
63 81 50
13 16 34
0 54 50
1 57 30
59 95 32
25 76 38
1 36 40
9 36 60
30 49 56
50 57 59
21 79 13
18 44 37
61 97 15
20 41 38
68 96 22
33 54 36
57 95 29
3 81 19
9 50 48
25 48 24
8 64 25
54 58 17
13 65 37
5 15 20
59 76 17
0 95 49
2 13 11
48 75 56
29 52 28
9 18 28
42 99 24
27 95 10
10 69 12
24 57 34
38 57 43
8 27 54
30 31 20
36 85 35
9 41 9
57 76 2
15 53 42
4 95 57
16 49 11
28 56 50
45 97 55
10 72 52
0 3 28
31 54 25
23 70 22
6 17 4
19 79 38
0 88 59
12 68 17
36 52 44
3 13 12
45 74 55
7 25 49
60 91 51
5 11 36
2 57 1
25 38 0
34 78 52
39 47 45
45 59 27
2 37 36
27 43 58
35 42 53
23 76 29
28 76 56
7 65 35
52 81 58
8 24 26
17 49 25
34 45 31
32 86 34
3 87 15
48 97 31
15 41 6
41 94 13
70 98 33
32 94 5
16 34 17
12 67 7
5 41 14
21 27 14
37 49 59
32 34 31
0 72 12
38 78 26
1 76 58
48 92 36
9 31 58
21 74 52
28 98 43
71 71 21
17 35 33
54 89 21
21 32 34
44 45 40
7 54 12
14 27 53
37 96 50
29 53 20
4 92 10
67 68 8
18 99 56
41 64 11
2 56 44
4 87 21
10 40 47
63 74 15
22 69 33
33 43 44
6 54 4
44 54 37
36 62 53
4 94 51
32 64 46
2 28 8
7 12 56
25 69 28
59 86 12
9 75 1
13 83 50
43 81 15
40 93 42
51 52 19
2 85 30
24 80 29
1 77 16
50 62 27
8 55 40
36 53 40
26 94 40
54 67 32
40 94 5
43 55 57
62 71 5
62 85 49
13 78 16
45 76 8
7 75 31
23 48 46
10 90 40
51 54 14
3 26 48
18 78 10
6 34 27
54 80 18
38 63 25
33 62 23
49 86 18
21 34 1
30 62 20
14 24 53
1 35 59
21 33 35
20 59 52
1 39 57
5 10 5
51 89 6
16 89 39
47 79 5
25 78 44
18 94 20
56 57 10
21 94 32
36 82 27
17 47 46
4 36 57
40 48 19
36 47 26
17 57 35
23 27 46
55 75 56
15 56 10
28 75 21
17 28 31
26 74 38
39 92 11
0 31 33
72 73 6
20 35 56
3 84 28
7 80 36
60 61 47
37 62 37
0 10 43
15 64 57
45 70 14
41 44 39
19 67 30
21 68 17
21 26 15
5 86 5
10 45 60
43 84 59
32 58 14
26 60 58
55 96 45
8 69 7
44 59 2
23 40 60
2 95 60
21 54 49
31 37 38
30 73 16
34 74 55
31 79 60
52 83 27
52 93 10
19 98 14
19 85 50
5 48 57
8 92 57
1 10 15
0 38 48
37 53 22
13 41 52
32 69 54
1 93 33
45 58 48
10 39 25
44 75 16
7 30 42
15 89 36
44 76 36
50 75 57
5 46 11
26 32 43
43 89 47
5 63 5
51 66 58
28 65 52
44 90 18
19 23 59
20 72 12
2 81 26
30 74 5
36 48 46
7 24 32
16 51 49
9 28 51
11 54 30
13 63 23
42 68 53
14 33 60
22 36 51
0 24 18
58 75 8
14 14 49
24 92 49
14 57 12
56 84 47
34 47 46
45 92 22
1 55 18
61 63 3
11 98 12
15 66 22
17 38 24
10 51 17
48 77 22
20 33 1
18 49 53
4 85 45
16 92 24
36 79 23
21 58 6
51 86 13
17 87 31
24 77 34
34 66 22
4 86 46
7 64 43
0 16 2
25 72 30
38 59 45
67 83 45
27 61 22
19 35 57
27 45 52
25 64 59
44 50 12
14 51 9
9 10 42
2 10 5
40 58 25
16 61 39
55 78 57
9 26 21
7 70 59
6 48 59
36 86 57
11 65 28
3 86 19
10 22 23
2 26 45
53 86 27
36 45 21
55 63 19
20 39 60
28 62 56
21 57 2
6 39 6
19 86 13
45 89 2
56 76 27
1 86 13
45 85 26
9 70 37
2 86 43
35 81 50
33 64 16
1 26 36
33 47 6
61 79 13
14 50 44
17 78 16
76 99 32
15 94 35
35 73 6
2 59 39
18 30 17
20 95 35
5 69 33
3 74 33
44 57 22
53 59 58
32 68 9
16 18 29
9 83 56
56 96 12
1 59 25
11 34 19
22 93 42
4 81 6
21 56 5
40 97 55
34 77 29
27 83 16
10 80 8
10 93 34
44 69 34
23 97 4
34 62 56
50 83 25
2 73 22
21 21 48
10 54 50
29 64 14
15 79 6
7 53 52
3 88 30
45 88 14
6 37 1
5 54 57
10 73 32
13 97 12
19 62 17
8 50 42
52 98 4
