120 6540
161
127
161
149
129
150
138
197
126
104
167
154
100
144
128
112
160
153
138
116
137
119
178
132
106
105
198
152
161
189
198
183
120
162
155
151
192
139
200
121
164
100
119
132
102
184
129
120
142
138
175
192
147
174
112
168
143
176
156
122
141
111
195
150
146
148
162
183
169
178
127
164
106
126
159
177
163
166
185
118
172
194
130
131
140
123
150
145
104
153
159
189
111
146
112
166
135
118
108
157
186
171
140
163
138
142
118
112
157
181
117
176
169
104
101
198
134
147
199
117
0 1 22
0 2 41
1 3 26
1 4 23
1 5 15
3 6 20
5 7 45
6 8 45
2 9 27
9 10 59
10 11 33
2 12 15
9 13 27
4 14 34
3 15 16
2 16 33
5 17 48
1 18 45
9 19 20
12 20 26
5 21 60
0 22 50
8 23 34
18 24 21
2 25 17
12 26 37
21 27 15
4 28 57
3 29 42
2 30 49
9 31 44
24 32 51
1 33 9
19 34 13
13 35 3
7 36 15
34 37 10
32 38 49
26 39 57
16 40 18
15 41 40
4 42 44
34 43 37
39 44 37
4 45 40
20 46 20
7 47 6
14 48 36
25 49 38
23 50 44
34 51 49
26 52 4
13 53 35
46 54 5
38 55 22
39 56 15
41 57 16
56 58 51
40 59 9
42 60 30
29 61 40
4 62 36
18 63 2
56 64 45
62 65 4
47 66 13
18 67 51
17 68 10
34 69 0
22 70 48
35 71 45
22 72 59
53 73 17
55 74 37
40 75 56
47 76 34
73 77 11
1 78 6
70 79 16
74 80 57
27 81 50
12 82 50
42 83 6
47 84 56
14 85 13
82 86 9
39 87 60
32 88 13
74 89 26
43 90 1
74 91 56
23 92 4
65 93 17
9 94 35
66 95 33
84 96 46
2 97 8
63 98 8
20 99 52
34 100 11
39 101 1
65 102 47
11 103 8
61 104 52
33 105 24
88 106 46
79 107 1
84 108 17
63 109 45
45 110 30
36 111 28
64 112 12
83 113 25
106 114 46
29 115 20
97 116 2
106 117 11
32 118 55
113 119 13
108 113 16
47 54 8
85 104 60
60 83 17
25 96 35
38 39 57
38 94 51
26 85 37
112 112 41
0 45 4
40 76 27
110 119 8
101 110 44
50 68 3
34 41 57
90 110 5
79 109 59
27 71 52
48 107 59
1 39 48
49 64 37
72 82 1
33 45 60
87 102 43
106 113 50
74 96 16
99 111 46
44 107 51
10 46 47
103 118 19
21 107 16
17 75 11
55 71 8
3 71 49
23 94 53
20 25 0
5 95 19
102 117 38
92 117 56
26 103 21
14 105 51
87 117 59
13 16 6
65 66 4
48 113 30
19 87 42
37 98 43
105 112 51
36 66 10
15 61 57
42 46 31
64 96 20
17 25 15
18 41 2
89 116 7
45 62 50
13 69 46
77 89 40
23 61 55
40 43 7
1 59 24
17 24 10
54 116 11
87 108 43
63 86 13
13 99 43
91 98 55
90 91 16
100 113 59
56 102 18
35 73 26
67 108 56
21 37 41
95 118 43
13 100 26
75 79 42
96 107 6
65 105 0
48 65 16
98 102 52
16 46 35
55 81 3
103 107 42
108 116 6
11 16 60
104 104 8
109 118 33
14 91 22
88 110 21
2 60 35
91 103 27
14 44 36
93 99 7
30 42 16
104 117 2
73 92 6
40 100 11
0 81 24
113 118 19
67 98 37
111 111 58
64 77 30
13 33 42
95 116 8
22 50 25
27 116 6
20 23 16
99 99 26
27 115 15
41 53 44
74 106 20
37 70 19
40 104 27
81 102 0
0 113 32
86 99 38
2 35 42
70 92 18
12 56 29
87 92 49
67 75 15
76 77 37
87 114 13
93 108 55
24 31 37
32 63 23
68 108 0
29 84 50
18 30 26
52 92 47
4 20 21
73 119 36
61 98 8
15 86 2
70 111 54
52 101 32
15 66 38
13 63 46
81 104 20
73 103 28
88 108 55
102 112 29
87 87 13
1 80 4
40 96 15
29 74 21
17 108 21
17 36 36
26 63 37
52 96 3
6 51 7
27 97 59
3 104 51
0 80 47
8 92 33
75 78 10
27 100 36
97 99 6
10 28 30
9 80 33
89 110 60
67 117 42
43 79 45
100 108 9
98 100 2
56 57 49
95 96 25
83 104 20
45 101 56
117 117 31
24 94 26
82 83 52
46 62 49
30 98 2
115 119 40
107 117 31
47 115 36
74 113 25
76 86 46
100 111 28
19 63 47
107 113 49
70 96 29
35 104 25
15 47 50
92 112 15
78 85 30
77 104 56
83 92 42
57 85 32
95 107 38
46 101 46
66 85 20
8 29 19
29 57 11
60 118 8
4 97 16
28 62 12
0 107 38
83 91 51
33 66 37
13 105 33
94 109 47
100 119 18
38 83 48
18 48 42
82 96 60
50 82 8
11 100 15
57 91 0
12 107 52
43 46 37
36 78 34
89 97 54
49 65 14
84 116 13
47 95 25
24 67 60
98 110 36
28 43 27
91 105 18
19 45 30
86 105 52
77 82 33
72 110 39
6 11 35
39 75 50
43 73 20
93 109 38
114 119 25
35 72 37
1 41 50
4 92 34
59 93 40
2 20 45
77 77 54
19 90 59
35 116 45
43 71 7
74 98 12
59 107 26
53 100 45
3 53 40
17 63 51
28 44 54
13 113 14
96 111 58
58 86 51
10 89 18
16 91 59
47 63 29
111 118 52
49 105 26
57 69 8
86 115 35
92 94 49
50 58 40
108 108 25
113 113 46
60 71 19
11 113 46
64 82 24
70 74 59
72 93 46
9 64 41
68 102 0
46 68 24
78 111 27
68 110 8
6 18 14
111 115 4
92 92 57
98 111 45
98 103 44
54 113 20
71 97 0
89 94 17
82 88 27
19 104 4
90 109 20
17 61 20
95 110 20
103 117 58
63 71 27
111 116 43
25 74 56
55 60 15
94 113 45
114 118 18
107 111 35
51 80 46
15 85 8
30 82 35
35 110 10
89 106 54
60 107 35
63 107 39
52 90 20
51 57 18
68 103 1
92 107 37
79 102 34
29 113 53
51 89 15
61 86 10
20 85 48
82 115 53
109 114 59
87 103 29
49 66 51
21 77 52
79 82 52
92 113 33
77 100 51
114 117 33
61 62 46
0 65 35
80 104 0
97 106 34
15 51 27
78 94 29
28 52 7
13 76 54
23 96 55
95 114 29
28 115 29
77 84 33
94 107 0
90 94 47
16 21 8
50 99 55
95 102 3
16 116 20
78 118 55
7 15 35
45 115 2
98 101 40
92 118 12
64 109 42
83 114 15
14 24 59
64 90 42
10 33 37
60 104 42
99 117 34
38 53 52
46 60 48
26 104 23
11 47 6
103 110 14
38 109 43
44 67 8
104 116 60
35 45 33
26 86 51
109 115 55
39 81 22
44 108 52
83 116 5
106 116 36
32 91 23
94 100 10
77 94 4
52 69 14
14 110 59
23 40 55
57 93 6
36 100 6
49 101 59
75 110 20
105 110 5
47 97 39
37 119 47
55 85 52
108 112 55
21 62 15
118 119 57
51 70 51
67 89 27
102 114 36
85 100 24
100 116 28
44 84 16
47 102 32
113 117 10
96 116 16
92 93 59
88 103 10
9 72 34
53 81 36
11 55 7
27 55 18
58 79 37
86 103 28
75 85 4
12 58 57
55 90 6
75 75 30
99 100 57
3 111 54
62 68 33
78 98 45
76 118 10
79 80 8
22 49 56
21 112 38
5 98 12
21 75 26
13 92 18
80 88 44
98 98 32
39 47 51
1 15 44
29 76 33
97 104 9
115 115 34
25 119 6
66 118 22
59 67 47
107 114 0
72 79 29
71 102 51
9 78 40
110 118 4
7 10 5
10 45 10
32 35 46
23 106 39
73 115 3
48 56 49
62 79 29
26 54 30
117 119 53
104 115 56
113 114 5
51 52 40
26 118 32
19 85 51
80 98 6
32 107 8
8 68 36
103 116 30
95 95 20
51 85 24
47 119 50
108 114 16
22 33 38
84 97 41
32 61 43
25 85 51
12 94 4
96 105 59
24 114 54
86 93 15
78 110 38
57 75 46
16 85 2
113 116 38
88 101 37
29 116 46
91 94 24
107 112 9
8 77 35
49 84 18
68 106 12
98 104 57
95 115 18
11 78 32
69 69 44
71 105 43
5 40 35
30 107 23
102 118 4
86 102 58
8 76 21
37 52 35
3 47 46
82 92 57
84 88 24
92 116 1
106 109 24
109 117 28
103 106 52
85 108 28
30 103 47
104 113 59
1 62 29
110 111 21
42 93 1
98 116 51
26 47 5
43 87 45
34 114 23
11 108 8
69 115 56
16 117 53
97 103 2
102 119 18
62 90 41
96 97 8
51 69 14
13 97 24
118 118 50
96 115 43
98 112 5
69 93 22
84 98 17
61 99 60
65 78 57
31 96 26
61 87 28
26 109 29
116 116 7
30 76 26
72 114 60
101 108 14
111 114 58
31 38 0
14 77 28
84 84 26
58 114 35
90 113 38
71 111 25
97 117 31
51 87 23
80 87 18
8 69 21
29 35 59
29 105 28
23 82 24
69 74 18
97 113 48
21 63 56
21 85 48
3 96 37
60 72 56
103 111 4
45 116 44
92 100 52
57 117 6
88 90 6
110 110 18
102 102 30
49 119 0
116 119 51
59 92 5
43 49 60
11 11 44
65 96 24
12 62 43
65 95 30
112 118 32
5 48 49
54 115 50
56 87 52
87 96 9
73 111 9
63 100 26
23 90 16
34 102 24
111 112 38
101 116 39
18 56 20
4 63 27
58 75 38
10 82 27
21 96 46
85 91 39
94 115 10
61 112 16
95 112 42
53 116 15
55 95 15
54 89 19
114 114 38
112 117 59
1 116 32
14 74 30
115 118 44
40 52 18
116 118 15
27 54 40
47 69 13
88 116 8
100 101 8
22 60 58
55 56 8
18 83 1
48 87 33
52 91 54
80 99 7
0 54 29
117 118 56
10 77 12
48 91 38
16 98 35
13 67 19
62 102 21
101 109 26
76 80 0
47 50 16
29 68 11
5 8 24
17 65 15
12 114 36
104 109 49
22 115 34
101 106 3
4 4 14
92 101 9
56 61 50
23 49 28
86 95 43
96 100 46
73 80 33
21 102 11
68 76 57
86 98 0
57 83 41
22 108 20
28 76 43
5 35 4
53 117 25
92 105 22
42 69 8
83 99 60
76 109 29
74 112 37
41 117 21
43 94 46
12 102 51
29 90 15
35 46 10
54 96 45
30 100 26
88 114 16
6 118 7
108 109 46
45 50 7
42 90 29
61 84 54
100 110 31
30 92 41
54 56 50
10 117 10
3 49 43
36 105 39
94 111 25
32 93 51
110 114 28
44 101 27
97 110 2
66 101 1
53 70 28
77 79 21
92 97 34
58 73 14
35 69 31
99 104 40
80 112 36
93 95 56
4 17 18
36 75 58
9 104 11
82 118 17
46 119 54
96 113 21
8 47 30
56 62 29
21 52 37
18 50 46
25 88 47
102 113 32
100 100 17
49 60 9
50 55 31
100 117 6
63 82 0
83 119 7
41 88 16
30 112 58
17 113 48
6 37 29
20 74 57
75 82 27
50 114 53
73 87 22
85 92 57
70 98 23
91 91 15
13 87 29
24 29 33
22 78 56
24 64 57
84 109 10
107 118 27
4 54 20
66 97 16
93 113 58
37 87 2
104 111 18
6 58 58
52 117 50
46 66 36
18 87 5
110 117 2
100 118 6
49 95 35
6 32 6
91 108 12
28 61 37
81 111 16
62 107 51
58 72 21
44 102 34
112 114 29
64 100 50
46 116 57
18 52 55
46 70 27
64 66 19
70 113 52
10 83 19
78 100 51
67 91 58
20 88 8
99 103 28
25 82 2
12 66 5
62 94 60
30 47 49
90 93 10
8 109 14
30 83 11
30 90 3
0 60 40
30 96 39
18 111 53
37 83 14
29 31 52
61 94 26
1 73 57
9 108 34
10 73 32
51 106 32
34 85 42
13 70 15
30 56 20
111 117 53
66 83 16
106 119 56
94 98 17
22 39 9
75 87 49
75 93 42
70 90 1
6 13 56
49 81 41
109 111 36
39 57 45
68 85 45
60 65 58
14 57 50
106 110 60
81 93 5
35 43 51
18 31 47
36 87 25
65 97 4
17 53 14
84 104 45
52 115 5
55 65 44
112 119 57
109 109 40
105 114 16
42 82 55
106 107 14
48 79 47
25 104 8
57 99 8
84 86 53
58 103 13
78 112 19
88 111 44
75 116 9
46 85 41
83 115 2
5 89 15
89 115 16
4 82 40
6 20 12
0 100 44
73 76 9
89 89 54
82 103 42
22 83 7
33 41 14
5 37 53
6 59 52
53 78 54
37 61 37
65 77 60
26 44 0
4 47 10
32 114 27
107 115 17
42 89 53
48 88 22
78 82 22
22 76 58
76 112 37
78 78 9
70 91 23
42 45 29
28 104 54
64 106 13
84 87 32
32 44 3
73 98 10
49 57 13
35 42 59
18 102 13
55 115 50
60 105 14
48 112 32
106 111 26
7 41 55
59 101 47
48 93 45
92 111 44
102 103 5
114 116 11
105 116 29
5 43 37
21 66 16
44 68 23
15 50 47
0 14 32
0 47 59
96 108 22
0 109 20
93 117 11
16 16 25
49 98 44
103 115 27
86 87 22
18 95 55
35 63 51
73 78 50
19 97 31
88 98 14
4 118 18
69 80 17
104 108 0
46 96 14
85 96 33
104 105 11
107 109 1
69 103 26
20 36 21
18 84 51
101 101 43
75 92 22
95 104 45
116 117 48
79 106 41
24 105 49
83 109 57
64 65 19
77 78 55
48 109 16
32 52 54
46 114 45
14 82 25
65 111 21
94 118 8
82 117 55
28 94 44
66 110 43
80 93 47
19 111 17
39 95 36
99 113 17
35 107 43
32 81 54
8 85 52
47 73 47
34 55 39
94 105 7
50 51 56
29 62 3
61 116 14
1 1 1
57 70 44
12 46 40
74 84 20
32 102 38
87 98 26
66 115 9
69 99 25
12 14 43
44 57 47
88 104 2
105 107 31
28 84 47
39 52 35
80 101 35
49 86 34
24 108 41
86 110 16
68 98 1
4 22 48
44 73 34
102 110 37
65 99 24
90 103 57
31 74 56
14 45 18
42 58 57
101 102 35
94 117 44
77 92 31
10 81 54
55 59 11
63 116 36
33 85 31
80 85 59
21 30 42
63 87 25
77 103 5
115 116 40
63 64 1
1 85 23
105 106 33
81 118 58
12 47 22
83 89 31
91 104 59
18 100 28
73 93 32
27 70 26
54 54 58
14 47 39
94 96 27
33 67 49
1 84 16
69 116 14
52 60 9
74 110 41
51 83 0
111 119 21
33 53 17
54 61 50
95 117 26
29 110 24
14 93 44
15 106 12
94 106 12
98 113 18
73 101 6
14 35 57
30 54 30
76 98 19
50 65 31
42 87 13
112 115 4
5 55 7
22 61 56
75 104 24
12 119 27
1 97 25
31 68 17
51 81 26
51 82 44
62 118 8
101 112 12
78 105 31
85 90 57
18 53 59
64 115 46
57 108 1
11 29 48
66 70 18
31 78 21
14 16 23
36 81 48
65 72 59
66 74 22
50 61 19
22 112 17
84 99 12
10 19 22
10 66 41
105 117 3
87 93 39
67 79 56
54 73 36
39 50 58
40 64 54
16 24 28
15 53 4
18 18 17
1 22 6
7 76 42
61 106 42
16 50 22
12 40 53
85 89 46
90 100 6
32 43 35
49 68 6
53 115 39
93 100 1
28 102 8
59 102 4
11 35 25
31 32 28
6 31 40
48 85 17
90 105 20
72 87 11
63 85 20
5 112 45
71 115 24
24 24 22
69 87 17
64 94 53
37 69 13
38 51 13
30 48 12
16 78 11
103 119 4
11 49 49
82 87 26
0 67 25
33 88 44
16 104 56
28 56 15
67 103 56
47 83 20
55 104 55
28 91 44
52 113 4
35 58 52
98 107 41
10 106 39
21 106 31
80 83 54
25 75 17
73 100 11
86 96 28
92 103 3
103 113 56
23 45 22
42 97 19
107 110 46
74 87 39
15 54 33
47 93 38
30 73 7
93 101 0
56 77 15
71 112 5
96 114 43
53 104 5
40 113 0
6 102 55
65 85 24
60 85 33
74 77 50
41 77 39
7 14 5
55 70 4
62 72 18
49 62 50
33 108 36
50 56 53
61 71 21
55 88 57
38 76 26
24 54 59
63 110 33
25 30 14
93 106 42
37 111 14
9 58 59
105 105 29
62 101 53
41 67 56
1 61 22
73 79 13
35 113 12
41 103 32
27 99 8
52 62 36
64 111 22
33 42 33
90 102 30
0 40 31
30 88 39
2 42 50
6 43 35
74 109 28
86 88 23
19 30 41
39 63 19
19 19 43
82 119 30
99 105 41
54 117 43
39 49 30
29 75 40
108 119 21
45 64 49
15 18 14
13 80 16
19 40 55
56 105 40
86 108 35
3 42 5
34 56 25
3 109 40
43 59 46
56 89 36
46 81 28
42 119 6
13 101 2
13 74 3
20 91 20
38 101 35
82 102 49
85 94 37
58 74 47
7 25 58
92 104 23
72 78 4
21 34 60
94 102 19
26 40 30
68 92 41
69 101 57
79 100 32
71 107 14
12 57 37
87 109 31
78 79 1
26 114 33
3 79 44
64 103 38
46 93 44
9 65 20
44 94 48
43 80 6
22 111 13
16 45 24
46 55 29
17 40 39
54 68 7
2 87 46
88 105 16
50 118 27
89 118 50
44 52 38
104 110 3
82 97 42
102 109 44
82 104 3
52 79 32
34 36 0
91 102 45
34 107 24
26 68 29
68 109 6
58 83 12
64 83 30
90 119 13
0 56 25
46 50 34
35 40 33
66 113 22
63 75 7
29 81 26
53 77 49
20 73 58
69 90 56
68 74 46
3 64 56
21 74 5
15 115 12
25 99 46
22 59 56
37 68 11
50 102 12
68 77 4
71 119 19
86 116 9
100 106 20
55 58 5
24 36 7
101 113 31
91 107 5
86 112 57
110 116 20
92 115 12
55 93 23
3 73 27
58 105 24
20 60 37
28 83 59
58 96 46
98 109 41
50 53 13
19 79 31
70 110 32
7 116 40
78 106 42
45 82 56
24 70 16
15 58 43
37 92 3
85 103 55
0 108 57
51 84 25
46 107 32
78 80 33
70 75 53
29 50 7
6 112 16
33 74 52
60 115 23
49 104 10
108 117 8
34 54 50
15 48 19
9 86 27
52 73 33
51 72 19
8 96 55
75 100 19
31 113 43
3 32 4
8 16 46
16 17 12
9 76 32
65 100 45
70 72 5
31 108 8
55 119 55
0 11 7
53 112 3
61 88 33
36 40 46
62 112 36
74 115 33
7 110 8
59 117 2
104 114 40
50 78 12
81 101 14
61 66 1
63 72 50
89 91 24
69 84 11
88 99 5
78 90 27
36 73 57
88 117 50
59 118 5
66 90 10
7 48 4
96 103 34
37 101 32
12 36 45
54 60 35
40 84 17
30 65 15
77 87 3
83 84 26
86 92 22
90 114 46
66 98 12
65 83 30
71 116 27
7 98 0
68 81 51
34 117 1
105 113 36
99 119 30
79 85 39
39 61 11
65 113 18
34 75 43
15 72 41
8 65 17
25 108 28
5 75 56
76 104 56
48 62 47
23 91 35
79 98 39
43 115 13
59 78 39
23 52 52
60 111 27
48 90 41
1 108 1
97 118 21
30 110 1
113 115 50
78 114 3
89 101 42
78 89 5
74 101 13
72 90 54
9 14 53
73 107 18
67 82 33
75 98 27
30 36 0
55 91 42
52 87 51
55 105 30
62 93 8
37 102 3
104 106 47
9 54 58
0 31 0
17 70 45
46 57 44
72 113 35
36 96 40
33 119 39
81 109 50
36 62 22
41 49 45
18 116 44
38 107 46
63 90 49
18 92 54
4 61 49
6 92 14
48 80 54
88 100 20
69 102 22
60 109 44
14 46 27
58 107 0
44 53 57
80 95 50
97 112 40
28 41 39
32 42 42
35 86 44
47 94 37
19 57 40
37 86 48
23 25 34
97 111 29
1 10 40
80 111 8
16 99 29
8 49 8
30 39 46
20 116 18
71 92 53
1 43 49
98 118 40
2 57 41
13 45 38
76 97 51
20 110 30
96 96 41
42 75 35
31 42 47
84 113 52
95 105 30
14 66 25
30 51 11
99 114 48
34 106 53
27 27 18
11 74 20
67 88 11
0 77 8
85 85 57
8 42 50
112 113 38
15 102 17
52 63 55
101 115 32
99 107 0
62 75 58
78 119 45
16 105 34
38 93 57
0 111 43
19 102 35
58 66 18
38 86 8
40 79 7
4 106 38
18 94 45
98 114 22
110 115 8
96 99 5
64 69 49
2 50 36
38 116 16
33 70 19
38 65 34
62 74 42
7 104 29
4 19 52
18 26 15
9 42 21
59 80 51
99 118 48
81 96 31
48 54 41
109 110 45
5 11 13
67 101 12
72 112 2
33 36 28
57 60 54
89 114 18
23 86 11
104 118 52
65 89 51
24 96 33
80 117 33
91 119 28
8 14 1
29 33 38
41 89 19
114 115 59
102 116 58
13 83 41
27 59 15
30 61 37
66 75 14
44 98 8
4 10 35
77 90 31
89 92 6
44 72 28
79 101 35
86 119 34
0 57 17
23 100 29
54 93 12
59 99 15
4 116 19
65 82 48
64 105 17
37 48 32
29 73 7
37 65 43
29 45 26
62 91 56
6 77 31
55 82 57
77 107 40
48 82 6
8 61 2
82 84 29
40 56 51
20 63 24
68 100 0
17 88 7
55 86 32
110 113 50
74 99 11
50 59 59
29 60 42
3 105 39
77 110 2
22 47 15
10 108 30
11 77 16
40 112 26
59 90 9
2 66 58
63 70 3
10 36 21
39 59 29
37 73 43
61 67 1
25 102 40
86 118 26
21 22 2
43 101 18
69 72 30
13 119 55
30 81 43
59 85 52
85 114 57
36 41 37
5 10 55
90 115 38
7 28 48
0 78 41
90 96 54
6 12 3
48 103 14
89 105 16
92 108 55
65 103 4
77 96 45
115 117 49
0 8 8
77 112 27
29 85 14
81 108 22
70 87 18
20 58 22
23 76 50
92 106 31
39 89 6
108 115 0
81 99 50
67 95 3
17 23 4
56 100 11
22 24 7
53 60 9
29 102 53
91 97 4
101 118 46
11 41 48
56 103 55
74 118 29
12 59 54
64 78 6
44 83 60
57 112 31
14 72 36
48 101 36
44 46 30
81 116 31
5 12 49
44 113 15
102 106 28
21 82 43
22 79 33
23 119 23
21 78 44
81 82 53
68 101 58
15 20 45
94 99 50
20 44 26
52 58 47
51 65 43
72 117 55
18 38 3
112 116 25
35 61 27
16 58 7
41 73 36
59 111 52
58 99 35
91 118 39
87 110 15
23 117 40
4 44 19
21 103 5
93 96 18
56 59 26
72 116 10
54 85 21
34 63 34
78 99 2
15 90 28
19 75 4
40 67 46
33 104 7
101 114 15
5 39 8
105 109 54
13 17 53
6 19 53
109 116 4
34 86 26
73 84 13
80 81 50
83 118 26
67 110 55
50 88 20
58 62 4
47 118 4
95 97 9
49 85 3
27 84 40
13 73 12
77 93 30
83 96 3
88 96 29
68 82 14
25 34 8
18 80 15
26 95 53
57 84 23
51 77 29
9 20 49
72 118 42
21 44 2
22 114 22
68 107 9
22 42 22
10 90 34
59 76 18
26 98 10
38 108 27
64 68 23
18 90 22
12 106 2
75 113 4
17 115 13
100 104 4
1 96 51
5 90 2
12 35 1
27 36 46
50 54 51
27 61 8
23 116 60
54 87 34
27 75 33
43 67 8
58 85 8
82 108 32
42 84 7
16 26 48
38 48 44
58 109 54
1 24 3
16 49 27
67 94 37
13 61 15
9 88 11
17 104 8
35 80 1
4 39 60
13 44 57
45 56 7
25 113 36
34 88 27
61 63 20
80 94 17
60 91 47
3 50 21
77 117 59
9 84 22
44 47 8
65 75 54
13 82 41
21 94 30
83 94 17
32 117 36
93 102 1
76 107 21
28 59 0
48 115 4
69 113 6
47 52 49
42 55 60
0 64 58
27 82 52
36 61 51
48 114 33
24 110 42
66 81 20
12 69 32
80 119 39
54 67 46
24 95 46
88 93 29
67 97 8
92 102 56
110 112 46
9 85 4
99 108 34
31 118 0
73 95 21
74 119 12
23 97 1
33 54 42
27 60 11
108 110 10
42 92 51
81 113 35
49 96 2
20 104 56
4 94 33
4 83 42
52 74 32
80 106 33
27 76 31
36 92 39
35 49 21
12 100 15
68 79 44
53 88 32
46 90 41
82 93 37
15 92 59
42 112 35
9 23 18
84 95 43
64 119 30
17 106 12
96 102 3
10 27 36
64 99 15
0 96 9
19 58 29
12 34 35
40 73 30
16 48 27
50 111 27
46 69 10
12 98 11
41 108 30
64 91 53
31 69 33
17 82 53
62 70 44
47 56 55
80 114 57
56 82 22
49 76 15
27 109 39
18 34 43
60 108 13
1 106 57
10 21 27
75 106 13
65 88 12
97 102 34
60 70 28
78 101 21
88 115 5
27 88 3
74 75 57
15 105 35
95 103 6
81 86 37
39 67 19
69 107 57
56 85 3
64 81 50
79 117 56
42 52 17
4 5 53
66 87 10
82 107 5
75 97 56
81 83 30
72 119 7
0 50 3
93 118 0
14 52 39
66 77 31
32 116 17
20 87 49
35 75 56
35 93 43
81 115 44
44 55 32
12 32 18
86 114 57
87 91 54
15 40 37
55 69 32
69 117 30
26 101 40
44 82 52
26 75 49
87 113 58
45 94 36
44 60 25
9 12 2
81 95 25
28 107 46
80 89 22
59 62 22
35 36 38
86 104 60
35 99 47
2 111 7
79 79 55
42 73 46
95 108 57
0 97 50
71 117 57
38 95 14
104 107 2
43 77 35
12 91 19
0 103 52
75 90 44
99 102 13
12 115 29
66 88 58
55 78 23
95 106 1
16 77 50
17 29 60
49 79 47
2 6 44
13 85 12
33 101 18
41 107 5
59 116 31
3 51 49
29 104 5
13 114 48
11 104 32
47 81 15
91 111 54
34 66 33
21 48 26
37 79 52
23 85 11
58 78 9
46 53 37
48 66 14
97 100 49
101 119 8
50 91 2
25 37 7
69 75 46
24 119 16
3 35 37
41 42 60
91 95 29
69 104 57
32 97 38
28 49 5
33 34 52
74 102 41
107 107 10
77 113 20
88 118 38
93 104 1
25 26 46
3 70 54
30 102 8
93 119 0
49 93 34
64 98 36
5 100 36
38 61 48
4 21 12
79 116 51
100 109 57
24 33 51
107 108 37
22 73 1
73 117 3
22 81 1
76 87 4
47 112 20
41 84 1
79 90 43
49 51 49
95 109 29
50 109 52
4 66 17
8 107 18
63 89 14
26 38 45
50 113 58
28 54 34
67 71 46
14 37 3
66 117 53
29 103 51
15 103 44
32 80 51
19 81 22
42 88 1
20 59 47
36 39 17
3 31 9
12 15 35
30 87 9
76 119 31
74 85 39
30 68 56
37 82 4
24 84 11
87 100 55
7 8 15
69 94 2
8 24 3
74 107 7
10 71 38
80 91 37
80 113 26
84 103 1
31 94 32
52 56 19
59 95 60
48 64 7
20 81 15
85 115 31
94 119 58
57 109 36
67 68 34
109 112 6
56 91 24
53 76 35
6 63 15
56 71 30
90 92 49
35 97 47
66 94 11
61 70 30
45 100 56
66 99 28
91 93 19
45 102 50
36 104 54
79 103 53
24 93 41
38 75 18
109 113 24
29 65 47
107 116 45
92 98 57
58 82 47
38 110 18
74 116 4
91 113 25
103 105 34
1 109 29
41 47 43
103 112 3
38 47 25
25 72 59
40 45 35
76 116 36
1 71 4
27 73 54
14 116 27
0 70 22
55 67 19
14 68 34
73 74 4
4 8 42
24 118 44
56 96 57
56 117 43
51 110 48
25 69 48
92 96 41
36 71 38
32 60 18
65 76 36
46 75 31
42 109 58
27 85 58
23 39 52
3 27 52
46 102 55
89 98 57
65 87 0
67 90 30
32 69 23
70 106 46
3 87 15
10 59 2
10 113 38
99 112 23
67 85 16
38 71 51
5 106 32
45 46 21
98 117 23
17 110 18
54 102 36
79 108 46
80 100 34
48 84 4
88 92 44
15 55 37
77 98 58
33 79 49
29 37 56
76 88 11
24 80 6
93 98 46
12 63 50
62 96 49
3 86 57
30 70 38
25 97 26
105 115 34
14 15 55
57 101 21
47 96 37
12 81 32
75 103 51
23 87 40
51 112 57
79 110 43
72 106 12
103 114 17
16 47 55
111 113 33
54 69 37
67 99 31
20 78 12
44 110 39
37 64 52
76 103 40
50 74 10
61 105 36
70 100 18
62 116 9
74 79 4
77 115 5
82 113 20
54 95 1
19 38 46
80 92 7
29 66 57
22 85 38
65 65 51
1 37 9
71 98 0
83 87 15
38 90 50
86 91 4
30 119 19
71 114 23
83 97 27
32 101 20
21 109 41
17 112 48
20 40 0
34 101 33
49 91 34
18 27 46
99 116 34
47 48 51
38 96 51
70 76 6
53 75 22
37 89 18
37 51 28
6 28 35
14 65 1
101 117 3
34 104 43
82 110 23
25 66 54
4 33 18
31 55 34
85 95 14
27 29 8
42 91 33
43 84 0
36 44 6
50 83 25
74 117 20
42 101 27
43 54 26
27 79 9
28 112 15
43 100 56
71 101 55
31 93 23
18 97 53
65 114 52
0 4 34
3 72 60
4 34 42
22 109 30
87 111 33
5 64 44
64 113 38
3 107 30
102 104 27
29 41 59
65 90 32
68 111 34
37 59 13
21 69 50
0 110 43
84 92 32
81 112 47
0 69 32
62 66 15
43 93 57
77 108 46
68 91 31
32 73 31
71 86 34
64 116 21
86 94 27
28 88 28
20 112 9
76 105 33
25 33 55
49 80 20
89 96 7
27 86 34
27 107 60
10 99 12
101 103 8
15 93 42
80 102 25
89 112 26
4 115 47
64 102 0
2 90 26
39 86 24
42 96 10
35 85 1
45 45 4
94 114 23
91 101 51
53 72 32
108 111 16
16 90 38
38 89 11
86 97 50
72 88 21
18 33 8
10 52 24
24 102 50
6 72 8
49 100 48
61 119 21
23 51 25
107 119 57
61 72 8
85 118 57
48 53 36
87 90 0
47 75 52
4 35 44
81 110 17
95 99 52
79 118 14
3 34 1
34 48 29
0 86 38
9 95 0
43 96 19
16 119 23
57 87 44
37 41 50
77 86 21
36 118 38
16 107 45
28 51 9
19 98 28
67 80 17
37 60 49
89 90 2
14 60 22
63 103 49
59 104 26
102 105 14
59 112 26
44 90 6
57 73 33
89 111 51
56 76 21
21 56 60
6 34 52
44 59 14
24 72 31
50 71 29
9 114 1
45 90 48
88 88 9
91 115 14
19 55 43
26 29 0
38 45 48
25 77 60
45 118 44
56 84 9
25 60 47
27 52 7
68 80 54
50 57 33
56 78 32
101 105 47
2 98 17
92 119 42
2 99 57
83 95 3
21 108 29
66 69 19
18 69 59
27 65 56
67 111 12
49 106 57
3 23 45
85 87 26
17 119 60
1 51 25
97 98 42
35 90 54
43 119 5
39 84 60
96 101 57
76 115 25
46 49 20
34 45 16
53 68 35
43 47 54
102 107 28
74 93 4
42 106 57
96 112 51
89 99 54
40 68 47
5 31 32
45 69 54
104 112 0
36 103 48
23 30 16
30 34 59
85 107 46
99 110 6
30 31 10
30 44 22
4 113 24
31 89 14
8 95 33
53 101 48
75 111 5
83 85 50
8 22 31
34 70 20
2 17 8
7 42 53
6 41 18
8 55 22
103 109 40
85 88 35
57 76 36
22 64 38
33 109 14
60 86 19
33 51 25
54 66 23
28 60 11
8 10 52
21 58 20
42 80 55
88 95 48
62 71 59
59 100 46
65 69 49
46 67 8
41 110 15
38 67 29
40 40 29
38 63 38
7 67 27
91 116 44
83 106 26
50 86 3
3 83 31
16 81 32
83 107 53
63 80 8
16 18 41
74 82 36
9 49 45
22 118 29
61 81 11
3 119 8
91 100 21
47 98 56
6 65 1
53 83 55
38 77 21
5 24 11
63 104 40
36 86 10
16 54 32
4 114 25
9 96 50
11 85 22
80 118 22
45 87 6
39 80 46
67 119 55
61 69 10
13 75 18
46 100 35
28 53 56
3 97 37
24 107 0
22 54 44
21 39 4
92 99 10
66 78 57
96 118 24
54 70 57
70 115 7
3 5 55
44 80 12
41 106 42
5 111 6
80 115 56
1 103 10
59 114 4
41 45 39
43 53 2
9 29 7
56 69 37
80 108 46
60 82 47
24 40 9
4 26 36
40 93 57
97 119 59
38 57 11
56 73 31
52 72 54
34 95 49
85 110 1
25 91 15
8 31 17
62 109 41
103 104 12
62 114 29
94 104 22
51 102 6
35 55 42
87 112 37
39 90 33
80 96 23
48 89 17
41 51 6
33 58 19
21 90 3
70 94 53
29 106 39
13 90 26
77 88 20
69 91 40
42 63 48
85 116 35
81 105 23
13 62 1
65 101 23
98 99 60
29 63 13
11 30 15
80 84 39
52 71 16
20 113 35
44 48 20
29 89 20
62 117 1
63 63 54
43 72 30
14 112 53
18 51 43
37 88 21
43 107 24
65 110 57
87 104 49
68 117 60
97 115 52
56 68 21
25 95 29
17 49 29
41 75 38
71 74 6
3 89 5
27 87 38
48 110 15
7 93 44
55 108 46
18 58 51
100 105 55
80 80 40
84 107 19
38 85 54
86 90 40
69 111 10
49 115 59
4 29 55
90 98 13
57 98 7
38 102 36
19 61 51
94 108 24
100 107 5
70 103 31
79 104 42
19 109 16
30 99 52
69 96 52
96 117 57
85 101 6
76 78 6
45 48 51
15 25 60
24 61 12
10 95 31
58 71 35
17 41 54
3 21 0
75 112 10
52 104 25
42 117 22
56 97 6
98 106 32
32 115 39
28 57 36
15 28 46
56 88 39
24 109 17
41 96 42
106 118 31
32 36 55
32 78 45
101 107 35
17 44 2
72 92 44
14 34 0
96 109 41
16 39 11
54 77 5
62 85 41
40 58 55
93 94 57
1 12 38
64 114 43
4 75 51
26 82 27
51 62 1
60 96 12
13 31 53
76 79 51
48 74 41
1 77 45
87 94 2
19 106 54
80 109 8
56 75 7
78 116 9
68 99 13
16 72 40
81 89 55
93 105 45
59 98 21
36 56 1
64 80 34
58 111 52
44 106 21
0 62 35
19 46 59
3 112 43
23 84 33
41 68 49
8 73 23
29 119 35
54 71 48
38 98 13
1 16 58
10 100 60
74 92 15
20 27 37
81 106 17
6 69 12
18 62 31
51 74 36
106 106 51
7 29 2
31 52 47
63 76 49
96 104 44
22 95 44
27 67 44
42 66 53
6 50 12
79 96 46
23 118 16
86 106 47
49 52 33
48 58 9
30 85 23
8 56 38
0 5 8
8 81 37
27 74 48
6 100 29
54 57 48
46 103 43
19 32 2
67 115 4
85 113 0
65 94 34
79 105 50
74 104 7
53 56 31
8 38 5
22 37 30
88 102 45
7 30 24
32 104 26
20 92 39
59 79 43
53 55 26
38 79 10
30 49 10
6 85 12
37 100 38
22 52 60
84 101 16
33 68 40
54 91 15
72 94 33
15 91 9
16 73 35
100 112 26
0 23 3
71 100 23
49 89 13
94 112 32
53 61 50
29 79 36
39 92 28
60 64 35
2 92 6
89 103 9
16 106 37
91 117 3
68 89 0
8 57 28
79 97 10
42 95 52
66 108 23
28 35 25
19 42 15
16 93 36
11 26 24
61 95 16
51 92 59
3 74 33
32 72 28
83 112 22
54 103 1
73 106 42
106 115 25
72 97 13
54 119 25
35 84 6
6 66 48
39 105 23
51 107 3
43 91 33
25 62 8
47 49 4
71 72 5
87 106 51
12 96 49
26 119 53
53 103 25
85 106 48
19 49 59
54 86 2
17 47 16
4 9 33
75 96 0
75 83 35
75 117 50
74 108 60
27 83 36
11 75 14
9 63 5
68 68 48
4 11 49
15 19 42
71 90 35
63 77 58
51 94 3
48 50 26
25 54 10
45 77 22
61 108 39
31 88 21
46 46 50
31 99 9
66 91 21
88 113 4
11 32 53
79 94 9
76 100 51
20 43 29
56 112 5
44 66 0
77 106 59
42 59 50
6 68 16
83 83 42
96 106 59
16 68 9
30 95 22
90 104 58
81 98 50
53 110 17
72 98 14
30 114 11
6 9 0
61 89 5
49 77 23
44 99 7
57 62 34
1 74 1
19 29 49
58 118 53
11 83 18
58 97 33
102 115 16
20 66 22
80 116 9
49 112 35
5 30 56
85 86 22
87 115 2
77 109 47
11 70 14
77 119 45
20 93 50
83 88 50
78 113 16
23 36 12
72 89 32
81 90 45
9 36 29
21 92 14
37 93 52
4 73 25
20 103 2
10 65 25
33 115 29
22 36 41
11 112 26
10 88 41
38 56 51
93 97 26
68 119 4
24 59 26
33 110 42
26 112 45
25 78 57
16 31 54
69 109 29
44 87 56
91 110 8
65 104 46
63 118 60
46 92 19
48 60 18
63 108 41
41 102 3
64 93 36
32 45 53
47 72 44
90 111 60
53 105 17
29 42 16
36 45 11
34 110 45
33 69 50
82 82 18
8 11 59
63 96 31
3 98 30
79 114 44
56 81 2
54 72 31
7 108 14
47 70 40
48 105 9
1 113 0
13 29 34
12 13 20
20 42 17
91 106 34
14 39 22
38 40 13
57 107 44
22 75 10
62 77 44
96 110 29
33 107 34
5 114 22
56 56 0
64 72 18
58 101 9
53 113 19
55 116 6
73 118 22
76 106 60
27 94 46
86 89 50
75 118 60
47 60 14
66 119 56
65 107 38
0 24 38
15 29 39
95 119 27
29 46 36
25 38 24
34 68 23
10 93 46
75 108 60
76 91 9
9 68 3
90 97 58
12 86 54
63 113 9
83 111 38
52 53 50
55 64 2
69 92 38
74 97 28
64 71 54
62 92 25
43 66 54
33 35 22
34 116 50
49 116 9
99 115 31
54 112 39
87 116 13
51 88 31
72 108 3
2 47 44
98 115 21
77 97 32
27 113 33
36 95 41
30 93 15
5 102 60
53 64 29
49 109 28
8 111 30
19 65 43
27 111 39
23 60 44
76 83 51
43 74 8
62 86 28
74 88 4
56 70 57
34 34 9
59 105 18
43 95 21
34 42 5
50 110 3
33 99 36
103 103 55
26 116 60
12 77 58
50 101 36
21 53 43
82 114 50
59 110 58
58 95 15
45 55 0
78 95 60
22 100 11
11 66 41
57 106 35
36 50 10
23 55 18
11 12 50
23 77 9
31 79 13
45 66 39
12 80 26
9 101 60
27 53 51
47 89 13
30 116 0
31 64 4
23 115 37
57 118 42
26 55 7
23 43 28
82 98 50
109 119 52
50 66 30
49 87 25
69 95 28
55 110 58
82 111 20
38 64 37
67 86 0
25 25 18
14 40 50
38 117 1
25 98 24
101 104 8
22 38 45
26 97 11
29 58 38
8 99 52
61 85 39
50 117 50
98 119 18
35 76 59
37 57 20
23 74 54
56 101 19
80 105 37
40 42 34
12 31 24
35 52 55
32 113 19
73 83 24
91 99 27
72 77 53
15 84 19
42 79 42
29 83 41
69 71 45
18 104 9
9 28 46
8 28 2
55 100 23
68 75 25
34 39 48
45 71 20
89 104 11
90 90 6
74 94 10
34 52 4
21 81 32
10 50 50
8 90 55
75 107 18
94 103 47
24 30 17
47 55 49
36 119 5
13 94 24
24 117 14
52 59 32
35 74 37
74 78 11
14 118 60
63 78 9
88 107 59
53 67 50
19 107 55
13 81 30
25 35 25
33 81 18
51 114 20
0 7 9
55 99 2
50 103 3
97 105 8
61 111 49
60 92 27
40 88 17
36 117 12
53 59 49
28 82 26
64 74 24
52 112 45
26 56 9
18 39 59
64 76 16
11 53 2
29 91 28
50 108 58
14 84 54
50 107 13
63 66 59
57 95 21
31 59 45
82 105 19
8 27 51
51 60 48
39 72 60
53 89 25
26 62 46
90 118 59
41 60 26
37 77 10
30 75 51
13 72 26
65 86 59
4 64 41
32 65 46
35 117 55
11 110 22
53 71 51
93 93 23
69 76 10
18 61 32
61 113 19
20 108 12
63 84 17
26 33 44
104 119 5
11 102 12
56 72 55
34 46 38
9 79 14
37 75 60
36 116 31
22 53 44
0 73 22
8 83 41
34 83 17
41 115 44
19 22 45
13 34 55
71 96 17
3 99 30
19 116 35
37 39 21
40 77 43
79 111 12
5 88 7
91 114 10
56 99 3
44 116 24
68 90 30
13 38 37
36 114 38
87 95 47
81 114 36
29 29 19
57 92 14
105 108 53
10 67 32
76 114 11
15 113 8
13 42 27
6 76 31
108 118 15
84 112 57
72 74 51
32 67 48
73 94 40
39 117 25
36 48 38
58 112 60
18 37 49
29 82 21
51 98 38
77 114 33
26 91 16
43 113 42
36 93 50
76 111 23
4 40 41
44 114 6
12 88 36
17 91 27
72 80 48
38 78 29
49 83 49
11 82 15
18 45 47
60 93 4
15 37 59
13 102 6
60 60 16
46 52 48
3 78 6
68 84 34
32 55 41
93 111 54
33 100 6
44 77 17
60 117 47
27 38 40
5 56 47
26 36 54
87 97 15
0 94 18
25 110 3
23 24 26
12 109 49
28 77 2
95 98 26
15 67 19
60 78 23
11 105 41
94 101 51
35 38 25
3 58 26
79 89 2
26 46 12
46 94 10
54 84 33
25 68 52
1 118 27
35 101 56
35 118 34
3 48 7
87 101 43
21 25 16
24 73 16
43 83 9
23 31 57
26 92 26
24 113 35
36 46 32
97 101 18
19 77 49
58 108 16
11 86 45
5 76 48
27 62 9
64 88 42
38 118 14
57 90 58
29 77 34
18 119 29
11 22 5
53 90 27
54 101 53
66 116 18
66 114 60
53 87 29
36 97 52
10 54 28
53 114 3
7 100 5
93 103 8
9 97 58
43 56 42
24 66 48
33 71 23
105 119 58
54 75 58
39 79 49
8 64 10
48 95 4
67 96 56
21 32 15
32 51 29
63 112 43
35 48 2
53 79 40
1 105 60
56 114 6
63 65 36
28 110 37
1 8 45
27 45 23
37 114 15
11 93 37
27 47 52
45 85 14
46 78 31
103 108 54
27 117 28
46 108 33
35 96 2
16 19 20
22 22 11
29 101 26
48 96 20
64 86 43
67 100 31
99 101 15
59 88 13
76 101 31
66 82 41
69 70 57
0 114 41
84 115 11
63 117 48
20 94 32
75 115 2
41 59 51
20 54 36
14 90 19
17 31 58
95 101 59
72 115 8
27 92 43
92 114 60
47 71 2
52 114 9
57 81 17
0 10 2
47 51 13
78 88 25
43 63 47
76 113 36
60 80 3
16 64 7
33 95 16
28 69 50
68 83 23
22 25 43
41 90 59
69 110 17
8 36 46
19 114 33
17 22 44
6 90 60
33 75 49
56 66 15
6 78 29
43 50 18
41 70 4
13 77 47
31 97 50
70 89 43
61 92 13
63 106 6
9 30 40
4 16 52
73 86 58
13 43 11
45 105 42
84 90 25
55 92 59
40 103 13
3 62 27
58 116 5
42 104 36
58 67 32
57 119 32
6 23 28
76 95 59
12 50 47
60 73 29
74 81 26
13 30 28
62 115 12
21 117 16
100 114 17
49 102 5
7 12 45
29 118 4
51 90 47
15 38 54
34 109 42
69 97 37
97 114 19
56 93 33
8 21 27
81 103 20
10 55 8
31 104 35
46 71 16
28 68 8
83 100 35
34 53 9
39 76 39
76 93 11
10 41 24
54 90 34
23 62 28
63 94 42
44 93 7
61 91 30
17 54 19
47 108 40
10 42 47
6 70 33
10 44 15
1 2 24
44 85 43
11 95 35
12 103 10
21 114 28
39 55 21
34 76 59
94 95 54
9 102 14
20 64 22
11 117 14
25 101 54
45 93 21
89 100 43
52 57 36
70 109 10
36 112 43
20 65 39
18 103 7
7 18 60
15 57 23
71 81 34
20 90 59
31 40 19
4 108 56
11 44 20
9 89 19
6 88 49
36 42 58
81 107 57
30 117 36
66 93 18
40 92 50
39 88 44
6 89 57
39 43 55
47 58 17
16 37 26
100 115 14
72 73 30
34 50 0
12 39 51
27 69 4
67 116 59
3 7 57
22 67 47
32 87 2
35 95 26
82 109 2
33 43 56
43 60 17
69 89 40
67 107 59
22 26 34
42 51 27
59 66 17
55 57 60
28 109 48
68 88 30
7 111 41
71 110 10
34 35 49
29 97 25
39 100 27
60 63 54
9 66 4
27 91 4
79 87 13
1 117 15
48 92 46
59 68 1
14 103 23
7 72 0
71 84 30
33 52 17
34 77 23
13 54 37
21 21 60
15 77 22
13 32 20
53 98 59
30 104 28
49 55 31
11 17 51
21 51 12
46 87 6
4 18 47
31 67 57
12 101 29
55 87 45
43 81 44
65 79 17
83 101 37
72 86 0
54 98 19
1 64 47
14 86 29
19 27 27
7 50 49
36 52 47
38 99 35
35 103 33
33 33 35
70 118 25
1 81 39
39 108 5
52 110 43
83 93 9
20 100 20
56 67 15
25 114 14
8 86 49
63 67 16
59 65 28
15 64 46
7 57 54
69 100 26
92 109 44
26 93 32
31 44 14
67 72 60
13 58 52
8 119 40
9 60 23
24 38 37
38 92 44
70 119 7
50 75 0
61 103 6
44 81 28
72 105 24
0 34 10
50 93 45
7 109 14
71 118 60
74 90 34
52 103 9
60 102 25
19 21 3
38 52 51
28 46 51
46 86 47
72 103 56
2 3 34
11 92 44
71 85 2
17 32 14
32 39 58
87 99 51
31 50 13
8 30 53
22 23 46
70 78 21
6 56 1
36 110 42
1 91 48
9 81 52
63 97 10
14 94 12
24 42 14
13 21 44
42 53 10
94 94 21
56 106 20
55 97 42
59 82 21
47 61 26
27 44 31
5 78 56
24 98 9
58 77 39
36 90 45
24 111 33
95 100 23
50 60 30
35 66 36
66 96 9
32 84 30
24 45 38
48 73 1
61 102 38
4 77 22
62 113 38
9 87 54
25 40 51
20 84 7
84 106 39
16 51 45
3 36 24
18 68 40
44 109 0
50 79 34
64 95 31
75 101 6
54 100 23
50 77 37
7 94 13
14 22 3
5 62 46
38 59 27
34 87 56
16 36 45
65 108 21
31 75 16
19 50 25
43 65 5
10 115 37
49 94 37
42 65 3
3 43 40
58 106 33
39 110 48
83 86 3
52 54 36
90 116 59
77 118 23
42 85 0
0 0 13
40 80 36
25 31 19
19 82 37
106 112 33
36 58 17
46 61 8
12 21 59
39 77 20
39 113 34
49 92 17
30 108 32
11 28 37
42 42 40
70 83 58
98 105 15
24 103 54
73 110 53
4 112 0
77 95 0
22 102 10
49 78 53
85 93 42
11 65 10
77 83 30
3 37 3
76 81 0
54 82 2
75 91 5
36 43 43
67 113 29
71 108 20
28 106 11
36 74 27
60 76 57
28 37 46
75 95 30
14 17 13
56 60 50
21 54 60
6 79 58
10 47 20
8 41 14
0 39 21
4 105 11
102 108 3
31 98 5
9 105 13
50 70 51
4 91 19
10 29 49
73 99 25
28 72 37
52 77 6
42 98 39
26 111 10
6 53 23
10 86 60
32 94 19
11 14 10
34 60 35
18 76 40
45 75 55
3 85 0
43 76 49
13 91 15
50 115 2
26 79 36
18 40 4
6 111 13
29 38 18
43 64 57
34 38 28
49 63 25
70 85 47
37 55 28
35 60 58
23 64 2
54 118 26
40 55 35
49 75 4
53 57 17
17 117 46
52 95 23
4 27 52
60 94 44
0 43 29
84 119 16
66 86 19
69 82 14
71 73 25
6 67 40
67 104 45
26 110 22
64 84 34
88 109 56
25 100 23
45 67 49
59 91 32
37 49 37
23 27 11
79 113 42
57 67 53
44 63 41
35 79 1
40 66 2
44 64 26
18 28 12
89 95 35
46 63 0
73 112 23
78 93 51
58 68 46
36 109 17
15 76 47
24 48 26
37 91 21
42 43 28
28 118 29
30 94 2
91 92 17
87 118 34
50 119 25
7 11 48
51 75 23
81 97 47
58 58 26
49 90 45
62 64 53
66 79 11
39 58 48
97 97 56
61 90 7
66 67 28
2 119 42
100 102 48
11 87 37
10 26 58
0 106 5
69 85 22
24 88 52
50 72 18
21 24 41
79 119 30
19 36 49
105 118 39
64 117 25
7 21 20
66 109 44
19 33 14
51 104 7
45 112 60
60 114 36
42 115 49
7 102 59
13 117 4
28 67 13
26 117 2
20 80 40
90 108 31
73 89 8
100 103 60
8 106 41
29 87 59
8 87 35
44 115 34
54 107 53
21 99 36
95 111 49
41 95 26
35 105 0
43 48 11
15 83 7
24 28 31
26 57 2
9 99 56
9 45 9
21 43 29
26 107 28
26 99 55
35 102 36
74 76 36
14 43 29
26 45 49
6 46 32
6 71 0
70 95 27
63 119 11
30 113 8
57 88 9
48 86 34
24 51 18
0 76 6
21 31 51
14 107 21
2 18 17
66 107 22
18 115 57
34 103 57
79 93 53
2 94 24
70 99 43
28 93 39
40 82 52
76 85 41
47 103 37
40 57 13
34 65 32
24 104 49
61 75 19
46 48 57
48 57 28
1 55 32
31 73 47
51 78 1
26 72 2
36 107 1
48 81 57
21 29 1
80 107 39
27 68 26
5 53 44
70 70 16
15 116 60
48 104 8
23 71 34
17 77 25
30 111 43
14 28 34
3 4 13
84 118 41
9 93 60
6 57 30
4 84 6
92 95 22
84 105 54
88 119 2
54 97 4
68 86 24
6 24 17
77 101 44
10 43 40
64 108 22
78 109 28
57 100 34
51 61 25
29 32 8
22 86 44
19 73 22
30 45 24
35 108 37
7 69 5
7 60 6
18 81 8
43 86 34
20 119 5
45 117 8
63 111 39
29 94 2
42 100 16
1 88 50
9 74 2
21 47 13
19 91 30
17 84 7
62 98 37
70 101 38
22 82 37
2 7 4
12 79 44
42 99 43
22 84 25
30 38 9
78 107 0
26 61 19
25 28 35
6 36 32
26 60 22
30 66 36
9 113 16
35 115 50
1 32 0
93 107 37
23 35 12
56 94 29
61 68 27
31 83 4
23 93 27
26 108 49
10 102 16
40 65 48
81 94 8
16 79 3
25 36 43
7 20 45
48 119 13
8 113 42
20 38 24
68 113 36
21 111 12
80 90 47
69 119 26
5 72 25
62 105 34
9 50 37
60 61 49
1 29 43
55 111 6
93 110 32
11 43 29
84 111 37
59 96 15
13 49 49
47 77 56
26 76 46
82 89 12
22 110 30
34 61 45
65 70 48
23 65 49
7 56 49
64 70 31
0 88 40
42 44 21
64 97 13
41 98 34
28 42 60
41 48 22
86 107 50
1 86 30
47 110 57
45 81 19
4 80 41
12 76 11
9 15 38
34 47 41
51 54 26
28 65 21
4 32 14
38 69 33
29 53 33
35 41 45
94 110 16
82 100 18
75 81 18
52 61 19
4 38 31
69 98 50
16 95 55
15 44 33
26 70 3
99 106 60
41 69 56
70 97 38
9 52 44
32 49 33
49 107 24
6 48 8
55 96 50
45 61 8
61 80 19
87 119 53
40 53 42
76 96 29
76 102 5
58 102 9
79 99 18
106 108 9
6 74 28
50 105 33
20 111 54
74 105 31
21 116 40
40 48 55
17 58 55
6 15 29
41 71 32
51 64 39
9 77 36
63 93 1
45 63 29
45 99 49
42 103 45
80 97 46
6 10 45
27 114 31
50 116 31
17 107 40
41 94 40
25 50 34
73 75 29
38 41 17
33 92 55
14 81 58
19 26 5
11 42 56
31 90 33
33 49 35
17 96 26
24 106 2
52 102 54
22 113 46
47 99 58
96 98 49
34 94 28
67 109 54
31 119 40
40 83 47
71 77 11
10 72 40
8 52 32
66 102 34
28 108 0
30 37 28
15 21 54
28 113 16
68 70 57
43 69 21
20 89 42
43 112 14
50 90 32
11 23 18
27 39 44
64 67 33
50 50 31
24 89 6
32 89 18
24 112 35
43 105 2
36 77 53
18 101 58
34 90 18
70 84 43
56 113 13
58 69 30
16 113 30
42 86 50
45 51 20
70 86 10
35 70 5
19 80 41
20 20 22
39 116 0
46 82 23
57 63 27
20 117 36
91 96 9
38 74 20
27 50 34
45 70 55
2 102 29
82 85 31
76 110 57
22 28 44
5 47 15
1 31 10
72 107 28
32 99 26
67 114 42
85 112 28
15 81 40
19 41 34
3 16 39
44 62 52
21 40 44
62 104 30
25 107 20
49 59 48
13 71 59
12 43 29
47 88 49
1 104 16
21 45 14
25 59 26
56 74 27
11 118 59
58 70 59
59 77 48
74 111 5
67 73 30
54 63 17
11 59 41
1 56 24
58 104 14
41 92 14
37 50 45
3 54 45
26 88 46
2 104 27
33 56 31
78 97 32
71 91 55
17 48 47
66 89 54
10 35 16
45 49 49
31 58 33
9 61 13
88 91 56
54 108 41
10 94 1
6 61 35
63 79 22
72 83 10
45 106 25
67 76 23
31 48 19
16 22 36
81 85 50
52 118 11
51 51 42
48 55 57
15 62 58
48 106 25
51 105 51
27 95 42
16 20 47
17 105 53
11 54 22
26 65 29
59 115 59
50 81 4
16 32 58
46 84 24
18 98 12
41 65 25
81 81 38
15 17 55
32 41 51
72 102 29
38 106 42
24 75 7
89 117 17
44 89 34
30 60 51
40 94 55
74 114 59
22 43 3
83 110 24
83 98 9
67 112 48
60 112 30
20 35 18
20 28 51
25 86 56
44 75 21
51 108 43
36 51 39
63 101 28
6 108 22
27 33 38
6 30 25
23 109 23
16 88 19
76 108 35
80 86 21
62 78 47
9 53 58
8 15 54
26 28 30
56 104 4
89 113 52
82 112 35
17 79 15
23 114 50
73 88 35
32 77 46
3 41 59
40 49 45
44 119 47
65 92 55
29 92 3
22 106 49
8 19 34
26 77 60
6 38 45
86 101 23
5 91 1
67 78 40
2 95 41
41 112 53
78 84 30
62 69 38
97 109 49
44 103 10
31 54 44
17 90 36
44 112 5
41 87 17
90 112 56
17 55 39
42 72 5
51 53 16
5 32 34
3 45 3
68 112 56
10 98 36
26 32 43
40 71 41
10 104 6
49 110 47
60 74 2
30 115 31
73 113 33
44 118 56
18 117 26
5 25 23
37 43 39
1 20 36
42 110 44
28 111 13
4 53 29
44 51 3
64 107 48
15 68 41
30 84 30
33 55 30
53 91 8
22 63 39
44 58 9
26 26 16
38 70 48
6 49 34
6 114 40
48 97 19
1 46 20
17 86 20
28 101 42
53 65 46
43 97 4
77 102 1
41 97 17
24 39 30
20 29 18
4 57 21
66 104 12
27 31 15
71 106 31
12 67 12
84 91 13
12 116 13
89 102 1
31 100 42
25 43 54
50 80 29
47 113 20
8 17 50
89 107 41
20 51 24
28 95 15
40 97 34
65 112 4
53 97 12
29 52 18
13 14 18
30 57 6
2 39 1
63 92 16
77 85 37
63 114 32
56 63 59
22 31 30
64 85 15
5 36 53
79 84 34
28 32 20
10 96 6
60 100 41
24 50 52
54 64 10
15 22 26
43 111 38
36 65 11
3 114 2
70 88 11
53 80 18
87 105 22
72 99 3
18 32 29
20 52 38
99 109 43
15 75 22
66 68 39
0 49 33
65 109 17
65 117 7
97 107 19
65 106 42
53 53 16
56 119 54
8 46 14
42 118 9
9 46 32
82 91 28
17 85 2
28 98 50
61 74 5
34 64 52
38 104 59
10 18 11
45 103 26
51 103 30
89 93 56
34 62 40
40 105 14
27 118 17
23 81 10
17 35 42
68 87 53
54 81 9
36 91 15
72 85 32
58 60 52
61 114 45
82 116 11
65 67 56
5 46 46
79 115 47
71 89 41
27 58 50
31 101 27
26 48 25
60 95 44
32 74 22
34 93 27
45 111 49
2 37 28
5 115 3
31 33 3
29 100 44
59 86 23
20 50 12
36 101 60
15 32 52
36 88 22
45 114 56
11 68 9
30 74 29
70 117 24
31 49 48
61 82 23
17 37 15
5 42 13
2 51 21
45 57 34
52 80 55
11 71 7
49 67 5
33 39 9
51 115 41
32 71 14
13 37 44
26 84 7
17 71 8
23 37 41
0 6 54
9 9 53
31 53 16
28 70 36
55 103 39
91 112 51
43 109 29
7 61 39
52 68 54
79 91 60
12 83 5
66 76 10
8 112 4
28 86 11
10 37 6
20 34 8
18 89 20
29 70 49
1 92 17
0 53 19
65 116 21
82 101 51
19 66 54
10 105 9
8 74 55
53 95 11
21 49 31
60 89 26
68 72 47
58 92 42
30 35 23
46 72 40
1 72 10
45 68 34
1 40 20
75 77 42
10 20 11
5 28 40
72 84 33
9 48 34
17 94 42
49 117 29
67 102 1
3 38 57
17 59 7
4 78 54
10 23 23
9 56 18
14 73 50
31 66 37
18 82 6
8 45 31
51 67 19
57 113 1
20 39 59
17 51 23
69 78 38
32 108 48
19 108 0
41 80 9
33 62 22
67 118 51
19 25 60
6 25 20
37 40 34
25 81 34
42 67 0
62 95 34
86 86 44
53 69 57
35 37 39
87 89 35
37 45 33
58 63 17
46 58 21
9 43 20
89 109 22
72 76 11
50 94 12
0 20 21
73 90 31
9 18 25
8 114 46
10 107 54
7 59 42
11 60 47
53 66 10
1 90 22
30 62 31
2 86 25
51 58 60
41 119 22
94 116 58
38 38 52
15 65 16
49 113 56
1 69 6
73 102 28
15 89 37
47 117 60
40 108 31
36 67 5
64 118 57
22 46 44
42 113 47
10 103 9
18 36 24
61 76 1
75 109 0
81 100 37
46 105 27
77 91 28
92 110 2
32 37 35
11 51 32
8 12 45
5 18 30
27 42 50
11 48 55
75 99 40
55 61 39
13 115 42
78 104 35
87 107 29
22 56 36
52 64 27
8 59 35
53 94 29
62 106 27
7 83 60
17 118 40
38 42 45
31 62 34
23 38 3
33 102 5
75 94 28
57 105 18
60 68 35
3 18 19
5 16 2
64 89 35
11 25 32
4 30 19
30 33 15
37 108 24
27 56 14
85 105 8
16 42 44
9 106 51
45 72 2
63 99 14
11 84 34
63 91 6
51 116 21
72 75 26
57 61 4
48 67 33
2 36 7
41 66 49
93 115 45
28 66 36
40 62 52
32 47 21
0 30 9
39 65 45
52 78 17
60 84 60
22 91 35
50 89 52
42 116 36
3 80 16
61 73 5
7 37 42
86 111 0
37 54 15
36 84 60
64 64 3
41 82 32
13 86 6
20 115 58
3 9 44
48 118 0
77 80 48
17 33 58
64 75 40
18 57 45
2 33 6
73 97 31
40 47 58
4 12 25
51 59 5
20 53 31
13 89 9
3 65 44
5 82 1
57 66 28
78 87 57
51 93 48
23 33 19
31 60 17
4 88 17
57 89 46
12 104 28
46 118 16
48 111 49
25 56 13
19 31 42
55 73 27
17 28 19
90 107 10
0 44 38
71 88 37
16 27 38
52 85 22
75 102 1
51 95 60
63 73 42
68 73 22
73 105 52
77 81 0
70 71 14
26 58 3
60 75 34
60 81 27
47 104 48
83 90 3
2 45 29
44 65 53
36 63 0
20 83 33
78 96 55
21 71 50
60 88 49
17 109 0
57 114 39
48 102 28
73 73 7
84 85 33
24 52 3
40 106 11
13 60 47
7 88 10
27 77 6
56 115 27
2 112 14
50 95 52
31 110 8
34 105 22
61 65 10
68 105 30
8 71 29
24 47 17
51 100 1
15 60 51
34 44 53
74 103 46
0 68 0
28 38 8
18 25 4
2 85 26
14 25 34
57 77 31
16 84 7
38 46 2
46 51 29
7 113 29
66 80 52
53 102 36
75 89 51
33 59 13
12 89 25
90 106 34
53 74 53
11 18 8
65 68 43
24 83 32
59 109 48
49 54 5
5 59 44
42 54 54
58 117 35
2 44 53
16 89 29
7 114 26
21 38 14
39 71 51
21 95 27
31 80 40
16 23 26
45 80 46
23 56 32
17 62 35
15 112 22
40 70 51
5 109 25
3 110 20
54 109 56
48 75 52
29 69 36
27 102 51
16 87 34
14 62 48
40 117 49
23 110 60
35 65 12
73 91 9
85 119 13
14 99 13
51 117 54
70 102 4
47 65 52
7 86 30
62 89 9
50 63 7
24 34 47
4 72 43
27 32 40
52 82 3
70 81 29
50 64 17
9 37 31
62 88 33
90 99 57
32 48 11
45 109 2
43 57 52
58 84 23
8 70 0
33 106 16
24 46 29
15 108 39
68 104 48
16 67 26
14 41 57
46 59 31
18 54 15
40 81 3
29 98 15
43 108 20
9 73 51
90 101 27
68 69 12
84 117 10
47 62 46
49 72 60
43 117 43
102 111 52
15 43 59
67 105 43
61 97 2
22 32 46
55 112 45
9 27 3
66 72 57
5 74 51
66 103 55
56 80 30
75 76 49
7 24 8
45 76 25
43 58 8
9 38 16
36 108 15
32 59 33
85 117 49
29 34 20
14 109 49
9 40 39
29 109 11
21 73 40
55 66 55
5 87 34
71 82 11
31 106 0
85 97 16
2 101 21
32 32 6
7 22 9
41 43 54
60 98 18
34 72 47
17 56 24
39 103 29
8 54 59
10 16 38
1 38 15
32 54 16
31 91 54
9 82 37
29 44 52
58 93 39
75 80 23
62 119 10
32 75 1
76 92 57
13 36 32
19 89 47
44 69 3
0 3 4
17 45 27
68 96 60
11 106 55
61 93 15
32 50 29
11 45 44
24 81 52
12 12 6
31 87 15
89 108 11
15 118 40
59 119 8
52 89 38
71 76 3
42 94 41
64 104 13
17 93 26
38 100 48
51 119 46
66 71 24
33 93 56
20 33 3
13 57 29
50 87 46
48 77 58
57 116 44
41 56 24
39 118 34
20 56 29
0 63 25
33 114 13
8 116 20
73 114 31
1 50 55
54 105 20
5 9 21
94 97 46
86 109 11
72 72 9
24 49 4
25 48 32
30 91 43
34 91 18
32 56 13
19 95 26
3 117 34
69 77 3
31 84 43
21 60 18
3 69 20
21 110 9
41 101 24
56 95 11
23 111 11
37 115 33
10 75 26
77 105 15
11 39 41
14 55 3
37 72 3
27 80 28
10 63 17
20 105 3
28 99 39
19 78 1
25 94 19
41 54 52
29 80 45
47 79 1
23 29 10
55 102 34
48 78 34
27 105 36
58 90 37
39 109 56
44 117 50
18 114 56
25 117 44
78 81 44
15 78 8
42 68 38
39 42 40
54 114 17
55 68 37
62 82 18
41 81 42
8 37 30
7 9 15
29 47 5
39 112 45
32 109 26
40 78 16
3 90 37
5 96 45
10 61 16
19 68 57
2 89 55
1 115 24
4 117 19
10 80 51
51 76 53
1 48 56
95 113 40
63 95 47
19 113 50
46 113 13
5 60 31
29 40 15
73 116 17
2 13 40
59 74 19
13 109 47
75 119 33
33 57 29
42 47 28
5 45 32
5 104 37
2 67 24
24 101 35
78 102 45
14 19 58
5 14 21
61 83 3
105 111 36
47 68 9
2 108 60
9 92 11
15 42 55
16 41 0
46 98 8
61 101 17
23 28 14
56 83 17
49 108 24
32 83 24
13 13 15
38 66 33
71 94 57
32 98 35
9 41 27
36 76 18
67 69 42
11 46 19
14 75 50
17 20 24
44 54 56
28 33 37
43 70 16
4 31 59
55 106 51
69 108 16
19 92 17
59 69 7
16 59 8
33 103 12
29 117 14
18 35 46
3 103 23
43 104 20
73 104 17
17 72 25
41 83 59
17 64 38
41 85 22
26 34 37
53 118 53
76 76 10
17 60 42
57 86 45
40 98 14
41 52 39
78 115 19
23 89 13
0 72 37
34 71 35
71 109 32
61 110 15
59 72 58
85 98 0
59 103 7
1 49 42
85 102 25
11 21 15
46 111 5
6 110 35
85 99 44
40 109 46
2 19 11
25 71 43
33 72 33
8 39 21
22 30 54
6 93 9
8 40 52
56 65 49
24 87 17
61 79 3
21 50 31
10 12 56
30 52 54
91 109 55
31 95 17
47 107 49
19 94 51
4 67 30
39 91 53
41 62 56
57 102 6
6 62 13
33 111 2
5 26 56
18 110 22
59 71 23
28 80 48
16 71 52
14 92 24
76 89 22
44 92 16
3 81 14
86 117 1
19 62 45
52 106 25
79 88 30
0 104 55
4 65 4
17 30 55
15 98 3
38 88 10
43 68 48
5 70 2
88 89 20
7 46 53
7 65 9
13 50 46
29 108 7
71 113 9
93 116 11
81 92 8
35 92 42
8 104 58
26 87 43
18 59 36
0 41 43
59 75 56
8 117 54
28 75 19
11 79 30
3 12 50
42 108 16
85 109 30
17 66 52
25 93 19
4 93 11
10 14 11
14 71 31
14 98 34
0 71 19
86 113 3
16 74 34
37 99 12
2 34 26
10 39 55
2 118 12
18 86 4
15 15 15
46 99 26
18 79 51
44 56 19
79 112 35
28 29 15
12 24 44
35 57 18
96 119 2
29 48 57
72 91 49
31 114 42
52 98 8
30 106 56
68 95 56
25 64 27
30 71 15
7 43 25
45 89 6
20 26 36
78 83 16
2 96 15
7 34 21
62 84 25
58 89 40
25 47 35
66 112 17
47 90 35
26 94 26
13 40 52
70 112 38
79 92 51
55 89 8
17 39 7
7 92 44
57 79 5
1 54 13
16 118 40
33 46 10
37 113 39
26 100 52
35 106 34
12 19 50
19 67 0
46 83 43
27 57 37
2 28 23
37 58 50
21 105 10
31 105 46
5 15 36
70 105 33
21 113 30
82 94 59
1 79 30
25 106 10
18 75 39
55 107 26
9 47 36
25 51 16
3 63 26
13 19 18
76 94 35
26 74 29
5 65 59
49 99 10
26 113 49
69 118 26
24 77 22
39 64 1
27 90 25
72 81 40
32 53 42
78 103 36
0 32 4
5 13 51
2 70 9
43 75 5
6 21 60
45 53 20
32 82 9
35 88 16
2 56 30
73 81 52
43 116 0
58 98 26
90 117 14
69 114 12
50 112 26
19 44 48
40 119 5
1 82 24
49 69 37
25 76 1
63 83 59
10 48 39
55 80 2
7 68 43
49 82 16
70 104 40
30 64 0
32 90 35
57 58 12
61 64 44
59 81 47
47 100 41
5 67 6
59 113 39
47 87 27
70 82 56
53 58 8
21 83 59
6 87 13
82 106 46
18 112 55
1 52 39
45 52 29
35 62 53
62 81 8
24 60 26
15 16 59
58 59 29
7 117 19
37 116 60
51 71 35
0 55 15
68 114 16
85 111 33
56 111 47
20 114 51
33 117 41
60 62 51
50 84 18
36 113 27
19 72 19
83 105 46
32 106 35
11 101 51
41 76 17
15 73 51
42 105 10
67 93 23
24 58 18
78 92 21
25 70 13
37 112 5
54 74 8
9 35 27
41 44 15
55 109 19
23 54 20
61 107 5
13 24 13
23 102 18
63 81 7
36 98 11
90 95 6
55 62 39
25 53 57
81 87 54
60 101 42
69 86 54
55 72 9
81 117 44
29 111 48
28 36 19
7 26 38
13 26 9
20 45 53
32 66 51
4 70 50
52 119 7
7 79 24
9 55 21
28 28 38
32 76 12
16 60 36
37 103 22
21 118 12
5 108 0
20 31 13
21 59 20
0 89 40
15 27 11
48 94 17
24 100 38
71 80 4
51 55 41
7 78 46
83 117 44
66 84 30
5 66 48
19 60 1
98 108 43
48 76 60
39 41 11
62 73 34
42 81 27
58 115 19
57 110 35
43 110 9
14 53 29
21 72 11
87 88 11
45 98 26
36 47 50
51 99 7
12 72 36
12 113 23
29 49 1
23 66 34
15 46 12
40 72 18
7 75 18
39 66 21
49 118 35
45 84 48
70 114 21
61 100 38
62 80 50
53 111 1
65 98 42
57 94 22
43 103 6
47 106 50
10 53 7
45 86 38
84 110 52
36 64 10
58 110 35
71 78 47
33 44 12
14 117 42
21 87 12
20 96 32
84 100 20
84 114 2
12 29 0
9 24 44
17 103 5
54 62 8
10 31 39
68 116 17
6 22 41
12 23 46
7 101 54
34 89 58
1 14 5
14 78 41
54 111 6
45 107 46
67 87 17
48 59 32
15 34 52
36 70 9
15 99 7
53 86 4
11 40 50
26 35 51
6 44 20
43 45 23
20 21 52
22 44 29
77 116 51
52 84 50
25 41 31
17 43 20
36 69 19
22 58 42
44 88 56
57 96 7
32 96 20
47 67 55
58 61 10
22 104 28
23 113 20
22 69 34
54 65 25
52 108 5
42 61 15
40 61 35
50 67 60
46 110 12
12 27 29
20 69 39
34 82 9
93 114 39
43 118 50
52 81 57
8 62 21
48 99 19
17 98 6
17 52 32
10 34 23
4 58 53
78 86 40
41 72 56
46 91 51
21 28 6
28 96 22
7 44 51
37 81 40
80 82 2
1 28 49
37 63 7
45 60 50
21 55 35
26 43 9
13 84 26
26 78 50
80 110 12
6 60 12
31 107 15
9 75 56
44 104 4
34 99 6
6 35 38
10 15 34
26 115 20
56 98 5
20 79 15
15 31 19
10 97 34
6 55 39
71 104 55
14 30 18
32 111 28
2 63 38
55 94 38
76 90 7
64 92 4
54 80 31
4 25 46
50 100 8
37 107 20
33 77 32
19 20 24
49 97 1
11 91 51
60 110 53
2 109 58
72 101 17
62 62 30
76 99 41
10 22 39
39 68 12
70 116 51
15 107 59
6 94 34
11 67 41
83 103 9
10 13 33
66 73 25
40 114 9
32 57 40
53 93 35
61 118 26
15 24 60
19 101 48
0 59 26
84 89 9
55 76 0
9 71 42
34 58 34
1 107 21
57 80 16
38 103 48
55 113 30
41 116 56
3 44 16
32 85 57
74 83 51
44 105 51
14 95 41
23 72 1
57 111 53
22 48 56
52 67 0
67 70 22
83 108 40
14 31 28
15 59 25
47 101 20
57 78 33
26 30 17
29 59 31
32 112 0
42 77 55
0 102 3
14 26 37
12 110 36
31 77 17
15 82 41
10 10 52
75 88 34
31 37 9
8 58 26
14 114 19
19 100 35
69 105 10
72 109 29
28 50 43
54 92 45
41 74 29
14 29 58
33 65 28
49 56 3
39 99 53
60 113 21
64 101 37
65 80 5
19 105 32
7 106 25
75 105 41
44 50 27
19 119 47
51 79 49
52 52 24
8 67 27
25 83 55
9 110 8
11 63 18
59 70 11
66 106 53
25 27 1
57 74 29
46 76 42
5 83 42
43 106 50
0 52 38
33 76 54
41 114 15
10 79 0
16 63 47
25 67 20
46 65 53
23 83 38
0 48 15
2 61 2
16 115 44
42 50 0
8 33 59
57 65 23
41 46 53
30 41 3
16 35 6
27 49 57
28 117 57
73 96 46
10 118 58
18 78 57
40 116 56
75 86 19
28 105 0
35 54 3
39 119 16
21 89 56
12 73 13
39 107 40
56 110 35
31 56 14
1 11 58
59 94 33
3 95 35
18 19 19
51 66 20
9 98 0
18 49 20
33 96 24
2 52 10
57 97 55
31 63 56
74 74 58
4 74 37
60 90 39
34 40 41
4 56 54
1 95 22
31 109 33
19 115 20
1 58 30
25 118 12
47 78 28
27 28 44
36 60 7
39 115 16
12 55 30
9 118 10
36 94 29
2 5 48
59 83 18
15 101 26
88 112 31
2 40 49
13 68 23
0 99 18
46 64 36
50 106 23
14 54 43
8 60 10
24 35 35
36 106 35
26 53 27
82 95 36
31 92 11
27 93 21
39 102 59
5 94 47
48 116 10
8 94 31
76 84 3
17 21 9
10 110 30
23 112 12
61 77 48
40 50 31
2 65 22
2 114 24
58 100 34
72 100 57
49 74 28
5 97 52
53 107 6
65 91 14
25 32 36
68 118 33
31 47 60
30 32 53
71 99 24
27 41 5
0 119 2
36 80 4
11 114 4
64 110 1
70 73 4
10 91 59
29 43 52
4 36 41
57 57 30
55 63 43
56 116 52
67 81 1
40 54 27
29 114 58
1 87 43
45 65 54
26 59 34
57 72 32
7 17 23
39 114 17
88 94 9
25 89 18
15 94 50
33 61 35
12 45 10
0 46 52
71 93 41
21 86 56
44 74 17
12 48 7
28 55 2
31 86 18
52 111 49
67 74 55
61 61 60
89 119 21
13 52 47
1 98 59
0 9 19
29 95 6
74 86 44
63 68 57
16 100 34
33 84 27
19 70 11
18 23 30
3 25 56
20 62 46
16 86 40
9 25 30
11 73 17
13 118 54
39 106 29
63 69 23
41 79 54
17 102 32
28 89 47
59 64 21
24 115 52
38 81 45
49 103 28
38 97 41
18 21 0
43 61 46
79 83 37
23 104 58
13 39 44
34 96 34
7 58 38
7 73 23
48 70 40
60 69 30
0 95 49
0 42 2
24 86 16
21 70 15
70 93 35
7 31 24
3 88 51
2 82 15
1 17 22
28 78 33
68 97 19
11 34 35
25 90 14
43 99 31
11 89 28
14 102 38
2 81 56
34 112 24
61 109 10
58 65 48
61 115 24
27 72 36
31 81 2
60 67 10
5 19 38
5 73 1
26 83 16
11 52 18
25 39 30
41 58 43
39 73 24
30 69 39
0 118 13
37 85 43
15 117 33
1 119 46
12 93 18
27 96 43
3 61 56
14 63 41
5 6 34
39 104 21
0 27 6
33 113 26
36 99 6
18 77 56
25 84 21
8 89 4
38 80 14
31 45 59
30 118 15
42 111 47
26 42 7
62 100 32
25 29 1
13 64 44
7 27 29
7 82 20
11 56 7
35 68 48
7 16 0
21 97 26
22 96 49
30 40 52
48 100 46
17 100 31
28 58 21
14 69 57
10 56 14
8 118 6
2 100 9
55 79 6
13 47 41
1 35 53
8 78 46
13 59 3
25 116 43
45 47 34
59 60 20
16 82 11
15 87 51
39 69 15
44 79 15
30 63 28
26 89 1
17 50 20
52 83 50
39 78 17
16 25 21
3 40 37
12 18 51
69 88 55
65 84 3
20 47 15
39 93 35
15 30 39
26 49 51
11 20 12
51 109 42
36 37 27
20 86 41
23 99 28
31 34 13
27 89 52
30 50 43
39 98 51
71 83 41
22 99 36
41 63 41
6 80 19
60 119 44
17 80 51
10 101 23
63 102 41
21 84 47
52 75 43
13 48 18
18 64 52
11 72 54
55 75 34
36 53 18
32 40 7
1 66 1
29 55 42
9 57 26
17 114 43
12 70 52
14 21 39
20 75 21
46 104 25
31 35 52
27 108 50
62 111 8
74 100 0
48 49 1
33 78 36
7 71 36
48 72 48
13 51 56
9 103 55
41 55 60
29 39 8
15 110 54
23 32 32
1 102 0
88 97 22
36 85 55
57 64 38
37 66 7
38 105 44
81 84 39
76 82 23
52 66 15
23 26 25
8 53 37
71 87 48
11 58 46
21 79 0
37 38 13
17 42 11
1 112 5
60 97 57
45 113 53
44 78 58
4 50 54
52 107 38
0 87 55
17 81 14
16 97 28
16 29 44
13 66 45
34 49 17
5 85 40
52 100 47
17 73 2
19 39 9
79 95 1
36 55 44
44 44 21
38 50 4
37 71 50
17 27 31
8 82 59
16 111 28
70 107 41
72 111 47
33 48 44
57 71 53
33 94 31
0 116 54
28 119 11
43 62 3
25 111 46
36 49 21
37 105 37
7 112 0
23 73 18
12 61 23
39 97 29
58 80 42
41 100 59
24 43 12
26 105 58
2 22 7
84 102 59
14 38 55
49 49 17
47 82 3
78 117 2
43 114 29
15 45 32
73 85 3
2 24 1
12 95 16
43 102 39
31 61 22
65 119 55
52 55 7
47 64 41
35 81 37
28 85 26
55 114 33
3 28 4
46 80 37
18 106 3
27 98 24
26 80 13
29 51 13
44 76 9
20 61 5
19 84 35
17 92 24
71 79 2
11 33 33
39 54 0
0 74 34
34 115 36
53 108 51
40 99 34
43 88 31
71 103 2
22 40 51
39 96 49
36 115 18
2 2 41
43 43 48
18 22 0
50 62 10
52 109 2
71 75 55
8 32 13
82 99 12
38 68 52
26 50 51
16 70 42
84 94 0
72 104 25
40 87 32
3 17 52
48 68 23
34 59 19
25 87 17
19 93 42
28 74 15
59 59 55
9 16 10
32 33 9
52 105 0
33 50 4
3 22 51
83 102 55
51 68 31
53 85 49
15 111 7
3 75 28
45 88 37
5 41 44
55 117 24
11 88 40
66 100 14
8 26 8
23 78 21
8 88 34
58 81 45
12 42 58
53 109 36
46 77 35
5 101 42
65 73 7
22 119 44
10 114 26
5 92 44
45 83 9
47 53 60
47 92 0
67 83 46
47 47 29
48 51 19
82 90 3
22 41 24
40 51 24
28 40 35
81 91 6
26 102 35
21 100 52
29 36 9
8 102 41
59 61 11
17 87 52
4 101 18
32 95 48
5 22 0
23 79 8
24 57 57
50 104 53
6 103 38
35 53 34
9 67 11
79 86 24
72 96 60
13 23 44
11 13 20
28 103 49
34 78 48
32 70 47
75 84 47
67 77 56
50 52 48
6 86 11
7 90 38
1 21 57
58 113 22
15 109 50
29 71 26
51 63 10
55 98 38
14 20 17
9 83 45
22 62 12
2 88 56
57 103 23
0 28 54
52 70 4
30 89 11
20 49 3
49 73 12
16 33 12
28 45 25
30 55 23
25 63 42
66 111 3
41 111 59
66 105 41
37 46 8
20 41 38
6 91 13
54 94 56
76 117 42
38 44 24
43 51 32
4 103 25
17 69 20
86 100 55
24 69 22
20 106 18
70 77 47
58 119 42
23 68 56
11 119 35
6 27 53
1 27 11
40 69 3
35 112 48
22 68 31
22 27 5
24 76 8
40 90 38
50 92 54
19 88 53
22 77 13
6 47 0
3 67 24
74 95 13
16 94 26
24 25 3
60 116 57
35 35 7
28 63 46
47 114 16
55 118 10
35 91 18
36 89 39
30 72 0
54 59 26
14 51 52
2 73 35
62 110 23
36 83 26
35 67 21
58 64 5
8 100 41
5 113 50
38 60 44
3 108 1
10 74 25
9 69 60
40 110 15
2 64 2
8 115 11
25 42 13
24 44 23
42 107 14
25 115 0
31 70 19
1 70 13
15 52 36
22 35 10
31 82 13
1 6 18
2 110 19
41 64 55
8 8 13
3 92 43
40 107 0
69 112 36
5 50 25
46 79 32
32 105 9
2 38 29
69 81 54
23 108 14
56 109 3
2 48 3
3 26 10
30 97 49
12 108 7
14 80 3
16 112 27
31 46 26
81 119 34
15 95 52
18 44 17
46 95 3
22 107 20
5 58 23
53 54 28
2 11 56
7 7 26
34 118 26
30 86 5
63 74 4
5 93 38
7 84 48
21 68 6
62 63 40
6 83 18
27 110 21
13 112 18
34 97 40
29 99 47
60 99 31
5 33 55
50 97 56
18 72 2
7 119 25
56 79 42
11 31 47
40 89 7
38 49 50
20 77 53
71 95 47
0 26 43
59 106 41
39 46 7
7 13 47
49 58 49
43 55 0
39 45 5
7 38 34
61 78 2
10 25 34
5 80 12
5 20 34
52 88 42
27 63 38
24 41 12
2 105 22
27 43 22
19 47 18
27 106 13
2 74 44
33 87 44
53 99 23
3 57 46
29 67 14
18 47 12
11 37 36
15 49 7
46 88 45
16 103 0
6 73 22
60 79 10
0 93 5
55 83 13
43 78 50
27 51 28
12 37 5
24 26 14
25 105 42
38 113 40
7 96 39
5 57 16
38 115 11
6 16 31
14 111 7
0 101 16
3 10 6
29 86 48
53 96 2
38 112 30
60 103 4
7 66 28
31 76 32
42 49 13
4 110 40
63 115 44
69 83 24
43 89 28
22 98 59
16 28 31
43 44 9
4 107 18
36 59 17
39 60 41
1 44 15
4 79 24
8 18 28
35 47 2
5 107 25
41 91 14
7 89 22
35 119 13
14 119 32
30 58 33
48 61 37
38 73 55
62 83 16
14 96 25
30 30 13
8 75 1
5 116 52
38 58 46
5 68 21
21 119 59
2 4 27
7 40 49
8 51 34
15 100 29
16 101 39
75 114 12
11 97 40
24 99 49
64 73 56
20 32 30
5 117 15
9 119 26
62 99 3
17 38 54
1 89 57
31 71 43
35 59 51
32 92 3
16 43 1
69 73 32
21 101 2
22 89 50
33 64 13
34 111 4
54 83 53
22 87 18
0 115 0
67 67 44
11 98 56
42 48 0
14 76 20
57 59 16
37 47 3
38 114 41
2 79 2
17 116 54
0 105 14
48 71 46
12 30 27
6 39 1
37 80 58
73 108 7
39 111 4
23 80 57
7 53 58
59 87 45
37 53 3
19 86 16
26 67 36
12 84 30
40 85 26
8 13 41
21 23 9
17 26 7
30 109 29
13 104 5
6 104 51
45 96 18
48 117 42
24 97 55
20 48 47
2 49 30
0 12 39
18 71 53
10 78 42
10 49 18
48 69 49
31 65 17
21 67 35
15 26 32
36 68 25
37 37 20
65 81 59
42 78 4
4 85 28
23 67 4
77 99 21
51 96 5
39 74 25
5 29 55
4 90 44
1 94 41
28 114 26
44 91 26
2 58 50
45 104 10
12 105 59
27 48 22
5 54 33
10 51 24
32 110 17
7 107 41
40 63 43
17 97 3
13 15 16
13 65 11
63 105 44
4 51 3
28 116 59
10 70 50
11 61 48
12 75 33
6 95 15
47 111 7
5 34 53
4 81 43
1 36 52
62 97 25
7 33 56
68 93 56
34 92 39
20 76 27
54 55 17
5 61 12
23 59 12
16 66 40
27 30 34
67 84 59
61 117 59
13 18 42
18 99 3
24 116 46
56 86 47
41 50 47
17 18 18
11 36 1
54 58 29
0 66 37
21 65 5
31 117 44
10 112 55
55 55 25
16 80 60
11 107 20
18 96 35
20 24 3
54 76 21
37 90 7
49 88 42
78 108 32
28 97 30
14 32 28
31 43 40
3 100 41
6 105 33
68 94 7
44 86 37
55 77 29
49 70 14
47 57 8
10 57 46
93 112 55
22 29 51
21 93 33
31 111 46
0 25 60
4 69 54
37 44 2
28 39 0
5 63 30
28 90 14
50 96 29
9 17 51
19 52 37
54 79 28
18 46 34
30 80 60
21 33 9
41 109 56
4 49 39
4 71 1
40 44 29
78 91 28
12 111 3
5 86 2
23 53 17
10 92 36
32 64 10
0 19 45
19 118 40
4 15 49
66 92 49
60 77 38
2 117 32
12 54 2
15 97 60
15 70 57
10 40 16
7 32 22
54 104 38
39 48 25
24 71 1
29 93 44
4 13 32
33 91 12
3 118 43
40 95 0
21 46 16
18 118 1
39 53 49
35 44 34
65 74 60
11 81 7
18 108 45
26 96 50
14 18 53
4 96 51
62 103 22
26 90 47
28 47 49
19 24 4
21 64 46
16 102 29
47 105 29
28 48 9
2 21 25
23 48 4
44 49 34
24 53 54
45 91 8
62 76 1
7 62 30
32 46 6
57 104 0
42 76 39
45 108 8
30 59 14
44 97 47
54 88 30
0 29 14
6 106 54
21 76 9
17 111 52
19 110 27
5 52 28
22 45 24
72 95 59
42 56 39
5 103 51
52 65 6
42 57 35
11 50 52
7 35 57
37 109 57
12 51 37
4 55 29
48 108 12
21 41 38
40 118 49
59 108 31
17 19 49
60 66 12
14 104 45
66 66 28
8 91 59
97 108 40
14 33 59
33 97 25
16 62 43
51 101 52
12 41 55
40 91 25
37 117 27
63 88 56
42 64 7
65 71 5
9 11 51
13 103 35
44 61 58
0 58 54
56 90 2
24 74 44
31 103 57
10 58 27
20 72 41
39 40 24
3 11 17
21 42 29
9 62 25
7 55 0
36 57 14
23 101 46
37 56 4
49 71 35
31 85 54
62 108 13
19 103 40
4 23 53
54 106 27
14 42 50
6 96 26
9 70 43
28 73 56
27 66 20
11 115 13
29 96 40
13 27 53
4 68 25
0 51 36
68 71 46
14 97 13
31 51 28
1 68 34
31 39 31
21 88 42
43 52 37
5 118 34
31 116 10
41 61 23
2 71 22
58 91 41
27 78 9
40 46 13
15 69 45
0 35 52
2 31 33
18 29 1
1 93 42
3 8 34
23 23 47
51 113 37
0 84 10
8 80 11
7 70 2
4 24 8
12 87 21
5 27 5
12 25 37
18 60 13
48 48 46
29 88 35
20 71 16
7 63 46
11 96 50
39 70 45
56 108 25
59 63 54
31 41 33
4 119 48
2 29 19
33 90 20
12 65 16
8 63 58
56 92 27
26 41 39
6 115 6
13 28 57
12 85 50
56 107 31
13 55 52
44 95 1
1 100 1
3 102 56
28 71 27
58 88 31
0 85 29
14 50 15
52 116 37
20 95 47
101 111 39
8 9 5
12 38 33
0 17 12
52 94 42
23 57 11
17 83 18
7 105 50
48 98 1
31 57 25
24 85 30
9 51 56
67 92 53
23 103 36
24 79 25
2 83 20
59 97 59
53 92 5
28 87 45
2 91 22
47 109 21
19 74 58
30 46 14
27 64 37
35 64 14
20 68 48
50 85 59
24 56 5
47 86 52
39 82 20
51 118 36
19 99 16
27 40 36
58 87 17
37 110 13
21 91 45
48 83 48
42 62 30
45 92 14
19 59 45
10 24 18
15 74 30
28 64 9
3 20 20
64 87 55
14 36 15
2 84 7
65 115 22
20 37 7
37 62 31
18 105 16
0 90 8
39 51 15
22 66 47
24 37 20
6 82 6
13 41 25
24 90 25
34 84 51
3 3 17
30 53 33
32 100 20
1 110 32
8 79 41
7 64 39
42 102 51
33 73 1
12 71 28
25 57 12
64 79 16
52 76 9
23 107 57
14 88 38
4 89 45
4 76 11
12 97 20
39 62 35
46 89 0
19 71 1
44 71 0
46 74 38
33 118 39
1 101 25
22 65 21
2 72 58
0 91 37
6 33 4
0 18 7
9 117 28
33 38 1
