150 10425
194
143
200
191
195
133
124
195
107
165
182
128
159
112
107
127
129
124
103
107
159
148
139
143
152
146
120
195
175
110
194
181
168
126
197
147
144
177
133
116
176
173
164
135
111
171
146
110
164
160
178
160
134
125
172
154
192
192
111
133
189
199
185
140
135
128
119
135
167
124
150
105
110
163
141
134
181
118
139
198
164
140
157
144
164
144
102
130
188
184
184
103
141
189
130
173
187
138
121
186
172
169
192
138
168
188
129
141
194
104
198
109
152
110
108
110
187
185
200
196
174
184
175
185
124
193
167
181
118
188
169
142
116
108
155
158
170
187
133
136
163
126
165
164
155
165
107
115
109
140
0 1 22
1 2 4
1 3 44
3 4 36
2 5 48
2 6 45
4 7 52
2 8 3
2 9 56
9 10 37
5 11 44
7 12 35
3 13 56
10 14 34
12 15 23
4 16 2
3 17 37
15 18 39
14 19 46
15 20 30
10 21 60
16 22 55
18 23 12
21 24 10
21 25 53
2 26 18
21 27 13
12 28 46
1 29 5
22 30 6
0 31 11
9 32 25
29 33 51
1 34 51
30 35 58
7 36 38
12 37 17
24 38 34
13 39 29
19 40 19
0 41 10
11 42 0
8 43 56
24 44 44
40 45 18
30 46 38
5 47 46
45 48 31
19 49 17
30 50 51
33 51 5
48 52 18
0 53 40
8 54 24
54 55 11
20 56 56
53 57 18
34 58 34
36 59 53
32 60 58
49 61 49
32 62 12
45 63 8
29 64 14
18 65 51
26 66 10
66 67 37
50 68 36
18 69 27
56 70 35
8 71 9
58 72 41
19 73 17
24 74 18
23 75 50
32 76 11
8 77 23
34 78 30
27 79 20
5 80 60
17 81 57
18 82 26
0 83 13
72 84 19
66 85 42
38 86 29
32 87 8
36 88 10
23 89 59
26 90 51
83 91 35
29 92 54
9 93 35
65 94 28
1 95 35
64 96 37
25 97 24
4 98 9
23 99 0
1 100 38
15 101 16
24 102 0
89 103 36
78 104 18
33 105 14
42 106 23
99 107 27
27 108 34
32 109 39
34 110 29
38 111 12
66 112 2
11 113 39
7 114 55
30 115 14
0 116 25
89 117 30
24 118 21
73 119 9
100 120 30
52 121 15
92 122 34
41 123 34
12 124 29
6 125 50
32 126 58
2 127 57
40 128 41
3 129 58
8 130 41
75 131 30
66 132 37
42 133 1
57 134 47
83 135 23
124 136 28
22 137 32
104 138 8
16 139 30
122 140 11
102 141 33
35 142 29
58 143 29
24 144 18
49 145 13
52 146 4
10 147 3
138 148 31
30 149 56
25 82 57
104 135 33
61 141 60
124 148 20
88 101 45
18 126 48
19 59 35
127 139 46
39 135 6
106 130 9
122 125 19
127 144 40
28 65 3
29 132 10
100 101 24
122 137 50
19 56 18
147 147 11
5 34 36
105 116 19
141 146 3
40 140 14
13 61 17
131 136 59
63 89 15
59 75 34
37 45 29
11 89 28
136 148 2
76 144 44
44 113 29
0 19 37
42 119 22
148 149 26
103 127 50
1 57 41
132 148 49
24 92 4
16 50 58
33 130 19
19 78 45
80 114 12
73 88 50
53 144 39
112 135 51
118 141 35
100 129 10
68 112 22
141 149 15
93 141 52
63 135 52
13 69 4
6 66 48
127 132 49
124 127 10
96 132 47
80 101 50
137 148 45
38 52 42
9 121 35
120 132 37
28 97 23
39 47 6
126 127 54
108 121 60
3 145 49
145 145 56
58 81 19
20 78 47
90 147 37
138 141 28
90 122 56
22 88 45
98 129 21
58 138 46
69 114 51
2 84 9
94 103 37
141 145 42
88 120 20
46 84 28
114 115 35
123 146 19
2 148 49
107 117 49
27 104 21
38 93 34
44 72 36
105 109 6
57 77 8
83 88 30
110 113 54
72 126 50
81 94 29
79 112 25
110 114 55
77 80 5
70 145 43
101 102 15
116 141 11
61 70 24
112 128 44
0 67 28
89 129 14
11 143 23
65 90 4
13 68 52
103 104 20
118 140 48
5 114 13
0 120 2
123 145 57
4 85 53
143 147 37
54 104 55
98 103 58
26 56 39
118 123 8
87 102 51
39 70 42
92 120 48
69 100 19
135 148 59
141 142 21
34 144 17
43 91 41
24 26 53
16 127 47
102 114 27
56 75 8
123 124 16
92 135 0
69 81 31
121 136 4
142 147 39
33 76 52
47 63 54
123 128 58
56 106 20
17 92 17
76 90 0
78 148 32
22 119 57
129 143 16
45 45 50
73 126 15
125 146 50
20 141 47
28 69 16
113 131 16
9 131 2
119 119 46
47 108 1
94 125 28
147 149 43
130 142 18
85 135 22
4 32 36
82 142 8
47 110 23
49 142 13
94 96 24
84 114 23
138 143 14
107 120 34
17 43 17
28 55 48
18 33 36
135 139 39
89 112 42
73 101 37
38 119 39
49 146 36
27 109 37
57 144 22
49 116 14
30 69 55
61 72 49
127 135 24
53 59 33
44 90 53
0 38 30
71 131 41
50 126 43
67 72 6
10 148 52
124 125 59
66 84 11
106 129 29
48 93 0
99 147 56
96 119 41
42 43 1
74 95 45
146 148 13
25 32 18
0 71 15
59 73 46
61 149 31
84 147 36
128 137 17
8 129 15
56 77 17
116 135 60
9 86 12
59 138 36
17 135 6
8 57 1
81 144 55
9 129 38
147 148 52
55 123 38
90 117 19
53 146 22
3 144 6
70 104 29
11 39 50
51 66 48
112 140 59
134 138 20
26 63 60
95 95 36
12 88 8
11 54 60
131 134 18
68 140 2
64 72 42
76 127 21
114 132 45
133 135 8
14 134 49
25 57 5
26 139 37
10 138 58
59 128 36
109 117 45
68 99 33
38 63 50
19 80 35
86 120 16
102 113 25
18 19 44
29 140 25
4 139 6
38 57 24
23 41 11
87 94 29
45 105 56
70 80 34
115 133 53
39 109 24
56 113 10
83 148 20
78 137 50
98 122 14
58 122 27
106 132 8
11 131 50
70 83 2
90 119 57
27 91 55
40 47 5
105 112 60
39 136 31
70 134 2
136 146 16
0 68 15
110 132 55
89 109 5
30 113 30
7 80 36
15 74 36
136 143 60
42 56 9
33 54 3
144 149 8
63 123 27
42 103 17
90 141 51
114 135 51
125 125 32
75 118 58
34 69 58
42 99 56
77 126 58
102 111 14
111 133 58
128 135 23
75 117 55
3 51 49
105 134 3
87 134 56
100 121 50
84 99 38
99 145 28
101 106 6
146 146 0
84 144 17
129 130 32
98 117 31
51 146 6
20 110 37
100 136 1
114 148 32
5 26 34
30 32 53
108 143 10
21 142 56
12 105 30
13 43 0
53 137 4
22 91 8
42 51 48
82 101 51
124 137 25
98 104 20
12 47 9
86 123 7
105 120 23
20 129 9
110 119 1
15 129 6
32 130 17
121 145 31
84 86 34
115 128 54
118 147 47
108 142 44
136 147 25
87 112 13
130 137 19
110 128 18
60 100 0
142 145 49
72 122 42
46 64 20
75 76 6
128 128 58
102 147 44
33 86 58
117 139 51
62 132 51
85 109 3
45 62 31
26 57 16
43 76 59
109 110 26
30 85 1
30 135 35
49 63 5
10 15 57
139 141 23
31 123 36
108 130 45
15 55 27
58 121 4
125 136 0
135 144 38
141 147 36
128 146 43
94 99 13
66 74 5
92 145 27
59 116 2
71 82 42
102 103 51
145 147 4
33 65 21
12 46 20
139 148 22
107 124 46
129 134 10
104 113 56
85 102 14
21 43 0
130 147 33
62 99 37
10 133 52
76 97 43
44 103 30
65 112 27
38 101 60
34 131 16
95 109 20
69 144 52
144 147 46
78 138 13
87 110 39
114 118 1
34 115 32
65 117 28
58 117 7
2 103 28
120 129 42
127 128 60
38 75 34
0 55 42
70 89 6
16 126 46
48 63 50
75 132 33
18 26 13
35 80 18
72 97 30
53 131 26
17 18 60
70 113 54
86 115 55
92 146 19
94 142 28
106 121 30
13 85 38
6 71 20
22 90 8
1 135 9
124 135 6
121 125 24
95 146 41
15 93 47
80 119 7
33 108 25
60 87 40
95 136 42
129 148 60
113 125 21
13 82 33
32 67 18
9 19 51
71 137 19
25 79 36
114 123 7
7 56 34
108 137 43
76 147 11
129 144 49
100 147 25
111 134 28
80 144 46
77 139 24
35 62 56
28 141 12
61 111 22
25 134 56
48 62 35
0 7 45
111 120 30
17 84 14
87 137 11
83 102 11
105 127 31
143 143 30
42 137 56
95 102 21
139 144 49
25 112 16
78 119 28
82 92 44
88 131 31
103 116 47
16 102 6
5 41 50
77 141 14
109 141 33
69 146 38
116 128 2
102 139 15
103 135 0
67 96 60
11 30 7
7 139 0
120 135 39
0 100 40
95 115 25
29 123 46
6 34 23
20 21 42
46 105 41
121 132 50
122 148 17
22 89 23
60 124 30
108 119 30
81 149 54
29 121 29
35 50 40
117 122 5
7 44 7
41 139 28
40 89 52
5 102 55
66 129 22
51 104 7
80 147 29
59 142 10
112 131 1
88 93 10
128 147 32
87 96 55
1 110 10
116 127 28
70 90 6
117 144 6
120 126 27
113 149 26
96 128 59
24 36 24
94 115 53
24 106 34
53 84 44
138 149 42
56 121 21
54 60 8
80 103 22
91 104 54
109 143 48
21 38 46
116 148 4
80 95 60
50 99 2
6 65 60
32 47 19
26 59 35
141 144 41
64 139 18
29 133 2
119 125 48
73 74 34
123 132 50
13 48 7
88 117 45
121 147 7
102 148 3
92 100 54
79 122 55
122 146 20
6 40 46
72 102 52
4 116 56
62 97 49
36 140 36
6 39 55
92 114 50
76 107 27
62 62 35
60 131 4
16 16 3
15 149 54
11 20 25
106 118 44
37 91 7
98 146 45
48 60 0
93 132 8
105 130 21
146 149 55
29 120 34
37 50 34
80 93 36
100 137 32
105 115 31
87 147 21
19 139 3
88 125 10
137 142 46
42 107 58
22 139 59
3 23 20
98 119 39
43 138 35
127 134 52
30 84 30
25 104 29
47 74 10
91 136 24
59 77 20
99 115 46
64 144 9
86 98 24
135 135 21
8 90 26
6 85 35
43 146 38
46 120 8
139 139 10
20 105 29
31 58 29
44 133 45
46 67 48
19 95 31
102 122 28
112 114 34
29 77 60
75 100 14
79 86 56
89 95 17
7 117 58
76 106 53
98 102 45
20 82 31
23 69 36
81 105 58
20 95 55
75 101 48
28 111 18
111 131 40
98 108 35
139 140 5
24 139 58
89 147 7
142 148 48
128 133 45
80 123 56
109 119 12
23 73 27
24 122 60
36 141 2
83 116 12
37 102 55
142 144 48
13 56 47
128 148 14
9 70 4
53 117 35
0 57 22
31 56 2
59 127 35
77 105 60
85 107 35
36 145 26
34 54 5
30 54 4
102 146 18
131 133 26
59 113 48
108 128 28
62 113 19
67 101 59
37 70 10
29 80 11
25 77 22
55 112 43
48 96 27
56 127 18
84 98 7
27 102 1
109 111 51
89 146 53
65 95 17
42 86 5
105 147 12
66 138 27
72 92 27
137 138 46
8 87 34
38 129 16
83 96 4
38 72 3
43 98 4
126 149 7
77 97 1
41 45 33
120 141 47
89 142 55
139 147 59
122 127 2
58 62 19
29 58 5
44 130 37
137 149 60
66 83 6
118 127 14
130 131 29
42 117 53
84 97 27
85 100 45
25 37 4
63 143 26
82 124 50
91 135 21
56 79 21
120 134 24
40 125 16
1 117 17
145 148 8
71 135 57
41 43 1
11 108 12
38 123 31
2 53 57
72 113 17
83 112 25
130 135 25
17 99 28
86 139 5
56 105 37
132 134 24
125 128 1
74 120 60
61 139 55
95 147 57
115 120 36
132 147 21
78 80 36
138 140 8
27 27 15
122 145 7
64 95 3
93 113 6
111 136 6
103 147 55
23 43 49
109 149 28
43 53 23
85 118 10
2 137 48
130 143 41
44 122 44
17 112 8
87 120 21
28 115 7
63 108 26
122 142 35
114 147 33
136 139 28
24 126 1
56 139 47
87 118 16
67 77 9
18 99 56
98 132 59
67 149 6
80 120 27
4 130 10
57 95 60
56 142 4
99 140 44
10 139 49
111 129 60
0 114 33
63 118 46
45 126 44
132 141 48
3 9 17
67 83 60
34 44 33
73 107 44
90 116 25
112 132 50
76 137 46
51 141 2
131 146 50
36 95 55
114 128 57
121 146 19
96 107 3
87 124 42
21 100 22
63 145 59
105 113 39
36 137 57
57 84 49
97 99 60
11 13 40
54 91 52
116 137 45
84 139 44
67 84 7
27 130 51
116 143 32
93 96 28
79 116 19
36 112 36
44 119 59
102 144 38
128 144 50
135 143 6
48 65 60
144 146 11
10 55 55
46 121 37
88 139 29
43 102 19
108 120 33
16 107 59
140 144 26
62 125 29
65 133 0
27 41 2
81 148 34
37 71 51
66 81 32
79 103 34
129 146 38
76 131 29
4 54 15
89 94 32
3 123 19
52 147 18
103 107 10
57 106 28
41 140 48
47 111 32
1 146 33
71 87 35
105 140 44
92 93 30
42 69 39
114 124 24
66 94 10
38 139 45
28 33 15
26 110 18
126 131 20
67 87 14
22 126 47
64 112 6
87 136 6
4 62 8
124 138 33
108 125 25
26 106 58
43 125 23
23 93 48
138 147 27
68 89 14
73 124 10
96 142 38
125 142 40
66 103 14
80 140 15
104 108 39
52 80 35
85 112 2
126 130 13
135 146 50
97 101 4
104 104 42
74 113 30
95 125 10
44 136 3
0 137 12
146 147 24
32 42 47
131 140 7
130 140 43
33 58 26
7 125 47
73 139 6
76 120 7
96 141 41
58 79 44
43 94 0
81 104 26
68 134 50
118 139 1
39 114 58
3 88 42
24 145 22
50 127 14
97 116 43
6 73 35
50 82 30
137 145 28
109 116 47
30 121 2
95 105 55
143 149 32
101 116 52
13 84 53
11 118 31
10 58 47
69 108 9
134 149 36
89 118 27
44 54 2
17 149 52
18 51 6
7 115 55
97 97 41
101 112 50
2 52 39
56 100 29
66 147 34
32 54 24
108 123 52
143 148 18
49 54 13
98 143 31
17 131 29
109 121 43
65 132 32
7 95 45
95 140 9
121 121 40
107 119 21
100 100 59
113 144 40
123 148 51
11 45 46
133 146 38
49 58 58
88 106 52
27 143 3
20 86 40
37 83 13
133 137 9
35 110 35
115 119 23
7 126 24
15 27 8
140 148 20
18 100 24
40 79 26
36 56 53
107 142 29
86 104 26
7 101 59
56 145 24
11 21 54
48 111 42
35 112 11
33 132 16
49 102 0
91 137 6
44 92 50
66 117 21
110 118 27
90 101 16
13 125 4
45 138 4
54 111 51
50 135 56
80 131 13
31 63 17
73 84 36
138 142 32
82 86 0
79 125 12
98 107 49
72 135 31
10 77 22
137 140 57
46 132 33
125 149 60
72 125 28
36 84 24
55 104 21
66 115 57
45 85 18
109 115 15
62 127 19
95 112 46
18 67 52
119 135 60
72 127 5
88 88 39
49 66 12
67 135 39
56 78 53
115 138 40
41 42 6
135 149 20
134 148 19
119 149 2
131 143 22
102 123 52
68 83 19
1 145 37
107 111 59
131 132 47
41 80 12
35 88 29
9 29 13
71 74 19
112 117 20
104 125 16
53 89 43
15 117 57
109 126 27
112 133 33
78 101 24
133 138 3
31 43 45
132 132 59
54 148 43
58 64 10
72 72 41
49 95 6
98 98 29
127 149 40
130 149 47
15 16 24
81 133 13
64 128 50
134 145 40
104 127 24
90 142 44
51 54 11
54 125 16
99 137 26
138 144 20
29 61 39
136 138 33
134 137 17
24 30 11
60 65 43
132 146 26
72 108 5
104 143 58
37 67 55
30 77 6
2 82 10
60 130 34
75 122 38
26 105 54
20 88 45
48 84 9
14 68 46
0 149 23
2 101 51
80 118 2
80 137 2
127 142 38
53 140 22
4 76 27
11 140 39
98 147 46
67 68 0
107 112 13
40 110 17
15 60 42
37 118 26
103 139 19
42 146 37
137 141 15
16 141 6
148 148 17
73 148 50
104 109 1
80 96 17
27 141 51
51 149 5
45 119 35
117 121 30
122 134 28
94 113 33
17 68 51
52 82 41
117 147 23
1 28 6
94 141 51
9 15 36
46 96 48
84 92 56
110 126 9
8 86 26
75 111 9
47 78 4
103 143 23
107 110 29
103 112 44
131 137 57
56 59 42
32 106 10
120 122 47
60 144 17
114 117 0
38 134 27
14 121 12
143 146 13
2 16 45
115 135 57
35 122 0
78 90 44
100 122 16
10 16 38
130 138 48
124 134 10
31 145 8
45 93 45
48 99 18
16 25 51
43 131 33
18 87 36
105 128 56
115 142 8
101 115 44
23 122 16
124 146 48
31 116 55
140 146 58
95 110 10
69 121 36
109 135 10
47 118 22
90 146 20
98 114 7
11 100 41
91 100 37
124 130 5
117 145 30
122 139 47
54 138 26
34 97 15
85 98 57
30 68 6
59 129 31
3 87 22
13 34 1
3 37 10
40 63 39
54 141 40
33 39 5
94 109 26
115 134 27
36 55 52
14 22 43
7 23 53
19 105 45
23 38 37
108 146 42
17 77 10
27 118 44
108 140 21
70 81 17
131 135 14
95 122 53
110 145 22
92 126 18
31 104 32
25 56 21
75 123 40
46 65 51
83 121 1
39 149 1
28 36 42
39 132 44
10 145 57
109 144 57
130 134 56
75 98 7
22 80 39
73 90 17
109 129 1
131 131 2
120 138 17
25 91 22
79 79 55
22 85 15
127 145 30
89 99 15
99 149 51
106 148 14
48 107 43
112 142 56
67 109 24
53 113 59
116 133 48
126 128 28
40 136 56
80 121 44
119 134 6
130 136 28
76 78 40
32 73 41
7 147 0
2 135 5
71 114 37
50 128 45
44 145 31
105 129 8
37 38 36
96 114 8
132 140 25
35 148 41
90 132 47
101 136 53
83 84 32
92 106 38
119 146 42
13 91 60
90 149 50
95 117 49
11 61 40
44 116 41
119 143 32
69 127 33
110 133 49
97 137 45
7 37 7
66 140 34
15 122 59
105 123 8
145 146 54
43 129 57
27 67 9
130 148 52
4 71 46
140 141 12
44 78 19
54 137 15
77 108 41
111 113 15
139 149 57
21 29 41
72 132 19
27 81 33
131 147 35
81 141 35
140 143 42
112 136 1
104 124 50
60 101 57
52 108 31
14 135 44
0 142 29
2 95 44
134 135 7
54 143 57
23 131 33
138 146 24
128 130 41
10 87 35
42 74 43
29 117 60
120 139 58
91 109 58
14 144 8
0 101 33
135 145 6
18 70 27
56 124 27
4 63 0
101 144 20
73 143 29
134 142 33
66 120 14
124 126 59
50 104 9
73 125 10
23 106 42
48 106 22
138 139 14
111 112 18
86 100 12
9 97 9
77 83 50
17 90 18
89 136 57
128 143 1
32 52 24
39 77 43
21 44 1
110 146 48
15 114 16
145 149 40
42 47 27
77 99 21
137 143 30
106 113 10
74 87 49
90 133 34
66 131 35
54 127 35
46 125 8
40 97 52
142 143 27
122 124 36
132 137 37
15 26 54
55 78 58
29 84 3
64 89 31
29 93 19
89 102 48
85 138 27
92 118 3
105 111 37
111 118 60
127 148 45
57 73 42
55 119 44
58 142 22
93 115 9
44 81 31
9 80 40
0 89 8
41 46 54
1 45 4
98 106 36
69 72 8
58 126 16
10 126 32
53 143 44
99 126 1
50 143 11
112 145 31
74 76 55
117 133 37
96 117 52
65 101 16
61 114 40
95 118 24
100 140 48
129 141 56
83 129 23
36 42 26
99 139 18
22 61 2
20 73 8
14 72 18
114 131 36
59 96 52
40 103 2
16 78 41
87 144 31
82 104 43
50 120 34
107 147 46
98 110 48
139 146 35
102 131 25
43 90 49
44 137 30
75 116 57
8 61 38
45 82 24
90 111 54
86 141 57
31 147 58
78 147 59
78 145 44
88 92 20
75 94 50
83 94 16
114 144 1
63 111 50
73 129 21
137 144 46
88 143 51
23 74 14
72 116 47
88 105 20
133 134 43
48 69 57
8 99 53
31 40 7
126 133 49
105 125 19
5 86 6
100 108 20
79 107 54
26 52 54
81 121 58
86 133 56
21 59 19
115 141 9
72 141 35
61 80 35
125 144 34
10 115 7
72 100 45
47 70 25
98 141 51
74 99 40
76 83 53
136 140 27
19 30 3
132 138 53
47 52 8
100 105 17
70 97 44
28 133 60
103 131 25
15 59 16
102 127 22
71 149 53
43 134 7
85 130 45
120 121 38
70 140 8
51 100 36
136 141 2
69 138 48
56 148 22
30 102 34
1 111 7
30 37 28
102 107 36
24 34 41
35 141 60
34 85 30
86 90 21
109 137 45
4 77 7
51 118 50
64 70 44
104 121 28
44 80 1
74 86 20
59 139 6
110 130 54
33 138 51
59 149 9
79 118 15
142 142 15
38 137 8
67 104 8
14 23 45
41 105 24
96 147 9
92 111 30
95 135 17
123 140 51
83 99 3
143 144 56
31 65 45
111 122 3
15 108 17
109 147 2
57 136 41
38 112 56
80 94 8
99 142 7
76 149 38
22 82 41
67 128 9
18 39 32
104 118 58
6 32 50
50 100 37
4 86 18
16 128 33
107 113 43
85 92 35
54 72 0
58 102 46
6 101 29
17 115 38
61 77 6
89 100 2
127 146 48
54 77 27
95 124 9
17 91 13
81 115 23
13 20 24
31 36 28
69 130 16
11 58 0
72 109 22
139 145 30
21 84 17
56 68 51
12 48 41
71 81 38
55 135 41
96 118 25
22 118 22
98 137 46
85 149 57
1 78 59
106 143 55
36 71 56
86 143 41
119 137 7
96 130 8
76 86 32
20 68 16
97 119 45
5 65 34
57 112 55
32 97 20
26 91 18
42 111 9
67 115 22
50 98 39
97 110 8
24 115 16
117 135 33
88 126 7
105 136 29
108 109 35
32 143 58
93 95 26
77 131 15
8 23 39
43 72 4
48 135 53
109 132 55
75 96 52
52 54 3
31 34 19
86 112 52
25 65 11
124 132 13
52 73 3
77 149 37
102 109 28
22 81 11
92 127 34
1 58 38
104 107 42
69 95 47
133 139 10
84 109 41
47 47 55
15 21 35
87 109 8
69 131 29
14 14 26
116 132 48
67 146 56
45 145 14
28 92 16
64 74 16
90 105 3
106 142 23
68 114 12
84 91 58
76 87 17
91 107 36
17 148 43
36 65 54
93 108 29
6 108 58
47 139 23
40 106 7
99 146 27
15 19 60
90 134 46
36 117 51
55 93 7
108 110 56
89 148 43
8 64 49
79 95 29
68 106 5
88 102 26
59 137 8
40 122 9
47 92 56
118 135 38
119 138 0
0 147 17
33 101 28
125 130 57
78 109 51
32 45 18
12 73 53
7 99 17
107 109 0
58 146 37
25 143 2
27 49 8
36 118 30
43 105 56
96 138 27
9 21 29
57 88 40
39 96 20
92 149 0
107 133 37
93 94 51
13 99 54
26 145 17
123 143 15
66 141 40
88 134 18
23 34 24
25 95 59
47 144 53
17 128 29
16 93 13
30 112 48
62 120 49
11 33 28
13 70 42
20 49 29
32 133 40
33 137 40
80 87 36
112 147 32
132 145 2
129 142 12
90 124 38
52 137 0
113 148 8
3 29 38
50 131 24
87 103 19
67 81 27
124 145 39
65 142 43
33 55 37
117 141 18
1 47 0
47 113 13
64 66 32
20 89 6
80 105 54
21 73 37
39 134 50
134 147 12
47 71 36
1 7 40
91 115 9
61 88 32
106 146 19
23 126 5
56 85 46
74 111 38
7 35 42
112 144 8
78 131 21
4 6 42
42 141 50
88 141 45
97 138 55
33 80 25
80 102 60
75 81 29
76 129 56
39 67 26
34 83 25
45 66 21
93 123 14
101 127 8
97 135 56
56 96 32
99 141 60
50 94 15
113 123 22
143 145 43
101 124 54
15 116 11
27 83 34
29 46 49
16 56 35
86 131 15
121 133 17
95 131 7
127 147 33
74 126 57
104 120 1
92 99 3
46 49 32
69 69 53
72 128 14
126 134 29
70 75 51
96 102 55
4 113 25
11 142 22
111 132 22
112 141 41
136 136 43
100 123 9
71 115 12
93 128 31
90 98 39
30 93 16
95 134 39
112 143 56
92 148 10
80 108 43
78 102 43
20 48 37
83 145 45
12 92 46
26 58 31
37 64 19
65 102 1
131 145 26
117 125 2
107 149 25
78 124 56
18 68 5
78 106 44
89 128 12
138 145 51
15 68 41
6 53 35
115 132 37
100 111 30
81 102 5
133 144 35
41 133 59
18 57 35
51 123 59
125 137 28
46 51 13
5 31 29
34 43 19
17 44 44
39 50 30
89 125 7
92 97 43
35 59 24
97 120 20
105 124 24
81 138 23
9 14 29
78 133 43
101 110 25
46 112 47
84 143 49
35 81 13
63 100 11
117 128 29
60 129 12
93 146 33
33 129 57
22 129 12
6 29 31
78 94 24
90 121 3
8 80 16
88 99 48
69 89 9
15 127 13
9 87 50
13 72 41
124 141 51
133 149 4
116 139 9
4 59 42
29 60 50
107 137 12
41 130 53
61 104 27
109 139 55
75 99 11
111 135 47
7 110 12
60 102 40
97 111 59
96 109 60
70 76 25
19 143 8
36 110 7
35 136 12
44 55 17
79 129 55
89 133 22
65 139 48
120 127 53
16 29 25
10 41 44
16 100 31
87 129 59
19 58 8
9 110 46
75 92 1
72 123 57
63 106 15
119 147 21
78 82 15
1 104 34
134 146 53
9 147 35
2 32 3
30 133 57
8 20 53
46 76 20
37 73 1
65 126 27
11 117 39
75 140 30
24 103 27
108 108 39
31 126 45
52 129 41
31 49 32
67 95 39
16 68 48
94 148 52
30 55 31
117 142 33
55 129 1
64 67 22
91 147 33
65 68 32
13 81 44
126 129 56
28 124 26
85 93 48
8 63 33
103 136 58
119 133 55
15 124 40
19 125 39
8 109 20
77 91 11
75 86 50
50 134 54
144 144 2
80 130 37
137 146 44
140 140 60
18 56 25
109 118 28
72 112 29
130 133 31
54 129 2
32 63 37
113 136 2
90 99 22
21 129 48
18 31 43
128 140 45
13 83 16
39 124 45
64 109 2
17 35 20
13 66 55
2 139 58
123 137 57
53 149 57
11 14 49
2 65 48
31 134 53
103 110 56
4 5 34
46 55 28
7 90 4
62 112 5
29 126 51
52 99 9
80 113 24
22 144 19
62 147 19
14 125 3
118 118 45
93 145 10
107 131 12
54 70 34
13 86 57
24 96 26
53 61 44
120 130 40
83 117 25
97 136 41
6 72 59
69 120 22
2 40 32
93 109 1
79 135 40
129 138 0
55 66 59
123 125 3
105 145 38
21 130 50
97 109 29
104 136 21
133 141 15
44 69 60
24 58 36
15 38 5
57 82 32
26 146 36
30 71 18
136 137 42
78 105 48
98 100 31
24 55 22
121 131 44
67 145 33
123 123 43
69 96 20
59 68 49
119 145 52
132 135 48
88 140 11
74 143 17
70 73 31
12 33 52
9 111 36
37 138 3
85 99 15
58 101 36
123 136 53
50 78 23
10 121 51
20 59 6
128 136 28
49 51 14
57 140 17
97 107 11
54 121 1
50 92 52
69 145 54
84 111 37
117 130 15
100 103 0
134 136 40
1 5 57
125 135 27
96 121 23
32 145 39
20 133 56
35 91 30
91 129 6
70 131 25
119 136 57
128 138 37
3 147 53
123 147 44
33 131 53
87 95 5
49 98 45
0 91 12
52 101 27
35 149 58
17 127 41
24 93 50
26 69 49
53 139 59
68 124 49
29 29 3
52 57 39
15 99 0
79 123 42
118 133 20
17 40 8
38 78 50
45 107 14
112 139 25
81 111 25
46 91 18
114 116 32
73 149 45
115 123 47
54 105 7
107 145 42
37 129 44
91 113 41
130 139 50
119 126 40
0 96 23
114 125 7
68 96 7
43 57 54
65 88 53
88 89 38
17 96 6
66 130 57
84 138 58
69 116 25
49 120 52
3 113 28
58 114 48
47 128 39
5 79 28
42 59 22
58 124 51
12 95 52
130 144 38
82 95 41
79 84 45
13 47 32
27 61 19
85 116 19
118 137 34
96 139 13
19 68 29
9 100 57
35 102 2
83 107 28
26 121 41
133 136 4
123 135 34
35 93 40
89 141 29
13 32 33
46 106 19
89 96 30
58 91 58
16 21 12
61 145 22
24 61 10
79 149 7
10 73 55
62 136 4
84 112 35
110 124 16
6 67 13
2 27 40
60 120 58
71 89 21
62 149 48
57 91 1
15 70 7
32 91 33
132 144 4
82 84 27
19 51 50
134 140 37
99 120 52
41 124 21
131 139 27
93 101 20
8 105 33
54 117 19
28 95 58
13 96 4
6 139 23
0 140 49
130 141 43
55 67 43
99 110 42
106 124 47
87 126 25
0 126 6
50 66 16
49 113 51
90 106 45
46 126 54
82 129 34
112 146 28
76 100 53
13 131 0
68 71 2
37 57 38
35 139 1
123 138 48
97 100 6
67 132 9
90 96 59
25 139 57
100 112 43
141 143 40
117 137 24
39 121 51
62 133 49
105 144 17
126 146 11
65 146 36
63 87 7
84 84 21
82 130 37
6 55 50
79 106 47
8 104 42
47 145 45
65 91 50
101 142 23
111 121 43
10 146 31
62 110 57
94 117 7
58 77 25
51 57 34
71 112 56
49 57 34
124 144 57
0 47 1
86 118 25
138 138 58
1 53 22
39 44 25
94 143 12
49 100 16
83 95 5
71 121 59
20 72 6
105 142 14
78 107 19
52 140 17
26 43 8
29 104 37
124 139 33
132 133 41
31 32 2
10 33 18
18 35 48
0 118 58
110 127 8
2 105 17
92 107 43
11 35 35
128 145 24
141 141 8
130 146 60
28 70 7
113 119 7
114 130 31
69 90 0
56 72 18
8 13 14
10 47 51
77 113 0
73 87 14
122 141 15
41 116 14
83 109 46
21 79 3
41 96 32
52 127 36
38 51 35
94 140 25
12 84 4
19 57 44
68 133 2
93 97 29
10 101 37
82 118 17
28 125 6
41 77 23
33 50 9
23 82 28
11 71 53
2 126 17
75 97 48
13 104 58
8 33 47
53 82 15
113 113 25
133 142 39
113 115 6
70 82 52
32 90 47
126 148 17
122 126 32
50 76 21
66 73 11
78 142 6
120 124 21
109 140 14
51 73 23
33 60 13
86 95 42
91 148 18
99 127 43
106 144 0
24 132 15
97 127 42
108 133 56
15 34 20
19 91 18
27 103 11
33 45 14
70 127 9
100 126 29
83 136 39
41 97 8
25 81 14
44 87 54
46 134 35
71 109 10
7 120 16
61 118 43
13 140 57
123 126 28
26 42 45
66 136 60
6 126 48
62 114 41
95 101 56
22 96 60
33 77 52
63 115 57
129 131 42
49 130 36
110 138 20
101 143 50
89 90 43
93 98 8
58 118 2
43 82 11
16 89 28
84 125 7
102 134 6
7 130 32
97 132 43
106 137 42
133 133 0
20 40 3
90 114 23
99 132 36
22 52 36
6 146 30
72 76 6
74 146 40
83 83 38
68 136 13
93 130 45
6 117 15
112 127 40
9 138 33
6 10 21
4 140 40
142 149 15
70 110 14
129 145 15
99 116 24
40 111 11
72 107 52
17 113 43
71 147 38
129 139 11
11 148 55
85 106 53
136 144 45
59 123 6
19 119 1
103 130 52
35 92 43
141 148 23
124 147 29
13 111 11
93 105 52
96 140 17
110 137 28
30 109 55
43 95 27
103 148 10
33 59 21
87 128 35
125 140 25
86 106 0
24 83 58
65 124 39
76 145 30
120 144 58
51 108 10
144 145 44
93 140 47
29 79 42
49 147 49
16 70 21
30 137 3
105 122 37
35 107 42
14 74 60
112 129 28
81 139 43
42 54 32
75 124 22
102 126 39
100 114 54
96 100 18
21 62 25
14 48 23
15 148 47
54 124 17
98 138 1
107 107 13
96 103 19
5 133 44
51 112 36
20 58 16
96 131 56
41 144 42
86 93 46
78 146 26
21 77 18
49 79 53
9 116 2
37 81 57
59 84 21
85 96 23
43 87 41
134 139 25
63 110 11
40 132 15
111 116 36
27 38 41
133 147 20
10 129 55
23 47 23
40 130 24
12 144 27
107 148 52
6 115 16
29 90 32
20 142 16
64 115 30
68 143 47
94 122 34
34 133 22
104 128 27
118 148 25
86 130 48
71 141 55
53 73 52
29 82 42
103 124 1
9 67 14
13 135 42
86 142 16
112 119 0
116 138 0
126 145 33
32 50 25
12 94 42
11 27 44
113 134 37
110 135 37
137 137 19
75 129 50
98 134 16
100 115 19
64 143 0
78 87 51
125 133 60
125 126 28
119 128 28
58 108 13
103 121 39
60 143 14
69 77 2
71 79 21
61 102 0
110 120 56
29 122 9
92 103 48
35 51 38
125 129 16
78 86 27
76 108 2
36 104 41
43 81 57
8 50 9
8 31 13
77 104 20
11 122 19
60 69 8
93 136 55
99 135 2
106 112 28
57 72 31
71 119 15
41 84 36
43 117 1
41 81 4
55 142 2
0 23 60
12 78 9
43 63 31
45 97 43
8 59 6
39 68 48
79 111 7
39 102 47
20 108 23
47 107 6
20 30 40
54 75 48
72 117 8
78 97 54
102 112 58
91 117 46
58 100 24
50 107 27
43 149 38
50 74 0
20 76 38
12 147 12
51 143 54
6 107 21
33 84 41
5 131 5
80 143 9
23 33 31
11 60 22
99 109 36
36 115 1
46 95 16
40 117 60
51 107 0
43 133 27
105 117 46
60 90 59
28 31 46
88 95 0
29 124 47
62 101 4
4 52 25
19 112 22
111 119 24
108 124 60
52 107 60
94 112 6
12 26 6
100 128 43
18 53 51
136 149 53
121 144 38
1 115 0
12 112 3
95 107 18
12 63 38
79 130 7
123 134 48
18 49 17
44 143 19
28 51 16
137 139 8
26 141 11
118 132 46
121 142 9
30 127 19
17 129 2
39 99 46
82 127 50
71 124 0
79 109 49
46 135 26
84 90 11
17 137 21
57 83 0
113 120 0
107 114 45
127 127 58
70 125 9
1 17 22
87 113 25
42 98 47
96 144 45
97 115 9
16 94 23
57 62 50
20 25 60
92 96 44
79 94 56
52 93 42
23 147 12
75 84 28
134 141 14
47 82 55
79 119 4
68 72 0
86 97 44
5 82 14
24 113 1
5 110 43
113 133 44
8 44 27
47 104 33
59 89 51
4 51 56
52 60 52
56 93 33
108 134 27
108 126 27
110 136 19
98 131 58
8 89 9
26 133 11
1 62 14
22 127 3
99 129 11
64 94 38
97 106 56
7 29 17
23 116 60
118 144 13
44 74 59
0 6 56
118 121 37
90 100 16
15 77 13
86 134 56
30 56 14
36 44 56
73 73 60
98 127 45
15 98 45
0 69 30
50 75 29
12 107 42
34 125 0
15 23 54
24 127 52
52 67 12
32 46 54
36 113 39
103 129 26
103 108 26
23 132 60
92 105 56
44 66 34
33 123 37
39 143 0
3 28 13
57 109 51
71 126 56
131 138 34
126 142 35
70 87 4
31 100 44
61 124 58
84 117 4
80 132 27
72 75 46
61 73 39
41 83 4
27 74 50
22 146 5
129 140 4
0 103 32
97 122 44
39 111 0
41 114 27
106 117 38
68 137 56
74 134 4
85 132 18
20 75 52
90 139 10
83 101 26
4 8 39
59 112 37
80 138 38
63 126 19
71 96 45
58 66 33
108 138 52
21 61 8
40 142 6
20 102 10
29 115 35
45 55 58
119 131 7
27 32 51
77 90 1
50 106 49
51 116 12
81 100 2
2 58 49
65 74 7
144 148 44
69 70 58
114 134 60
108 145 20
73 147 47
61 97 4
132 142 3
44 50 27
14 20 50
71 144 60
23 146 14
8 28 51
22 74 28
64 145 31
114 143 32
118 126 48
110 122 13
50 116 18
38 95 12
41 54 12
11 123 43
109 120 11
94 127 5
29 105 22
75 79 30
126 141 39
57 89 0
2 89 3
133 140 1
68 117 5
22 113 44
88 137 50
82 138 22
81 84 54
68 142 25
51 119 6
81 103 56
80 126 21
33 117 50
85 129 59
59 76 40
120 145 4
67 94 4
91 106 5
2 18 32
48 101 34
47 54 32
49 149 53
84 146 21
59 145 29
88 148 34
21 97 2
69 143 34
31 109 42
42 122 38
87 92 42
23 149 36
8 88 25
66 111 59
61 128 30
86 136 9
39 84 29
24 37 38
142 146 1
43 68 50
35 55 14
95 96 28
131 142 12
14 78 16
70 100 25
76 138 2
91 101 27
18 122 24
93 135 7
8 78 32
109 113 56
106 125 50
53 145 1
7 68 51
97 114 6
132 143 33
79 93 21
70 121 2
17 62 43
16 117 35
20 135 19
13 116 15
45 90 6
30 96 32
43 128 1
21 41 45
126 136 34
45 65 41
9 95 56
51 79 26
70 128 28
82 139 7
44 56 3
41 98 25
0 146 9
0 80 45
7 46 50
81 120 47
80 129 4
4 10 37
97 113 39
7 135 34
55 120 2
76 105 5
100 102 32
74 94 37
27 30 39
36 74 31
125 147 9
109 145 3
19 128 30
55 139 59
28 35 40
12 116 18
21 119 35
71 142 60
57 135 30
41 101 49
36 146 44
66 145 19
115 136 46
53 60 9
4 120 30
88 144 44
131 141 60
23 94 7
73 77 3
106 114 32
18 113 9
17 53 21
14 41 40
62 144 54
52 132 18
109 136 5
97 142 52
77 116 50
96 101 18
49 128 32
37 134 40
77 100 54
54 88 4
40 43 4
122 149 2
37 97 38
15 72 22
114 149 30
92 141 52
107 134 40
61 123 50
38 42 9
86 119 46
8 94 36
0 117 3
31 77 31
56 134 27
28 79 18
23 68 57
75 107 37
26 149 50
59 121 56
66 107 34
27 110 36
114 129 42
89 115 48
82 128 39
115 118 12
38 83 33
124 129 38
38 61 5
36 125 38
68 108 15
137 147 7
113 117 0
123 129 49
74 127 50
55 96 41
54 85 11
9 48 31
115 131 0
33 104 28
89 138 23
14 59 18
69 73 2
96 136 52
7 54 51
47 119 26
23 113 43
106 138 9
22 24 28
65 127 52
117 117 34
28 88 44
5 97 9
126 137 24
29 87 2
98 130 7
60 85 52
27 39 55
135 140 24
26 96 54
69 117 49
0 16 52
36 103 51
83 114 50
100 104 59
62 94 17
6 111 49
38 127 42
45 76 3
34 96 44
135 138 47
12 132 58
29 31 34
82 126 39
53 132 42
126 139 55
107 130 37
46 100 12
84 119 17
103 115 14
5 24 58
139 143 40
95 119 43
35 43 47
44 88 8
49 125 54
57 123 2
78 143 35
103 140 58
96 99 20
40 146 53
46 114 57
0 75 26
8 82 53
65 106 60
16 135 44
108 127 11
77 92 6
67 121 41
66 146 51
136 145 55
44 70 9
126 138 36
36 51 15
14 105 37
80 80 33
118 128 35
41 107 3
78 81 20
48 105 42
4 4 13
4 106 0
129 147 45
41 138 44
127 133 41
24 130 32
116 149 8
79 145 58
94 101 31
125 134 3
116 129 38
113 146 14
67 78 53
36 147 27
36 135 17
98 105 56
115 116 29
8 17 56
43 97 54
44 44 28
44 64 4
31 81 12
107 123 46
45 87 35
7 61 59
115 124 41
43 49 59
2 108 2
9 77 57
43 124 4
45 118 12
55 143 19
77 86 52
69 119 56
62 143 35
20 125 28
45 51 34
2 39 35
129 137 52
79 143 52
119 139 16
120 133 41
81 85 33
64 76 57
57 125 36
53 128 0
102 129 29
54 130 46
40 133 52
51 103 37
132 139 42
70 118 56
83 90 24
34 87 57
39 117 34
22 97 16
37 144 7
67 67 14
89 111 11
25 94 24
90 95 1
51 82 60
111 149 51
18 110 18
17 59 12
108 141 46
60 64 55
56 109 6
19 46 43
108 144 15
40 112 2
66 91 7
113 126 22
116 142 55
40 69 54
64 69 50
50 109 23
79 104 60
95 121 33
39 147 35
132 136 2
14 107 12
71 90 40
114 119 31
86 96 39
25 47 58
12 43 38
46 78 60
62 118 15
5 35 35
112 138 7
47 87 36
40 80 52
33 52 55
50 108 16
40 40 22
43 85 29
22 124 30
104 105 5
106 128 57
74 139 12
97 102 21
117 146 49
86 148 4
140 142 19
71 128 47
3 81 55
32 141 22
11 25 58
87 106 43
36 90 14
35 130 38
98 113 35
122 128 44
54 86 6
62 129 43
66 72 31
105 139 12
125 145 35
80 82 28
25 42 37
32 105 34
22 54 45
133 148 44
15 61 42
104 139 34
23 46 11
54 93 12
30 31 13
78 93 57
82 133 57
102 119 39
97 105 39
14 83 38
105 121 46
64 119 16
0 104 6
78 126 53
55 101 22
49 78 31
49 64 5
63 92 52
7 109 12
14 98 37
31 57 32
67 75 51
38 47 3
78 117 55
29 56 38
40 90 37
136 142 18
11 139 31
12 24 3
101 126 52
17 134 8
30 74 7
5 19 22
41 141 7
33 56 50
16 131 56
112 118 17
83 138 60
67 82 9
100 119 26
11 81 19
78 88 31
8 108 49
68 77 57
61 135 13
5 132 30
112 122 59
84 110 2
81 87 13
41 121 31
2 2 10
81 147 47
62 126 51
66 135 28
37 60 22
37 55 59
13 117 0
30 65 12
55 71 10
105 107 52
7 62 32
78 112 4
7 131 23
2 57 50
59 62 22
17 27 14
18 45 58
81 122 23
33 144 22
88 97 31
17 116 41
65 99 47
20 45 55
73 121 21
98 149 50
61 75 5
48 98 53
88 118 3
102 143 4
84 96 39
14 141 2
100 138 20
135 141 43
65 96 38
86 92 9
83 141 33
46 54 24
62 137 52
128 142 60
31 144 14
121 124 58
66 124 53
53 118 44
50 58 7
77 144 39
106 110 29
54 110 43
118 142 29
121 138 11
114 145 7
30 67 5
31 103 18
15 35 48
20 116 3
35 119 20
78 139 50
93 100 40
3 25 39
121 126 19
9 113 7
34 121 43
115 140 46
29 113 18
14 128 32
74 142 10
93 148 39
106 145 3
87 89 8
33 81 38
1 116 57
57 146 60
73 144 40
62 90 36
62 121 26
90 144 17
39 98 10
62 134 17
33 111 15
38 104 19
16 132 59
77 135 54
12 103 35
75 78 51
91 114 54
39 80 35
15 91 48
37 58 7
97 143 0
39 94 50
75 134 60
36 81 51
25 55 47
19 137 19
56 149 36
27 120 56
3 106 59
51 80 31
97 124 36
32 100 58
134 144 1
103 119 19
18 124 43
27 144 51
3 53 40
125 141 3
135 136 55
56 83 20
98 111 10
82 88 50
101 119 8
13 128 50
13 79 31
34 104 56
65 98 59
44 75 45
9 103 26
93 106 42
101 145 12
3 120 12
25 119 45
7 119 24
36 111 19
110 148 42
8 85 16
95 144 53
5 36 26
29 110 41
35 77 20
80 134 42
33 116 8
5 121 52
59 146 47
93 114 58
49 68 8
99 143 27
73 132 55
72 87 33
60 78 56
66 90 57
117 118 23
89 93 22
9 18 44
85 131 3
63 102 9
114 136 9
106 147 8
37 88 16
55 130 40
61 64 32
21 67 27
40 56 40
115 122 43
25 68 58
33 36 58
74 93 47
26 65 50
59 130 33
102 104 16
1 96 54
12 97 35
37 136 46
38 135 50
20 96 31
45 60 9
83 123 47
106 134 39
102 118 22
38 39 18
34 146 24
79 115 9
34 98 60
89 91 57
110 131 26
70 96 53
58 110 53
78 149 53
74 129 4
61 76 49
96 112 31
106 107 3
31 67 0
94 138 17
102 142 7
77 145 32
66 79 51
29 111 38
6 81 41
12 21 24
48 97 4
71 73 14
27 89 47
3 27 0
44 121 27
17 46 55
31 82 58
76 88 0
120 146 30
37 37 12
62 92 47
103 145 23
27 65 24
20 57 37
103 111 31
127 141 16
34 107 9
17 75 43
102 108 2
135 147 48
19 88 42
13 124 44
61 98 28
59 109 28
48 83 47
4 147 19
124 143 50
2 98 50
34 64 43
106 119 29
12 126 53
14 36 25
92 123 25
116 121 26
104 145 8
9 149 37
6 31 5
106 135 54
5 27 15
39 69 57
23 57 33
0 15 16
9 55 12
40 84 40
8 12 56
67 107 10
75 112 10
111 128 52
77 78 21
28 42 18
69 93 51
18 123 38
76 115 27
88 147 15
82 111 41
89 137 47
106 115 12
117 120 36
104 149 33
25 66 37
101 135 53
28 80 44
16 46 54
56 130 35
97 126 17
80 100 7
68 129 56
51 52 25
63 79 35
35 35 26
88 107 3
20 109 52
35 127 17
14 75 35
0 94 44
122 136 27
110 123 1
83 137 26
128 132 4
63 122 7
0 77 3
52 55 38
25 72 48
32 134 52
12 140 6
15 87 59
38 74 16
118 138 59
44 100 30
74 96 28
111 147 49
86 147 2
65 130 5
48 85 9
77 122 13
35 109 28
74 75 39
63 116 1
104 137 4
33 95 34
18 18 26
110 112 42
89 132 35
51 124 10
36 53 2
28 59 7
40 102 21
111 142 24
80 122 48
77 81 31
7 34 29
37 63 18
48 133 41
48 87 25
64 126 36
22 131 14
10 70 26
17 20 21
91 116 39
23 104 55
121 129 27
111 137 12
100 131 16
10 89 15
91 108 52
82 85 52
4 81 1
0 48 19
93 110 35
29 112 57
3 22 45
71 93 16
42 140 16
13 101 18
116 147 24
34 84 41
5 135 55
27 68 45
57 124 51
20 98 22
94 139 41
30 147 40
122 123 23
14 142 54
36 142 32
71 130 2
59 86 30
129 149 25
59 82 5
69 124 35
54 139 60
54 82 43
107 126 24
80 111 1
101 149 36
21 35 46
50 55 5
57 120 36
93 138 37
88 108 18
28 60 12
69 106 5
119 142 56
67 105 32
37 149 45
139 142 5
126 143 14
25 129 57
53 87 59
104 115 20
35 124 47
58 69 9
98 118 4
20 43 37
9 141 9
3 40 56
11 37 27
53 91 54
11 110 21
80 107 12
32 33 32
46 81 0
69 92 31
56 89 0
19 146 51
45 80 15
1 125 16
44 109 60
76 80 55
91 111 19
21 68 10
51 56 40
34 45 32
62 103 10
55 83 4
94 107 10
131 148 60
13 28 13
59 148 28
32 123 26
4 11 9
104 130 50
37 40 19
119 130 25
66 110 34
25 86 39
103 137 22
4 143 1
70 77 40
96 120 46
4 12 49
24 31 45
101 132 20
6 6 20
109 127 52
35 61 37
47 105 8
117 131 23
46 129 32
36 94 6
47 65 26
48 149 8
120 147 33
10 66 25
20 80 30
43 75 35
128 131 21
54 69 3
26 55 32
34 127 7
77 87 5
74 101 39
93 104 16
53 136 40
116 117 31
80 141 26
76 103 16
56 120 9
98 144 48
73 86 52
122 129 24
36 123 47
91 95 43
26 81 36
74 91 46
122 144 54
101 148 15
1 21 35
127 130 5
94 147 47
65 114 36
32 136 22
114 121 20
5 128 41
69 86 6
15 144 10
88 115 7
100 124 13
3 60 22
9 132 54
71 106 3
92 133 39
54 89 51
87 108 44
7 89 28
15 47 14
26 108 24
7 72 54
51 135 14
52 104 19
24 50 24
121 122 52
63 96 43
54 135 48
106 106 22
99 133 16
115 139 20
3 143 11
14 115 57
116 123 3
26 70 35
88 149 43
102 105 19
44 117 9
40 147 29
13 50 38
119 120 59
55 86 57
76 99 8
94 124 26
103 128 17
96 115 41
91 91 2
7 148 12
98 148 27
16 124 37
43 58 1
21 92 47
57 147 59
23 139 30
19 21 44
27 84 6
45 95 5
20 113 9
36 45 36
15 25 31
89 98 17
38 131 42
42 42 36
15 110 46
18 111 37
73 110 53
17 50 49
28 108 13
124 133 35
105 133 4
134 134 8
76 139 52
27 70 50
6 98 5
58 106 35
9 124 14
42 44 50
17 41 9
2 132 13
123 144 19
6 58 54
81 145 2
72 104 10
64 86 43
63 86 35
85 140 2
26 103 33
38 81 31
42 82 14
81 135 43
56 143 21
10 65 0
67 99 18
17 48 20
84 113 48
67 126 20
11 128 49
59 83 18
10 50 18
88 116 53
9 71 18
130 130 60
108 116 7
120 123 16
52 86 28
65 135 33
102 115 0
83 143 48
115 126 21
81 97 58
92 140 4
100 139 35
5 60 2
72 144 8
30 118 29
41 125 28
69 94 48
40 76 27
36 101 15
73 94 6
66 89 52
31 119 23
129 132 19
52 76 9
58 76 7
55 118 23
45 98 9
75 82 8
102 137 42
46 68 0
77 112 57
96 106 48
27 46 34
77 137 51
52 111 57
93 99 53
31 92 6
61 83 47
73 83 31
74 133 57
55 113 58
4 14 1
129 135 21
54 123 49
51 114 4
92 115 47
50 90 6
32 64 24
26 147 7
69 102 58
4 118 44
62 71 47
83 98 60
52 117 5
121 134 20
37 93 49
23 23 33
46 82 34
6 76 53
80 142 47
117 143 41
20 60 43
66 77 2
3 12 51
93 117 28
50 85 18
29 108 25
30 107 24
108 131 7
113 129 5
26 37 13
26 100 38
83 108 39
72 133 50
120 148 40
79 144 6
48 116 21
17 105 38
35 145 19
133 145 15
76 132 33
19 19 35
31 127 0
52 123 16
6 83 50
10 19 40
99 108 3
9 60 21
2 64 22
14 133 35
32 98 3
13 147 10
15 109 9
42 46 45
104 111 59
22 37 57
3 33 38
45 88 15
1 24 22
9 106 60
23 76 22
71 75 6
40 143 51
140 147 19
53 88 36
27 107 0
68 139 33
14 58 59
20 134 48
16 44 42
4 65 9
81 142 4
124 124 47
88 98 51
89 119 55
110 147 1
50 133 12
57 58 39
104 117 7
57 59 51
35 58 32
57 93 10
52 58 9
78 136 57
58 112 19
19 23 45
13 92 37
101 104 16
96 98 59
9 45 49
19 145 43
73 136 47
17 38 43
31 106 49
53 119 16
92 142 42
9 117 6
99 130 17
27 55 44
80 117 16
62 73 60
40 120 47
80 97 27
8 58 10
73 109 38
107 138 55
5 38 58
81 125 42
84 100 60
81 123 41
91 139 24
57 87 36
101 128 6
7 142 55
106 133 42
60 135 49
66 93 3
55 79 27
25 26 29
36 79 42
42 66 51
3 94 56
69 76 42
87 131 22
15 126 26
28 119 32
63 136 9
124 128 19
43 119 56
121 130 55
41 100 39
11 90 1
10 104 35
60 76 50
6 50 36
17 140 56
82 96 5
3 108 57
17 70 29
26 84 30
19 109 41
128 149 0
15 90 26
0 132 48
61 120 13
82 140 53
55 94 30
60 125 7
76 85 19
91 93 39
120 140 39
48 48 33
5 87 10
77 130 24
83 142 18
43 67 1
13 143 48
113 141 22
13 30 29
34 120 17
105 105 52
27 101 31
100 142 0
62 140 2
1 60 27
87 100 30
0 119 43
13 121 37
109 134 50
77 134 50
44 65 45
104 129 59
129 136 59
105 143 29
76 96 32
71 83 43
53 120 12
24 135 17
3 36 1
100 107 53
10 52 45
74 107 49
93 149 49
39 71 43
122 122 18
29 74 21
42 93 17
24 95 22
24 148 7
89 105 9
35 103 8
17 51 49
10 20 56
12 16 17
93 112 32
97 112 52
123 127 58
73 76 37
82 121 31
92 128 8
23 49 23
72 86 20
63 103 5
11 28 46
131 149 27
68 86 20
101 146 22
18 86 23
62 78 2
100 149 56
19 98 34
62 65 25
29 106 23
116 124 45
36 49 49
37 131 20
114 142 53
42 48 32
48 144 44
75 149 3
16 55 27
29 88 59
18 109 7
13 65 46
28 117 36
24 141 12
25 58 42
101 103 53
58 136 40
93 116 58
46 104 11
4 138 47
10 88 4
66 76 0
52 91 52
20 119 40
47 103 33
61 115 28
117 134 5
2 120 32
90 104 21
14 108 58
68 76 41
85 147 31
114 122 9
52 84 10
82 106 33
66 99 59
15 33 25
89 101 47
46 130 17
100 133 7
62 102 28
41 129 16
12 110 40
53 54 24
57 113 11
23 53 60
88 122 24
107 143 20
73 128 26
90 90 41
40 115 17
64 79 48
33 71 56
62 67 22
34 129 7
16 61 57
31 128 20
129 133 3
111 115 32
95 111 39
73 99 7
35 128 32
34 99 49
60 61 30
24 35 26
67 110 33
103 105 48
28 84 19
81 93 18
12 146 22
87 116 47
50 118 26
111 144 43
112 123 48
17 100 44
101 131 50
84 101 11
80 84 33
7 73 39
28 149 33
29 83 25
41 78 37
21 144 25
51 75 30
36 67 30
61 131 9
11 96 55
31 59 58
58 134 56
27 127 17
17 106 46
58 75 13
74 74 14
60 118 41
84 118 20
64 91 32
90 136 1
101 147 51
75 95 13
36 99 39
87 93 43
64 84 3
49 97 48
59 111 3
12 77 15
115 147 23
29 54 10
8 81 34
121 127 19
53 69 5
55 97 46
118 134 8
73 92 19
7 60 50
56 117 46
88 138 48
69 97 28
60 81 13
37 49 55
105 135 56
97 145 34
88 136 32
106 131 2
72 79 49
1 69 15
16 45 58
76 76 30
93 107 37
76 95 13
89 122 37
10 56 14
61 144 27
16 111 32
40 92 58
91 149 55
4 122 8
125 127 10
36 97 21
23 65 19
135 142 27
15 44 0
103 132 22
2 145 35
1 77 2
27 123 56
17 39 8
20 101 33
125 148 52
82 143 10
8 134 44
71 113 4
21 99 6
100 109 13
26 109 54
106 109 58
107 129 54
38 122 5
33 148 28
31 70 3
63 93 56
42 145 25
117 138 19
17 136 24
99 113 9
42 130 7
36 40 40
27 43 55
41 67 2
82 147 18
4 127 6
50 96 41
17 141 31
119 121 21
23 84 39
83 110 43
44 49 51
55 76 46
57 66 36
53 76 38
34 80 26
72 91 14
51 63 5
62 80 18
30 48 9
120 137 50
9 56 42
76 126 37
18 93 47
51 134 18
120 142 31
66 113 40
46 46 2
23 48 56
29 62 38
37 96 15
10 128 14
120 136 0
103 122 59
125 138 40
124 149 54
92 98 40
81 81 10
29 145 11
48 55 11
7 33 29
98 145 56
76 130 45
35 54 3
24 56 51
31 105 36
70 142 1
55 109 5
119 124 45
76 140 46
75 142 40
55 90 8
19 114 52
37 107 18
14 103 22
95 145 3
106 149 24
122 143 2
53 111 60
36 121 8
65 97 4
91 97 21
34 124 19
47 121 58
20 65 52
4 132 51
121 139 51
39 39 23
87 132 39
74 92 12
31 75 0
26 116 10
15 22 23
63 149 25
8 92 17
109 133 6
6 54 31
10 83 50
104 123 10
74 149 51
34 112 48
90 93 30
60 63 52
82 87 15
83 133 31
17 88 5
21 111 41
74 147 40
19 135 32
12 80 34
92 137 7
90 107 22
128 129 33
12 19 46
101 139 40
105 132 26
19 147 8
51 131 31
2 24 12
98 133 3
11 93 54
69 141 18
90 143 10
97 103 58
44 135 34
56 108 40
60 62 29
110 139 46
113 122 34
77 109 19
91 141 52
10 31 4
92 109 22
73 93 55
47 120 53
113 140 41
122 138 44
28 98 19
85 143 47
19 37 9
52 66 12
18 81 35
32 142 25
61 67 51
47 69 17
75 83 48
41 44 14
58 74 57
80 92 1
15 131 15
8 113 18
5 134 53
57 98 32
17 69 10
40 98 38
76 116 5
49 129 9
65 80 5
9 144 45
66 96 52
5 144 49
28 34 28
13 102 52
45 69 6
110 144 36
3 146 60
10 59 21
75 105 3
44 146 51
39 85 50
35 98 43
69 128 39
15 100 40
10 116 29
6 123 11
29 34 44
74 98 13
83 97 20
35 68 2
58 90 17
28 61 44
7 11 57
50 147 37
61 133 1
66 105 8
25 141 50
80 133 45
48 117 22
64 75 30
5 23 22
80 145 43
118 130 50
53 129 41
47 147 20
7 85 15
19 86 20
42 132 26
61 71 52
29 149 27
75 136 18
47 61 58
87 139 27
48 81 39
28 126 43
38 91 49
91 120 11
10 136 11
109 131 17
1 74 30
37 119 12
30 104 16
132 149 42
22 58 28
22 145 6
0 18 43
1 15 58
11 126 9
89 145 54
140 145 8
31 143 22
12 111 45
45 86 38
68 138 12
87 105 60
81 106 16
90 126 55
15 58 24
21 109 51
127 143 30
112 121 58
48 67 14
27 134 48
78 89 47
84 103 59
64 100 18
52 71 21
9 98 35
7 127 25
114 146 0
84 140 50
102 110 39
97 149 59
61 84 49
50 56 9
58 127 42
82 89 41
109 130 9
123 133 28
31 35 44
57 105 31
75 80 33
58 132 0
98 139 60
113 121 35
112 125 31
42 110 60
59 132 55
74 148 33
40 131 17
22 95 20
47 67 7
96 104 6
24 121 45
18 115 59
104 148 49
72 88 59
61 106 59
53 108 35
113 130 50
28 110 8
59 103 10
2 112 42
108 148 15
104 119 56
68 104 10
115 137 24
13 33 54
51 147 1
60 80 3
92 139 11
120 149 0
55 146 24
47 146 15
140 149 47
76 101 60
47 95 34
31 141 7
5 127 21
35 132 29
15 130 54
3 7 10
62 69 12
56 119 58
48 64 14
122 147 45
3 34 12
30 138 55
61 110 40
30 122 57
25 49 37
6 43 42
48 121 34
48 109 54
111 124 58
65 141 30
72 114 38
74 132 35
51 53 36
28 134 55
74 141 51
61 146 36
1 30 19
67 137 31
23 45 9
51 67 56
82 117 35
64 97 17
108 149 12
40 124 46
0 36 25
27 54 37
3 14 9
61 61 3
18 55 53
63 64 32
49 106 47
11 73 51
66 142 38
101 113 14
58 70 7
65 136 2
60 147 35
68 113 36
84 148 15
121 140 40
13 46 15
28 116 9
11 116 49
8 122 14
59 143 55
6 57 42
33 46 5
1 14 19
21 75 12
63 82 18
59 95 19
34 137 17
58 86 35
17 25 35
43 126 54
46 97 44
35 48 2
29 50 46
39 103 22
12 61 53
121 123 44
69 83 56
51 99 25
12 117 5
68 92 5
59 70 13
104 146 15
61 108 33
41 112 3
116 134 32
4 23 18
51 90 55
19 117 33
57 103 43
73 98 19
95 104 35
69 118 10
65 149 51
85 137 15
41 115 15
119 140 44
83 119 51
114 133 4
28 28 48
42 57 13
75 90 56
119 148 14
16 148 31
6 141 18
49 115 17
48 114 1
92 102 21
17 78 15
130 132 40
67 120 28
130 145 27
3 100 46
105 119 34
73 117 18
34 142 16
32 48 53
42 73 16
128 141 24
43 123 30
88 96 28
10 72 17
48 66 4
115 125 51
18 137 1
54 133 0
50 89 13
12 96 3
7 145 53
80 135 56
88 124 59
91 102 58
66 92 48
41 136 36
58 107 1
13 142 40
54 62 27
40 66 18
55 103 39
98 142 52
98 101 37
2 50 40
27 131 36
25 137 15
1 109 59
48 92 19
26 53 37
52 74 14
113 138 33
115 117 32
53 147 19
116 131 41
80 148 51
22 27 11
55 108 24
20 140 32
107 136 49
14 120 6
126 132 23
81 143 31
66 119 21
28 83 20
76 143 60
12 38 9
27 98 5
64 87 5
91 145 20
94 111 9
19 106 9
99 111 39
57 127 31
54 142 21
56 141 60
54 80 52
82 91 59
48 136 8
19 47 40
104 112 36
85 103 26
24 43 36
54 147 40
88 119 5
86 128 0
45 49 18
52 115 33
18 149 41
63 117 37
68 80 53
122 133 30
79 126 37
65 81 32
26 44 9
65 72 59
3 121 50
81 129 56
17 23 26
12 44 60
1 37 7
51 51 7
41 99 15
46 73 7
53 77 33
93 122 8
57 122 60
59 114 26
56 133 9
20 122 31
73 79 5
113 142 10
15 145 33
54 64 21
46 59 29
75 93 59
35 89 18
45 137 3
29 72 52
105 108 27
91 112 37
12 104 23
48 78 44
2 35 17
62 138 34
39 91 50
82 103 41
50 114 24
45 129 30
63 63 59
24 140 57
91 143 1
135 137 55
102 102 0
65 69 39
47 77 7
102 136 26
87 117 36
110 141 10
111 126 30
53 62 13
27 99 18
61 119 16
72 148 58
84 115 45
52 56 13
94 98 46
72 143 2
53 85 10
80 99 55
0 110 19
71 77 15
52 62 6
60 149 5
67 147 23
108 132 19
59 78 57
64 82 14
29 81 13
85 136 40
48 143 12
1 134 36
31 102 56
13 119 13
33 134 52
13 71 40
35 97 52
11 129 16
88 91 31
84 93 52
77 118 50
28 104 18
55 91 10
60 95 33
15 78 25
34 56 10
36 77 10
21 93 22
61 107 51
58 116 37
22 125 27
47 89 17
39 75 28
50 142 37
48 88 13
10 26 24
10 131 41
33 79 23
32 125 40
12 67 51
105 126 8
20 79 17
14 69 3
36 48 9
28 129 15
48 108 16
67 74 56
122 131 38
61 148 35
49 94 22
105 106 15
61 92 19
38 50 24
26 41 12
51 58 59
40 48 16
5 115 54
23 52 46
34 67 29
3 102 48
9 42 0
17 82 6
95 123 6
55 110 17
27 140 34
48 131 42
101 130 29
42 149 4
30 36 34
3 73 16
119 141 38
0 29 39
82 119 8
69 110 37
67 124 56
75 104 26
86 99 29
58 58 11
70 115 9
32 93 45
88 104 14
6 104 47
100 110 57
74 138 3
35 143 41
97 134 47
43 148 23
5 100 6
93 147 53
50 130 49
38 55 15
104 116 53
109 109 10
45 68 41
75 137 3
11 19 45
22 84 18
33 63 35
82 100 2
28 48 33
61 138 4
100 117 28
13 37 47
95 149 60
28 30 15
62 88 56
11 98 36
77 85 32
64 142 52
93 121 44
89 130 7
0 45 34
70 103 19
41 128 21
38 143 60
65 75 5
83 128 35
28 105 49
2 133 58
72 115 21
33 98 50
70 116 11
60 68 6
70 94 43
55 69 10
128 134 50
26 120 20
63 147 28
97 104 7
101 120 35
26 101 27
58 133 18
70 119 48
74 84 54
87 127 14
54 95 11
5 83 3
11 92 24
72 120 1
18 104 33
14 79 4
3 69 47
18 97 5
17 144 34
32 128 52
10 103 36
72 82 0
26 128 30
99 136 8
77 88 48
7 136 8
60 88 41
85 121 1
36 52 18
0 76 12
30 117 50
27 119 2
56 147 52
5 58 2
13 75 27
100 125 18
81 98 0
18 71 56
54 76 27
2 69 49
99 99 48
35 134 27
29 47 19
21 146 50
127 131 39
10 141 14
7 121 36
49 88 51
61 134 32
52 142 56
56 123 33
72 77 52
56 90 5
70 141 44
79 131 34
29 127 4
115 149 2
44 111 21
113 132 10
58 95 20
93 120 1
19 127 25
14 93 12
115 148 37
26 136 33
84 89 23
12 57 35
46 61 57
111 127 46
95 103 5
91 124 31
47 114 42
15 89 48
81 110 15
90 129 36
96 149 42
45 99 46
36 120 27
95 114 2
0 42 35
74 145 1
18 114 46
21 145 35
65 123 59
20 123 29
5 6 58
3 98 28
78 120 58
82 116 11
5 105 27
94 149 29
71 123 4
22 72 26
68 81 6
73 105 45
25 38 7
25 39 21
37 51 42
89 104 17
40 60 59
15 92 36
50 105 4
114 137 28
17 55 8
88 90 57
28 146 28
13 141 15
0 84 35
117 140 41
39 72 7
42 50 44
56 69 6
41 52 50
113 137 20
35 123 36
134 143 58
35 104 36
59 110 49
19 111 59
118 122 0
81 117 12
97 98 52
22 122 13
28 132 1
112 115 59
56 98 38
114 127 44
21 121 51
95 129 20
114 126 37
77 82 53
46 118 9
39 127 50
110 125 60
87 125 56
52 90 29
39 88 1
85 128 15
25 76 24
41 90 0
76 124 26
89 144 2
6 62 18
11 53 46
24 75 56
53 130 46
31 37 11
49 65 25
118 136 28
3 59 59
91 126 53
10 85 16
48 113 33
35 84 19
13 93 55
73 89 49
59 118 54
107 116 60
6 114 58
19 124 50
113 147 60
96 110 17
31 45 1
29 49 19
23 110 34
50 70 43
1 61 16
57 142 21
14 17 55
81 127 60
14 132 4
11 74 31
29 125 32
2 61 58
87 145 45
128 139 44
74 100 33
60 92 7
124 131 45
68 107 36
42 116 40
22 25 4
24 79 8
1 76 46
27 33 25
77 84 33
13 14 55
19 141 43
38 59 20
39 60 39
19 72 37
2 90 8
5 81 55
119 132 53
73 91 24
8 114 8
53 114 33
45 112 58
14 47 36
1 23 3
103 133 21
21 63 49
77 143 15
71 84 38
102 128 60
47 100 0
1 103 30
64 141 37
83 144 36
86 105 45
25 67 44
22 41 56
79 80 59
36 109 16
7 65 44
43 132 17
38 144 23
39 86 42
12 109 7
16 149 29
8 37 25
24 80 7
86 101 12
67 133 20
84 137 18
55 77 20
52 75 27
40 138 56
35 60 50
52 105 34
19 149 16
28 66 46
102 116 29
42 63 28
30 125 41
21 82 7
57 97 45
83 111 43
64 102 9
44 110 55
14 27 35
68 120 10
81 109 35
23 141 10
51 94 34
22 23 32
42 96 60
96 148 0
31 46 17
62 130 30
13 38 23
127 136 32
59 120 15
30 124 57
116 118 3
5 16 59
14 60 7
92 131 47
101 108 57
127 129 22
77 129 43
109 122 48
16 144 15
32 146 39
111 125 33
111 130 20
82 105 47
70 124 58
38 73 53
24 123 38
93 125 7
4 91 8
25 45 10
14 61 36
12 29 14
47 138 56
17 66 10
68 125 37
6 144 8
63 125 9
69 134 9
4 123 19
5 62 56
67 88 58
43 66 22
46 99 1
10 118 41
62 148 25
98 109 21
26 76 43
60 104 46
117 132 47
4 119 22
34 138 15
44 134 41
71 76 58
94 136 53
41 66 50
26 94 60
68 88 23
82 90 11
75 144 23
53 95 55
79 96 7
88 123 16
62 76 33
37 59 16
82 123 36
52 135 24
46 89 49
52 68 47
32 89 0
78 113 50
47 135 44
17 49 34
103 138 1
36 46 3
81 89 23
4 97 10
106 127 6
94 119 49
2 46 0
34 86 12
6 97 2
30 30 49
64 125 48
41 72 4
30 136 60
103 114 45
41 91 12
68 147 36
44 45 24
91 105 59
103 126 39
101 117 25
95 120 13
123 131 1
14 32 28
20 111 9
15 67 5
49 121 51
92 147 59
57 148 40
26 140 35
56 64 36
83 147 19
30 73 33
78 115 31
52 63 53
102 124 4
37 87 17
33 133 24
22 120 13
6 128 29
29 69 29
34 149 21
19 26 38
69 85 5
33 33 39
9 134 33
97 131 47
19 60 26
4 117 38
85 89 36
7 19 55
47 50 52
31 120 56
29 41 23
3 138 2
30 43 7
86 87 8
23 145 34
99 114 43
42 65 5
52 106 43
23 64 26
7 94 55
39 112 26
1 13 40
85 141 32
50 53 3
10 61 31
118 143 39
65 89 47
104 132 7
99 104 39
47 79 49
4 53 42
101 133 4
84 85 11
67 76 56
95 100 46
93 144 48
115 146 59
13 26 15
52 110 37
110 129 16
85 90 7
66 108 48
62 93 19
67 127 45
115 129 13
18 78 56
52 52 28
50 137 8
71 71 24
60 140 50
58 149 59
78 118 39
88 121 16
57 69 15
107 140 33
24 52 26
24 40 36
30 146 31
105 118 46
71 118 8
47 99 58
47 127 4
18 112 33
37 101 22
20 112 52
66 68 36
46 72 43
12 129 15
43 108 10
72 121 45
105 114 3
110 116 47
57 108 56
30 103 27
31 66 6
61 81 20
98 140 18
19 123 14
51 111 20
67 119 36
36 128 21
87 107 1
73 130 16
21 33 59
65 148 7
22 51 15
90 112 6
94 131 44
26 93 59
44 67 45
59 60 6
34 102 16
51 98 0
127 137 19
16 42 22
60 123 46
0 148 30
45 72 39
42 60 32
20 128 8
47 140 5
90 97 15
51 96 10
2 96 48
110 140 0
77 132 53
57 102 27
5 40 21
31 140 4
42 143 50
71 105 30
32 149 8
19 55 15
85 139 50
24 42 41
5 61 55
92 108 31
11 121 47
52 113 39
74 117 3
95 97 22
34 35 1
121 148 14
55 125 36
113 127 27
43 106 56
17 108 30
114 114 41
19 85 60
90 92 13
79 148 48
0 61 53
39 53 52
43 73 6
42 147 8
54 113 19
50 95 34
51 122 39
58 67 22
44 68 29
25 54 50
43 79 12
49 56 28
31 55 48
131 144 34
104 126 37
42 102 8
43 127 5
6 132 32
116 144 48
75 109 3
95 98 29
37 104 1
5 46 49
14 104 24
27 75 41
48 125 36
49 148 56
81 132 42
3 32 27
7 51 22
13 80 32
120 143 3
75 133 4
77 111 1
32 55 42
9 126 28
76 148 2
17 139 12
53 58 10
20 51 50
81 119 41
12 35 57
121 141 4
94 104 3
34 34 32
32 51 38
33 90 14
111 117 46
43 44 21
13 58 37
16 52 43
101 123 57
92 138 50
40 61 23
50 136 55
22 59 11
115 145 1
43 86 20
108 111 44
72 139 23
35 120 6
64 71 0
106 126 22
34 53 8
85 148 29
13 45 38
38 114 20
28 140 49
20 130 40
0 95 35
72 134 31
117 129 28
95 137 0
69 113 15
22 104 50
46 143 59
16 19 45
48 122 8
85 123 18
55 57 25
101 101 47
74 119 52
45 135 57
119 129 17
33 88 53
98 136 5
76 136 7
70 114 34
91 99 44
115 143 36
68 84 22
50 72 20
44 46 41
55 102 51
77 79 35
107 139 4
6 9 3
110 115 8
17 74 23
8 66 34
58 78 39
94 106 23
67 122 46
18 58 46
29 94 56
62 123 5
91 110 47
0 144 0
88 135 42
7 124 58
70 109 17
10 45 49
10 64 23
69 82 36
1 82 58
85 108 58
107 122 30
30 52 41
7 86 52
49 70 48
110 121 2
94 146 14
49 105 9
37 142 31
44 51 35
4 125 58
72 119 53
17 122 27
116 122 37
61 66 29
118 125 10
108 136 55
21 58 38
83 140 3
32 88 11
10 22 10
34 111 18
68 149 58
125 139 56
19 121 51
46 116 47
81 112 41
37 92 36
9 101 22
79 81 21
15 128 48
24 78 56
85 110 27
10 13 37
33 139 6
3 82 28
20 77 6
27 97 39
22 94 38
125 131 46
3 39 55
91 94 32
98 128 18
90 148 10
118 119 7
63 148 14
5 64 59
77 147 49
79 147 8
103 113 5
37 43 10
44 60 45
52 72 2
124 142 24
31 138 35
23 103 0
1 139 28
103 117 2
94 135 21
85 115 21
45 113 3
64 98 21
36 149 31
82 94 60
24 90 53
14 18 23
8 144 34
81 99 46
70 137 56
45 128 35
9 31 26
82 98 15
97 108 26
7 92 52
114 120 31
69 115 13
20 87 28
31 115 18
53 71 27
53 74 2
74 78 13
113 114 24
45 56 14
120 125 10
1 142 13
8 84 36
24 72 11
94 121 23
2 48 2
34 41 25
62 68 10
8 132 42
96 126 35
69 109 22
14 131 33
67 79 59
31 113 21
79 99 36
119 127 36
9 88 19
36 72 4
0 9 49
48 124 21
10 95 51
71 133 58
55 117 44
103 120 13
26 50 40
13 52 7
116 145 46
40 68 22
93 119 9
44 79 36
112 116 38
84 120 44
92 101 40
63 67 50
113 135 12
85 124 34
31 97 31
75 135 9
37 86 34
29 39 43
71 85 9
23 91 14
99 121 3
40 114 46
63 83 49
20 100 7
72 137 50
111 114 12
111 141 6
9 75 9
31 118 4
50 111 19
55 73 45
88 129 58
103 118 54
26 35 35
3 18 46
86 149 38
11 106 41
52 148 53
49 137 51
34 42 46
98 125 41
7 47 12
84 130 28
79 82 57
95 141 21
76 84 51
107 146 45
30 82 36
15 132 45
79 110 21
63 112 2
68 148 56
4 108 37
42 123 32
54 71 47
14 92 10
15 40 11
103 134 23
81 92 10
56 76 34
54 122 39
41 69 10
79 136 0
40 134 0
6 92 37
64 123 44
19 103 4
46 75 2
18 63 6
64 136 18
92 132 28
11 34 35
17 123 29
123 139 47
4 103 2
34 145 46
69 80 58
53 101 47
41 132 39
121 135 6
43 115 35
49 75 51
85 113 36
37 125 34
63 72 51
83 132 28
53 64 58
71 88 51
0 22 46
85 145 16
53 94 38
12 128 3
23 80 56
33 114 54
62 141 26
8 115 37
66 109 59
13 74 56
4 29 56
74 90 15
37 56 9
78 140 8
100 118 54
35 67 14
101 138 37
98 115 47
23 92 0
1 91 18
9 24 35
111 148 4
112 120 3
31 78 47
29 37 32
127 138 1
59 93 12
28 71 45
63 133 4
45 123 1
38 117 16
77 103 23
62 104 38
7 71 36
103 146 9
80 88 27
63 130 11
15 140 10
7 103 34
93 124 20
79 102 24
29 135 30
33 92 50
75 139 19
52 100 3
80 139 9
55 87 16
80 81 25
2 55 58
49 134 1
22 106 39
118 131 29
45 50 49
65 145 10
44 132 9
87 88 47
30 34 22
71 91 7
32 139 10
10 82 57
97 121 60
50 129 56
39 128 49
113 116 42
27 58 19
32 102 46
15 115 36
46 102 41
87 123 38
67 97 14
56 67 41
59 100 1
33 109 36
36 92 50
37 113 18
52 94 54
86 124 57
56 146 11
10 110 56
102 130 0
60 119 56
17 79 27
46 141 19
47 90 42
94 132 10
68 100 54
81 118 43
35 76 28
68 118 31
25 29 37
8 72 60
106 111 19
7 107 8
84 121 1
4 75 25
14 111 59
28 72 50
98 126 17
15 139 43
72 81 45
17 60 13
31 41 55
26 77 1
21 141 29
19 66 32
41 92 15
11 47 48
69 126 50
37 84 25
1 105 42
88 113 3
84 145 49
67 142 33
26 143 60
54 98 11
5 68 51
34 103 44
83 106 9
18 121 0
83 122 29
105 131 44
78 135 25
80 90 29
51 142 53
4 35 50
33 40 52
4 70 11
79 124 28
63 66 8
39 105 27
60 122 17
17 119 16
32 69 15
1 122 47
46 148 57
85 146 36
100 145 60
71 140 53
46 58 46
7 88 39
7 66 15
20 126 39
5 136 25
77 142 25
12 45 31
1 133 37
33 67 12
48 74 52
57 115 32
40 72 7
53 55 15
54 146 33
16 76 22
53 135 55
78 84 55
33 113 9
24 97 60
70 107 39
13 90 49
57 76 10
105 141 27
5 51 27
74 82 54
22 44 49
15 147 13
38 100 25
34 122 12
62 70 48
30 108 15
116 125 25
82 107 37
32 70 1
28 67 50
27 47 49
11 125 19
84 122 14
66 139 33
103 106 34
76 118 53
54 54 8
16 20 18
13 98 9
28 131 54
74 80 19
106 136 34
5 129 2
82 148 17
1 127 26
33 85 12
80 109 38
57 100 50
72 136 27
13 77 1
15 42 10
110 134 59
48 127 2
89 106 17
64 146 42
102 138 29
57 101 24
9 39 28
101 122 58
64 118 51
19 24 22
68 94 52
34 46 3
13 100 7
101 121 8
65 118 15
34 68 60
79 138 29
40 109 35
33 119 48
34 47 57
15 123 16
49 117 2
18 36 48
121 137 45
43 78 54
17 19 21
99 131 27
95 116 55
91 128 30
80 115 50
65 78 7
71 134 43
15 57 26
13 136 2
9 133 6
87 98 26
86 135 48
5 67 28
69 112 14
22 35 16
16 91 45
23 140 30
28 45 50
33 125 50
59 147 55
33 48 7
8 124 55
36 116 29
6 21 37
38 97 42
108 115 40
49 111 13
27 149 16
123 141 50
21 54 14
6 18 7
80 125 13
99 122 5
35 53 1
65 134 56
44 104 43
13 23 48
8 22 9
71 122 4
62 63 37
16 77 52
50 54 49
47 48 0
82 113 36
69 103 28
92 125 43
24 33 44
11 136 19
78 79 60
9 127 49
25 73 28
50 97 27
67 103 5
35 138 58
82 134 28
4 146 31
90 130 47
107 115 24
32 74 29
53 67 45
35 74 24
89 123 15
103 109 47
123 130 32
11 83 4
0 11 44
40 46 31
25 96 4
60 127 1
54 97 46
12 101 4
23 81 28
0 112 4
100 146 58
23 137 51
73 113 30
77 119 50
89 149 30
25 128 45
85 88 60
78 98 3
60 117 36
116 146 1
32 71 21
96 96 19
47 75 26
19 64 44
61 86 27
27 44 23
19 148 43
11 102 45
33 43 51
48 102 49
38 98 10
1 39 42
100 113 24
38 54 43
65 120 59
123 142 45
103 149 58
68 132 45
49 86 25
69 87 58
38 64 6
24 94 5
68 74 33
57 110 35
84 124 30
28 75 51
102 135 40
68 119 46
38 46 8
95 106 27
127 140 25
8 121 20
70 135 53
80 83 2
5 98 41
12 120 12
32 83 41
25 123 17
45 136 41
31 52 38
38 107 19
64 65 5
67 102 22
21 80 47
22 75 41
25 46 32
20 118 45
50 84 47
107 132 16
68 101 17
70 133 46
24 28 13
40 108 21
13 110 48
22 101 48
99 106 19
79 133 11
9 41 54
45 64 28
26 85 45
34 91 19
3 55 54
37 79 22
4 48 37
35 125 2
82 141 43
4 134 5
11 105 37
99 148 11
81 107 18
109 128 22
13 107 56
50 121 54
106 141 8
23 124 38
28 101 14
28 137 15
71 146 13
58 113 48
50 140 14
71 145 57
57 68 30
19 63 45
117 126 57
17 114 17
38 87 8
98 124 26
65 103 1
27 100 35
57 132 24
9 82 4
94 128 42
66 97 4
14 97 47
34 132 25
21 39 6
80 91 57
34 40 37
45 54 5
1 41 8
11 127 28
28 74 46
31 51 35
100 141 32
41 113 15
64 68 20
92 129 13
28 39 58
64 124 57
69 142 27
8 30 51
60 74 8
1 124 30
16 142 53
25 62 25
105 137 12
79 98 24
19 113 29
43 77 17
4 92 7
25 30 14
73 127 28
51 65 37
11 145 44
120 131 53
119 123 26
12 49 33
49 55 36
21 89 41
3 114 10
37 62 14
32 103 17
51 69 14
24 53 49
17 73 51
24 112 31
6 112 5
31 121 9
1 123 58
49 76 52
6 120 60
2 119 15
73 145 51
100 132 21
25 140 21
13 149 53
48 130 23
11 133 15
1 1 12
36 73 27
59 122 15
15 28 38
33 145 31
93 118 6
76 94 2
88 112 6
48 80 57
60 128 55
32 58 15
0 24 29
3 109 50
133 143 53
3 86 42
12 136 58
41 137 38
27 34 39
73 111 25
117 149 44
39 64 16
104 106 47
45 92 24
82 132 58
59 140 52
49 96 56
55 131 23
34 61 10
82 136 36
19 102 8
117 127 46
85 117 1
53 70 3
44 61 25
56 66 31
16 27 50
49 118 1
93 126 59
32 77 53
4 96 37
96 116 60
18 128 20
30 94 1
61 130 44
41 119 25
46 149 22
6 70 41
90 109 58
68 123 32
15 52 42
71 78 8
123 149 33
110 143 4
60 103 43
54 68 43
76 91 13
61 63 52
34 60 23
3 124 28
60 112 8
83 87 22
21 22 50
1 132 58
72 131 46
29 128 27
18 75 54
56 87 36
54 128 9
101 105 20
41 50 39
33 44 38
14 55 59
18 141 39
9 76 16
31 39 23
42 109 24
10 35 22
97 129 47
89 127 23
23 77 3
0 138 49
15 82 38
40 53 14
41 118 27
24 29 0
103 141 35
111 139 41
87 148 19
70 70 39
108 122 26
56 144 47
102 133 50
114 141 21
39 56 35
6 14 38
78 129 23
34 114 3
27 66 55
53 141 31
35 86 51
9 142 56
12 75 12
25 103 13
65 116 50
60 137 38
76 122 27
46 66 53
50 69 14
9 25 56
12 82 39
16 36 49
81 130 18
2 113 60
2 140 43
87 133 25
29 131 60
16 72 13
113 118 38
25 35 49
68 122 11
58 131 23
10 25 54
79 91 40
36 129 52
54 67 59
21 32 22
20 143 11
120 128 51
88 133 32
5 63 60
67 69 59
41 76 27
113 124 54
96 146 29
21 81 35
12 59 37
67 136 15
26 107 37
11 91 15
2 147 53
72 140 32
30 41 0
78 134 4
113 145 28
46 79 51
114 139 53
7 96 26
15 104 52
82 146 38
9 96 58
110 142 1
68 110 15
21 78 23
72 142 5
64 88 30
55 147 10
60 134 49
23 25 40
37 143 37
48 71 59
65 113 46
18 85 11
54 83 25
36 105 43
20 33 58
45 67 8
66 98 1
94 108 41
29 52 6
41 87 29
56 65 19
92 136 44
7 18 46
1 83 60
55 88 53
5 18 16
85 114 0
89 121 58
84 129 29
43 114 30
60 89 1
40 64 42
16 85 24
49 59 57
71 129 1
37 48 25
34 51 7
63 141 14
59 124 48
97 148 55
3 11 17
4 104 12
37 82 23
25 100 13
70 78 37
31 112 39
2 31 49
51 71 10
115 130 52
8 36 17
80 149 32
43 130 42
82 112 40
22 114 53
25 142 32
89 116 41
47 81 39
11 120 30
82 83 28
16 31 21
82 114 46
102 125 6
71 86 30
79 139 19
112 137 0
54 65 58
23 112 27
102 140 9
77 98 7
19 126 14
26 79 5
49 127 53
71 110 58
18 50 34
34 66 44
0 60 42
2 88 11
61 74 31
42 67 40
52 103 10
90 123 3
75 147 44
36 50 38
13 103 25
46 138 45
51 81 51
41 82 0
36 39 25
51 138 3
63 121 6
21 57 14
37 76 48
25 115 27
41 145 25
80 112 29
95 128 4
45 127 41
29 109 51
66 121 46
30 92 8
60 146 33
13 29 34
15 119 25
33 122 31
121 149 48
56 88 17
36 87 43
112 113 42
92 116 18
60 97 39
52 88 14
43 71 21
66 123 28
8 76 39
1 102 28
54 58 43
84 126 51
85 119 57
65 87 25
75 108 47
94 126 3
38 82 8
24 57 13
79 142 43
47 106 51
4 129 28
126 144 38
43 136 0
48 59 5
77 96 27
1 141 25
23 96 27
93 134 24
91 122 24
10 93 30
84 133 60
51 85 34
106 123 35
64 127 56
108 135 56
2 47 48
56 95 17
70 84 33
31 33 30
86 137 28
84 123 42
117 119 46
40 148 52
21 128 41
49 110 8
56 126 15
25 90 60
81 114 44
58 71 40
35 46 46
125 132 45
77 106 28
34 130 30
69 111 45
109 138 30
17 121 26
56 107 35
108 113 42
10 113 14
15 137 19
18 117 31
63 73 48
16 26 25
50 62 39
69 125 11
56 60 46
14 49 25
82 102 33
101 141 15
99 125 5
25 51 34
33 141 15
47 117 18
7 83 17
67 129 24
68 102 32
20 27 6
22 77 22
68 121 3
83 131 52
63 131 3
25 113 47
29 138 15
67 86 51
49 83 24
105 146 52
95 130 29
39 76 23
89 110 39
96 124 9
111 140 43
37 121 14
28 85 54
15 125 2
38 69 49
57 63 18
56 129 23
5 72 42
21 30 31
21 122 43
91 142 6
58 59 60
76 133 35
71 102 1
23 142 13
17 83 17
58 123 29
85 120 9
24 146 53
82 144 6
29 71 39
33 103 31
100 106 37
41 51 18
12 31 18
76 81 56
88 94 19
42 88 36
46 88 0
16 23 3
54 108 0
22 136 28
0 54 2
48 79 55
49 60 56
116 136 40
90 115 20
52 143 44
27 82 47
43 84 2
46 119 33
96 105 11
73 95 34
92 113 38
0 64 7
33 42 47
41 102 7
65 93 17
35 44 46
6 20 17
24 62 21
11 15 33
9 136 38
97 133 15
6 51 6
16 39 57
65 128 34
15 141 12
46 90 45
32 96 9
29 102 13
110 117 37
31 86 37
76 104 56
24 86 16
116 126 13
45 57 21
82 135 3
7 22 5
100 116 47
90 94 22
50 81 18
28 40 31
68 130 43
41 41 30
60 107 5
4 37 18
2 51 13
117 124 54
27 71 13
21 115 14
11 82 32
51 115 12
75 145 0
86 144 53
30 45 26
49 138 29
11 62 22
56 73 47
11 75 60
104 144 14
55 144 53
49 72 32
30 53 36
90 110 11
27 146 54
64 135 59
48 51 5
11 149 28
103 103 0
8 34 42
99 123 38
15 121 16
92 130 22
13 21 42
37 147 59
22 55 33
4 20 11
25 114 33
66 148 23
38 102 16
56 74 17
71 98 31
116 119 24
81 91 31
84 87 33
15 103 0
96 125 36
2 41 16
94 123 46
17 147 4
19 110 44
37 124 16
63 90 32
87 141 37
76 98 44
9 99 33
2 38 16
63 104 19
74 97 23
77 136 36
118 124 15
94 94 30
23 115 12
118 149 27
34 119 46
39 126 20
76 146 50
49 90 22
81 88 6
42 70 22
70 122 52
51 64 3
124 140 8
58 88 0
107 135 10
11 79 26
103 142 18
20 148 10
55 141 41
103 123 50
68 103 13
11 69 5
57 111 0
11 12 2
13 133 17
26 137 22
60 86 0
35 82 22
88 127 56
79 120 11
91 133 51
91 131 39
52 119 8
8 112 22
43 144 37
1 19 38
3 137 10
71 111 6
8 41 59
37 126 55
91 130 42
33 136 26
6 8 38
44 107 32
36 132 32
42 75 13
18 28 7
87 122 25
46 86 29
50 146 39
55 126 43
6 13 46
64 137 19
29 142 14
16 35 15
73 78 25
97 123 15
34 48 6
45 89 19
18 74 24
6 35 39
6 64 52
126 135 41
72 96 42
48 73 11
62 81 58
62 84 43
55 63 5
9 108 54
33 66 31
50 67 57
9 46 10
121 128 38
27 121 3
37 122 18
107 127 10
71 104 41
97 144 26
55 62 38
0 13 49
74 122 30
3 79 4
75 114 15
51 92 6
8 117 33
97 130 29
20 44 37
16 82 5
4 27 10
91 96 26
30 140 49
60 113 49
12 130 42
7 21 57
45 133 34
41 149 28
54 118 3
75 77 58
50 138 23
21 46 15
29 101 43
0 56 36
10 43 15
53 79 27
65 76 18
28 47 3
6 135 51
5 137 31
47 73 42
67 98 22
16 47 40
94 105 21
9 74 43
88 132 44
62 122 45
47 57 9
8 123 36
99 117 57
4 61 25
23 127 24
1 94 49
14 42 46
40 44 25
34 89 27
29 76 54
45 77 27
69 147 34
67 125 41
78 144 49
114 138 31
43 121 38
21 135 9
20 31 0
72 93 10
3 89 46
33 69 4
18 144 15
62 64 5
57 121 27
10 92 58
65 144 13
76 79 16
57 78 27
50 88 8
20 92 37
19 31 21
41 85 7
36 144 19
29 30 3
38 58 8
38 140 14
2 62 28
53 56 10
43 107 17
65 131 8
6 133 45
108 117 3
23 61 6
32 120 54
53 126 42
56 125 29
4 114 53
74 116 4
11 101 24
102 145 10
18 132 21
82 97 23
3 122 49
17 146 41
32 148 22
11 97 23
23 123 35
15 54 24
9 130 26
64 108 30
120 120 16
21 28 18
59 104 46
117 148 8
40 74 49
31 69 2
63 69 47
24 120 26
68 127 36
12 36 37
58 119 24
42 94 0
43 112 43
11 65 17
42 121 46
108 114 9
53 133 9
41 109 59
79 141 28
45 124 0
37 42 22
108 129 39
29 147 36
47 97 17
42 55 59
3 67 35
42 104 54
5 33 44
10 112 34
6 36 10
21 87 12
24 60 22
62 98 33
9 112 22
25 124 25
20 91 7
64 104 42
20 71 38
24 64 29
34 116 26
42 80 4
80 86 13
88 103 45
51 137 26
51 83 52
44 124 45
92 119 12
66 116 23
112 112 41
99 144 31
58 97 51
43 113 50
109 124 40
43 143 5
107 108 27
36 133 35
37 141 0
26 38 24
72 78 41
34 52 58
56 86 43
23 58 8
109 114 24
66 106 16
104 147 20
8 91 19
109 146 22
26 78 56
91 98 23
5 45 42
51 55 37
9 43 17
6 93 55
90 131 24
10 143 3
45 70 18
53 103 41
1 84 39
11 49 39
6 119 5
44 141 17
27 138 18
23 136 60
90 120 26
3 41 46
18 64 38
49 108 25
99 134 54
95 127 17
87 135 23
24 88 60
87 111 53
71 95 4
67 108 31
92 112 59
18 143 12
81 140 58
72 138 46
28 99 15
51 61 49
69 107 31
39 93 57
35 79 48
53 104 4
14 123 52
91 127 35
43 88 7
55 56 44
44 52 24
14 33 37
96 97 0
83 120 31
31 90 33
40 126 60
13 106 5
75 130 43
55 84 23
28 138 13
5 53 51
84 94 22
1 85 37
64 117 50
66 86 16
129 129 52
60 106 37
40 116 10
41 88 19
17 97 20
7 15 60
30 97 38
12 56 10
13 137 47
0 39 26
13 15 42
19 134 21
82 120 22
45 73 16
68 105 31
82 115 56
14 84 48
44 138 22
42 81 4
18 91 20
72 130 46
118 120 50
74 118 28
10 32 14
18 118 55
39 115 35
42 90 39
22 92 18
62 111 53
86 107 56
7 49 32
51 109 3
81 96 40
18 20 49
11 94 26
70 143 28
16 143 20
0 74 26
24 107 52
0 90 16
101 111 33
52 81 17
74 124 39
51 78 50
51 72 12
45 104 7
24 149 60
44 57 41
62 145 48
46 98 11
86 109 32
29 86 56
22 34 41
60 121 10
59 88 51
31 61 5
66 100 57
63 124 27
106 122 11
54 119 43
56 80 12
73 103 26
28 52 55
110 149 23
69 140 24
68 115 6
36 100 50
24 131 56
56 111 37
38 85 58
7 52 54
4 110 25
3 101 20
16 145 31
96 129 56
96 108 16
29 55 23
21 117 42
73 137 41
63 78 2
70 149 27
121 143 28
49 69 59
26 30 2
9 91 52
36 108 18
52 112 9
26 31 20
77 101 9
112 134 12
67 90 24
14 38 20
65 137 49
106 108 6
65 104 6
27 133 13
6 96 14
65 70 57
50 63 30
9 63 56
45 53 55
18 89 24
23 130 52
19 32 12
64 105 51
14 94 43
40 149 31
45 149 47
44 108 52
108 112 43
9 27 55
1 51 59
86 127 8
76 121 13
45 71 59
22 39 57
12 79 53
30 145 6
115 127 60
73 131 59
3 136 0
36 136 13
86 126 47
68 73 36
4 30 32
69 133 15
77 102 42
69 148 16
12 115 30
17 31 44
21 26 40
122 130 46
62 128 1
99 101 47
104 110 48
64 132 35
3 107 7
73 120 11
35 42 5
36 134 1
51 128 51
28 107 55
111 143 13
20 74 55
23 79 37
57 133 17
2 99 51
27 135 59
59 141 22
3 62 25
111 111 45
2 3 37
16 125 42
12 90 44
29 57 37
49 133 18
56 132 50
2 102 29
52 92 38
80 128 44
85 85 47
73 116 59
25 53 5
9 90 25
55 61 36
101 140 57
44 126 26
42 49 27
35 113 25
39 116 27
2 15 13
86 111 57
77 89 16
72 149 18
3 66 22
17 28 40
53 109 60
75 102 11
66 80 1
0 10 25
37 46 21
51 93 52
70 139 24
119 122 10
53 80 23
51 59 9
84 134 60
5 103 54
89 92 47
72 90 49
35 56 8
48 95 58
27 72 41
66 102 44
72 73 36
11 32 25
30 139 36
58 103 55
55 140 50
56 58 20
70 102 36
34 123 57
83 105 17
89 140 22
58 139 4
38 141 51
53 122 13
5 126 4
38 99 25
31 137 55
117 136 33
12 12 44
11 41 25
2 97 32
30 42 57
34 76 7
69 104 14
29 118 17
63 114 26
55 68 22
91 92 21
53 68 55
40 78 17
42 113 17
37 115 43
112 126 32
23 138 11
37 75 37
33 61 37
29 136 18
60 94 39
0 30 11
46 57 55
57 67 13
25 60 20
26 98 58
119 144 0
76 102 20
66 118 52
54 66 47
75 126 58
2 42 4
47 130 21
16 129 11
64 138 28
9 146 26
14 77 19
12 27 54
56 101 52
12 20 59
16 48 13
59 107 7
31 83 10
17 87 4
6 49 42
67 114 3
56 122 14
23 135 56
9 12 2
50 57 44
48 132 58
15 29 2
107 125 24
13 60 32
58 105 11
60 91 23
57 116 14
27 128 52
21 103 47
38 138 22
61 143 34
26 82 55
33 68 33
95 143 21
23 120 57
45 115 34
33 146 9
69 99 38
12 100 31
27 51 27
42 76 15
116 120 55
3 77 60
6 89 22
83 149 33
14 73 39
19 61 18
38 94 19
96 111 60
34 143 18
94 100 24
21 55 4
74 109 36
57 119 1
73 108 4
15 43 16
10 38 50
40 86 5
5 106 10
14 62 45
86 108 17
71 72 29
43 89 47
47 131 35
4 25 54
22 66 34
10 34 5
7 55 45
39 74 11
73 112 42
7 87 33
26 36 35
88 145 10
29 43 28
8 55 13
5 149 46
29 129 10
16 18 17
87 115 4
90 135 32
40 94 32
18 47 7
22 109 37
23 30 56
96 113 51
91 144 57
34 50 35
34 74 29
99 105 23
67 144 31
18 129 27
30 87 53
0 135 60
9 69 1
14 21 48
54 56 55
74 79 25
77 140 8
75 120 43
71 136 24
65 147 18
60 77 56
63 84 29
55 149 40
67 93 23
50 87 4
68 78 5
39 83 34
37 114 54
72 95 13
1 50 5
14 24 58
26 122 50
13 132 32
4 56 20
32 38 1
62 117 7
57 65 3
35 73 1
79 90 36
10 124 16
46 69 20
50 102 60
13 27 16
17 111 48
53 112 41
14 67 16
5 117 20
102 106 43
15 79 3
78 99 13
28 43 20
76 77 9
82 131 15
99 112 16
77 127 33
11 132 20
51 125 46
43 140 15
40 57 29
9 35 0
60 79 6
51 60 45
94 114 25
87 142 37
36 86 45
55 111 4
61 100 19
86 125 10
18 52 1
81 116 37
15 64 59
54 131 18
39 101 40
16 73 45
59 67 40
63 129 23
126 140 16
64 73 14
48 53 42
76 128 12
49 99 25
35 83 60
9 62 30
15 71 48
56 118 18
21 94 33
57 104 54
32 49 32
62 77 53
41 70 17
22 86 2
69 105 31
115 115 23
11 43 25
76 110 11
2 107 3
88 114 3
44 53 19
17 107 11
78 91 14
49 136 2
126 126 1
18 125 10
59 117 41
72 74 29
18 142 34
37 140 4
10 10 15
45 120 32
42 78 58
8 46 31
78 132 46
26 119 46
73 81 37
45 103 35
13 73 15
12 13 14
49 93 34
1 68 48
118 146 56
14 91 57
85 126 8
25 44 2
21 120 33
62 96 4
32 94 52
26 126 14
66 66 2
34 148 18
65 100 55
38 108 31
95 132 47
55 60 19
118 129 56
50 115 38
31 54 47
90 102 40
126 147 2
19 99 12
64 81 51
28 136 9
43 80 34
31 131 31
41 79 14
3 93 30
52 61 55
10 109 48
93 102 53
40 145 8
73 140 9
40 123 5
2 45 54
19 101 16
39 123 55
84 141 44
4 102 29
15 76 33
35 78 6
61 85 12
84 127 7
103 125 57
4 28 41
5 69 50
59 87 23
11 137 45
31 91 30
34 79 6
102 121 58
97 125 29
43 56 10
50 73 8
63 76 15
87 121 29
48 142 10
83 100 3
87 101 60
77 123 8
31 148 15
61 132 23
5 92 30
98 120 27
3 57 16
0 124 2
46 93 21
94 97 25
94 110 7
35 114 34
6 28 36
13 108 4
26 144 54
46 71 4
11 144 54
34 49 11
55 55 52
44 63 48
2 71 20
44 120 5
51 113 48
37 111 0
3 80 13
33 57 60
0 128 41
27 145 60
57 117 7
18 136 4
6 122 21
68 70 48
11 115 27
71 143 21
29 103 58
38 125 9
19 131 43
14 80 41
40 88 41
11 50 15
10 120 22
106 140 53
53 72 60
52 144 52
31 125 47
1 98 44
14 148 5
13 62 42
55 89 17
53 138 12
67 112 25
78 103 39
22 99 21
9 118 25
3 65 31
19 89 26
92 134 16
12 87 41
66 133 57
21 113 40
48 129 6
0 133 31
47 149 7
75 75 59
39 131 18
42 58 10
65 84 12
49 74 0
51 110 15
20 69 8
38 43 7
33 70 39
50 91 56
3 84 54
28 29 51
89 124 55
1 32 9
14 65 15
70 126 9
87 91 51
101 114 10
6 19 10
16 17 16
62 75 29
74 103 53
67 91 54
34 39 4
65 140 46
27 56 20
27 106 44
6 102 9
98 116 18
18 37 41
39 89 46
63 65 25
68 87 36
15 113 13
46 83 32
56 63 46
57 80 18
57 60 13
46 74 31
96 137 55
32 119 32
18 43 0
6 24 24
39 62 36
18 88 41
1 20 41
110 110 5
98 99 20
33 73 17
63 71 54
19 138 30
52 131 38
70 93 15
48 126 43
25 80 35
59 115 27
23 39 60
7 53 30
36 68 51
113 139 13
56 128 30
18 46 13
17 89 31
63 134 5
81 86 49
11 130 41
93 143 24
64 130 36
64 78 32
32 68 32
63 137 37
29 40 55
52 96 44
68 79 6
30 148 28
58 61 46
23 31 18
50 52 2
48 104 15
43 50 2
79 87 6
95 139 46
11 51 51
70 117 12
113 143 42
44 142 19
31 47 12
25 41 23
47 132 17
20 90 58
30 141 3
20 83 33
67 140 25
1 9 50
49 77 26
30 111 16
28 139 13
16 49 22
40 135 29
16 98 57
9 11 5
14 95 46
18 108 60
54 57 37
73 102 57
8 149 24
33 127 48
96 134 39
4 74 6
44 101 37
44 85 57
20 117 41
97 140 16
14 127 30
86 91 21
91 125 44
78 78 2
11 67 5
32 121 23
107 121 42
82 109 5
80 116 31
53 124 52
93 111 41
12 54 54
24 32 47
61 79 8
37 80 4
3 133 48
61 113 52
13 112 12
6 16 54
63 144 20
2 29 10
19 39 10
16 28 43
27 105 32
44 94 40
14 44 19
71 127 25
60 109 6
86 94 44
14 71 11
91 134 37
42 72 46
1 97 59
17 32 38
74 83 43
21 123 37
8 125 11
3 112 25
37 135 25
66 128 43
5 70 42
27 122 54
54 115 4
72 83 40
27 59 40
70 98 51
38 124 23
76 117 27
39 144 51
84 108 43
12 74 31
28 113 41
97 139 20
24 99 42
10 111 45
22 26 49
26 51 43
26 28 52
104 141 28
45 78 43
22 64 17
66 71 15
63 101 48
75 127 23
5 13 38
52 85 42
12 83 23
54 107 53
9 102 43
11 112 15
56 71 32
13 87 41
79 113 53
75 128 5
81 136 56
30 128 53
26 97 31
40 50 5
31 95 21
8 47 47
69 137 59
45 106 1
5 73 26
16 103 44
42 100 35
16 33 4
20 144 32
10 24 12
66 87 10
36 82 47
40 59 31
67 138 8
8 10 5
64 140 41
28 118 25
32 118 60
55 70 37
81 82 57
14 119 42
62 85 20
4 21 6
97 118 31
2 22 5
78 123 59
90 137 28
48 139 59
31 72 43
104 114 58
90 91 29
20 24 48
70 146 36
78 141 22
60 110 39
52 109 11
2 94 52
116 140 26
46 115 52
83 127 60
68 82 17
74 140 31
98 123 52
85 127 11
9 137 15
15 112 46
6 87 38
40 65 53
9 47 8
10 78 23
63 99 27
33 94 17
59 101 28
15 39 25
49 73 43
25 127 9
8 140 34
21 21 36
66 114 22
35 131 24
85 134 21
0 51 48
46 131 17
49 81 41
44 96 4
57 81 58
51 133 47
18 83 28
21 112 15
16 138 17
23 67 47
11 40 44
58 94 22
48 119 40
37 139 30
38 113 1
91 123 57
96 123 20
63 109 30
31 146 0
13 55 12
33 37 55
73 97 49
54 63 52
16 69 0
38 53 60
61 94 41
30 76 2
31 60 52
112 149 26
81 146 2
22 79 0
91 103 21
22 47 2
74 102 3
8 25 21
66 137 23
33 97 3
16 104 51
99 100 54
5 145 55
29 66 36
0 134 32
60 142 34
30 47 46
35 40 39
90 103 58
118 145 59
94 144 34
41 127 42
51 145 31
116 130 34
77 125 49
16 146 56
52 53 46
6 84 57
11 77 9
104 140 35
36 98 34
56 136 4
17 126 24
56 102 39
55 82 4
62 135 36
24 117 22
15 51 3
60 138 17
32 82 11
10 79 45
90 113 13
4 9 43
76 135 45
29 44 55
61 127 51
57 92 54
4 26 39
107 144 8
10 80 4
18 72 13
74 89 0
74 125 25
49 101 46
46 140 4
84 128 4
28 100 24
99 128 44
26 72 6
95 99 19
3 132 6
26 134 9
71 99 10
81 128 24
78 95 42
35 69 8
89 143 15
74 135 26
43 118 32
74 81 24
30 134 36
30 60 47
31 68 5
68 95 10
76 113 10
23 55 50
88 142 4
23 24 35
0 88 12
14 50 20
71 108 28
111 146 16
97 141 37
7 134 2
42 64 8
43 47 48
12 65 48
37 95 22
7 69 3
37 123 43
18 42 40
47 85 54
31 38 49
67 80 24
39 145 14
76 119 29
37 117 16
57 137 45
2 25 3
56 56 8
21 101 1
58 130 10
56 81 30
18 102 48
26 48 15
60 72 15
44 77 20
11 18 39
43 52 35
104 134 34
65 71 32
1 48 13
22 141 45
84 142 18
25 71 47
14 116 42
51 86 34
105 148 60
27 60 13
0 52 27
5 119 39
87 114 29
27 132 15
45 130 14
80 89 23
87 87 58
45 143 9
3 139 16
34 94 3
24 63 10
52 83 49
58 65 43
72 80 12
79 114 12
61 87 23
24 71 43
38 142 44
34 128 10
64 147 25
89 134 55
52 87 49
114 140 22
13 94 32
37 100 43
0 136 50
14 70 51
36 122 2
2 124 21
89 114 50
70 111 32
54 144 42
44 128 17
46 48 1
97 117 14
22 40 15
14 124 22
10 53 16
47 116 26
41 89 43
48 58 55
109 148 12
20 81 58
54 92 53
75 85 28
4 66 52
86 140 1
86 103 53
53 83 59
3 118 21
57 71 56
6 27 58
71 125 11
13 109 58
50 119 50
45 75 23
27 124 33
76 112 29
85 94 56
5 89 44
2 100 52
70 132 48
18 80 41
83 85 29
35 36 1
65 82 2
32 95 52
74 104 58
23 86 48
46 52 50
13 145 46
52 124 10
1 26 5
3 141 58
66 149 55
27 80 9
0 65 47
64 64 18
31 48 24
72 118 19
5 141 15
40 41 28
6 113 36
125 143 43
5 56 45
76 93 55
87 97 11
90 127 21
5 76 7
0 111 18
25 69 52
21 114 29
35 57 51
59 63 54
1 99 34
32 147 1
18 25 15
57 94 18
66 82 33
35 52 24
67 70 16
8 142 53
122 135 40
0 139 11
51 70 34
23 72 41
16 87 43
32 66 8
25 27 12
46 101 3
31 74 7
22 36 14
41 103 17
10 90 38
37 89 60
29 73 30
44 125 3
87 104 54
70 88 17
45 100 9
22 147 33
14 143 54
5 54 9
5 116 15
8 138 37
46 94 5
30 90 14
24 105 10
26 26 11
19 53 21
81 113 19
105 149 25
41 110 22
67 113 9
9 26 16
6 94 55
69 78 0
86 146 20
27 113 10
34 139 58
30 86 0
51 62 20
4 60 59
47 129 21
36 138 25
17 42 29
9 37 37
5 9 59
73 123 10
104 142 30
15 96 44
88 100 46
67 139 38
87 140 32
94 116 16
21 70 35
92 92 33
6 148 15
31 124 14
10 134 56
40 95 13
19 62 25
10 125 10
34 38 15
28 68 42
53 66 18
48 115 43
42 114 11
26 138 35
25 146 29
17 63 11
30 75 56
34 100 47
96 133 3
57 114 39
72 147 42
60 70 51
37 53 3
0 121 57
11 64 31
12 113 3
1 16 11
19 69 29
11 99 17
48 68 44
89 135 14
68 68 19
33 47 8
55 95 17
78 83 42
25 120 6
19 33 12
58 63 38
38 146 46
12 17 31
38 110 45
47 55 16
54 126 1
10 54 19
46 70 27
104 131 3
45 116 36
49 123 23
37 65 48
91 146 44
8 137 56
46 60 9
21 98 57
26 54 9
54 74 50
17 117 18
17 138 41
3 52 33
12 133 5
4 141 13
74 121 38
42 53 11
7 81 55
49 84 10
38 67 40
19 41 6
0 25 50
85 104 30
43 96 4
30 66 54
99 124 46
60 84 22
55 105 47
55 122 27
99 138 12
40 121 5
101 109 4
45 111 29
25 34 46
30 129 9
52 114 9
39 140 7
92 124 38
37 90 49
10 18 52
58 137 29
92 94 50
6 130 5
33 143 27
10 12 1
42 91 24
1 126 40
5 91 46
30 79 23
6 26 8
95 142 22
77 121 19
35 121 53
35 63 30
29 97 51
25 116 23
4 42 59
17 120 23
22 68 2
18 60 21
22 32 21
20 20 26
31 71 0
55 92 41
60 96 44
82 93 48
6 91 0
63 139 21
3 48 35
40 70 48
36 80 50
83 146 17
38 77 35
1 81 12
109 125 17
24 147 19
82 125 38
58 135 19
3 83 2
3 5 16
3 49 43
59 80 47
14 139 52
27 125 28
7 129 45
34 82 28
20 127 6
23 54 2
20 38 60
22 73 4
34 71 50
23 117 33
63 128 58
16 92 30
23 66 38
11 46 50
68 75 57
50 132 38
17 29 51
16 75 58
79 140 51
13 78 31
7 70 52
65 119 31
6 79 3
24 125 44
46 113 52
26 102 0
18 94 0
53 96 1
6 99 44
62 109 50
17 118 36
15 31 49
72 110 0
23 63 20
95 113 60
38 90 34
48 70 22
48 72 56
92 117 51
64 90 41
42 115 20
5 93 40
27 111 25
10 140 53
85 144 2
86 89 57
28 145 56
57 61 42
12 41 43
42 87 43
6 23 56
74 136 40
52 116 49
40 119 44
7 9 42
65 65 27
46 50 50
71 97 24
105 110 18
79 83 2
5 30 40
27 117 31
16 67 13
32 117 17
54 100 31
36 130 49
53 110 44
33 118 26
36 63 0
75 125 7
28 57 59
40 85 45
102 132 29
71 139 17
22 76 40
47 88 31
67 134 54
79 88 50
16 34 3
4 137 43
60 148 25
62 142 12
29 68 30
24 100 19
73 96 17
112 148 24
59 66 23
21 51 31
73 135 8
16 74 49
48 75 47
35 96 10
76 142 21
83 118 42
17 110 21
53 63 50
84 95 50
57 131 11
72 94 7
16 81 49
90 125 22
25 88 0
70 112 48
45 74 26
37 116 43
85 91 36
36 66 23
22 100 58
24 73 32
115 144 29
63 74 6
84 131 8
58 89 12
23 50 23
6 25 37
32 84 46
4 124 8
47 102 6
14 110 48
3 91 45
43 120 38
15 120 57
46 92 30
48 134 55
101 134 51
39 87 21
63 85 17
1 46 32
64 134 58
25 74 44
30 40 11
53 115 46
47 148 39
22 31 20
88 111 55
38 121 42
5 122 7
59 144 60
70 120 6
26 129 35
1 112 49
47 101 54
73 82 45
77 114 7
74 123 24
10 37 36
39 58 24
77 117 46
12 69 11
4 144 47
28 128 5
50 93 52
59 131 7
12 138 41
47 115 44
10 48 59
4 111 2
39 100 45
46 117 13
30 78 14
72 101 54
63 107 57
9 33 33
117 123 19
45 108 38
54 87 21
40 137 40
24 119 47
4 45 34
84 107 51
15 134 53
15 105 49
19 87 48
52 141 52
62 116 45
16 60 20
27 31 11
85 95 44
75 110 27
42 79 32
40 81 24
16 65 2
77 94 28
78 121 37
47 94 57
58 96 19
94 129 0
56 115 21
24 101 46
57 64 1
21 107 54
86 114 42
20 84 36
78 96 31
62 87 29
47 60 10
40 118 48
86 110 53
11 76 21
12 68 3
77 107 3
89 89 57
15 48 22
18 77 46
52 139 59
70 144 37
13 25 13
28 77 18
50 59 54
15 75 19
19 43 5
70 72 13
6 38 55
26 86 40
77 95 32
31 108 24
7 10 12
29 146 56
40 73 36
106 120 44
32 111 18
78 111 11
2 44 44
22 60 8
50 50 35
57 129 18
1 131 4
58 99 33
21 72 4
27 129 33
19 50 48
16 122 12
44 48 46
23 143 18
39 43 34
90 108 5
41 142 30
21 56 14
13 16 9
6 100 5
9 115 54
86 138 32
26 95 32
22 78 34
16 66 42
17 94 50
6 90 14
38 109 6
41 106 13
103 144 45
49 122 24
38 62 50
11 36 12
61 95 31
47 123 40
36 85 35
84 105 32
85 105 13
7 100 12
93 93 38
22 38 18
48 112 2
87 119 52
61 129 42
61 142 42
10 67 36
60 82 33
47 72 34
41 53 33
2 20 6
20 46 41
45 147 2
17 104 45
9 72 38
42 83 50
49 82 60
31 94 6
58 111 40
0 62 32
87 130 34
71 94 31
23 105 18
15 143 39
12 34 19
7 13 43
63 77 18
2 91 35
22 67 1
49 140 14
30 130 31
74 77 11
15 95 3
64 110 50
50 141 18
35 144 15
61 126 31
59 94 18
10 99 14
13 53 39
28 147 56
29 107 33
24 69 27
65 143 39
47 93 47
21 47 45
26 80 52
36 61 15
36 43 44
46 145 22
21 40 51
80 110 44
60 105 10
76 134 23
88 109 38
83 125 30
20 62 42
18 84 50
0 59 26
73 100 19
49 71 39
38 65 30
40 54 24
14 90 7
9 66 2
47 136 49
12 99 17
54 136 23
68 85 20
50 125 21
31 101 56
65 77 38
7 106 24
14 29 6
55 81 43
88 146 54
60 133 9
25 138 58
4 128 37
62 79 33
51 148 16
74 110 26
11 109 7
7 57 18
66 122 38
10 44 20
4 131 43
86 122 30
12 66 19
53 123 53
12 60 53
62 119 1
83 134 53
69 123 44
85 122 21
28 120 36
12 102 46
16 96 13
5 22 2
29 53 23
82 110 40
65 86 27
36 58 51
81 124 43
108 139 42
32 104 3
37 132 55
11 26 6
25 110 24
34 62 1
40 51 57
92 110 14
1 120 8
60 116 31
24 109 25
34 36 41
9 9 24
15 73 11
60 111 7
11 146 37
85 101 43
13 115 31
29 137 44
70 106 4
41 65 51
30 132 33
24 47 15
78 116 38
14 88 2
15 97 37
29 91 6
32 135 34
53 65 45
4 55 56
14 113 50
16 140 41
51 88 15
100 143 51
99 118 28
39 137 22
86 113 3
31 139 52
23 35 47
2 123 33
59 98 11
89 97 30
50 83 7
57 139 31
72 129 32
21 133 15
35 108 8
67 71 25
54 90 10
62 82 34
48 141 33
28 56 50
26 125 0
17 21 12
58 87 58
1 87 54
75 91 60
2 66 10
5 96 12
100 135 6
46 111 8
20 55 26
43 145 0
62 66 2
47 66 5
20 137 33
58 68 50
104 133 25
58 85 26
26 123 44
71 80 14
93 133 48
82 122 54
31 114 0
17 142 35
15 63 11
28 32 46
27 53 19
47 137 51
29 100 4
12 42 16
96 135 8
16 53 28
31 84 41
92 143 4
59 81 54
20 99 43
100 130 51
10 97 0
14 43 22
36 75 39
33 124 31
51 132 5
86 102 4
28 93 15
29 65 58
37 103 36
39 113 0
106 116 13
43 101 41
66 134 22
6 37 26
0 27 50
3 24 16
42 52 17
43 142 9
24 137 2
19 108 42
61 96 13
52 89 15
33 106 26
6 116 7
19 74 51
40 104 39
22 132 31
3 58 26
51 127 60
29 35 47
75 115 23
43 64 38
26 27 41
53 98 27
12 25 18
64 77 48
35 66 10
82 137 45
12 134 47
115 121 29
45 91 34
41 148 58
73 104 4
24 54 49
1 36 57
92 144 1
48 91 10
32 32 50
17 95 24
81 83 60
28 76 8
60 126 57
1 80 16
4 40 48
67 111 51
79 127 29
89 139 34
30 131 4
8 21 42
62 115 13
24 77 10
16 90 22
11 29 2
12 72 57
65 109 30
42 112 15
34 106 22
30 101 42
43 111 26
93 103 15
21 45 7
5 50 42
7 140 25
2 11 12
45 47 5
102 117 57
18 106 50
12 114 38
38 136 8
19 28 48
34 135 31
62 106 51
5 88 8
55 133 24
29 75 1
11 17 4
2 4 39
4 24 3
49 107 48
22 33 7
51 89 33
40 93 4
31 99 59
20 97 10
82 149 43
69 88 8
15 135 20
17 86 52
6 106 57
41 57 32
12 108 21
27 57 52
19 35 3
6 129 60
76 82 31
61 69 48
61 109 9
51 126 1
59 119 58
13 57 38
22 148 33
2 30 1
20 115 33
21 149 16
68 90 44
68 109 46
122 132 0
59 65 2
101 129 0
87 146 1
58 145 27
90 118 60
60 145 22
8 14 49
25 64 23
46 103 37
28 46 15
22 49 52
15 81 47
30 114 22
35 94 43
0 105 21
5 77 59
38 56 28
37 66 28
81 95 53
71 107 47
25 33 25
56 92 2
35 99 15
14 76 34
42 97 0
42 129 40
75 143 4
42 84 6
40 113 53
28 91 4
10 135 28
91 118 59
55 121 34
68 98 33
72 106 27
76 111 23
107 128 48
63 91 37
5 39 0
69 75 10
20 35 46
51 84 17
39 79 26
37 110 19
20 42 46
30 80 59
46 85 21
40 91 36
38 40 1
54 61 18
99 102 51
30 91 55
59 126 46
21 139 35
73 115 9
51 130 1
6 42 14
16 113 24
81 101 48
71 101 58
82 99 37
79 85 47
61 65 22
55 134 21
42 85 19
7 82 7
9 120 59
11 70 28
69 98 23
71 132 33
19 140 10
22 107 33
23 59 22
58 104 1
30 62 10
63 119 31
31 73 22
23 101 58
18 134 17
25 84 42
24 108 31
58 140 58
22 46 31
34 126 40
26 142 50
11 141 41
51 117 26
34 147 10
21 85 25
21 104 16
5 5 37
110 111 8
52 122 0
113 128 0
39 146 46
65 115 40
47 91 36
17 54 48
14 26 50
18 29 43
26 40 1
21 137 60
13 36 56
86 132 55
44 97 41
64 148 9
18 21 59
4 68 22
23 60 18
74 88 0
28 54 34
70 147 5
30 39 13
97 128 40
92 95 36
7 28 54
18 59 31
29 70 51
63 138 52
3 149 22
68 144 46
13 120 52
40 87 22
4 39 56
25 145 0
31 98 32
3 74 23
109 142 24
45 81 35
31 89 25
41 62 53
69 136 40
37 77 60
70 92 39
39 61 52
81 126 54
23 148 44
75 106 50
14 15 43
58 73 34
63 132 55
66 70 30
55 128 0
72 105 60
92 121 56
53 125 43
41 117 53
78 127 39
96 122 36
19 100 0
95 126 49
11 84 57
94 145 5
48 100 1
61 101 30
53 134 58
4 109 22
41 93 2
86 121 24
21 90 39
58 98 7
8 67 34
35 126 13
7 137 59
49 114 45
93 131 6
44 148 25
10 28 12
29 116 15
45 140 52
28 41 30
12 14 43
61 82 21
57 70 47
102 120 3
5 17 26
46 144 14
66 127 11
78 114 21
68 93 8
60 108 11
32 144 32
0 129 10
71 103 15
8 120 33
61 112 38
18 105 22
49 119 17
30 51 42
27 90 55
40 55 14
1 128 10
16 58 10
87 143 56
18 22 41
10 36 59
6 59 21
46 142 60
30 61 39
9 16 29
36 69 5
48 54 39
39 104 25
98 121 16
23 36 6
1 11 42
34 59 40
28 50 14
43 83 12
58 144 34
54 112 4
54 84 30
6 74 25
64 106 34
75 121 19
57 57 5
20 32 48
47 49 51
42 45 28
46 109 48
17 64 27
49 89 39
81 108 3
53 105 25
24 39 48
72 99 38
5 118 48
5 101 44
33 49 32
50 145 33
56 114 6
24 66 30
26 114 9
43 109 9
73 146 39
58 82 44
73 134 14
39 42 41
8 110 33
51 140 29
70 123 35
10 30 19
18 120 20
6 17 55
41 59 14
32 140 22
53 92 42
50 71 18
16 59 37
18 140 25
53 86 32
21 124 43
24 68 14
23 97 5
14 30 18
44 123 50
2 146 21
69 71 52
5 84 14
47 84 27
44 149 18
54 132 15
61 78 38
44 105 39
32 39 59
38 71 8
11 48 20
48 120 44
58 60 41
53 142 40
35 87 47
5 75 6
107 141 17
81 131 0
86 117 14
71 138 47
36 78 2
9 30 2
91 121 41
0 44 33
30 119 28
24 133 1
41 104 29
5 139 26
39 90 11
80 104 39
75 103 30
43 43 11
46 136 12
40 144 29
32 85 23
37 72 13
50 124 36
52 125 22
17 36 7
62 91 23
55 58 43
30 126 16
60 99 19
22 62 0
28 87 51
3 47 40
32 35 59
24 67 45
33 78 46
30 98 26
16 133 30
59 72 58
59 99 15
43 46 46
30 143 6
19 92 5
8 100 10
18 61 21
40 100 31
44 102 2
39 95 44
33 34 48
8 126 47
0 12 23
24 91 47
16 40 57
56 91 7
16 57 10
25 132 17
7 31 36
7 98 34
5 7 22
89 107 49
1 73 19
5 113 54
101 118 59
42 105 27
26 115 24
6 134 41
54 78 18
48 82 31
32 59 17
68 131 47
3 42 50
9 122 2
26 49 47
62 124 20
108 118 22
3 8 43
20 22 59
60 141 3
100 134 17
57 99 26
49 131 17
23 85 18
41 48 6
2 104 59
47 51 21
19 90 24
86 86 18
18 135 42
22 134 56
2 77 27
1 56 0
65 67 6
54 106 15
14 25 15
8 145 58
84 104 10
50 64 26
43 60 47
1 71 4
6 45 51
37 74 30
73 141 45
31 88 33
13 130 30
31 130 23
32 113 18
15 56 51
0 99 27
79 89 3
9 145 16
86 88 32
5 43 25
1 67 12
65 108 25
78 92 37
12 22 51
21 83 10
67 143 14
1 70 59
79 117 0
67 100 6
48 146 17
31 64 26
54 120 7
12 143 15
52 133 20
93 127 48
80 127 54
82 108 33
32 43 47
16 116 4
20 23 54
5 71 36
92 104 8
57 86 44
73 114 28
9 20 28
94 120 7
36 91 23
26 75 4
40 49 39
28 112 8
6 11 29
9 65 55
2 143 16
45 109 24
22 110 11
56 138 9
12 86 4
3 56 25
10 46 49
47 56 32
58 128 46
6 30 8
84 135 25
39 65 13
1 12 15
13 59 14
4 84 7
46 124 32
34 88 21
14 89 24
61 105 37
13 24 42
7 58 0
9 68 48
51 91 36
42 92 5
51 105 43
28 63 11
80 106 20
32 138 10
56 103 24
90 145 36
29 95 19
26 135 33
26 34 36
8 83 54
23 119 27
31 96 50
41 55 47
72 89 45
8 102 38
83 124 25
23 98 51
64 93 0
28 90 41
23 37 51
39 78 31
79 92 24
61 122 38
59 92 14
60 60 5
16 95 54
12 149 55
79 132 10
23 87 52
67 118 54
28 78 57
48 103 17
96 143 60
41 68 46
24 81 48
15 85 5
10 149 39
8 42 48
20 106 33
35 135 1
2 74 27
44 89 29
1 86 2
38 76 34
47 124 28
2 72 0
41 95 4
49 143 53
60 83 32
53 78 39
15 69 4
25 25 1
91 132 17
57 96 32
52 70 8
22 87 42
0 123 10
94 134 27
0 0 53
5 112 44
9 23 45
65 122 0
83 93 1
83 86 31
65 125 26
26 29 15
18 48 7
13 54 3
16 147 21
32 75 6
93 129 33
54 134 56
46 128 25
10 94 44
1 72 45
25 117 56
4 93 19
26 32 26
0 40 48
63 70 29
35 70 17
26 127 9
20 63 32
44 93 26
65 73 44
78 110 28
42 148 48
63 94 15
55 138 7
69 79 57
26 89 43
14 85 21
30 120 16
40 105 7
35 133 5
69 84 22
20 103 28
18 130 38
17 30 11
12 148 50
22 103 43
50 86 36
4 18 5
83 92 36
17 52 21
12 106 25
5 85 1
32 57 36
66 125 41
36 107 58
6 105 59
48 148 26
1 22 2
6 82 43
8 52 39
42 101 31
43 135 14
37 94 55
68 97 4
47 58 20
62 74 1
74 114 25
6 63 6
11 114 59
69 122 36
10 142 58
9 49 4
17 71 15
0 106 10
77 133 25
36 37 52
57 90 32
16 137 44
20 66 45
49 91 3
30 59 33
25 148 29
19 29 11
17 133 38
72 145 48
1 64 59
7 50 19
55 145 56
56 131 22
44 106 23
4 80 14
18 41 41
52 78 49
51 74 56
20 34 3
3 111 24
5 130 9
2 144 55
61 125 52
24 49 23
60 115 2
16 115 37
1 89 24
7 104 5
54 109 21
62 95 38
65 79 20
6 142 17
47 80 53
27 85 15
44 114 20
32 79 59
68 141 42
77 77 20
63 88 8
101 125 39
55 100 45
21 136 0
44 84 24
11 87 27
57 85 1
10 119 6
8 18 47
27 112 10
38 79 46
10 105 31
51 87 21
40 58 18
53 107 52
8 118 35
34 101 51
59 74 15
55 85 3
56 97 19
101 107 12
30 105 46
3 99 26
9 92 42
45 146 38
56 61 5
22 116 27
17 72 34
5 143 8
55 137 26
19 84 6
28 58 46
111 145 53
83 104 14
15 49 50
53 102 36
37 78 29
13 123 49
8 39 48
57 141 7
84 149 42
62 83 40
7 16 20
100 144 54
33 64 27
38 45 9
45 139 7
61 140 31
38 70 9
8 75 31
102 149 60
26 74 47
59 134 44
0 127 22
59 108 29
35 45 23
43 122 54
33 91 6
1 101 57
74 115 24
4 99 19
46 122 10
27 29 38
42 134 27
32 107 56
38 66 3
42 77 7
80 85 6
5 104 24
80 136 43
55 74 3
19 130 23
21 49 53
35 147 34
40 42 55
7 17 20
4 22 41
64 101 17
62 86 32
9 78 49
72 124 5
18 76 13
14 54 24
51 144 37
86 145 56
3 97 51
1 119 24
9 81 13
19 27 60
45 114 33
71 120 51
39 57 9
17 102 55
27 88 20
14 126 36
11 104 5
11 23 59
42 95 41
39 119 35
38 126 8
13 18 57
44 139 56
48 140 14
6 86 32
25 105 10
0 107 12
60 139 17
23 129 8
9 105 57
14 28 11
91 138 58
56 116 3
37 120 6
7 91 55
48 49 4
33 62 35
78 128 26
94 137 20
83 113 16
3 125 37
71 148 57
50 77 20
14 117 15
22 138 1
0 17 48
78 130 13
52 95 37
22 133 4
76 123 11
23 27 8
12 81 4
83 103 26
2 33 38
56 99 36
51 106 43
15 88 1
33 135 2
10 71 55
31 117 39
13 126 49
13 19 11
45 58 11
4 121 33
11 107 46
43 59 21
8 27 37
15 15 44
64 111 21
21 64 55
2 142 11
0 98 32
64 99 20
14 86 40
25 48 11
71 117 21
34 93 5
9 148 44
43 48 28
65 107 19
63 146 31
19 83 43
38 145 13
111 138 18
28 49 5
21 23 50
5 111 31
30 58 55
55 98 19
23 125 18
4 105 32
112 124 54
74 105 16
22 53 1
79 100 37
91 140 16
13 148 16
25 87 49
89 113 11
38 118 35
4 136 56
78 85 60
38 38 3
0 97 16
60 73 20
109 123 19
35 65 1
62 72 51
9 94 52
30 49 36
14 137 34
2 138 41
20 47 30
14 118 5
25 144 48
33 87 13
9 135 1
75 88 7
27 52 39
7 7 23
47 122 42
34 70 39
33 149 1
12 137 52
76 89 6
30 106 24
26 83 17
40 67 52
64 133 19
6 145 29
23 29 6
25 36 8
26 68 13
21 50 12
101 137 21
4 49 24
57 128 42
77 124 60
39 142 14
95 148 51
27 42 0
14 52 7
11 24 37
91 119 39
2 136 40
6 143 42
20 39 7
39 125 49
66 69 39
8 97 7
8 16 4
20 138 44
40 129 27
109 112 28
52 134 55
62 146 46
73 80 28
42 128 23
58 80 22
64 129 37
52 59 36
3 10 23
19 44 9
52 102 5
23 44 60
32 44 4
28 96 14
3 72 9
61 68 1
87 90 20
16 43 10
38 89 9
13 134 27
24 82 35
15 136 5
27 40 40
26 64 45
60 114 32
7 74 47
2 17 0
3 116 44
27 142 45
85 111 49
43 65 0
49 49 9
26 39 20
1 143 8
54 116 50
47 125 22
23 42 15
70 105 38
63 68 23
77 146 25
30 123 7
21 53 18
30 100 28
26 47 19
88 128 45
30 81 37
20 36 19
19 132 44
32 137 33
25 61 49
38 103 11
21 105 44
52 69 13
28 143 26
27 63 32
64 80 23
77 93 18
4 133 30
34 65 6
62 100 16
35 64 32
26 33 36
28 142 35
69 101 44
25 75 1
0 50 47
2 60 16
17 56 17
68 135 0
66 88 57
29 143 58
18 96 27
67 73 4
54 99 58
4 72 42
14 45 49
39 108 42
1 148 12
13 88 48
44 76 42
16 71 7
2 85 22
65 111 10
32 37 33
21 34 16
4 142 47
17 67 48
14 106 42
35 106 37
90 138 25
73 142 55
96 127 14
26 118 49
53 148 19
33 38 30
25 70 50
89 131 44
14 53 51
26 45 40
81 134 58
62 139 3
45 83 11
61 103 33
23 62 18
9 40 28
55 115 13
41 58 45
43 104 2
27 64 28
23 100 46
53 81 24
31 76 14
28 86 0
47 53 35
21 134 39
44 118 30
1 149 41
52 138 39
16 121 11
33 89 30
85 142 23
49 126 3
7 132 14
3 38 14
27 94 30
1 25 35
45 142 22
18 116 45
2 141 23
112 130 35
5 37 9
104 122 41
17 132 3
24 24 1
63 140 44
8 96 5
25 98 33
28 81 47
4 149 45
45 132 15
26 73 7
90 140 46
57 74 25
48 145 44
14 146 10
32 86 36
6 12 32
20 120 52
86 116 39
6 33 23
60 132 20
38 149 51
74 131 47
106 139 17
27 87 53
37 109 34
29 119 13
21 96 12
78 108 49
16 88 58
13 105 8
36 38 17
12 121 31
30 95 47
39 110 43
37 68 2
52 118 60
2 81 33
3 70 1
99 119 27
64 114 19
84 116 46
45 61 41
24 128 56
64 85 12
25 107 29
54 114 35
76 141 28
12 123 1
15 62 28
23 118 11
41 143 50
50 144 35
4 126 56
72 146 17
42 68 44
9 51 31
16 83 46
21 127 24
47 109 1
39 52 33
55 124 16
0 143 16
58 148 42
94 102 49
16 97 55
87 138 59
14 34 46
19 133 54
49 109 47
76 114 21
0 4 22
57 130 7
22 70 8
41 73 10
20 53 25
13 41 9
24 143 28
23 90 3
1 118 41
32 110 36
36 102 33
0 2 1
34 55 42
3 75 33
41 61 50
32 61 6
1 31 51
0 113 41
55 80 54
19 81 44
37 99 49
84 136 33
25 126 47
1 59 22
43 110 3
56 84 29
45 110 36
41 111 14
55 72 57
5 44 23
11 55 24
74 108 6
13 63 15
97 146 59
14 109 50
68 69 52
44 129 43
9 64 27
116 116 17
16 119 26
32 99 13
64 107 51
27 35 40
15 80 23
48 137 59
63 75 43
4 148 53
8 40 53
60 66 11
54 79 5
46 63 1
5 123 3
18 131 55
15 24 54
7 24 28
27 93 14
59 61 37
40 83 26
12 141 31
58 92 26
35 39 19
33 142 4
29 139 51
5 107 33
24 129 28
75 138 19
5 8 12
77 110 19
41 135 8
2 106 23
6 68 24
61 136 1
26 71 36
79 121 16
17 80 15
26 131 22
54 81 42
19 104 7
30 33 37
1 130 24
13 51 25
2 131 31
24 104 38
21 102 17
108 147 30
52 130 14
7 27 21
45 46 23
22 123 24
46 146 23
16 24 7
64 113 32
16 41 7
98 135 6
59 91 1
58 83 34
49 124 21
67 106 59
45 52 41
87 149 7
8 26 48
85 125 56
5 55 56
70 95 52
48 147 21
27 69 38
12 91 31
33 75 6
62 89 40
19 115 26
5 66 33
4 82 30
1 93 60
9 89 34
96 145 39
45 102 26
45 84 33
3 31 44
5 90 20
3 104 57
35 41 49
7 48 36
72 111 60
20 131 54
51 136 53
32 81 23
8 53 27
48 50 20
32 40 16
15 45 57
28 127 27
5 74 43
19 96 58
16 38 34
77 128 7
5 32 0
39 106 54
88 130 32
45 101 28
41 131 35
40 141 13
42 136 30
22 143 20
43 99 12
43 116 42
73 133 43
64 116 22
27 36 16
41 75 21
41 94 55
17 109 49
74 137 32
14 122 57
23 78 30
23 26 20
14 51 26
76 109 56
74 112 26
74 106 48
29 144 43
2 43 51
37 137 16
64 120 48
19 93 22
7 8 51
68 146 32
14 35 17
22 142 46
30 83 20
26 132 16
27 148 13
11 59 8
7 141 49
24 48 17
47 134 7
0 85 7
84 106 12
20 29 32
8 51 15
59 64 27
49 50 23
53 121 59
21 147 38
39 129 39
33 99 7
32 41 1
7 75 10
15 41 21
56 135 43
10 106 43
50 110 41
7 97 5
70 85 4
25 63 55
35 137 37
59 59 7
19 65 47
8 131 32
22 108 45
4 41 16
50 122 18
7 108 28
9 83 19
22 117 2
42 62 26
8 29 42
14 31 16
68 145 13
14 64 11
27 45 36
84 132 29
55 99 23
21 108 11
54 101 35
37 112 23
22 93 28
20 146 24
62 105 32
12 51 59
41 120 60
45 122 42
21 60 1
33 147 25
39 45 54
32 80 5
95 108 57
45 148 48
13 129 33
36 127 2
49 141 1
22 105 3
13 49 60
58 125 47
8 111 7
82 145 60
16 134 22
52 149 55
24 142 47
63 105 51
42 124 52
40 52 50
27 96 28
21 91 47
3 44 11
5 108 3
5 25 27
34 108 33
58 84 31
8 15 39
25 133 12
89 120 14
6 103 37
14 63 56
7 14 41
24 46 43
32 72 16
107 118 9
20 85 56
29 63 42
0 78 48
6 110 13
0 14 26
51 121 44
60 93 35
52 77 47
27 50 17
11 124 35
45 121 54
50 61 36
98 112 6
21 95 3
48 61 25
49 62 14
40 107 36
12 85 44
70 130 46
36 114 50
37 44 18
47 64 59
27 126 48
7 128 22
42 61 30
27 114 54
61 121 32
25 125 42
15 46 43
19 25 12
21 42 52
23 102 12
53 106 1
50 79 27
53 97 27
13 113 59
2 116 54
8 68 23
32 132 2
21 74 54
19 36 35
60 67 22
26 112 5
1 52 13
23 144 51
74 85 20
55 148 37
7 32 0
84 102 19
18 32 15
4 87 9
38 44 57
15 138 28
89 108 9
55 116 15
34 57 38
20 132 36
18 24 19
8 48 21
38 133 47
1 63 39
40 96 37
53 116 7
5 138 2
43 74 43
50 80 14
6 136 59
47 143 38
7 143 27
31 93 60
46 87 44
36 131 20
22 56 53
9 28 4
34 63 12
27 95 46
31 132 44
17 47 12
24 76 59
25 149 52
50 60 47
2 54 21
11 44 14
97 147 10
0 49 37
66 126 11
31 50 47
10 81 56
28 114 10
7 59 38
33 83 57
8 93 48
57 138 42
20 121 33
27 62 3
60 98 18
41 126 51
50 65 27
5 42 15
61 147 7
19 116 53
61 93 51
11 103 49
2 117 35
28 135 26
69 135 57
0 32 29
79 128 58
54 94 23
44 73 51
51 129 52
46 107 59
39 81 38
38 120 37
17 85 47
70 108 56
10 84 44
13 144 41
46 127 5
32 127 2
25 136 8
69 132 42
43 137 15
47 62 57
0 72 3
58 147 38
18 101 34
34 136 47
0 26 40
12 71 26
38 147 33
6 48 20
19 77 45
39 141 15
3 135 54
20 26 57
59 133 16
1 79 3
5 12 17
31 44 7
12 93 53
13 64 15
55 75 45
11 68 16
10 39 42
30 116 20
71 116 14
65 85 55
21 148 11
10 107 48
48 118 46
34 90 39
33 93 54
25 118 32
36 148 25
13 13 24
7 40 25
6 75 24
27 136 26
22 22 49
8 98 24
19 67 57
24 124 40
31 149 49
65 121 16
11 135 7
94 130 5
27 48 31
13 17 17
17 37 14
13 44 46
22 42 38
28 144 4
57 107 45
19 42 11
19 52 14
9 84 4
44 99 20
69 91 7
58 120 41
49 80 19
31 122 47
70 138 50
8 136 4
15 133 16
2 70 2
70 71 45
56 112 29
7 67 29
8 24 24
26 46 42
46 77 4
22 63 39
1 144 2
48 128 9
21 31 1
35 72 44
10 86 28
19 122 30
37 108 45
28 122 8
87 99 4
35 100 18
2 83 41
16 54 30
3 50 34
47 76 49
23 28 52
12 70 37
52 65 25
4 90 16
28 123 42
47 96 57
6 140 38
30 64 13
20 64 5
79 137 56
4 31 21
46 62 31
20 93 46
83 130 27
35 95 11
22 43 33
41 108 41
2 128 38
15 111 8
25 89 29
18 107 29
25 99 31
24 138 46
7 149 33
39 120 46
25 31 45
36 36 55
100 148 55
19 118 43
2 110 8
66 104 57
8 116 57
18 145 26
57 145 14
15 107 38
17 57 17
43 62 28
27 86 37
62 131 43
93 142 29
2 36 17
18 127 29
10 57 52
21 36 38
8 11 30
63 127 41
78 125 13
29 51 17
12 118 31
67 117 45
39 122 37
71 92 25
3 54 9
3 126 46
94 133 9
33 74 0
71 100 30
13 95 51
49 112 45
9 79 0
72 103 43
19 54 38
34 117 17
61 91 12
16 51 32
11 16 53
64 131 8
28 37 43
43 103 13
83 126 35
11 111 54
28 53 28
59 90 41
18 148 58
50 123 52
33 41 25
11 119 37
66 144 6
38 68 4
40 127 31
27 37 37
25 111 0
44 112 45
8 74 26
65 105 18
32 65 43
10 11 22
111 123 43
37 146 6
66 95 6
0 145 4
48 90 24
1 66 58
79 101 45
11 52 58
26 111 9
2 63 54
40 71 44
12 139 59
8 9 50
36 124 36
43 92 10
33 110 26
30 144 41
12 55 25
2 118 45
55 106 31
42 135 1
16 64 55
77 148 58
45 134 6
24 70 18
27 137 39
46 137 44
37 148 57
3 110 16
0 92 25
76 125 7
39 118 9
44 91 6
48 110 12
17 24 24
13 139 13
99 103 4
21 110 31
59 79 52
56 57 32
9 57 8
83 139 7
95 133 19
39 73 2
9 58 13
38 105 60
19 94 53
25 52 12
55 132 6
38 80 49
26 104 38
21 106 38
13 89 43
51 76 35
17 61 10
68 91 27
39 130 6
45 94 0
0 43 4
5 52 48
56 82 1
14 66 44
28 109 19
15 146 42
2 75 45
25 109 0
70 86 26
50 112 18
73 85 1
49 144 12
3 71 36
31 53 41
2 114 24
19 48 48
14 46 45
35 90 54
41 86 19
36 143 13
54 140 45
53 99 53
1 108 55
6 149 2
34 95 41
28 89 54
6 60 36
13 42 44
67 148 15
34 140 49
59 106 38
6 78 3
75 87 26
53 53 6
10 123 16
16 62 58
32 53 47
39 138 58
48 56 1
16 108 25
9 22 25
35 71 38
19 34 24
63 95 25
10 130 36
24 65 35
7 102 8
82 82 38
75 141 40
33 100 29
8 8 36
21 143 5
19 120 33
3 127 30
10 132 25
47 59 56
41 122 36
68 128 39
20 136 20
25 85 2
10 40 58
37 106 57
31 42 50
3 15 8
57 118 53
7 77 2
32 124 25
9 119 37
10 100 48
43 55 2
39 82 59
60 75 7
61 117 2
59 105 13
52 97 7
8 95 26
8 103 60
5 21 0
29 38 7
35 118 14
16 79 46
32 114 34
35 37 7
74 144 8
8 135 31
17 93 36
22 69 14
7 111 25
11 66 32
77 120 52
51 95 55
68 116 36
36 126 37
5 59 28
66 101 54
86 129 56
21 76 27
44 144 38
22 50 19
42 131 52
7 122 58
49 132 47
20 70 42
23 71 3
39 54 58
17 76 58
57 75 56
41 74 22
65 110 1
6 61 27
14 149 24
50 51 48
3 134 20
17 45 30
84 88 13
32 36 20
64 103 33
32 116 31
9 13 48
10 63 17
15 37 45
105 138 39
20 28 50
13 31 34
4 58 6
3 90 14
42 125 28
2 19 10
1 38 18
14 16 24
20 114 28
20 54 19
5 15 3
47 141 30
7 41 38
27 78 55
40 139 36
24 110 47
46 53 16
38 88 40
37 47 27
15 36 27
38 48 36
15 118 45
0 46 18
4 13 39
16 136 28
12 98 59
22 45 47
76 92 48
57 79 12
56 137 22
2 37 11
80 98 26
9 50 26
14 136 0
33 126 43
3 148 3
89 126 30
14 39 2
47 98 20
16 106 0
9 140 49
28 44 42
50 113 36
1 43 57
39 55 20
2 78 3
1 10 2
10 42 41
5 20 33
18 103 27
5 124 34
25 121 52
0 115 57
15 94 4
21 65 41
42 138 49
59 85 3
48 86 52
58 93 33
19 97 44
10 108 4
33 112 22
21 116 20
0 33 32
20 61 35
32 92 46
29 59 1
4 69 40
41 63 4
70 79 58
8 62 13
20 139 28
22 29 8
13 146 59
22 130 56
16 112 20
49 85 11
16 80 36
93 139 50
19 82 9
78 100 17
30 63 53
38 96 47
100 127 32
15 32 35
45 96 2
15 142 34
5 28 18
30 57 34
10 62 12
66 75 6
10 98 41
56 104 14
59 136 44
2 28 29
45 131 25
0 28 2
73 138 3
26 87 26
19 79 17
19 129 6
14 101 6
29 98 3
20 147 31
28 102 7
11 85 17
9 85 55
11 22 6
23 133 40
2 14 58
49 103 42
8 45 21
4 43 43
17 98 27
48 77 50
8 128 20
3 76 34
36 64 40
39 133 41
26 92 29
15 106 13
69 74 44
21 125 24
4 15 30
4 17 6
73 75 53
70 148 37
21 52 7
52 145 52
18 34 15
14 57 23
50 149 45
6 56 41
18 139 41
31 142 5
4 101 12
7 63 60
