100 4450
144
198
165
180
103
146
128
136
146
108
170
177
161
188
196
149
137
131
146
118
145
157
166
199
149
144
114
100
104
112
144
131
122
194
144
139
156
184
175
108
139
121
161
126
134
166
176
104
108
163
168
176
120
112
132
191
129
146
190
130
160
110
196
125
138
166
146
105
126
137
153
170
177
104
146
102
109
139
184
145
157
162
133
158
107
164
148
150
184
193
144
175
159
120
125
171
199
192
135
128
0 1 18
0 2 29
2 3 25
0 4 22
0 5 7
3 6 40
1 7 10
6 8 42
0 9 52
7 10 34
3 11 6
5 12 46
10 13 54
3 14 38
8 15 1
9 16 39
10 17 38
5 18 2
10 19 26
14 20 39
15 21 46
17 22 17
15 23 9
8 24 25
13 25 12
19 26 25
24 27 31
2 28 15
18 29 48
17 30 43
16 31 34
8 32 51
32 33 41
12 34 32
13 35 1
17 36 27
35 37 15
12 38 42
2 39 50
34 40 45
8 41 14
20 42 41
35 43 46
14 44 53
15 45 9
10 46 4
28 47 44
47 48 53
9 49 7
14 50 43
5 51 54
24 52 35
14 53 42
12 54 58
11 55 46
51 56 28
35 57 35
11 58 16
58 59 17
26 60 9
40 61 27
2 62 58
25 63 19
58 64 37
3 65 20
13 66 12
0 67 33
28 68 53
50 69 20
63 70 7
2 71 54
38 72 14
44 73 24
2 74 9
34 75 25
10 76 38
1 77 56
11 78 16
35 79 1
73 80 52
19 81 38
30 82 57
75 83 46
70 84 19
54 85 43
43 86 30
85 87 42
36 88 7
29 89 28
82 90 8
74 91 50
31 92 25
10 93 43
75 94 34
62 95 44
89 96 23
61 97 47
69 98 17
22 99 4
92 96 38
51 93 58
20 39 39
13 16 15
51 87 52
57 58 60
3 33 34
76 90 4
67 79 49
82 84 52
84 90 41
75 98 48
17 72 9
51 66 20
0 87 26
29 72 2
39 67 50
46 82 56
83 83 39
18 62 5
1 87 38
65 74 44
72 86 53
0 12 26
47 63 55
93 96 50
63 98 19
2 29 9
61 73 43
97 98 28
55 69 44
63 90 38
76 85 10
5 87 28
59 64 58
67 77 31
65 72 60
35 86 60
33 79 20
87 93 48
93 98 12
16 40 53
60 86 35
25 30 8
45 99 50
17 42 53
29 56 2
81 85 51
95 99 12
61 72 53
6 68 29
82 95 4
48 63 2
12 24 20
83 89 2
83 90 8
85 96 35
66 73 23
82 87 16
60 85 44
55 81 21
9 46 23
94 94 51
62 93 23
27 93 22
36 97 18
76 80 38
66 85 57
93 95 4
25 91 9
21 43 51
35 51 34
31 32 26
61 70 25
60 87 13
74 86 59
61 94 47
68 76 56
31 54 11
79 94 29
82 96 17
53 67 40
73 77 46
54 99 0
17 93 40
74 95 32
90 98 28
59 66 38
16 69 33
78 94 15
33 40 24
89 94 34
31 93 12
57 75 33
27 55 50
24 97 10
23 82 33
75 85 41
26 73 20
91 93 30
57 64 37
89 99 2
70 94 21
39 40 17
14 71 50
84 92 23
48 94 24
73 91 49
19 49 36
71 92 31
18 34 44
10 45 33
12 56 6
19 55 60
59 70 24
73 78 33
80 87 26
76 92 45
33 62 31
96 99 13
26 51 53
87 99 48
34 45 10
91 98 18
30 40 6
14 84 57
11 31 18
18 41 5
76 97 15
69 97 50
38 79 36
9 61 32
16 52 6
31 36 43
78 96 35
21 84 53
97 97 36
45 68 53
46 89 31
82 99 35
98 98 45
39 65 3
27 31 46
38 57 2
83 93 43
0 82 53
80 95 48
86 94 1
78 97 33
95 96 25
39 80 15
69 99 37
21 80 16
17 19 22
32 46 32
75 92 21
9 92 4
39 68 4
4 18 38
88 90 9
3 96 15
8 13 18
80 92 7
51 82 48
55 87 54
29 98 33
91 92 5
7 37 37
56 81 36
26 31 40
27 91 57
92 98 0
40 72 23
36 94 8
0 29 24
36 36 18
67 67 51
80 96 30
76 94 57
4 78 57
17 23 28
55 65 24
42 84 27
36 48 3
54 63 42
40 60 49
48 89 50
95 98 19
30 63 1
23 91 0
44 51 2
61 61 47
21 58 10
62 96 22
80 90 54
51 96 59
23 66 13
37 60 39
50 51 56
87 95 54
4 20 39
46 72 15
17 49 51
45 96 50
36 60 22
14 25 54
51 98 56
49 92 40
52 59 17
62 76 4
74 81 32
37 77 0
33 77 18
79 96 60
7 56 47
43 63 46
67 68 35
62 74 19
94 99 50
39 62 24
74 93 31
29 85 28
12 77 6
96 98 27
24 83 36
60 99 54
54 55 7
77 78 60
92 97 50
17 53 25
3 49 40
67 69 18
4 65 48
89 92 33
97 99 49
53 94 38
49 83 19
7 57 51
84 89 13
8 82 40
62 91 39
16 23 28
40 95 18
33 36 56
39 41 0
85 93 50
7 87 52
65 75 2
87 88 31
53 89 2
23 35 0
8 58 19
31 40 11
13 46 46
8 55 41
76 86 35
80 84 47
48 93 18
80 83 57
27 60 31
66 74 12
52 69 21
10 33 25
84 85 42
23 70 47
85 92 54
14 83 37
30 34 41
74 98 54
70 89 32
66 96 10
69 78 9
7 96 3
42 79 49
55 84 32
28 92 17
31 62 20
21 70 10
63 93 32
29 41 36
25 59 37
73 90 52
84 99 12
12 78 23
60 98 14
1 37 0
79 85 4
47 74 35
79 98 31
64 74 35
23 86 53
59 98 24
58 71 53
7 92 35
1 94 47
62 68 20
86 93 26
87 92 9
64 92 57
46 96 41
70 70 34
98 99 37
25 90 48
74 90 28
8 28 60
48 61 13
25 28 24
31 42 3
40 90 11
85 99 44
13 63 46
77 82 14
24 40 40
34 80 51
68 79 9
36 54 11
62 69 2
53 53 11
72 88 34
32 91 13
24 62 59
18 99 35
79 84 19
65 81 36
53 73 53
70 93 28
0 32 27
34 83 40
22 93 8
8 83 15
11 36 48
67 86 60
13 58 15
52 56 25
30 44 23
31 89 1
64 97 5
10 58 44
31 94 13
34 94 53
54 88 34
18 38 36
44 70 4
25 81 43
41 59 31
18 83 60
90 95 53
34 97 36
85 98 36
32 37 31
47 83 35
57 70 18
81 91 15
16 22 54
12 80 18
17 17 7
64 73 4
35 52 45
68 84 14
37 64 31
35 74 45
30 52 36
73 82 0
17 51 44
60 83 18
6 46 26
34 38 3
86 88 1
47 78 3
63 87 23
86 96 15
87 91 49
66 89 59
12 57 9
69 76 39
29 70 34
77 81 10
80 82 55
44 83 27
81 98 27
3 93 45
48 80 20
66 75 35
36 84 38
44 76 46
81 84 38
3 18 58
49 90 33
77 80 45
60 62 30
9 77 47
86 97 59
52 95 23
59 84 14
95 97 35
24 68 26
6 9 21
8 18 17
9 11 5
77 89 44
52 73 49
96 96 37
28 64 24
47 96 33
13 36 22
2 56 14
2 42 16
85 85 59
4 83 5
93 93 40
26 29 35
2 19 37
66 68 44
81 83 30
46 50 2
72 96 40
16 62 7
3 61 22
25 74 54
11 94 31
32 62 25
88 91 53
33 37 0
14 37 10
59 65 48
60 67 4
29 86 1
48 85 21
80 93 52
37 70 13
4 95 2
42 83 14
78 85 32
42 47 10
39 46 56
58 80 8
63 63 31
43 62 37
28 32 6
84 97 51
9 69 15
25 48 15
57 93 46
28 91 30
56 73 2
29 77 1
86 95 60
77 93 50
89 89 28
26 76 8
91 94 29
91 91 45
75 80 5
11 91 33
54 69 17
16 76 4
33 84 15
44 86 47
54 91 50
20 85 35
83 95 51
30 80 3
86 91 32
73 99 25
19 36 37
74 99 21
16 86 46
42 89 50
37 71 14
49 84 10
92 93 52
32 77 31
12 37 57
80 85 29
8 88 53
41 65 26
33 61 14
56 72 16
2 76 43
59 73 28
25 70 15
26 35 3
48 87 16
55 66 23
81 87 29
9 25 2
22 88 2
54 80 21
33 42 11
45 83 18
41 52 6
20 94 49
42 66 24
33 44 42
47 73 57
4 16 60
4 29 6
54 78 13
19 90 58
82 86 24
79 99 34
37 94 49
12 76 27
16 33 41
29 99 21
34 82 50
43 77 14
70 78 23
18 98 49
10 85 30
18 94 36
11 86 55
69 81 60
76 99 30
9 59 38
17 59 4
74 84 58
63 83 20
59 79 8
5 77 25
49 67 55
96 97 23
19 94 16
46 64 3
82 98 33
60 94 41
71 91 41
55 95 10
50 55 53
70 80 13
34 77 20
62 94 11
6 54 1
19 92 58
19 42 18
16 58 56
0 56 12
90 96 24
76 83 7
88 99 21
38 96 37
73 83 7
39 50 34
79 87 27
53 65 59
59 95 60
6 35 57
26 83 27
12 89 3
40 62 29
70 82 11
39 97 18
39 84 59
34 55 25
58 78 30
20 24 54
47 52 53
42 72 33
50 60 14
29 73 0
81 95 48
14 65 38
30 47 5
50 95 8
6 74 50
16 54 36
49 70 11
8 54 18
0 23 21
25 53 48
70 87 42
71 81 27
65 82 16
62 71 57
22 32 17
59 68 39
2 6 33
52 64 16
20 81 26
41 88 39
20 52 55
49 80 27
16 25 5
41 46 36
52 80 39
23 56 42
57 90 5
17 55 28
72 83 12
39 53 29
43 60 17
87 90 20
95 95 33
56 58 2
13 59 59
81 99 48
32 75 14
9 84 51
73 92 55
9 88 14
66 88 46
12 84 3
85 89 2
17 28 35
20 62 29
81 82 6
7 69 27
28 57 9
5 35 21
17 46 14
35 60 58
33 94 57
39 82 47
71 78 10
85 97 12
86 99 22
11 37 45
63 67 19
29 53 51
37 55 9
5 6 23
37 57 5
18 75 27
43 79 5
59 99 59
74 89 46
70 86 17
67 98 58
33 82 13
21 75 0
77 91 0
88 92 15
49 72 10
13 69 23
78 90 3
16 59 19
79 79 46
34 67 35
21 27 23
24 63 14
30 83 1
84 84 30
5 21 30
66 77 45
62 66 53
3 66 32
77 77 32
82 82 2
26 50 6
8 47 47
72 80 41
50 67 3
6 18 38
9 70 38
29 82 35
27 43 25
70 83 34
48 96 59
45 75 55
27 48 50
91 95 56
48 88 52
38 88 39
53 93 50
64 82 23
26 91 18
10 92 21
40 41 5
77 85 17
30 90 42
75 81 21
25 31 18
71 95 5
1 51 32
13 14 22
13 38 39
24 41 58
0 41 60
68 85 8
9 93 30
62 86 54
53 63 18
67 78 10
54 81 22
21 90 47
17 76 43
78 89 39
11 21 4
2 51 25
38 54 38
33 49 60
31 90 52
83 92 6
18 25 23
12 16 21
74 80 47
14 14 29
3 29 13
56 95 14
5 67 2
71 98 37
64 78 38
86 89 5
53 68 29
74 82 44
53 78 51
75 89 46
0 0 49
83 96 4
54 96 3
7 29 29
26 66 35
53 57 32
47 91 22
11 79 19
14 45 17
70 95 39
57 62 55
56 63 10
73 95 22
56 94 14
2 86 28
60 72 8
78 91 20
61 95 49
22 62 22
70 96 33
36 93 48
40 77 52
64 95 27
45 78 43
3 46 51
54 82 32
36 92 40
47 50 32
4 60 42
58 70 7
1 91 35
71 89 27
11 68 40
27 39 42
55 68 50
55 90 58
15 89 3
40 45 50
28 81 18
20 72 2
72 85 60
87 96 39
32 45 58
76 95 31
69 80 5
94 95 1
19 50 36
30 74 22
54 90 48
18 96 23
78 95 48
17 32 6
81 93 34
64 91 22
44 62 44
75 78 44
23 36 29
9 30 7
11 65 52
22 58 35
33 48 0
57 88 6
79 90 9
13 84 58
41 67 35
30 30 3
25 55 30
89 98 17
55 88 24
16 96 15
31 43 51
18 32 53
14 49 36
41 98 8
0 66 21
22 35 58
53 74 33
36 44 17
52 55 58
42 60 55
9 19 59
41 56 4
47 51 5
88 97 12
66 99 25
62 85 4
38 76 27
46 74 46
51 60 0
33 67 58
64 99 15
78 83 36
55 74 14
76 89 59
52 97 29
24 36 49
54 70 9
50 89 55
19 91 50
42 75 37
62 92 9
60 93 30
5 91 37
92 99 59
16 39 5
8 95 23
59 90 53
50 79 54
28 38 24
21 44 43
71 86 44
39 76 31
87 98 27
13 62 39
8 35 1
48 54 21
29 45 21
61 85 25
93 99 5
9 47 6
22 84 12
64 81 2
18 68 53
13 15 26
80 81 19
68 94 32
50 66 46
30 58 26
81 88 1
83 88 8
57 81 38
53 80 46
73 88 22
21 92 23
71 71 4
5 37 39
35 85 24
75 76 9
13 70 26
44 85 55
94 98 57
46 55 32
40 85 7
47 98 44
11 22 57
5 82 23
16 60 34
15 52 58
57 95 53
56 91 12
66 87 5
8 64 26
17 94 58
67 93 51
29 69 56
21 81 1
33 69 15
71 79 2
34 78 19
31 82 16
58 89 13
88 88 1
69 87 59
89 90 59
38 61 12
84 98 12
69 89 18
46 90 53
73 96 38
43 96 24
28 74 52
11 53 56
32 36 11
83 98 1
3 90 18
66 90 17
5 65 56
81 89 53
53 91 11
31 37 58
68 83 16
3 68 46
17 69 56
41 92 20
91 96 47
25 77 7
0 24 0
45 51 46
23 45 0
51 62 55
2 80 48
42 82 23
20 77 55
61 78 56
48 75 31
65 89 1
61 82 51
48 91 5
3 75 12
78 84 35
27 27 5
14 24 36
75 86 54
32 79 47
11 81 14
45 76 40
29 39 46
71 76 23
8 80 48
37 67 23
40 81 39
48 59 60
67 92 23
15 34 19
10 21 15
51 95 27
34 99 43
28 82 38
21 25 29
10 42 10
7 86 34
42 97 51
85 86 25
15 79 17
49 97 24
3 86 56
56 56 31
62 78 1
52 99 15
13 88 32
7 66 5
56 76 25
10 30 36
47 72 13
31 69 54
0 78 22
40 70 44
18 43 8
21 88 36
6 78 49
18 66 2
40 75 30
32 78 4
52 76 24
14 30 48
11 19 32
44 54 37
89 97 9
77 87 40
29 91 48
25 52 54
42 55 28
11 39 20
0 75 9
35 48 46
94 96 50
29 88 2
2 13 29
52 70 41
77 96 56
11 47 59
0 68 12
47 69 30
33 63 46
7 72 53
0 43 29
43 53 40
9 74 47
91 99 43
1 11 38
41 70 48
48 98 28
64 71 49
70 79 40
23 25 41
11 29 47
51 54 28
35 44 28
79 93 27
88 96 39
42 57 53
54 83 0
9 89 15
22 72 19
5 76 25
90 93 11
11 18 6
82 83 59
44 65 5
21 41 60
25 80 33
57 65 7
11 71 4
88 93 10
47 77 24
78 79 52
27 52 35
30 72 29
56 89 51
34 73 47
60 74 55
66 67 24
68 68 17
26 59 35
10 90 28
45 81 17
57 78 27
13 55 20
10 50 39
45 64 27
44 46 40
92 92 13
37 89 11
31 95 18
6 85 13
39 63 39
33 57 13
16 48 17
29 68 29
51 76 15
62 84 51
32 93 37
49 51 60
18 18 15
56 83 44
10 15 14
47 84 3
30 57 16
26 97 47
87 89 31
92 95 13
2 14 27
71 85 3
81 94 36
81 86 28
15 86 12
12 94 2
1 29 23
57 71 28
43 99 7
82 94 49
39 47 34
4 45 20
75 99 6
64 87 11
54 65 53
71 93 52
78 81 48
89 95 59
17 73 38
38 39 34
41 80 21
33 93 31
57 89 41
45 69 38
14 93 32
33 76 3
1 63 33
36 85 4
9 50 3
48 58 39
26 44 0
67 82 37
8 40 54
76 78 9
36 42 32
30 36 57
40 74 13
13 48 27
90 91 28
54 76 14
8 98 22
40 48 38
1 45 20
18 90 14
56 87 28
26 74 12
67 81 28
53 62 47
75 88 13
78 88 43
44 92 10
76 87 54
40 40 37
21 73 8
28 85 31
52 85 19
8 99 20
58 72 17
71 97 4
90 92 49
7 17 4
9 51 24
39 88 30
31 65 7
57 72 56
56 78 26
17 29 23
65 98 36
48 70 15
59 63 54
27 42 24
31 46 14
49 94 2
53 58 34
42 54 51
76 96 30
23 61 37
84 94 24
2 94 35
64 85 33
57 79 6
81 92 42
31 52 9
80 91 41
20 26 42
4 97 48
0 98 53
12 93 25
75 91 3
25 47 9
30 75 43
55 98 27
82 91 4
51 64 9
40 91 24
91 97 34
38 69 11
49 77 47
72 79 31
5 89 1
23 95 7
8 19 58
47 99 3
8 70 16
37 92 37
21 56 60
10 37 20
47 68 36
84 96 60
4 33 40
7 23 3
37 48 16
82 97 21
60 75 30
6 91 45
1 42 24
58 63 19
52 58 27
55 99 40
79 91 28
37 42 14
33 75 49
40 47 49
80 97 34
61 83 9
18 22 43
21 23 25
6 20 16
18 35 29
61 91 0
41 77 30
33 71 46
64 79 48
51 90 8
5 59 20
81 96 15
89 93 34
60 61 55
83 99 13
54 84 24
42 65 24
33 85 34
61 68 45
12 35 51
70 73 26
86 90 46
45 74 58
46 53 0
63 72 50
9 48 55
37 88 49
12 97 57
13 45 46
3 16 27
51 70 57
65 73 21
18 61 35
86 98 44
15 41 1
17 92 29
48 66 41
48 99 34
83 86 39
72 81 52
50 86 19
63 91 43
62 75 46
24 92 35
36 77 46
83 97 57
5 95 54
69 71 60
30 38 33
11 77 19
1 26 54
42 98 8
14 52 36
19 38 11
86 87 1
13 37 56
3 19 23
30 59 30
14 95 16
25 83 24
62 65 14
13 67 51
60 77 57
67 99 22
20 70 59
2 7 17
16 78 19
39 72 14
12 64 44
76 76 2
4 87 17
42 87 60
32 63 16
76 79 59
22 80 46
47 57 2
65 80 30
61 67 13
69 79 36
40 94 52
47 66 0
32 86 54
2 16 45
3 81 57
22 60 4
13 86 45
73 84 32
10 48 16
20 69 14
17 40 57
62 82 22
68 73 59
43 71 28
10 32 22
30 48 52
72 76 50
79 92 21
51 68 0
17 21 24
18 63 33
71 77 43
54 93 40
1 16 39
4 75 4
29 29 5
17 38 2
12 36 43
46 99 16
74 83 47
52 98 50
36 73 1
15 18 13
19 67 60
5 99 50
45 49 28
36 52 59
57 97 29
43 67 36
23 94 51
24 65 36
59 76 40
12 98 54
59 82 10
44 72 32
61 99 50
62 88 57
64 72 49
93 94 30
10 83 58
93 97 20
60 84 8
6 75 36
79 81 10
41 87 4
26 92 34
84 87 31
39 58 43
20 55 31
79 89 10
1 44 35
4 31 59
61 84 2
75 90 25
39 55 50
88 98 57
58 62 3
56 97 59
80 80 55
53 85 19
19 73 51
44 53 9
77 92 28
85 94 41
16 93 21
83 87 17
17 20 39
21 45 57
52 72 24
50 53 26
48 72 25
28 97 44
73 89 56
31 77 37
65 65 48
71 72 32
11 97 2
38 52 20
30 92 23
26 93 52
0 52 55
77 79 37
19 53 12
63 68 21
1 23 40
4 64 46
39 73 11
25 32 49
16 32 31
52 87 3
74 75 26
55 77 50
34 50 35
47 95 50
31 81 19
32 53 5
53 88 50
10 64 27
1 53 1
21 82 6
48 50 36
57 77 48
0 62 39
7 50 47
69 82 22
13 85 45
70 99 26
27 61 33
35 61 26
46 97 40
30 39 36
48 49 40
26 75 50
69 95 49
47 49 60
18 19 12
43 51 24
35 38 10
16 20 52
54 66 38
19 85 43
49 73 5
34 81 31
59 93 10
53 90 56
25 97 7
72 89 17
10 68 10
7 35 24
31 47 41
33 34 23
42 56 36
17 27 24
19 77 10
78 86 11
65 70 9
65 87 54
48 56 1
70 92 10
66 83 26
87 87 9
74 94 8
13 78 58
63 77 36
52 94 55
43 75 46
30 62 8
25 61 56
38 94 30
33 51 59
43 90 1
68 70 5
29 60 24
41 63 50
30 77 37
35 45 14
23 97 9
77 86 14
1 12 23
57 76 45
14 67 8
2 30 35
31 85 15
25 88 33
31 45 16
61 93 9
34 95 43
11 80 12
94 97 43
30 94 14
49 65 21
5 52 47
4 98 33
4 32 12
51 80 51
33 95 59
50 56 34
53 72 8
23 27 15
47 47 37
43 92 37
34 53 41
30 33 28
7 58 37
39 90 43
66 82 19
2 20 25
3 89 38
80 89 35
0 13 10
58 68 35
5 68 55
7 89 37
35 59 9
45 94 50
49 68 1
17 45 35
34 62 20
13 71 6
45 52 8
82 85 38
63 78 4
6 90 1
20 83 23
0 11 49
90 97 1
42 86 49
39 87 36
83 91 14
86 86 15
29 96 27
32 83 18
5 40 31
19 32 43
31 86 1
18 64 15
56 96 1
20 22 10
11 30 49
45 71 9
69 92 1
53 83 39
78 82 32
57 98 34
29 34 56
85 91 5
18 48 27
71 94 60
14 74 60
60 95 31
75 82 9
1 9 33
40 57 32
11 41 53
9 90 30
55 60 41
41 84 27
45 88 36
50 64 45
15 54 19
6 12 55
66 76 16
73 73 22
20 68 56
20 33 44
8 8 36
20 54 41
84 88 15
69 84 5
64 98 2
25 40 57
9 79 10
64 77 56
3 56 55
21 52 14
29 66 55
20 60 11
0 37 50
29 30 23
63 74 20
67 84 42
45 70 25
24 32 55
39 44 8
19 57 0
2 72 46
29 43 33
2 35 49
63 69 25
41 58 41
8 56 19
64 90 37
40 63 27
54 61 38
65 83 49
38 82 50
41 96 13
11 54 60
66 78 24
27 75 50
64 76 12
7 48 2
58 86 49
7 16 39
37 40 8
66 94 31
1 20 8
29 51 15
65 68 1
46 76 40
44 69 36
1 32 38
41 99 25
44 94 15
10 56 45
34 42 56
66 72 54
69 93 13
29 32 24
60 78 17
68 97 25
52 78 19
73 93 14
77 84 29
52 79 40
37 93 25
47 61 2
70 97 17
28 44 32
1 1 42
33 53 36
51 61 54
1 81 4
84 95 23
44 74 14
10 16 39
15 57 24
3 34 32
41 45 15
37 66 16
5 27 50
77 83 13
64 94 59
29 37 27
44 90 46
28 73 9
67 75 0
9 27 12
21 97 19
63 66 34
43 50 9
7 75 38
48 92 56
90 94 50
85 90 28
51 86 57
37 59 18
57 92 55
47 56 43
42 70 46
1 34 10
30 60 1
22 36 25
41 73 5
43 56 31
23 28 30
9 81 38
39 45 30
35 50 4
45 53 6
60 69 40
21 69 42
71 88 55
46 56 57
44 97 30
13 21 58
19 70 9
41 71 33
5 56 17
18 87 13
77 94 5
36 39 37
36 53 10
64 64 35
16 65 17
21 38 3
32 50 58
12 49 23
45 87 24
48 53 12
67 74 5
28 94 31
54 95 0
55 63 15
40 49 12
20 21 7
29 76 51
56 98 25
38 43 58
37 90 50
57 63 45
7 51 3
69 75 59
59 85 54
25 98 23
18 74 34
67 95 18
73 81 5
74 78 17
32 98 0
68 74 24
2 63 11
9 41 43
85 88 7
35 83 45
32 39 43
15 38 20
12 41 51
74 87 1
54 54 49
63 85 3
28 66 2
24 69 55
67 87 29
19 48 29
46 48 40
69 94 50
63 84 1
44 81 59
41 61 28
50 54 35
27 46 46
7 70 7
7 15 60
50 75 44
13 82 22
47 85 46
52 68 4
23 48 48
55 59 18
19 65 3
65 90 37
45 89 57
56 99 18
59 72 48
23 71 12
50 61 8
24 74 54
50 99 51
53 95 24
45 72 16
17 31 30
17 57 51
42 91 44
88 89 19
41 72 49
3 99 1
42 48 32
44 58 3
0 57 23
15 36 19
48 76 36
61 64 25
67 83 40
14 36 8
40 59 19
4 8 0
5 75 56
31 48 44
15 31 4
23 93 0
17 60 37
3 55 58
67 70 24
28 98 52
55 92 10
22 42 21
41 86 35
55 57 29
19 56 35
14 58 25
7 52 26
49 62 1
18 27 40
8 74 28
90 99 18
0 51 56
27 41 37
2 73 17
26 47 14
44 82 15
0 73 8
39 81 5
46 62 33
80 88 18
18 33 13
5 80 55
15 16 20
30 55 18
12 18 56
46 54 27
24 71 35
17 54 14
23 34 48
60 70 48
76 81 25
20 82 10
39 69 46
66 98 2
38 53 56
17 24 42
75 93 44
74 92 12
35 40 41
50 68 22
88 94 15
44 47 53
63 89 29
37 56 53
2 58 36
11 99 9
59 62 59
70 81 41
58 61 54
64 70 44
16 24 29
90 90 54
44 52 19
68 71 11
32 52 22
25 34 56
70 77 47
1 90 44
53 71 28
29 71 43
20 48 31
63 71 22
45 62 45
3 25 33
29 65 26
14 68 37
58 87 2
10 69 7
29 42 17
63 79 56
60 92 56
67 73 57
19 45 19
43 95 47
63 81 6
10 84 5
6 36 37
58 73 30
15 75 8
22 39 33
11 96 24
29 40 54
37 79 46
35 54 52
49 54 58
60 68 4
18 56 17
76 77 3
49 82 44
50 57 9
27 32 13
12 15 2
2 34 28
17 26 37
71 83 25
13 43 59
20 23 42
83 85 52
83 94 42
4 92 7
49 58 26
9 62 5
66 93 17
36 55 3
14 18 2
15 97 57
58 82 34
12 75 10
59 69 30
55 86 20
58 66 23
26 26 59
6 62 41
68 88 50
39 52 41
40 92 33
53 81 9
34 79 49
44 91 29
36 78 7
25 62 57
82 93 41
55 93 40
14 81 6
74 96 3
36 49 7
25 69 20
31 64 23
6 10 32
51 75 20
45 65 57
7 33 22
56 82 40
78 87 38
16 57 4
7 9 42
28 31 53
51 85 21
33 87 16
59 81 49
63 95 12
25 85 13
19 46 43
20 30 41
49 66 6
2 97 37
32 40 15
67 97 57
21 68 14
61 81 22
19 37 42
59 83 56
0 86 4
25 93 11
65 88 49
35 46 26
26 65 35
52 57 8
23 73 6
6 71 27
63 75 5
16 71 49
15 29 19
18 88 7
68 90 53
48 62 39
57 83 52
27 72 28
36 64 54
41 81 14
61 74 44
36 38 4
79 80 41
72 73 23
64 66 21
21 50 45
26 40 42
74 79 48
6 83 15
4 19 9
18 69 53
43 76 33
21 74 2
92 94 57
52 90 43
56 92 60
76 82 3
9 38 25
10 18 5
49 61 19
15 73 5
48 51 21
37 74 4
79 86 7
12 96 10
33 90 56
39 85 37
36 95 32
29 79 51
31 59 26
72 95 43
31 31 1
39 83 28
20 75 27
40 43 15
27 83 37
40 84 49
72 77 26
59 92 40
6 53 2
25 26 24
27 88 7
23 57 55
31 51 37
27 92 3
41 66 27
44 50 60
4 91 47
27 84 16
36 86 17
13 17 40
58 84 31
67 76 24
44 66 22
47 88 25
22 67 3
40 53 36
19 80 51
35 64 7
63 99 23
31 67 10
34 58 10
78 78 14
17 71 41
79 97 8
5 94 29
36 43 25
52 66 48
27 77 59
11 13 35
44 60 34
64 65 48
43 78 43
11 38 58
4 17 7
78 92 1
64 67 28
71 74 33
53 86 21
63 94 15
77 95 5
10 72 2
75 84 47
36 74 29
24 61 0
17 67 14
66 92 43
1 93 49
18 47 17
31 60 57
3 32 22
34 56 18
87 97 38
46 57 60
41 53 41
34 74 60
25 92 52
33 59 55
72 93 21
3 88 6
66 84 24
68 81 50
46 73 2
72 90 4
56 61 33
33 35 60
21 65 18
77 88 14
40 78 36
5 70 2
15 51 24
10 36 60
41 68 27
10 54 43
24 38 18
56 68 45
39 56 57
88 95 43
27 37 20
27 35 60
23 30 43
26 34 55
82 88 43
54 59 48
22 73 10
3 35 57
40 67 41
57 96 42
33 66 56
13 33 3
74 76 15
65 78 34
46 93 31
34 84 5
6 72 60
51 91 45
57 84 6
5 14 50
10 62 53
68 78 20
10 95 49
18 73 12
32 47 56
19 58 54
19 19 44
5 88 40
5 31 12
69 88 23
87 94 48
31 56 37
5 57 11
47 80 18
53 97 12
32 54 36
54 58 13
16 73 19
26 95 55
29 49 0
51 57 20
81 90 21
44 59 43
35 76 50
18 40 7
73 76 19
11 43 56
24 58 40
61 71 44
17 90 9
24 81 10
30 85 2
25 75 30
43 57 53
42 69 14
24 57 13
12 51 21
6 25 42
37 37 37
67 94 33
11 20 22
4 63 45
31 68 60
3 36 58
39 94 0
25 72 38
6 41 24
82 92 54
1 35 21
15 67 45
42 73 50
8 69 35
46 71 16
47 64 14
30 67 31
44 75 29
38 40 7
73 94 15
31 66 14
27 76 33
6 48 18
27 62 58
43 61 15
35 78 20
35 36 50
21 89 15
24 26 2
58 79 30
0 81 44
38 44 42
0 54 29
55 85 56
76 88 33
21 57 52
6 96 57
69 77 55
9 9 2
22 45 36
16 27 55
65 85 56
22 69 53
38 83 44
48 84 52
17 91 31
26 78 23
16 72 29
6 39 33
26 87 45
17 81 60
28 35 25
20 71 20
5 81 41
49 79 17
20 51 45
43 98 20
20 44 12
32 38 8
33 78 8
26 71 54
8 16 49
11 61 57
10 99 46
22 33 47
49 71 45
75 87 21
8 71 59
27 34 8
38 80 28
64 84 18
0 21 48
62 89 42
38 64 16
24 54 50
52 84 15
28 33 8
56 86 11
79 95 15
17 96 41
11 14 53
57 67 23
84 93 47
71 96 60
13 56 38
32 32 13
44 87 17
38 70 55
45 84 17
58 93 24
4 69 42
69 69 44
17 74 36
45 46 40
15 46 46
79 83 5
30 41 11
23 47 36
14 29 57
26 43 49
37 91 0
76 91 1
45 47 10
31 50 58
2 67 42
28 54 10
58 98 44
35 88 33
73 79 52
32 55 44
12 88 12
71 75 39
26 94 5
36 66 23
41 76 0
1 22 39
35 93 20
2 84 48
8 31 10
72 99 38
38 81 3
55 97 55
30 87 54
38 60 6
13 93 55
61 75 41
11 75 10
1 98 14
53 60 8
18 55 35
37 84 2
18 67 44
10 34 36
14 42 47
19 93 46
6 43 28
7 77 32
71 84 24
31 84 59
12 42 9
20 34 55
0 16 47
37 85 47
0 49 42
3 44 12
68 75 51
58 65 2
38 67 50
53 84 23
6 13 45
72 82 55
30 50 50
42 61 52
59 78 49
81 81 4
57 68 13
15 62 13
17 79 0
29 64 34
20 43 31
23 58 43
43 85 15
11 24 13
25 94 46
12 12 13
46 80 49
48 78 21
6 31 57
3 52 11
59 89 29
22 77 14
5 78 33
47 53 29
33 52 9
80 86 55
21 86 37
40 79 35
53 69 32
35 82 14
80 99 36
6 88 53
20 31 15
84 91 8
74 97 33
51 69 49
15 39 14
34 90 28
23 23 14
26 54 27
65 77 15
30 66 27
55 91 1
33 41 24
68 96 33
77 99 39
12 92 57
30 78 51
30 65 37
38 68 60
34 66 39
0 15 10
23 77 28
7 22 37
13 94 52
28 79 5
69 96 60
36 62 43
23 42 57
51 97 19
54 62 59
51 65 32
12 68 60
55 71 49
45 58 50
43 48 29
2 65 35
40 44 54
23 80 33
13 68 26
11 17 31
80 98 23
36 90 58
8 20 42
26 82 28
47 82 28
48 69 8
48 52 28
19 28 18
29 59 32
17 95 51
37 54 39
17 84 20
59 80 23
89 91 15
24 24 57
75 75 13
43 69 6
24 80 55
29 35 24
29 87 31
4 14 20
12 58 30
18 39 29
21 59 40
38 84 4
17 18 57
48 68 22
71 73 0
26 33 2
19 62 19
32 66 45
56 60 36
48 48 0
20 38 28
13 60 8
51 89 35
74 85 24
73 86 51
54 86 2
26 72 27
21 26 36
34 39 27
72 87 1
44 95 4
0 60 54
7 45 53
5 44 18
13 90 60
41 74 41
21 31 33
24 86 12
22 85 41
23 40 24
16 28 9
13 99 1
31 80 55
58 90 42
65 93 1
47 81 32
66 81 25
75 79 21
54 67 36
42 59 15
56 59 35
12 99 43
62 90 9
1 76 53
27 87 13
35 87 7
46 81 15
66 80 36
53 54 35
4 10 53
75 95 25
55 72 50
14 88 13
0 69 28
18 57 27
43 45 58
47 65 22
18 97 14
10 77 16
26 49 8
32 34 24
44 61 58
41 93 47
18 20 40
25 99 30
43 55 1
4 7 41
30 46 55
26 30 55
56 84 27
14 98 13
67 91 21
15 56 1
49 55 29
2 49 51
13 13 9
13 65 32
34 44 57
65 96 37
65 71 49
56 57 11
50 91 5
20 57 46
49 89 54
60 96 16
24 67 13
45 97 15
17 58 45
16 35 40
5 16 26
45 60 34
64 68 4
12 74 44
4 68 28
54 89 45
26 80 2
18 51 0
51 77 25
6 95 17
43 44 34
45 92 1
13 52 12
67 88 41
30 53 47
22 30 22
9 36 40
57 59 50
50 88 60
43 59 52
60 80 30
30 37 5
32 43 19
55 64 39
16 82 29
2 40 34
65 99 60
18 58 30
64 83 38
68 99 5
42 71 35
48 60 30
3 48 6
1 18 58
75 96 52
31 83 30
8 34 21
16 84 36
58 95 25
20 95 60
36 99 16
7 88 43
15 58 3
48 81 48
61 62 28
5 61 35
54 56 38
56 93 30
61 86 39
63 96 28
35 81 51
1 13 36
18 65 37
8 85 13
52 53 52
13 83 54
62 70 51
3 27 20
55 76 60
21 42 46
6 99 24
12 25 25
23 99 41
50 81 60
13 20 28
14 87 22
57 85 27
48 83 42
46 47 57
4 89 12
30 51 25
41 60 10
34 96 16
3 59 15
39 79 33
72 94 16
68 92 44
59 86 34
28 93 26
8 79 1
28 60 11
8 10 33
4 50 22
36 47 39
41 43 22
43 52 35
53 55 16
44 56 27
44 44 59
50 87 41
44 67 32
53 79 17
2 48 12
51 79 45
42 51 2
29 54 60
2 24 42
11 95 44
28 72 43
79 88 33
48 74 25
11 42 29
53 61 57
63 92 50
1 31 2
25 54 29
50 93 4
11 26 15
47 87 58
38 89 23
68 72 26
68 86 58
43 73 35
21 94 44
10 31 27
27 38 5
59 75 17
49 87 39
36 69 27
39 96 16
14 26 0
42 52 55
29 67 57
7 73 47
24 30 9
18 76 48
52 75 49
5 9 53
62 79 50
6 38 17
56 69 49
65 97 49
22 40 38
22 25 41
22 47 18
0 22 15
69 85 23
25 51 40
34 86 29
62 63 0
15 44 57
2 50 2
39 48 36
27 85 53
9 37 48
73 87 18
50 71 59
37 73 6
29 75 50
72 92 15
9 83 41
85 95 36
54 68 43
0 17 19
0 96 9
70 91 2
3 98 14
9 72 54
27 69 36
49 49 17
47 71 34
6 77 12
66 95 10
28 28 11
57 94 31
73 74 7
25 49 20
5 69 46
62 67 24
74 74 22
52 77 34
9 53 7
43 89 34
58 69 2
54 97 54
57 73 53
50 96 26
60 66 52
5 17 39
21 29 30
58 81 41
73 85 50
19 89 8
44 63 52
16 30 25
54 71 6
28 45 6
6 28 51
51 74 5
30 70 2
12 73 9
6 52 57
53 82 21
38 74 39
68 82 55
22 64 3
46 46 30
0 40 30
15 84 33
7 21 29
2 41 41
55 80 8
34 52 29
49 52 40
54 77 41
50 94 12
49 53 31
78 80 49
58 92 46
8 44 59
9 94 34
12 47 32
20 73 4
33 73 11
57 87 41
16 99 40
42 77 31
9 78 27
58 94 38
1 74 20
10 59 21
24 82 59
3 3 58
11 76 4
30 68 25
4 43 20
31 74 57
60 81 38
27 81 46
8 26 52
45 93 53
45 90 25
20 27 38
43 43 47
26 28 11
35 68 30
45 67 52
2 60 52
0 45 24
4 93 27
39 70 37
31 99 41
15 60 2
3 4 3
30 98 22
16 64 11
54 72 9
40 46 56
12 91 26
2 11 56
44 98 32
12 28 32
9 33 15
54 87 52
53 76 26
15 90 32
64 93 44
36 67 29
6 82 52
48 95 44
37 41 44
10 11 31
18 42 16
15 22 10
52 91 49
70 98 7
26 89 10
40 76 9
46 92 4
5 73 53
38 58 59
6 97 18
14 60 59
16 80 0
13 97 36
44 79 30
10 35 51
23 49 32
43 93 53
5 54 51
11 90 28
67 89 38
20 64 55
54 64 45
29 92 12
33 88 25
14 15 1
21 53 5
56 64 35
6 22 30
55 94 19
20 41 60
2 32 40
5 34 13
6 57 39
25 79 0
54 79 37
74 88 17
35 53 34
46 95 19
45 79 38
59 59 3
34 68 29
16 34 49
4 53 60
60 90 26
23 44 53
3 31 53
37 53 5
50 74 22
25 58 49
36 75 11
7 74 23
5 13 24
6 32 36
32 82 22
7 31 59
55 56 51
68 93 29
46 51 25
13 24 39
54 60 17
45 50 32
10 26 26
47 79 9
58 77 38
59 88 16
33 97 41
28 90 59
34 87 5
30 43 59
29 83 45
6 23 38
2 93 32
16 38 52
29 90 4
3 21 28
24 25 24
53 87 19
30 31 48
0 42 56
36 68 40
58 99 1
62 83 30
76 84 4
17 80 50
42 42 19
20 45 40
10 28 59
8 37 33
14 59 24
50 82 35
78 93 33
46 70 28
15 99 60
9 63 56
61 90 6
39 78 43
8 93 26
36 98 22
5 93 27
16 85 32
58 91 42
13 49 42
8 65 18
36 61 3
36 59 28
60 76 30
16 97 11
0 71 16
42 67 6
26 98 32
46 68 20
14 90 17
43 83 23
65 79 27
66 71 10
14 94 21
18 86 39
61 80 5
52 74 11
13 47 23
36 57 49
49 95 24
1 55 45
7 26 49
7 42 11
53 92 33
12 21 51
32 56 33
28 40 2
56 88 33
24 47 2
42 50 24
6 27 15
11 74 54
63 86 14
18 59 31
32 90 59
63 80 1
50 76 19
0 14 28
2 15 49
35 67 43
34 48 2
22 79 42
77 98 47
42 94 29
38 66 26
4 66 59
2 99 30
47 94 4
12 90 4
10 20 49
3 42 29
22 98 21
47 76 28
1 36 4
32 92 13
15 49 57
6 80 60
23 89 15
70 72 20
48 90 6
35 72 14
46 94 37
46 63 0
66 91 40
19 31 44
14 43 18
28 65 53
33 60 9
7 39 11
68 89 8
55 73 34
5 24 33
29 33 57
14 64 59
7 34 49
9 18 43
55 55 27
79 82 17
36 45 15
28 34 52
3 20 60
32 71 29
54 75 28
22 56 35
43 80 39
16 49 40
36 96 50
4 74 7
5 30 54
40 55 48
22 91 47
8 78 50
29 84 57
40 42 6
51 63 43
10 63 22
0 97 13
47 97 46
59 94 2
41 42 28
32 97 3
51 99 49
77 90 13
3 9 44
68 95 8
32 35 17
12 13 33
72 98 48
13 39 9
39 77 29
39 92 44
18 23 44
14 61 29
19 20 18
29 97 7
68 69 24
21 93 53
84 86 56
49 59 57
3 24 5
27 96 27
56 85 39
21 71 42
34 57 53
24 51 58
4 36 39
43 47 43
5 38 4
34 91 51
14 96 28
1 66 32
55 62 39
6 98 25
57 82 25
8 33 24
26 38 9
13 54 28
52 89 53
4 22 3
0 89 9
35 90 27
49 93 0
22 38 38
59 61 22
0 25 13
1 43 33
4 85 54
1 10 49
2 83 11
27 36 53
73 75 47
51 52 30
1 39 38
30 56 40
16 46 16
66 79 48
18 71 11
22 90 53
50 90 19
4 12 59
50 58 11
34 76 0
40 99 32
21 40 24
59 67 34
34 54 45
19 66 15
81 97 9
42 90 60
56 65 55
46 69 9
24 33 44
21 63 26
0 19 14
23 31 23
60 82 36
50 92 45
70 71 20
37 75 7
36 81 46
44 93 50
13 29 3
2 36 52
40 71 56
7 63 5
31 76 45
40 64 46
10 67 17
9 45 3
22 57 27
51 59 53
6 29 8
27 63 15
59 77 47
15 32 9
0 30 20
37 69 48
11 23 41
0 95 19
67 90 56
63 88 18
69 91 4
12 39 38
27 70 6
2 87 10
53 59 23
15 93 33
39 51 56
33 46 49
62 73 59
15 28 31
67 80 3
5 43 42
7 99 43
47 86 20
25 95 22
10 86 22
50 80 16
2 10 5
15 37 49
70 88 15
41 79 52
34 65 11
16 91 33
40 51 14
17 43 1
51 92 52
50 63 30
38 65 34
1 79 14
1 78 60
28 49 0
18 95 30
0 72 12
23 72 7
8 52 4
10 61 11
3 69 34
16 94 46
31 39 19
54 94 27
50 50 16
35 63 21
41 85 60
14 28 22
49 69 41
60 73 3
1 14 40
63 64 13
0 85 2
19 75 54
32 88 34
10 49 16
66 69 50
32 58 33
38 86 6
3 45 25
23 79 29
30 86 23
62 80 16
32 64 34
0 76 39
12 67 46
36 65 7
49 81 54
23 55 51
18 77 43
18 89 29
20 65 15
61 98 47
34 35 51
36 82 49
7 30 11
29 38 9
38 85 45
32 70 33
20 97 26
60 65 16
24 95 3
0 46 7
65 91 15
62 98 24
22 94 40
8 60 30
24 37 14
25 36 24
41 97 52
56 90 4
31 97 28
3 8 28
9 57 47
34 69 48
4 70 55
6 42 21
41 62 29
33 86 45
53 96 27
0 44 34
39 75 18
12 27 60
6 40 47
40 98 35
68 91 7
60 64 58
7 95 7
1 70 6
12 46 43
42 85 3
68 87 37
19 24 15
8 38 9
23 32 9
20 40 15
10 80 24
82 89 7
49 50 2
40 65 15
86 92 45
58 97 2
1 61 44
4 28 36
27 68 50
26 37 25
41 64 58
48 57 6
29 80 15
40 50 14
34 88 54
8 29 11
23 39 3
21 98 21
13 91 13
6 11 8
1 46 56
13 92 30
3 51 47
16 16 22
24 55 5
32 44 39
24 99 29
1 3 34
41 49 14
33 58 36
49 63 56
8 57 38
30 54 24
25 68 28
13 40 27
72 78 34
16 47 17
14 69 53
29 36 15
1 19 31
30 32 36
29 63 5
25 33 20
34 43 60
28 58 26
50 83 14
7 80 0
29 55 55
72 74 47
8 23 45
14 19 42
2 68 36
48 73 15
10 29 16
28 62 22
16 42 21
17 85 39
20 88 49
49 56 38
38 50 18
70 76 30
14 48 9
11 89 56
6 7 6
52 65 24
6 45 4
19 39 1
55 89 30
30 69 29
20 47 15
17 63 34
28 63 8
8 90 55
24 59 55
1 57 4
52 67 60
0 39 57
83 84 14
32 60 37
8 45 34
34 37 59
2 90 14
43 64 58
3 53 28
10 40 38
69 74 5
48 97 13
10 75 37
66 86 2
22 95 19
16 88 39
4 48 11
43 97 58
50 65 14
26 86 50
1 73 56
12 85 57
4 59 49
41 75 18
46 98 59
62 87 26
38 92 3
30 89 51
19 72 10
25 84 19
47 59 0
7 38 29
60 71 34
44 99 8
50 78 1
29 61 36
39 86 30
15 88 22
3 72 18
25 45 37
24 78 8
3 85 23
19 34 6
4 58 50
16 63 35
2 5 4
14 72 50
29 31 53
39 54 39
26 39 29
28 76 55
63 82 6
61 96 7
51 53 23
71 80 15
14 63 59
20 93 25
38 55 25
62 97 43
5 90 56
8 84 41
2 92 51
9 34 34
58 67 11
21 95 28
6 14 43
11 52 43
15 61 49
26 67 57
31 38 43
37 68 5
6 81 48
32 65 60
22 26 5
28 37 60
46 79 3
57 69 28
23 83 20
38 48 7
24 87 19
0 94 58
26 64 36
14 92 3
49 60 58
34 46 29
15 42 21
23 50 56
27 67 20
33 83 32
39 66 12
45 85 25
40 56 4
12 81 40
44 77 44
47 93 1
20 96 9
46 52 18
17 65 39
44 68 1
69 86 54
11 60 59
20 74 58
1 2 34
6 49 19
2 55 36
43 49 55
56 79 26
38 78 15
35 99 6
9 23 55
2 85 26
51 78 60
1 58 37
21 87 40
20 58 32
19 97 9
66 70 32
42 43 2
44 84 42
8 49 1
65 86 57
58 85 33
37 52 15
26 69 41
31 53 51
27 66 55
24 75 25
34 64 2
58 96 9
29 46 40
32 48 5
9 64 37
57 66 7
55 79 7
6 69 50
39 43 36
16 43 25
2 96 57
49 99 14
39 93 24
67 96 45
2 12 10
40 89 22
62 77 7
29 52 10
9 20 42
4 67 11
19 83 33
7 67 53
62 81 54
59 97 31
40 96 35
5 10 22
72 97 15
78 99 58
46 66 25
23 24 31
4 34 42
11 32 28
15 27 51
65 95 22
51 51 56
71 82 43
72 72 38
46 91 30
54 74 24
50 52 28
9 15 23
25 42 26
33 38 21
22 66 41
36 80 45
38 73 32
9 54 12
11 88 53
9 73 54
37 51 18
67 72 52
0 53 60
73 98 33
59 74 40
0 55 2
46 86 57
26 57 26
21 61 0
32 67 34
33 56 25
61 88 31
68 77 23
26 61 8
72 91 17
15 59 3
16 55 30
8 25 35
57 61 11
47 58 30
14 46 22
2 31 8
3 92 22
69 70 44
34 98 8
58 58 4
7 64 50
11 16 53
43 46 49
47 92 5
4 15 50
41 41 53
4 11 40
27 71 54
36 40 60
24 85 7
8 86 27
38 47 14
6 15 51
8 43 45
9 65 31
43 84 15
4 49 33
41 78 54
55 83 29
33 96 22
0 64 58
31 98 0
36 76 16
33 64 18
9 12 46
45 63 47
23 85 48
42 62 32
33 33 10
11 33 7
57 60 52
10 74 18
32 89 40
20 36 17
23 76 23
25 65 16
46 78 51
16 45 57
63 73 58
35 55 32
5 83 21
19 27 37
12 71 40
37 96 36
39 99 55
2 64 50
49 64 18
16 98 29
21 54 7
40 58 46
4 4 46
15 81 36
46 61 27
1 68 27
5 79 1
0 50 22
9 58 54
66 66 31
9 44 49
12 83 47
70 75 0
33 39 15
23 29 19
54 73 55
69 73 34
4 81 58
1 75 15
17 37 44
6 92 52
42 93 43
41 90 25
38 75 4
26 53 23
14 38 6
34 60 46
48 82 55
22 83 50
33 72 2
20 59 11
0 48 52
21 83 12
67 71 12
22 89 19
52 54 12
27 99 34
76 98 6
34 85 57
23 62 20
10 88 26
2 38 26
0 10 4
51 94 39
22 54 30
11 83 4
18 80 26
76 93 58
57 86 4
43 94 4
27 65 5
0 93 44
12 43 40
11 35 42
53 98 25
51 58 17
25 57 31
77 97 4
13 32 13
9 55 54
10 70 24
0 61 50
17 34 25
70 90 16
12 44 33
27 56 20
40 83 51
32 76 12
51 83 1
14 17 43
35 56 15
52 96 31
33 80 46
60 91 58
10 53 26
72 75 17
13 26 6
4 46 30
10 55 26
69 83 33
8 72 59
1 25 47
36 83 10
13 79 3
55 78 50
14 21 16
7 55 19
14 57 60
56 77 32
16 68 22
22 71 11
43 81 43
24 49 47
62 64 35
56 70 28
12 17 50
21 76 27
22 68 15
18 49 7
50 59 26
78 98 18
2 79 50
13 50 2
2 17 23
13 77 41
0 92 49
48 65 7
33 89 29
10 24 54
3 80 13
2 2 46
46 49 59
18 79 21
3 38 5
22 24 17
6 16 30
64 80 14
59 60 54
3 23 10
4 62 2
31 44 23
52 62 38
37 43 2
29 58 60
4 35 41
21 48 58
80 94 3
23 92 41
50 98 47
9 17 4
75 97 36
8 27 20
12 52 22
69 72 11
24 89 4
19 30 43
70 85 50
47 70 39
23 64 59
12 61 21
30 91 50
23 46 8
43 65 7
29 57 31
14 91 41
5 72 27
24 60 50
21 35 47
3 77 49
65 92 11
15 85 23
43 72 57
6 6 22
5 53 49
23 37 60
63 76 58
4 84 19
4 24 9
42 80 10
7 32 23
17 25 1
36 56 54
42 78 21
4 54 58
43 91 21
16 81 34
23 96 42
31 79 50
41 44 55
4 94 9
61 76 51
14 89 41
49 74 30
9 13 1
25 46 9
67 85 34
40 69 35
44 45 44
7 19 32
19 69 0
14 82 39
31 33 35
8 91 60
38 38 49
52 83 26
58 60 26
14 79 23
7 18 16
42 46 40
55 96 26
53 56 37
27 33 28
10 89 45
12 31 60
22 52 24
20 78 6
41 91 7
39 59 10
13 41 19
15 30 59
11 64 10
65 67 0
0 34 11
4 88 4
8 76 31
24 35 32
1 54 14
41 95 54
0 28 16
14 86 52
36 72 12
44 80 18
51 88 50
41 83 60
34 34 49
20 76 35
27 82 1
19 54 19
61 89 4
42 45 59
22 61 9
2 69 53
17 86 23
60 60 4
37 49 4
24 84 59
15 48 20
52 82 46
52 86 23
61 92 35
2 57 23
36 89 13
27 49 3
8 39 48
17 68 60
19 78 52
17 97 38
15 64 29
5 26 49
11 84 33
44 88 27
48 86 32
19 61 52
25 35 22
8 14 32
30 84 35
5 62 2
10 22 59
28 80 3
25 38 24
2 77 29
47 90 48
27 51 51
34 51 2
41 48 2
0 99 22
21 60 0
15 74 14
20 50 1
21 49 28
4 6 32
35 98 29
6 79 43
5 33 5
26 48 45
8 17 8
72 84 0
27 78 49
0 58 58
35 69 15
17 39 25
15 94 47
42 95 23
27 57 52
55 70 19
3 7 50
26 41 8
19 41 13
10 65 16
10 10 58
46 87 47
1 33 22
24 50 30
42 81 40
18 24 4
22 92 41
50 72 58
6 21 31
65 94 40
68 98 51
33 55 14
5 41 3
55 75 37
1 85 48
24 34 1
5 84 38
20 29 44
27 80 21
45 45 45
26 56 5
22 29 18
14 32 36
20 91 23
27 28 21
10 41 7
4 90 0
31 78 8
27 95 40
2 25 48
41 51 40
17 48 45
1 17 32
63 97 18
37 50 22
20 32 26
7 49 55
64 69 10
10 98 17
34 63 33
34 72 32
52 92 22
37 82 32
31 96 47
61 66 10
18 92 60
26 77 6
6 70 51
2 44 1
60 88 59
35 35 41
13 81 3
6 50 26
11 66 26
13 74 22
34 89 52
5 45 49
41 69 12
71 87 42
39 57 8
32 41 5
39 74 17
6 56 16
37 80 5
46 75 50
19 82 50
24 46 12
22 97 8
24 88 29
56 75 52
13 53 19
18 93 60
26 99 0
20 63 50
8 73 41
27 90 31
9 67 40
0 27 50
33 43 8
21 24 18
44 96 48
15 33 56
3 50 32
57 57 9
9 31 39
20 79 59
5 28 36
27 86 55
2 8 53
61 69 11
28 39 42
16 26 30
15 68 7
37 45 30
9 10 31
12 62 44
27 58 40
15 77 16
51 55 29
7 44 30
41 47 28
24 96 31
8 94 18
55 58 12
10 91 46
27 45 52
5 63 53
13 76 57
20 87 22
43 82 0
36 91 1
16 53 32
41 57 0
17 35 7
4 52 2
39 39 51
23 63 8
0 88 59
12 30 16
19 25 8
39 95 12
14 55 48
43 74 51
12 19 17
4 38 1
25 89 9
53 99 26
3 57 31
17 82 43
19 96 31
9 22 2
12 32 20
59 96 50
19 98 10
30 97 56
46 58 3
17 98 6
75 77 41
31 63 13
1 52 45
24 29 41
20 89 10
37 76 26
48 67 33
73 97 17
5 86 29
5 19 28
27 64 56
3 73 59
14 54 19
28 46 52
1 15 10
55 61 49
8 36 23
25 41 25
9 24 21
6 47 52
54 57 56
12 22 35
50 62 46
4 79 16
32 49 8
24 72 49
22 31 50
37 81 10
28 86 13
4 44 53
28 69 60
11 87 52
42 96 57
35 75 44
40 86 56
39 64 14
1 67 37
31 55 58
22 27 29
52 81 15
46 59 59
18 84 0
5 92 55
5 42 32
12 33 25
33 92 1
1 96 25
36 71 3
27 73 2
43 70 14
4 13 50
33 45 27
6 37 48
30 93 43
26 27 50
5 74 48
35 66 41
37 83 21
38 51 15
23 84 47
26 46 2
30 99 39
8 9 19
35 91 54
10 27 29
26 85 15
3 84 22
49 57 32
41 94 0
7 97 6
52 61 51
14 16 23
23 43 14
7 76 59
24 28 57
21 36 58
30 95 39
28 95 58
3 82 34
49 75 0
19 76 54
19 35 27
13 64 54
42 58 31
18 46 59
0 7 60
22 49 32
21 64 2
64 89 14
53 77 9
9 87 29
3 40 39
22 81 28
18 91 27
28 84 59
39 89 11
25 37 42
36 37 20
34 41 60
1 84 56
22 63 9
6 60 57
24 90 38
5 60 31
24 45 57
16 44 12
45 48 46
30 79 7
12 70 18
51 67 2
8 96 31
15 83 55
46 83 42
1 30 30
15 19 8
2 91 31
22 51 51
28 53 1
30 88 31
29 81 13
57 99 11
14 47 23
0 35 53
35 95 9
13 89 8
70 74 9
65 69 7
23 59 40
31 75 45
71 90 52
30 73 46
6 58 10
38 46 39
64 96 38
30 64 60
2 46 50
40 97 8
64 75 48
4 55 13
48 79 19
23 88 31
28 29 24
24 66 43
49 85 17
3 17 5
1 5 41
21 77 46
37 61 4
41 82 27
23 53 44
57 74 23
11 51 59
49 96 44
43 68 15
19 40 33
8 81 4
0 83 34
21 55 40
49 98 26
15 78 27
13 98 52
38 97 59
16 21 57
6 61 12
13 80 20
0 84 33
40 93 12
36 41 6
65 76 39
16 92 29
31 70 1
23 26 19
32 61 2
7 62 3
63 65 46
45 73 49
4 42 32
20 84 6
21 96 25
8 62 30
52 88 34
15 87 56
45 95 29
18 70 2
10 43 16
8 66 45
9 56 29
64 88 19
40 68 19
4 9 42
36 70 12
49 88 45
32 85 26
19 52 16
49 86 49
30 35 16
28 78 51
29 62 58
28 56 18
19 59 23
53 66 26
19 33 38
43 54 15
4 47 32
31 61 34
13 57 9
13 95 59
16 66 48
46 85 1
50 73 53
16 29 24
16 51 40
50 77 42
22 34 36
18 53 5
18 31 13
71 99 21
3 79 34
16 77 17
8 68 55
23 54 0
4 41 27
38 77 48
34 47 48
20 86 45
53 64 36
25 96 53
6 44 35
45 77 56
30 42 33
62 99 10
6 87 1
19 87 15
58 75 27
52 52 19
36 46 40
13 28 54
32 68 2
29 94 12
51 84 49
7 91 29
11 62 50
25 44 3
10 96 45
4 5 32
21 21 5
60 63 56
13 51 5
59 87 28
13 27 36
3 15 16
18 36 13
17 78 26
41 89 59
15 95 56
22 75 24
53 70 13
42 64 50
20 28 27
45 91 28
35 96 57
30 49 27
44 78 38
0 63 28
4 80 21
37 86 7
33 54 1
27 29 39
5 29 38
44 71 53
32 84 39
5 48 60
7 59 37
38 93 16
16 83 27
21 37 29
18 50 32
36 58 30
40 82 45
17 56 37
0 3 32
42 68 20
3 97 55
12 26 22
23 90 6
8 51 59
34 49 34
11 85 57
20 90 53
24 53 54
37 97 11
68 80 54
50 70 21
2 66 6
32 73 45
22 23 48
0 6 15
15 55 4
26 55 54
11 15 22
37 38 33
31 87 9
14 22 37
5 96 37
61 63 38
1 62 45
36 79 9
41 54 23
25 76 22
1 82 23
9 42 34
23 41 48
35 58 16
0 8 7
58 76 52
13 22 23
9 97 8
32 81 2
46 88 19
23 81 52
20 56 35
43 58 60
27 97 8
1 95 42
14 33 57
21 33 58
3 5 56
4 77 19
19 47 29
6 84 10
37 47 2
33 74 30
19 86 50
56 66 32
34 71 56
4 27 9
2 88 8
34 92 8
33 50 5
60 97 48
11 59 36
61 87 13
49 78 46
54 92 40
65 84 1
27 44 1
22 48 40
15 47 11
16 90 60
3 41 44
28 83 60
19 95 15
26 79 18
25 43 23
5 22 56
56 71 12
7 53 11
1 65 33
8 53 21
22 46 59
6 67 4
12 48 34
2 43 51
16 17 26
21 28 27
11 56 48
5 55 20
34 70 24
0 77 52
28 75 35
6 86 55
1 56 28
19 84 51
7 20 19
64 86 31
10 94 60
30 61 32
1 47 17
22 55 24
46 65 59
2 81 37
3 39 29
61 77 0
1 89 29
26 32 57
2 75 13
47 55 2
26 70 37
20 66 26
33 91 50
43 66 27
61 79 37
46 84 45
66 97 5
13 34 36
35 47 50
23 78 38
2 18 59
35 62 0
14 76 16
14 39 38
24 64 53
20 92 34
4 57 58
51 73 25
18 60 50
21 72 55
12 50 30
34 61 14
4 71 56
32 51 5
46 77 26
44 89 56
18 21 4
21 46 15
9 85 52
12 86 32
14 75 16
53 75 36
28 51 51
10 66 19
28 96 20
0 36 17
28 89 46
32 42 24
7 8 29
19 51 34
36 50 38
38 91 2
23 75 47
24 98 16
1 88 58
4 82 2
18 30 33
51 71 9
22 28 4
31 91 40
46 60 7
4 72 56
19 43 22
7 65 4
2 59 6
27 74 47
14 62 19
25 66 43
24 70 26
24 31 49
35 97 32
19 63 9
35 94 19
49 76 49
3 62 25
14 99 17
25 73 10
38 98 25
28 42 40
12 66 45
35 41 47
7 36 1
22 22 58
35 73 26
5 47 52
16 56 29
7 79 59
10 73 60
4 99 44
31 57 15
42 53 20
35 71 55
37 87 53
43 87 38
29 93 4
11 49 49
0 65 22
35 92 9
13 30 39
32 74 11
58 74 35
2 53 56
2 54 39
16 79 1
57 80 49
24 93 7
31 41 6
18 54 37
16 95 33
9 82 32
33 65 13
62 72 13
28 43 39
61 65 19
8 46 22
10 57 17
47 54 49
3 95 50
29 50 59
9 14 40
7 84 53
40 66 37
15 76 10
22 50 59
46 67 45
9 39 22
8 22 23
32 96 6
5 71 25
15 69 45
15 66 9
35 77 23
8 77 1
51 72 46
37 63 52
56 74 19
38 63 21
5 49 20
36 51 31
42 99 57
5 97 53
5 15 24
25 56 50
50 97 51
5 98 8
21 78 9
52 93 34
21 67 1
11 92 34
17 62 19
58 88 8
10 39 3
6 64 51
17 44 21
3 60 8
28 41 5
15 15 4
12 63 52
19 60 2
8 42 42
28 77 55
7 27 52
34 93 60
14 40 37
33 99 17
9 71 3
3 76 57
32 87 5
37 46 25
0 47 26
10 44 34
25 82 46
