130 7735
178
157
157
184
121
189
148
156
106
167
131
131
174
100
160
177
149
107
164
181
129
115
190
199
197
166
146
103
116
164
151
169
117
130
166
128
161
195
124
133
155
145
179
138
171
168
117
103
175
113
181
106
139
134
193
110
124
172
156
147
122
112
127
175
188
163
178
160
111
151
168
158
137
183
137
150
116
193
119
126
153
192
126
170
138
150
151
139
193
180
173
169
163
173
132
195
171
112
115
186
120
190
194
157
141
200
194
200
113
188
158
194
173
192
146
188
162
160
139
184
136
128
132
191
107
157
148
176
137
196
0 1 4
0 2 53
2 3 27
2 4 26
4 5 17
5 6 19
1 7 11
6 8 46
7 9 42
7 10 18
9 11 41
1 12 7
9 13 17
7 14 51
9 15 11
0 16 25
11 17 49
14 18 26
11 19 12
9 20 32
7 21 49
1 22 16
1 23 12
0 24 34
7 25 51
18 26 15
6 27 1
10 28 33
0 29 34
15 30 60
22 31 28
23 32 40
1 33 44
10 34 47
29 35 54
22 36 26
31 37 52
11 38 31
16 39 16
0 40 35
29 41 12
34 42 38
21 43 56
11 44 60
1 45 19
7 46 12
10 47 9
16 48 51
32 49 33
46 50 26
8 51 17
41 52 60
31 53 47
16 54 1
50 55 54
8 56 25
44 57 58
21 58 39
24 59 20
41 60 46
18 61 46
24 62 45
33 63 4
59 64 58
52 65 42
9 66 51
39 67 59
38 68 48
26 69 54
20 70 9
11 71 38
25 72 40
7 73 3
39 74 4
44 75 48
65 76 52
34 77 13
60 78 28
31 79 17
58 80 44
41 81 56
40 82 14
69 83 12
8 84 47
48 85 56
16 86 15
54 87 37
56 88 23
43 89 30
10 90 45
90 91 39
30 92 27
2 93 4
10 94 32
77 95 46
56 96 43
93 97 45
63 98 54
63 99 48
22 100 18
48 101 38
5 102 50
83 103 32
87 104 44
11 105 42
102 106 38
101 107 2
75 108 9
23 109 33
47 110 36
56 111 39
79 112 49
27 113 53
92 114 27
79 115 33
90 116 28
49 117 39
111 118 35
50 119 13
65 120 12
40 121 0
32 122 46
50 123 33
87 124 47
19 125 26
81 126 54
64 127 12
109 128 3
20 129 54
14 118 43
20 51 9
73 114 41
0 124 17
38 97 41
37 54 56
115 123 41
101 104 59
47 113 44
64 71 37
102 110 48
79 116 1
24 37 7
7 129 26
44 86 58
115 128 39
91 108 47
96 108 28
80 80 43
85 109 27
54 90 39
92 127 9
94 127 30
93 105 19
34 51 56
41 121 37
124 127 36
76 88 26
84 108 15
40 48 58
58 100 9
115 119 23
4 109 10
86 93 35
60 111 22
112 121 47
14 71 39
85 88 6
108 120 46
12 42 45
31 57 17
99 128 45
3 53 13
27 30 5
125 128 30
15 66 39
62 126 4
42 117 7
84 123 26
44 112 33
80 88 32
58 97 54
16 49 1
116 122 22
117 122 22
73 108 0
82 87 43
48 118 40
62 96 24
81 93 46
27 58 16
46 73 4
75 106 21
23 128 1
34 79 38
82 104 27
2 98 46
125 126 17
66 68 32
46 106 3
96 101 52
63 127 40
97 123 21
7 88 54
37 79 41
17 72 36
73 80 14
34 37 24
47 74 19
52 82 23
127 129 19
35 65 60
121 126 0
11 127 15
48 59 57
29 87 14
72 128 44
22 71 51
99 108 21
35 69 14
26 83 53
2 10 56
52 111 24
63 92 22
81 87 37
61 103 47
102 126 35
81 88 9
4 90 33
2 32 24
73 96 3
80 102 24
44 126 34
93 125 43
72 125 18
104 125 55
116 123 23
48 125 5
42 85 36
51 87 38
92 113 31
114 121 19
50 62 37
46 118 0
116 118 56
91 128 55
75 118 8
56 67 49
17 76 49
28 73 50
61 74 24
118 129 15
45 111 0
80 98 33
89 99 28
81 111 54
76 120 10
117 120 6
107 120 34
27 96 47
13 64 38
100 126 18
26 58 18
27 125 53
36 122 11
53 74 37
104 119 17
111 125 41
52 60 60
58 71 37
75 78 21
62 104 2
68 76 35
30 107 3
44 100 58
86 92 4
108 123 50
107 127 44
4 113 14
13 106 29
112 123 13
111 124 32
114 128 19
24 91 39
124 124 13
116 128 2
51 119 49
126 126 58
52 104 2
78 123 32
84 90 44
59 107 36
75 98 4
77 89 53
102 104 48
81 84 59
123 127 38
121 125 58
11 69 20
84 118 0
1 121 2
57 106 56
113 126 3
53 89 15
115 125 9
97 128 0
10 128 60
19 46 12
82 109 21
50 113 54
13 38 25
2 60 37
79 128 24
0 15 58
31 51 40
97 110 32
2 44 56
9 45 41
120 125 2
68 98 16
42 60 47
73 102 35
60 66 21
25 50 35
42 74 45
10 100 2
126 129 55
107 117 15
30 55 37
14 30 22
40 49 28
120 124 0
4 33 36
99 121 10
70 85 55
58 60 5
112 115 0
61 121 11
42 105 31
116 121 26
114 120 0
109 116 18
34 101 9
13 86 24
18 19 40
84 112 37
39 86 39
99 101 11
55 89 47
113 129 24
81 122 28
102 109 57
5 65 5
11 88 27
80 108 45
53 77 22
39 94 30
84 125 57
49 68 32
89 125 4
52 83 35
33 68 54
106 124 8
26 33 22
108 118 11
109 115 42
80 107 38
0 79 17
62 129 26
61 70 35
66 75 23
78 114 43
118 125 43
42 76 10
72 112 2
25 45 47
100 114 59
36 59 40
113 124 48
112 119 28
81 97 33
58 86 18
80 103 16
9 51 39
57 75 59
105 112 18
86 107 37
22 96 17
9 86 45
108 114 51
5 94 44
52 100 9
119 120 21
94 125 29
105 117 56
11 72 40
78 101 47
118 120 34
112 122 56
14 24 24
93 104 20
122 129 32
38 52 25
64 84 35
116 117 56
7 119 49
42 47 47
9 93 4
30 123 8
89 126 12
124 128 41
39 104 11
72 80 34
122 124 30
9 26 11
44 127 37
58 103 53
111 122 53
47 105 2
117 128 34
71 72 46
77 96 38
4 102 20
67 73 3
89 105 5
38 111 48
46 81 31
117 121 32
77 102 30
55 84 7
106 125 54
96 115 15
73 121 56
65 92 24
123 126 40
24 79 30
14 86 0
65 82 27
91 115 48
117 127 9
60 88 42
128 129 41
31 97 8
78 83 4
10 77 16
123 124 17
32 111 7
116 119 0
24 60 43
63 109 15
24 57 52
34 111 10
26 110 59
31 48 13
115 124 12
44 94 37
18 104 0
70 101 49
77 79 40
15 99 16
43 102 24
84 119 56
120 123 36
68 81 57
67 100 9
60 124 45
114 123 57
23 95 9
39 85 48
92 94 42
111 123 13
40 127 24
118 126 45
110 115 40
64 69 57
84 128 56
1 6 41
15 92 1
8 15 47
79 88 26
29 104 28
110 123 58
57 95 44
69 119 54
13 109 36
41 106 9
68 70 56
121 123 17
29 125 2
61 78 59
12 123 55
120 121 33
26 89 15
29 98 36
20 73 46
58 125 48
87 119 60
122 122 5
79 99 16
96 124 59
70 81 56
63 83 20
47 97 9
109 117 43
10 121 13
63 87 39
100 119 31
4 28 5
96 99 20
44 80 12
45 127 11
70 92 29
57 80 9
11 95 46
19 41 17
116 129 20
35 89 32
101 116 46
76 106 57
6 10 25
72 91 36
29 46 54
100 122 15
70 109 14
47 89 50
112 124 28
33 61 24
80 116 11
110 114 8
120 120 59
78 89 57
68 109 47
40 95 43
110 122 25
10 72 14
39 123 56
23 120 51
25 62 49
64 83 38
38 59 51
122 123 56
86 120 14
54 72 60
38 116 16
4 67 53
3 108 42
103 114 23
40 114 31
80 91 2
56 73 39
110 118 49
104 110 43
85 101 40
25 92 40
75 102 1
42 109 25
20 117 56
94 110 33
126 127 44
77 92 37
85 116 37
98 123 56
125 125 15
113 127 60
57 69 23
83 118 3
105 128 9
34 36 33
104 114 24
42 113 12
88 90 25
117 126 55
35 75 38
54 100 19
23 102 45
43 78 48
109 126 25
120 122 18
73 90 47
67 108 11
36 62 30
103 112 0
14 80 6
73 118 44
20 114 33
111 112 54
35 66 39
10 92 51
51 112 35
111 127 17
79 93 54
114 125 14
47 62 24
43 125 59
25 114 36
64 124 21
23 111 30
101 101 33
91 109 58
51 61 6
92 96 4
27 74 17
38 90 43
72 115 57
84 110 32
59 104 52
65 70 29
49 119 14
96 119 41
21 115 31
9 75 19
17 29 42
58 119 59
74 91 35
43 82 26
49 59 46
66 109 24
19 92 31
83 109 54
97 102 20
14 43 32
11 97 42
63 66 14
2 37 17
116 116 16
63 79 29
14 105 3
99 125 28
79 119 38
16 45 23
39 48 41
60 129 57
42 68 48
83 96 10
42 71 26
1 10 2
16 70 24
74 114 15
28 108 24
9 63 35
94 123 24
97 116 24
60 63 55
118 118 21
113 120 24
71 88 24
18 127 19
108 119 8
127 128 40
28 71 40
52 98 10
92 116 31
92 102 7
79 79 11
42 84 40
3 15 38
119 126 43
37 53 9
5 29 59
43 43 50
110 119 0
83 124 33
19 126 8
18 77 57
97 122 34
25 90 31
56 102 51
57 100 35
21 42 55
0 42 39
57 71 5
28 94 52
11 122 17
34 48 48
107 111 17
36 55 38
17 119 44
97 127 26
78 106 3
102 114 8
81 102 7
1 129 34
14 29 5
9 27 46
67 103 21
12 51 27
128 128 59
65 97 18
81 124 2
73 106 2
63 113 3
105 115 3
4 79 48
29 63 3
32 42 58
97 104 3
78 78 47
1 82 20
90 120 10
114 116 9
18 84 10
54 74 19
107 112 6
77 97 7
61 94 43
40 122 23
50 64 58
127 127 49
100 106 42
87 99 5
18 91 41
33 95 51
84 101 39
17 126 59
90 105 2
110 126 36
100 107 52
32 110 39
93 115 27
44 89 34
56 107 6
20 28 30
96 117 55
50 117 25
109 114 13
106 118 56
72 87 56
115 121 49
21 119 5
89 103 41
89 127 57
13 110 51
92 108 29
59 119 16
98 107 48
55 72 52
36 92 3
19 29 12
88 114 35
121 121 22
45 67 54
45 122 31
12 100 5
8 78 16
22 43 14
32 119 8
47 107 3
69 87 5
69 77 50
86 97 24
103 107 0
107 123 40
83 112 47
78 118 0
101 126 34
118 123 54
115 117 10
101 106 54
59 111 12
54 85 45
70 110 47
15 85 39
33 42 51
71 111 33
39 40 13
18 51 35
19 111 37
35 88 34
54 120 14
11 107 16
31 89 5
96 128 37
70 89 43
60 61 46
27 119 38
99 119 28
22 65 17
52 53 54
22 94 18
42 72 2
105 110 56
18 47 27
95 101 4
77 112 33
51 113 57
29 49 18
12 52 41
44 45 55
116 127 49
111 114 20
74 88 32
37 85 16
17 32 36
74 97 49
112 120 30
101 119 44
49 88 54
71 74 37
10 84 17
23 43 12
14 116 37
92 118 7
19 60 17
61 62 41
93 106 57
47 114 25
104 107 21
27 43 34
28 36 22
18 32 8
77 111 15
4 16 46
50 121 27
41 85 42
94 95 37
104 118 39
65 85 59
111 117 39
119 119 12
76 112 52
25 97 57
75 122 59
16 120 35
77 106 23
109 121 2
106 116 52
19 83 27
110 129 44
108 126 24
31 71 9
68 82 21
21 38 10
68 69 33
12 55 14
3 127 27
16 102 1
11 75 35
3 32 5
21 123 60
90 95 34
37 109 46
119 129 60
20 56 54
112 129 47
6 47 8
29 59 34
113 128 37
55 127 6
61 76 1
23 99 56
3 119 32
59 77 20
30 109 29
53 64 44
73 129 52
24 94 41
35 114 7
55 66 46
40 124 25
28 119 6
34 78 15
46 113 22
13 120 58
105 114 21
81 129 53
60 74 45
16 126 45
26 112 55
90 124 29
101 108 57
6 31 28
51 109 0
77 91 12
76 84 17
41 92 60
119 127 34
53 109 26
66 110 41
10 49 60
104 126 59
31 42 21
9 17 1
3 68 24
69 74 41
94 107 37
71 71 43
13 69 17
77 127 6
120 128 53
102 102 49
52 117 14
22 116 1
24 73 4
23 106 5
48 78 6
15 129 42
61 101 50
101 103 56
50 63 56
118 124 36
87 96 52
99 106 7
25 86 13
2 120 0
42 98 46
109 129 43
118 119 23
43 96 10
102 128 49
98 98 55
121 129 9
17 66 39
87 122 3
55 99 41
63 75 33
52 126 39
59 128 3
75 105 42
85 125 4
20 24 23
4 99 30
18 122 5
63 124 23
7 96 46
88 107 5
102 117 19
60 104 40
89 97 34
49 97 1
46 101 10
72 81 13
39 73 56
38 70 31
46 80 14
30 105 28
86 117 8
1 57 48
5 121 55
108 121 47
118 121 6
5 30 55
74 80 56
64 80 6
64 122 28
29 83 32
36 96 19
21 83 58
38 61 53
36 123 5
85 112 18
107 110 24
67 111 46
96 123 44
10 93 35
13 50 6
58 101 25
55 79 48
124 126 31
42 63 51
11 124 54
82 103 11
66 80 36
65 71 9
19 116 13
20 74 3
19 35 20
78 110 27
104 115 31
107 108 46
16 19 49
39 83 3
22 106 28
111 129 24
25 74 56
6 18 18
48 82 22
77 83 14
50 76 43
56 89 33
63 106 5
39 118 44
11 35 15
73 87 52
83 104 24
47 112 21
102 108 4
38 69 18
71 94 39
90 99 8
79 113 1
61 120 8
70 76 59
68 120 53
104 106 22
82 122 58
70 113 60
89 121 0
49 52 15
109 113 38
86 124 34
22 83 16
111 116 59
28 61 1
101 109 33
80 117 38
88 88 50
89 109 30
61 125 37
13 90 51
90 110 41
25 121 27
66 101 54
32 34 50
17 43 51
27 114 16
47 83 41
7 11 44
14 102 1
51 122 31
31 117 1
121 122 31
35 110 59
21 80 30
33 52 9
41 50 56
35 60 53
105 122 16
9 100 27
39 72 51
36 50 34
45 80 3
62 65 7
76 123 40
28 125 48
45 94 32
38 60 7
50 128 2
101 113 12
118 127 33
114 124 57
98 104 14
63 93 3
17 84 26
76 79 19
5 85 39
98 127 15
76 113 50
93 103 50
2 115 35
99 113 18
32 32 59
55 78 10
59 124 3
4 97 25
46 95 47
51 104 7
42 52 53
7 97 48
74 110 25
100 101 12
55 112 46
20 60 11
61 86 12
16 117 51
39 70 50
105 123 59
59 120 22
57 119 44
97 115 9
42 95 4
90 117 34
1 64 34
9 104 47
89 114 21
66 129 20
90 96 36
101 124 48
22 124 50
87 97 47
80 94 36
9 81 26
30 45 38
37 107 26
62 97 19
108 112 41
24 82 39
108 122 58
32 104 22
80 83 7
63 80 34
41 67 3
62 67 50
54 66 16
97 117 53
55 62 26
50 125 18
21 24 34
96 113 55
102 111 14
50 70 58
32 78 3
90 122 21
14 103 6
89 107 58
61 66 44
7 77 49
100 123 11
1 84 11
50 74 29
74 126 33
52 74 37
94 114 51
24 70 23
74 76 56
10 18 46
6 118 12
36 100 30
6 78 5
95 97 31
4 101 37
18 86 47
35 54 21
78 108 57
85 122 15
123 128 49
7 32 44
65 110 58
100 120 9
23 47 45
119 128 46
68 127 23
110 127 57
13 79 50
3 101 52
81 128 1
76 86 4
27 104 51
74 113 58
93 101 44
36 64 56
83 89 39
105 127 50
54 89 14
12 33 14
106 126 15
31 122 21
11 84 14
83 92 23
10 54 59
112 116 52
73 103 58
33 100 55
19 87 7
25 34 43
81 106 25
33 110 37
87 107 14
115 118 58
71 100 23
64 66 9
82 120 43
108 108 33
67 71 25
35 58 29
12 114 51
45 124 30
90 123 8
94 115 49
92 122 43
41 73 4
62 78 54
6 12 15
22 64 24
19 114 34
20 36 8
41 98 50
38 81 21
20 76 7
103 121 1
31 96 26
55 70 38
117 118 16
87 103 38
100 109 20
30 57 51
26 88 33
110 121 21
58 77 38
60 70 20
84 99 37
107 126 37
13 108 2
75 95 14
71 87 33
20 121 35
57 59 28
40 105 12
88 106 8
16 65 33
107 125 7
35 70 2
40 52 1
87 95 23
21 116 29
16 50 50
36 71 42
56 117 26
74 83 55
24 106 42
15 28 6
7 110 52
8 33 7
7 58 49
90 108 47
106 110 30
4 114 36
93 99 27
55 60 60
14 15 57
81 91 19
21 60 32
122 126 39
82 117 27
2 66 11
72 79 8
47 79 28
80 119 54
35 76 22
18 92 7
114 122 6
54 101 9
86 103 30
68 87 3
65 66 46
104 120 11
67 95 24
67 88 19
22 29 30
4 88 17
29 30 44
36 39 22
119 123 40
75 115 32
5 16 39
24 81 52
12 60 38
39 53 6
35 99 41
96 107 42
65 83 34
17 61 30
3 115 6
72 124 53
1 93 49
39 101 28
41 96 20
41 42 15
39 39 52
54 61 19
33 104 37
75 103 34
121 128 40
30 111 2
40 115 3
93 109 46
23 63 2
90 127 3
29 37 35
70 122 13
32 79 25
4 62 30
99 126 43
74 125 5
50 102 34
101 120 16
93 128 12
79 87 5
17 26 53
17 62 43
29 76 16
33 73 42
91 122 10
33 78 60
52 123 10
14 68 16
34 49 23
65 88 44
57 67 10
105 118 10
28 72 8
70 74 7
66 122 22
69 121 36
33 113 41
59 75 60
86 101 53
62 107 21
12 88 12
91 112 44
28 30 11
1 126 18
49 72 51
79 126 35
95 117 37
11 83 4
72 77 46
6 55 56
20 26 41
48 77 2
27 75 25
63 91 35
115 126 26
16 55 10
115 116 56
59 112 2
57 93 51
34 72 44
43 72 13
0 63 12
4 37 23
51 71 29
5 124 32
19 128 14
6 98 52
54 82 0
17 109 11
45 68 22
92 117 1
17 78 41
124 125 53
90 129 22
2 22 8
82 89 58
99 102 38
40 94 37
108 117 48
92 98 29
54 110 60
16 33 46
91 113 29
95 125 40
110 125 8
1 55 58
5 23 3
45 123 19
31 58 9
46 69 58
122 125 20
102 116 27
7 55 14
53 85 37
11 126 7
35 113 31
116 125 15
82 129 24
113 119 34
15 71 13
80 110 31
13 16 27
101 128 35
6 48 13
77 77 44
65 112 32
13 126 25
88 102 38
25 40 8
72 82 4
38 105 15
0 111 57
125 129 28
63 108 43
12 36 23
37 59 21
111 111 60
6 40 12
76 108 60
50 111 13
34 68 40
48 66 53
65 125 2
42 103 20
94 101 22
56 62 17
38 89 14
6 71 22
60 105 44
23 84 29
102 105 58
54 80 39
19 97 49
16 87 17
14 26 42
92 109 15
53 69 1
27 94 55
95 109 47
49 91 45
64 104 41
11 37 23
95 114 34
75 128 52
66 113 14
11 32 32
17 56 27
68 102 49
26 109 3
27 89 21
19 63 41
17 73 2
67 93 44
31 52 39
113 115 16
73 89 32
33 77 15
7 82 40
123 125 45
78 95 5
41 123 33
13 63 10
49 125 55
84 109 22
78 97 29
18 55 9
55 83 6
18 48 31
97 109 7
76 125 35
21 56 58
30 97 14
0 56 46
10 14 34
97 106 3
94 126 26
54 107 56
55 110 37
89 123 9
93 102 20
10 36 31
13 103 55
49 101 38
45 115 14
2 110 34
84 89 60
9 71 27
11 33 17
77 80 22
63 116 51
31 56 2
34 118 1
45 55 9
66 86 41
26 114 18
80 105 26
62 76 5
125 127 41
57 129 59
59 123 54
20 20 35
8 46 5
52 128 54
100 125 20
30 85 18
31 54 54
15 26 50
70 96 52
59 118 12
101 112 51
107 124 18
24 33 50
100 108 5
81 95 46
112 128 54
88 109 29
110 110 17
34 100 32
20 41 28
81 100 42
3 44 51
90 109 16
17 111 21
59 99 6
82 123 48
12 31 31
0 115 26
55 67 5
62 82 2
95 121 57
75 94 43
43 60 23
17 67 40
56 79 16
77 124 21
60 65 28
4 70 24
106 106 42
63 84 25
2 86 16
96 127 8
45 114 11
101 102 37
71 80 3
48 64 18
40 87 19
3 36 23
85 87 56
26 57 46
55 96 27
19 108 14
66 91 58
39 99 24
51 84 33
90 98 40
48 50 17
100 124 2
41 89 37
12 20 7
67 106 38
6 103 38
5 78 34
3 47 26
18 117 47
57 102 12
105 120 38
59 127 11
18 21 49
37 117 56
99 110 8
26 77 52
3 113 44
39 129 17
51 95 9
40 111 0
19 88 15
61 87 7
69 112 9
22 114 46
7 87 56
30 37 45
20 62 29
52 105 46
65 89 36
91 95 25
66 117 29
83 111 45
87 106 53
78 121 2
108 124 9
25 44 24
39 100 40
101 123 58
98 112 37
10 68 23
86 90 58
87 108 40
64 105 49
24 120 3
65 72 28
49 73 48
7 66 50
25 110 3
113 114 33
88 105 59
66 123 53
99 105 24
26 48 44
88 99 49
93 108 38
98 128 13
64 100 58
102 123 35
35 103 56
20 103 31
39 77 48
23 118 57
19 69 4
2 47 15
23 129 59
53 81 57
83 83 0
34 52 44
35 52 41
5 82 54
3 11 10
72 121 52
79 100 44
35 121 43
84 98 57
51 103 47
117 119 2
15 47 35
69 117 10
24 127 35
35 45 39
28 83 8
5 12 30
30 89 50
84 100 28
56 119 15
23 104 22
61 83 58
16 94 13
99 124 23
62 115 58
99 122 35
41 125 28
15 87 41
31 120 36
44 44 57
109 110 28
79 118 6
87 120 5
103 106 34
119 124 53
103 118 11
9 33 40
70 125 20
57 128 43
13 25 8
94 102 4
62 124 28
114 117 29
107 122 1
83 128 7
40 74 53
112 126 35
53 71 59
47 61 56
37 112 5
16 105 42
71 116 14
20 55 45
5 26 49
86 102 45
36 51 14
124 129 54
14 64 38
64 121 34
63 69 23
63 120 18
117 117 58
53 104 52
43 126 34
57 72 27
27 35 13
10 127 51
110 117 2
63 64 14
111 121 53
57 84 40
24 66 33
62 112 6
88 111 47
104 128 1
26 86 45
80 106 46
0 21 53
100 127 14
71 92 39
66 124 28
72 86 37
99 114 44
69 88 50
45 109 25
56 78 55
93 117 55
50 94 56
86 91 22
87 100 6
18 116 1
10 115 56
99 103 45
78 111 13
37 93 5
60 116 52
74 96 48
55 93 28
66 76 31
46 59 39
79 102 24
55 81 26
81 109 8
80 96 51
103 109 43
89 91 44
19 53 9
93 127 58
82 100 59
56 64 56
121 124 14
123 129 21
6 46 21
107 119 58
112 127 28
90 102 58
31 119 60
16 59 54
75 85 60
18 63 42
43 99 33
70 111 37
53 92 30
76 118 28
37 39 38
111 113 30
9 30 49
23 115 43
37 91 20
89 117 55
15 76 54
35 62 5
105 124 51
79 123 28
13 96 56
4 25 36
53 57 21
62 69 1
38 45 21
99 100 50
33 125 28
98 100 45
0 62 1
107 109 27
66 78 46
4 40 60
35 93 14
68 88 23
73 109 51
90 107 3
21 35 55
41 77 31
1 76 33
33 84 2
11 116 58
119 122 2
32 58 43
6 77 5
121 127 33
38 125 34
65 77 11
43 69 60
106 108 52
5 54 27
26 128 11
17 86 44
64 65 23
29 86 12
2 58 22
6 112 29
110 113 18
2 59 56
40 62 19
85 103 29
26 53 59
72 101 21
28 120 17
36 129 14
47 111 27
22 37 33
75 119 19
17 47 45
50 98 48
60 69 51
34 92 27
59 122 54
5 99 31
93 100 50
20 64 51
46 85 15
12 125 0
44 96 14
6 104 55
115 122 0
32 81 54
20 107 60
66 111 43
38 56 38
45 113 23
55 126 53
85 117 41
82 110 48
31 115 8
28 48 58
68 114 23
83 120 24
47 55 46
19 105 56
40 101 31
45 96 7
41 51 2
42 64 2
52 116 17
21 91 11
53 54 6
28 63 52
68 83 3
66 121 13
109 127 57
94 97 13
12 67 45
5 98 16
118 122 48
84 114 0
75 88 52
92 92 50
26 98 50
77 123 1
97 97 44
69 103 41
60 79 14
3 62 10
54 106 25
57 113 42
52 84 7
14 55 33
75 77 3
37 82 19
44 128 24
23 110 53
64 97 25
12 48 24
54 124 11
84 111 30
88 117 54
65 75 18
105 106 53
28 126 30
51 59 28
101 110 44
59 85 0
74 102 6
22 110 58
76 104 57
52 101 6
4 82 48
44 63 55
2 113 38
85 104 32
39 57 20
66 90 48
17 90 7
27 87 47
110 116 14
84 116 3
7 114 23
29 119 28
39 96 34
105 109 45
90 112 29
25 42 48
9 115 8
104 108 46
14 94 55
126 128 54
102 113 19
15 48 44
92 125 52
4 41 45
111 119 47
71 95 51
99 107 29
18 109 23
82 112 30
108 129 20
61 95 1
69 129 47
12 116 21
0 123 35
7 18 49
6 108 34
96 97 41
41 117 21
0 71 36
13 75 34
28 101 1
37 56 52
88 116 38
62 100 36
77 113 41
19 54 18
43 85 13
114 129 55
50 51 46
4 27 6
90 128 45
75 125 24
122 127 47
57 60 56
111 126 7
87 123 27
20 44 23
33 117 52
70 124 27
14 126 42
19 119 43
43 46 28
82 106 49
93 118 30
10 126 17
4 26 58
15 88 13
46 47 46
70 128 22
36 126 28
46 61 42
65 73 29
10 85 46
88 104 9
63 126 13
62 62 39
84 106 49
9 21 30
9 19 28
56 121 15
0 50 52
2 75 29
20 122 27
63 100 44
49 110 10
73 83 21
94 111 42
101 105 56
37 67 44
80 118 51
50 127 24
63 112 4
15 80 19
49 128 46
48 123 52
4 12 18
22 70 19
120 129 55
13 81 5
58 113 51
62 122 24
65 104 42
86 88 11
44 115 37
79 103 38
0 0 45
93 124 37
48 88 11
6 57 57
37 78 17
41 56 41
3 89 21
49 111 42
32 54 47
24 108 17
20 25 40
88 93 10
48 107 3
16 115 7
100 118 54
52 52 2
80 113 30
14 129 54
8 42 43
32 53 25
45 70 18
76 119 52
46 107 30
79 81 0
58 69 58
98 117 17
72 88 36
2 126 21
24 36 28
103 128 4
56 56 27
13 18 10
113 123 58
44 74 57
84 84 55
89 96 30
93 112 4
117 125 23
8 25 14
46 51 8
5 115 5
28 58 38
41 82 29
81 90 23
13 83 29
65 69 25
18 88 15
6 117 9
10 73 49
61 105 2
8 93 40
88 97 51
60 95 12
18 114 50
13 51 45
97 120 35
35 98 28
46 57 44
8 124 34
55 73 33
16 108 49
52 75 1
106 107 13
18 54 47
47 106 26
35 57 50
68 96 43
23 91 14
6 32 16
42 51 24
90 103 34
107 107 51
47 87 42
44 98 18
79 105 1
32 114 60
28 99 12
18 66 10
5 117 22
32 129 44
17 93 45
36 61 31
95 124 6
6 54 1
78 129 52
51 100 10
97 98 15
63 73 5
49 75 18
103 110 60
36 44 57
65 121 33
111 128 1
18 22 15
34 43 1
72 109 30
104 124 21
24 113 42
112 114 15
4 47 30
33 106 29
58 72 28
57 116 9
89 119 9
8 72 25
24 90 43
60 100 10
66 70 10
58 123 49
85 90 24
16 44 55
11 70 53
43 113 26
20 32 22
30 32 21
23 44 12
9 108 48
47 65 54
49 123 26
32 113 57
75 83 14
65 124 1
11 22 42
119 121 38
59 114 13
112 112 32
71 75 39
45 84 4
65 68 43
5 36 1
85 95 30
28 33 4
36 85 38
10 48 31
54 128 22
9 107 55
27 60 49
13 53 42
6 58 7
16 37 48
48 87 12
53 80 54
8 98 39
62 64 9
26 46 0
52 96 9
66 66 30
92 99 50
84 92 47
49 100 34
44 122 39
57 121 49
56 115 28
113 116 13
10 89 36
46 103 39
27 69 29
1 80 58
48 70 2
54 125 27
26 91 2
38 113 44
45 57 55
109 125 22
14 17 30
73 115 24
41 83 26
52 125 34
63 122 48
46 98 28
9 37 38
56 70 35
85 113 14
76 76 18
62 119 60
36 65 54
48 53 58
91 101 6
41 80 21
54 103 26
72 117 47
11 40 32
70 115 26
43 115 23
113 125 58
68 80 58
85 92 39
94 121 10
97 112 23
5 64 18
102 119 51
29 33 41
70 99 9
122 128 45
41 113 10
93 113 36
68 116 51
26 95 43
107 121 49
8 36 2
19 58 37
15 25 45
90 121 46
31 128 24
58 91 1
86 121 1
14 35 25
44 118 41
17 34 36
46 127 5
51 51 43
47 115 42
105 107 3
86 113 34
74 81 22
40 59 14
51 126 1
82 93 11
66 119 30
86 126 50
94 113 33
78 85 46
115 115 13
67 120 4
59 79 26
28 75 22
61 116 4
14 39 19
75 107 0
42 57 46
72 102 60
25 55 22
3 74 60
71 89 39
101 121 39
67 84 10
64 98 37
58 63 0
38 86 22
108 109 45
44 113 56
9 90 20
76 85 53
92 111 8
48 102 41
46 90 36
14 49 41
4 31 59
46 124 9
27 105 40
82 128 47
88 127 54
0 86 41
106 122 52
76 115 20
68 74 17
30 74 57
90 101 52
59 109 34
50 87 24
14 84 36
37 37 60
6 22 26
92 121 40
10 80 53
26 44 4
78 119 15
93 119 26
35 86 6
5 41 55
41 66 60
99 104 8
10 25 40
15 109 57
29 55 22
17 104 22
22 27 13
48 92 12
97 129 33
91 116 5
82 83 41
48 60 51
75 96 34
78 98 16
30 33 32
64 119 17
95 103 17
18 45 10
78 125 32
5 123 59
66 89 48
19 21 47
87 114 13
80 127 24
20 23 42
30 31 51
21 121 52
37 58 9
109 111 11
47 91 46
17 77 46
84 95 58
19 70 55
15 83 28
11 50 49
80 112 6
50 85 14
45 126 47
64 73 57
26 123 4
65 114 8
23 98 51
77 85 20
50 88 29
102 112 59
29 124 52
53 105 18
107 113 44
34 75 5
104 129 24
60 62 11
40 41 29
72 106 48
33 123 16
57 123 4
56 122 21
95 113 7
76 127 28
89 106 42
62 101 8
68 121 52
33 72 22
48 128 24
0 99 15
115 120 50
87 109 37
62 71 43
39 76 59
83 84 0
73 74 23
56 69 15
89 112 25
104 113 15
89 93 60
16 57 58
105 113 28
102 122 28
86 128 10
53 123 8
98 109 23
80 126 14
71 122 43
20 69 56
60 107 33
36 93 18
114 119 36
106 120 10
103 123 50
109 109 24
74 74 46
22 39 34
40 123 49
77 99 40
78 113 13
107 128 44
77 118 6
28 100 28
13 100 47
84 115 50
111 115 22
53 86 31
33 129 52
100 113 37
23 35 52
55 75 48
47 103 13
4 51 60
12 108 38
82 119 59
55 68 44
20 102 36
39 54 44
75 100 0
28 104 6
84 85 58
9 23 21
77 109 34
79 94 20
83 86 49
49 89 53
36 74 10
15 95 1
97 101 42
57 107 39
81 113 58
41 124 20
49 65 30
100 115 34
69 97 25
55 88 38
7 127 13
94 98 43
30 42 60
11 53 32
37 90 20
86 96 10
44 87 16
11 15 17
15 32 39
29 80 59
39 116 43
22 109 22
22 32 48
26 122 28
116 124 15
14 123 40
47 104 22
40 68 4
39 89 18
71 119 38
62 73 7
34 65 40
20 59 16
17 122 47
18 27 27
0 121 9
14 14 19
46 105 33
68 111 42
100 110 55
13 104 33
71 86 46
51 66 14
60 112 52
48 51 12
95 108 12
43 114 7
7 24 19
19 51 30
59 71 34
51 121 49
81 108 26
57 98 38
85 85 52
97 105 29
77 101 32
34 117 37
23 73 50
96 103 50
0 67 10
49 78 22
76 89 21
52 69 34
75 121 19
21 98 18
34 53 58
38 40 1
88 100 34
70 114 34
93 123 32
64 88 4
75 75 12
46 70 56
47 98 11
1 31 8
83 125 5
54 58 16
38 100 2
18 39 10
68 113 60
21 51 33
22 26 56
81 94 44
48 56 51
81 89 35
29 114 5
96 105 13
79 96 20
1 65 36
59 88 57
25 30 30
53 83 22
123 123 36
56 104 40
85 106 35
43 80 2
71 114 57
90 111 20
101 114 25
64 102 15
109 122 50
88 96 41
55 74 25
45 60 60
62 102 32
24 27 59
3 83 58
103 117 28
47 96 54
85 105 59
112 118 15
85 123 38
33 112 30
108 128 7
43 119 3
13 20 5
72 85 19
103 103 19
54 104 19
82 90 54
2 33 44
35 106 12
85 108 11
90 114 25
83 93 17
29 32 24
38 109 13
28 90 5
78 104 30
45 86 50
62 118 31
103 108 6
73 117 24
59 96 49
58 120 9
59 87 16
27 116 18
33 115 54
75 110 45
50 65 45
91 125 9
34 116 47
68 78 6
34 86 18
54 70 33
6 30 60
73 93 7
37 89 1
58 108 37
29 69 21
57 85 12
42 126 49
44 124 33
14 113 51
61 124 26
98 122 37
32 95 46
62 87 36
78 84 33
8 103 50
28 31 14
114 126 52
85 118 25
57 111 37
75 92 38
59 102 33
75 99 1
19 96 53
20 30 52
59 100 57
69 70 19
18 56 11
76 109 6
100 102 9
51 117 36
108 111 35
84 103 18
26 80 13
95 116 42
39 88 54
18 123 35
41 45 47
26 117 11
62 79 7
41 61 45
28 111 6
21 45 36
24 116 41
99 117 60
10 60 36
90 100 54
23 114 24
67 105 16
110 124 7
44 110 53
94 100 39
35 51 10
62 89 40
14 60 48
76 94 0
72 72 27
66 69 45
57 81 41
0 88 28
8 70 52
6 14 46
30 122 25
33 107 39
75 126 36
54 62 21
50 122 30
96 104 59
7 113 33
78 115 52
92 107 0
116 126 36
16 124 1
15 78 47
49 87 53
48 76 14
71 91 38
5 114 32
65 116 39
4 94 28
82 124 14
66 125 17
78 128 47
17 51 41
94 120 40
1 113 14
1 8 49
14 70 40
72 97 14
3 91 17
6 80 9
99 116 15
21 114 57
20 111 18
5 43 55
44 117 50
75 117 55
102 124 21
30 100 58
8 16 56
9 16 38
17 101 49
79 89 9
42 116 47
89 89 22
107 118 45
35 64 13
83 97 33
28 39 41
81 120 27
107 115 21
31 46 39
64 107 45
0 61 58
33 37 9
103 104 13
55 102 57
88 113 32
24 29 58
66 126 27
65 96 49
30 104 55
27 121 50
96 121 37
30 84 20
63 105 51
80 115 29
79 91 12
90 113 34
65 107 55
67 127 44
86 99 29
55 118 30
5 18 7
9 54 56
108 115 37
46 116 14
22 67 11
66 103 28
91 127 41
62 80 44
66 83 37
45 87 21
6 84 31
34 80 38
93 94 23
52 118 15
2 128 28
38 48 1
41 76 25
7 71 40
63 85 59
106 114 56
99 99 11
51 91 7
98 108 1
55 117 47
53 96 20
45 106 57
64 103 47
68 119 0
89 104 21
74 86 16
92 120 3
18 64 53
49 74 2
83 85 27
12 91 34
65 101 27
101 127 56
68 115 1
69 128 18
2 53 8
0 7 17
98 101 24
7 50 23
50 72 15
46 64 35
2 9 15
35 95 28
81 114 54
1 81 8
2 103 6
26 124 55
104 122 18
67 112 44
23 34 44
56 94 26
1 119 13
15 110 37
10 67 11
21 70 1
23 50 59
19 23 28
0 106 48
57 125 10
24 109 19
51 54 11
70 102 48
4 57 9
29 118 8
5 127 11
60 86 60
22 77 1
60 103 41
31 31 21
99 112 11
100 121 56
53 76 0
31 110 29
44 121 37
75 123 44
18 24 12
19 80 46
56 100 19
73 88 57
34 90 57
18 70 41
73 78 37
25 33 34
68 68 1
118 128 23
20 98 23
50 96 53
37 72 3
21 113 33
46 84 26
33 65 30
32 37 37
23 62 15
48 49 21
92 124 22
56 66 30
5 56 53
65 81 55
99 129 7
9 60 7
80 122 27
29 94 22
98 116 56
86 104 60
97 111 15
88 122 9
53 116 60
59 63 58
35 81 38
4 35 18
46 54 22
61 71 9
114 118 56
76 128 11
47 60 31
42 65 48
53 112 21
18 42 3
100 104 37
16 127 8
72 92 50
56 93 11
1 2 25
64 123 54
13 47 60
10 78 16
67 114 13
119 125 9
87 112 42
9 88 28
3 52 3
100 111 60
53 129 15
113 121 11
76 121 24
73 101 36
9 110 10
40 104 10
27 41 10
57 89 3
9 124 28
55 55 46
63 121 33
24 76 60
1 18 19
9 112 29
40 50 27
46 111 51
48 95 36
25 65 29
77 98 54
24 35 56
42 101 44
21 78 57
14 61 45
42 48 2
53 75 42
31 111 35
68 75 9
64 117 34
38 114 36
21 29 28
82 97 9
58 68 32
29 34 32
6 124 28
1 73 44
32 90 8
9 79 47
57 82 31
97 124 10
88 123 46
15 19 35
15 56 11
37 87 31
61 92 41
60 96 57
26 66 46
84 86 25
62 117 60
80 100 20
58 109 60
91 111 31
54 105 30
67 87 19
63 72 42
37 84 13
56 101 52
72 118 23
78 120 43
120 127 31
85 89 34
103 127 46
98 118 54
18 31 45
59 82 8
29 89 60
91 97 4
15 68 55
60 92 60
35 111 26
52 110 54
58 74 51
77 119 13
25 41 27
8 90 46
8 69 13
61 113 57
15 74 14
12 106 40
58 96 43
116 120 15
90 104 59
11 89 35
60 119 22
30 88 7
62 93 10
45 83 15
113 118 19
11 73 36
17 124 35
81 86 20
38 96 56
2 16 31
13 36 50
28 53 58
84 93 7
52 85 56
88 92 49
48 99 31
18 110 48
70 127 20
84 88 9
13 74 7
16 21 5
41 111 3
50 124 21
94 124 60
44 104 35
98 111 17
66 127 49
74 117 10
56 81 34
16 122 32
16 63 10
35 108 16
24 125 57
90 106 11
8 8 33
27 102 40
106 109 53
57 114 46
73 128 35
62 106 7
61 117 55
113 113 15
20 37 25
28 86 25
92 112 53
44 85 55
76 78 52
25 99 19
46 83 53
74 100 26
29 107 30
29 84 46
12 97 29
54 96 42
77 78 43
12 74 34
83 107 0
37 48 12
15 24 44
48 113 51
8 63 16
6 97 0
52 62 54
75 89 22
94 105 58
70 90 21
10 46 31
60 123 2
18 90 20
34 41 21
55 128 11
89 90 57
80 125 13
53 91 35
3 59 32
85 100 16
47 70 4
17 108 0
1 106 44
40 46 42
108 116 42
69 106 17
54 68 31
56 110 23
3 31 59
30 61 54
95 105 38
4 69 50
7 79 51
10 11 58
98 121 1
70 94 22
29 103 2
74 89 49
67 68 21
53 115 30
45 47 29
60 71 21
10 118 29
91 99 35
74 116 60
46 123 13
104 104 16
50 86 55
28 84 46
70 97 17
70 84 50
83 113 17
84 102 2
8 68 18
8 116 58
22 59 14
68 91 35
8 73 39
68 94 4
49 124 24
9 85 24
50 106 42
78 82 49
38 119 41
87 125 26
70 78 6
18 52 48
42 88 55
69 92 38
72 122 48
109 120 31
103 129 1
66 115 11
0 31 57
34 107 18
73 124 16
5 104 38
1 35 46
35 56 16
25 29 35
33 97 40
10 10 56
20 96 28
71 97 0
31 102 35
32 89 4
94 128 28
26 71 19
94 99 21
79 80 12
4 15 28
3 90 5
28 49 31
61 108 9
44 81 43
8 20 3
39 105 15
49 112 56
21 102 29
73 86 44
47 58 1
45 103 30
97 99 2
54 57 22
17 20 10
102 129 28
65 123 10
15 53 28
78 126 37
43 52 30
12 105 55
27 33 37
95 106 22
33 54 50
32 48 40
50 80 6
9 50 15
2 92 43
44 105 28
51 111 32
4 42 48
111 120 3
30 128 44
97 107 16
32 57 11
96 116 46
45 71 13
94 109 13
115 127 14
48 68 36
28 70 42
56 129 42
81 85 52
44 73 18
56 75 38
105 105 52
67 67 32
57 97 59
38 120 16
97 114 48
81 121 58
23 121 38
48 111 12
16 62 6
91 120 5
106 121 0
45 119 13
78 79 5
55 94 25
18 28 25
0 30 45
103 115 9
1 38 31
19 113 40
36 54 56
43 116 43
1 96 8
86 108 36
51 92 19
14 124 47
0 28 12
92 101 57
105 111 1
17 94 22
27 55 42
77 110 40
96 111 3
65 74 31
102 115 24
85 127 12
0 105 24
10 20 47
102 127 42
23 74 28
88 91 45
93 110 48
58 73 36
6 88 60
25 75 31
106 111 40
17 85 33
36 109 26
9 42 5
60 89 45
19 77 54
3 58 12
88 120 13
42 111 41
36 113 50
58 98 39
33 124 18
90 118 38
21 65 10
98 99 60
78 86 58
0 11 10
39 112 48
7 33 56
65 79 10
33 85 36
57 122 60
72 114 1
94 106 16
40 42 2
63 78 7
44 64 40
23 87 46
25 53 53
15 102 27
84 117 5
19 59 31
17 50 1
34 87 2
83 99 10
5 66 15
13 97 1
41 105 54
6 85 25
31 126 35
0 6 31
80 93 39
63 74 37
24 93 10
65 128 22
18 71 17
29 53 13
36 81 31
53 97 23
16 24 12
47 78 40
78 107 22
91 93 26
36 102 56
28 112 24
22 122 12
6 9 13
8 108 58
1 114 49
73 84 18
23 100 6
23 37 7
45 64 53
2 71 36
7 126 58
33 74 0
72 105 3
36 112 29
16 38 56
30 71 27
45 78 25
56 128 56
94 104 48
3 66 29
24 104 26
38 78 50
15 62 60
110 120 0
3 13 54
5 39 28
50 107 29
64 110 0
2 25 14
106 112 27
6 39 46
12 99 40
36 48 29
49 118 25
36 49 49
61 106 42
46 122 55
77 82 55
29 72 41
19 30 9
3 93 22
33 101 43
42 43 52
96 112 18
74 99 30
67 79 50
44 52 56
51 90 60
53 61 18
12 93 31
19 74 47
89 98 1
69 114 21
67 123 21
38 74 23
57 88 0
87 127 52
5 96 21
63 76 15
60 75 41
43 87 6
32 69 37
22 72 19
84 94 8
42 42 30
24 103 59
95 129 46
46 121 25
55 65 27
48 103 5
72 98 8
75 82 44
88 125 47
51 101 50
32 67 0
80 129 41
4 11 35
100 100 18
1 69 2
18 68 30
75 84 0
78 91 59
8 27 25
98 125 33
69 96 26
29 75 14
80 95 23
42 87 6
37 64 58
69 122 58
78 90 36
27 78 24
3 95 43
24 55 5
43 86 27
80 97 53
79 127 11
20 47 38
43 65 8
16 128 13
14 96 41
101 115 23
54 94 6
20 85 19
12 43 8
25 79 29
15 73 24
16 93 44
54 93 59
69 120 59
97 108 40
7 94 13
51 94 33
93 121 10
4 22 58
29 101 16
44 61 5
52 95 27
41 103 33
21 107 2
35 46 2
36 53 8
4 125 18
30 65 18
14 65 57
42 115 13
33 120 38
35 35 49
77 120 54
20 94 27
66 105 56
17 128 33
51 125 8
32 71 35
95 111 41
71 83 28
98 120 56
103 120 54
42 93 59
56 65 20
35 97 27
71 125 5
88 119 50
44 99 59
96 98 11
64 67 32
88 121 36
14 95 56
79 82 43
101 129 29
33 80 6
0 89 36
0 39 31
105 125 48
115 129 20
93 120 35
55 86 49
68 108 44
14 101 12
55 104 49
34 69 53
58 70 19
1 27 0
6 76 20
37 116 5
18 33 11
85 129 52
34 34 31
83 94 18
5 19 21
17 42 13
44 69 1
92 100 51
83 102 46
55 115 52
2 97 44
45 107 47
67 70 30
6 100 1
21 79 37
57 73 54
59 76 20
54 121 10
50 78 31
39 108 5
36 127 21
35 43 52
73 81 34
5 126 10
10 129 39
58 65 42
13 14 54
90 92 16
51 124 45
0 10 51
25 58 57
9 128 2
5 9 27
23 105 36
61 118 34
35 124 39
35 120 41
8 29 5
37 52 21
21 127 16
76 126 13
100 129 16
80 128 20
51 67 5
36 87 22
13 30 55
83 108 34
34 108 49
91 107 52
106 115 23
43 106 46
56 106 41
17 92 50
51 96 32
30 68 37
71 117 20
17 31 20
64 112 20
25 128 0
108 125 58
29 110 39
12 61 19
24 43 48
14 91 54
38 87 29
38 123 59
71 98 53
58 129 25
26 51 47
98 129 31
6 51 8
2 28 9
21 37 15
67 117 0
38 129 54
97 118 24
0 25 21
83 116 10
41 86 55
17 58 50
93 95 23
14 111 53
104 109 7
95 107 1
55 63 4
29 50 4
66 104 6
70 98 46
86 100 11
99 118 48
13 46 31
73 94 21
57 117 40
25 120 21
13 91 52
100 117 15
32 52 15
34 73 17
88 95 13
74 120 3
77 105 23
42 100 41
12 129 44
42 53 46
62 68 4
76 116 46
49 81 8
59 83 1
66 118 17
97 103 10
68 107 21
23 77 32
28 68 40
42 61 1
15 113 46
38 101 41
43 95 48
32 59 40
4 56 26
35 37 8
49 122 50
29 106 45
104 116 26
30 95 31
3 57 50
97 121 20
74 123 20
28 38 38
61 82 51
3 87 36
35 128 26
5 32 2
68 93 29
8 96 13
23 90 31
79 110 56
10 82 54
76 77 24
83 110 0
27 109 9
104 121 22
57 90 50
84 120 4
28 98 44
13 89 47
49 96 2
87 116 37
89 122 50
16 64 15
50 99 40
62 116 18
75 104 30
6 121 45
7 45 30
60 118 16
5 101 40
117 129 8
59 65 52
98 102 46
64 74 31
25 87 32
66 102 59
39 79 49
66 72 24
30 58 33
107 114 54
104 123 5
30 38 36
16 99 6
113 122 27
19 19 20
18 20 16
52 107 52
109 119 46
19 36 21
30 69 26
21 30 54
77 87 53
43 91 50
42 96 21
63 119 59
26 34 19
31 108 2
54 78 41
117 123 18
29 52 46
105 116 20
85 102 18
17 116 31
74 108 0
86 112 12
0 129 11
5 86 20
86 114 17
94 103 52
39 124 39
43 61 11
89 108 26
63 70 33
31 50 10
39 110 19
21 90 8
29 115 7
3 104 12
5 58 46
63 103 44
44 101 35
9 64 40
46 91 25
97 100 36
54 75 54
23 93 15
78 117 45
41 109 37
68 112 18
59 121 28
69 100 0
16 109 33
53 118 15
62 95 54
22 88 3
28 78 18
13 44 25
48 124 53
18 101 13
5 108 0
0 120 27
44 108 38
22 66 8
72 111 19
103 125 13
4 18 51
34 84 14
74 109 49
42 69 19
84 96 25
80 87 1
105 129 12
47 127 1
30 77 31
23 101 13
103 105 17
92 97 5
49 69 32
19 57 6
9 44 51
26 85 52
28 128 14
66 81 54
26 29 55
95 102 47
15 106 30
8 66 47
45 118 45
19 20 5
38 64 53
39 82 41
24 115 54
103 116 54
16 123 13
26 41 50
32 55 28
35 87 42
33 99 49
110 128 29
106 127 54
40 91 44
3 5 18
36 60 8
105 108 24
70 91 5
61 109 4
98 114 2
8 64 12
37 62 31
37 40 51
27 91 53
61 119 13
82 91 11
43 73 40
59 90 28
39 81 3
33 96 50
54 76 9
31 80 36
93 111 28
54 108 13
49 53 2
41 90 27
87 126 47
91 98 11
0 64 31
43 129 30
64 125 18
17 22 7
104 111 1
3 46 19
17 37 14
24 86 57
62 86 37
96 110 19
42 46 41
107 129 3
1 105 40
109 112 38
24 107 59
57 63 49
110 112 23
80 111 25
52 89 27
8 11 54
71 113 41
60 64 36
60 117 43
85 86 38
13 98 12
66 116 26
43 47 39
108 113 0
53 100 46
44 58 52
85 91 52
16 116 51
103 113 8
10 74 38
78 109 9
73 97 31
46 48 21
28 32 32
3 84 22
54 109 26
77 128 0
57 66 54
3 105 10
24 34 2
91 106 47
82 92 26
77 108 47
24 111 13
2 57 53
27 66 60
25 98 9
74 82 9
56 120 18
65 118 0
41 53 30
38 94 19
38 57 14
100 105 41
72 94 49
21 52 23
91 105 41
27 49 27
90 119 32
27 111 57
57 78 33
17 60 23
67 98 48
29 74 40
95 104 36
16 42 33
11 59 57
22 128 27
109 123 46
16 84 1
31 69 10
96 109 0
11 112 37
58 128 9
68 73 57
38 104 53
86 119 0
14 83 60
1 58 20
25 80 15
8 54 12
48 55 21
1 86 0
15 43 18
87 91 0
21 34 28
4 61 16
34 129 41
15 60 31
7 116 3
70 105 49
25 113 16
67 102 2
59 116 30
25 36 10
8 110 34
36 107 20
7 64 9
82 111 4
7 38 46
70 93 9
27 112 53
113 117 46
16 89 31
114 127 11
22 35 25
17 27 31
42 108 59
14 78 25
4 7 18
35 53 25
13 60 25
106 129 57
1 72 20
52 102 26
40 96 47
28 80 30
77 100 46
60 60 55
24 46 53
35 126 38
102 121 36
44 91 58
57 74 31
45 52 17
15 90 22
70 100 0
15 98 14
0 65 7
35 50 40
49 82 22
41 95 20
56 103 22
88 94 20
7 80 12
67 113 9
31 85 60
34 94 26
14 57 25
71 81 37
89 118 23
101 118 53
72 99 36
9 59 29
33 102 15
51 62 41
54 122 36
56 113 43
103 111 45
65 111 19
66 77 25
72 76 34
93 93 2
95 123 10
7 103 23
4 6 30
25 103 52
59 59 8
85 119 49
80 85 46
16 41 53
28 60 57
83 119 2
10 102 51
79 90 57
26 50 51
6 13 51
73 100 54
8 74 11
39 60 5
36 114 42
18 41 33
50 104 8
2 118 37
85 97 8
95 119 13
67 91 6
22 92 42
43 120 2
30 93 10
30 108 3
21 55 40
47 118 59
76 129 53
86 89 14
64 118 19
68 123 53
34 122 17
42 122 24
5 118 21
9 80 54
7 125 58
112 117 55
34 58 37
1 95 47
79 104 34
8 118 34
32 38 37
55 98 47
13 78 34
34 57 44
88 129 30
49 76 25
4 91 32
12 29 2
89 110 31
38 77 0
106 117 5
62 103 20
40 126 40
13 118 54
9 105 30
65 127 48
92 110 56
87 101 56
38 85 43
92 93 56
73 126 7
94 122 56
12 45 21
17 127 0
3 19 27
88 98 5
81 107 9
62 109 51
10 15 9
74 112 24
73 125 6
102 125 34
12 86 28
86 115 27
91 117 58
44 84 35
43 124 36
5 38 1
73 85 47
72 110 60
35 44 37
28 43 13
43 100 4
53 99 6
74 105 20
29 100 32
15 20 41
69 98 14
50 60 51
31 81 56
32 72 14
80 104 18
120 126 42
59 110 48
34 70 20
5 77 39
0 49 13
5 100 32
45 117 18
39 62 60
73 123 55
86 95 28
43 79 22
27 76 45
24 25 53
25 69 4
8 91 46
103 126 31
24 44 14
11 118 52
89 100 36
23 36 18
14 93 4
83 90 55
62 105 30
28 56 3
35 90 38
107 116 45
11 80 38
65 90 14
85 98 41
25 116 57
90 97 2
27 46 48
25 102 11
76 124 50
62 121 13
22 48 22
56 90 6
94 108 51
55 97 45
50 82 19
57 57 31
38 75 11
36 86 7
14 33 22
79 85 4
24 78 32
31 59 9
26 38 4
89 111 46
37 95 21
83 106 32
57 77 11
11 92 40
67 96 42
44 70 47
86 111 50
37 44 53
15 84 5
30 115 53
46 65 9
79 106 6
34 120 51
56 87 9
110 111 53
14 45 46
20 34 39
2 77 15
52 97 10
44 48 58
30 78 53
70 119 47
19 79 21
64 91 58
7 84 40
39 65 11
21 39 2
49 103 31
31 95 10
4 46 19
45 58 5
62 128 5
1 19 5
6 87 54
64 109 20
17 113 10
83 121 6
80 81 0
27 42 45
31 72 19
12 70 43
21 81 36
64 114 3
39 61 38
29 126 45
49 50 14
112 125 35
19 72 38
26 72 3
74 92 36
65 108 13
32 39 7
86 94 33
4 86 34
87 87 36
9 123 3
52 91 56
38 38 52
39 121 57
57 91 28
101 125 28
72 120 53
12 38 49
69 72 29
11 113 37
18 30 14
24 98 53
37 123 0
71 73 50
28 123 32
56 68 58
36 101 31
51 53 27
71 101 38
73 104 39
70 121 58
5 76 2
82 101 30
51 75 40
67 116 60
89 120 14
88 124 50
85 110 49
62 90 60
37 125 57
59 81 15
75 124 50
61 91 1
61 114 44
5 95 59
3 26 23
47 71 46
96 125 48
48 126 8
32 99 39
65 102 7
25 67 58
68 103 54
101 117 12
15 100 40
0 12 38
96 126 55
86 127 59
68 118 57
69 78 40
53 78 8
3 118 43
8 86 22
11 86 33
62 85 22
9 31 4
83 87 41
77 122 50
30 94 3
56 105 49
73 92 13
21 57 40
54 118 17
60 115 39
51 65 2
42 59 9
108 110 52
1 101 14
10 98 22
57 68 33
98 106 32
78 96 36
58 61 14
89 101 3
18 74 23
29 85 30
59 101 46
40 63 26
15 103 29
58 126 21
26 49 9
44 78 10
37 122 26
41 49 33
60 80 12
34 71 10
99 120 0
59 129 49
11 43 16
74 75 42
13 94 51
33 127 58
5 88 44
33 108 45
8 85 5
5 11 47
82 84 24
88 112 19
86 98 25
81 112 15
52 68 59
11 128 26
87 94 24
62 84 29
9 34 28
64 92 58
28 64 3
70 80 25
71 102 55
21 120 13
54 113 21
32 60 39
71 110 1
41 87 4
7 59 15
13 13 19
26 121 44
3 92 33
90 90 55
8 40 12
33 67 21
74 95 46
38 121 24
21 105 20
30 72 6
64 106 59
64 93 40
72 127 53
2 52 26
59 60 52
13 45 60
95 127 38
58 99 16
27 50 46
61 127 6
25 96 38
88 89 11
79 114 4
34 97 46
112 113 13
35 94 9
35 73 13
63 96 29
2 90 34
98 124 58
76 80 46
26 108 58
10 97 20
53 56 30
58 89 49
99 111 5
114 115 60
67 86 0
37 96 57
51 81 35
23 52 27
37 70 54
45 108 31
0 22 19
105 126 33
5 44 34
74 93 28
14 98 6
60 94 5
100 128 2
37 129 4
28 91 14
8 71 24
59 95 8
109 124 44
81 110 15
49 71 27
48 75 31
0 125 39
31 75 41
98 119 32
6 83 51
91 121 60
24 28 40
75 90 0
6 102 51
45 128 44
36 76 14
40 51 47
74 128 56
91 100 48
61 99 2
79 108 47
52 106 2
70 88 58
51 85 12
65 78 38
31 43 45
18 57 38
42 92 17
87 110 58
3 40 20
30 129 42
63 129 17
21 66 1
31 114 56
56 95 10
42 91 34
13 88 37
19 45 24
73 75 3
40 54 2
22 60 57
54 54 27
36 75 24
6 28 49
18 83 42
2 36 27
88 126 11
76 98 49
85 96 16
51 107 29
19 107 6
18 69 12
87 93 60
62 99 43
63 94 4
11 16 45
77 107 16
43 67 21
18 118 30
60 120 34
40 106 27
6 113 42
12 78 37
46 128 27
60 85 20
3 54 57
34 61 29
104 112 34
57 92 46
9 56 54
31 74 11
52 76 17
46 99 2
7 106 30
39 103 60
3 43 58
20 83 32
11 85 20
23 69 3
96 118 23
38 65 38
62 108 53
1 111 59
20 110 27
3 82 11
63 95 39
23 88 40
26 127 0
75 112 27
67 81 47
73 119 60
65 109 12
102 118 3
1 3 22
73 107 20
19 86 34
18 97 40
13 62 57
27 126 42
45 81 44
87 89 25
54 63 1
63 111 35
61 97 35
55 56 31
56 72 52
45 46 19
45 112 47
45 102 58
37 101 27
63 102 35
58 85 14
60 127 48
11 47 31
30 35 53
73 127 24
68 84 57
79 111 3
9 10 29
10 27 55
6 110 48
23 42 15
104 117 48
37 49 28
43 90 0
9 43 5
33 59 43
2 63 34
49 104 38
53 128 49
51 120 14
20 127 28
81 118 38
16 77 60
46 63 47
35 48 36
21 63 17
29 70 45
71 76 37
20 66 4
71 123 1
63 63 12
18 100 59
56 116 30
20 54 31
21 28 11
38 47 18
37 73 8
29 42 30
39 80 2
10 99 39
19 73 1
37 46 8
24 56 7
68 100 16
18 85 42
52 112 49
3 48 1
32 88 28
30 44 17
34 54 54
1 98 40
73 76 12
18 111 40
85 107 55
23 78 52
0 92 25
65 65 10
80 124 28
50 79 42
70 75 52
29 97 58
93 98 43
70 72 17
13 127 57
48 79 1
2 43 16
55 95 58
9 77 35
28 105 60
20 124 4
8 48 10
66 106 54
19 101 40
34 106 12
71 115 27
49 93 18
31 88 39
85 121 36
22 127 57
84 122 39
86 122 57
35 102 44
70 82 15
81 117 36
27 86 1
81 99 4
106 113 11
38 71 4
17 112 3
23 103 25
60 83 28
28 41 48
67 124 44
50 126 34
19 71 27
10 125 6
65 93 30
17 97 5
95 128 13
61 122 33
39 42 56
76 87 38
16 97 41
14 74 57
63 114 59
23 76 10
92 104 30
51 116 9
26 87 34
19 106 1
75 86 49
14 72 28
56 82 54
12 21 58
22 86 31
51 70 30
83 127 20
102 103 6
96 122 52
24 121 58
37 97 60
63 71 6
48 114 15
42 110 10
2 88 33
58 79 49
54 56 56
4 93 53
48 73 50
76 99 26
72 74 33
75 116 38
88 108 45
13 41 7
58 106 60
97 126 13
18 37 35
93 122 32
67 75 35
44 95 16
73 73 44
66 85 1
42 45 48
45 45 0
8 55 1
17 79 60
62 123 17
8 38 15
51 74 45
21 125 55
50 115 52
46 79 55
63 107 31
79 124 57
32 102 25
67 76 15
27 38 47
39 92 20
6 24 32
6 122 31
53 73 24
44 114 49
15 111 37
69 116 11
32 77 17
0 81 21
21 23 17
26 100 13
0 94 24
19 76 44
26 64 2
64 82 58
70 73 30
53 58 28
71 107 1
53 68 4
32 50 8
47 128 5
6 15 40
23 92 4
28 47 23
1 37 12
40 109 12
86 123 25
33 89 21
88 118 34
66 114 59
1 127 23
21 76 34
68 95 4
40 119 38
98 115 31
29 105 40
33 36 22
56 125 5
39 102 33
0 60 37
89 92 10
24 126 17
41 122 52
94 96 8
21 129 16
22 126 21
7 60 29
67 107 34
17 115 33
48 86 33
31 34 44
25 81 30
14 117 13
0 41 11
11 51 42
71 93 43
83 115 26
47 73 29
14 59 29
51 57 5
16 30 57
95 112 34
10 56 49
8 104 12
13 111 4
9 91 52
77 114 46
44 125 49
20 31 11
8 105 53
67 97 5
32 118 51
0 59 11
77 115 36
29 60 31
88 110 11
69 89 14
15 58 56
41 62 19
43 44 58
45 51 15
12 113 51
54 117 12
66 120 33
80 114 8
9 65 37
19 98 59
31 112 33
40 57 44
41 119 26
103 122 0
26 96 9
37 104 42
2 79 30
99 123 49
42 67 28
45 79 42
26 52 60
22 53 1
48 108 8
67 122 34
41 74 42
42 78 0
22 84 53
20 57 19
56 83 18
71 77 12
82 86 35
75 76 21
26 92 54
87 102 43
82 126 15
25 66 48
99 127 5
57 94 8
33 76 45
0 108 57
65 99 55
98 126 41
2 116 45
9 114 52
26 82 56
27 93 28
27 120 5
10 39 35
74 84 31
8 58 29
48 105 24
22 73 2
50 100 7
7 101 42
57 87 60
75 127 39
16 75 40
5 49 30
50 73 50
3 37 29
86 110 24
100 116 8
68 77 56
21 112 49
73 110 56
10 117 25
4 39 53
2 125 22
9 36 46
68 97 7
4 115 48
13 71 53
54 83 49
23 45 34
93 107 53
14 90 2
12 46 58
39 93 14
1 29 14
2 69 4
7 93 39
57 83 1
26 65 36
28 122 3
0 91 57
50 129 41
27 64 26
17 23 51
23 39 39
11 115 9
65 126 7
31 76 7
31 63 16
19 56 54
47 51 57
92 103 37
52 129 20
33 60 48
71 99 57
1 39 32
69 91 22
35 38 41
20 79 43
106 123 15
21 75 51
70 71 12
71 109 21
55 76 17
78 80 52
36 78 11
84 129 33
33 126 31
92 115 55
64 111 20
10 110 10
64 86 21
21 73 38
38 41 33
53 62 41
82 88 5
63 67 1
66 67 22
4 13 54
87 111 46
9 97 54
64 90 57
30 54 3
92 106 6
44 51 5
75 111 6
14 40 49
52 114 9
56 91 14
85 114 0
23 80 24
61 77 3
13 29 47
11 14 41
10 51 10
69 105 44
34 47 21
44 90 58
53 120 48
18 46 43
65 117 28
89 94 32
82 113 10
53 93 33
47 76 58
25 100 17
6 43 59
45 90 1
64 94 24
21 110 7
27 103 52
76 111 55
30 66 46
69 93 10
15 65 35
52 86 40
65 84 60
57 58 18
24 51 11
29 56 28
70 79 7
27 122 35
11 98 14
79 129 17
16 129 0
76 83 14
32 109 22
66 100 38
52 115 28
74 119 28
34 105 35
35 49 25
44 102 4
9 118 47
45 95 28
38 92 35
36 79 54
86 105 15
58 84 31
59 86 4
36 111 46
87 121 59
61 84 44
75 87 3
9 117 57
30 62 42
2 82 60
109 118 10
8 41 26
31 84 19
2 15 47
45 54 10
33 51 13
23 26 58
17 68 52
77 103 51
1 13 43
46 71 42
13 114 18
53 106 10
86 116 35
61 128 11
2 65 44
17 65 36
104 105 41
85 128 28
67 125 3
74 127 52
22 129 24
23 25 32
91 91 58
69 80 60
12 49 18
17 102 12
59 66 52
82 114 54
63 125 42
3 124 7
43 54 32
11 76 60
77 88 60
13 76 60
106 119 2
19 47 5
20 52 20
15 31 33
44 59 41
40 60 6
0 38 36
10 103 48
90 125 2
52 120 29
65 100 16
32 116 59
40 99 4
13 80 3
87 105 15
74 85 21
30 96 2
59 89 25
44 109 46
49 84 27
91 126 11
61 63 21
53 107 33
26 111 9
67 83 45
76 102 7
55 77 2
81 123 37
69 76 37
34 55 49
8 28 35
54 86 48
26 94 32
4 106 37
62 111 58
61 110 36
25 51 14
91 96 56
17 33 6
5 42 12
0 78 60
33 50 54
3 78 37
0 101 46
27 110 3
5 112 36
23 29 32
18 119 46
87 90 55
38 43 25
50 56 19
59 106 44
25 64 58
7 102 42
10 12 35
15 97 57
19 103 23
36 94 36
7 108 35
34 39 35
56 85 35
99 115 30
43 84 11
34 76 16
2 7 59
86 87 39
34 91 4
24 83 2
11 119 4
102 120 39
23 83 1
0 37 46
13 129 22
22 47 28
4 92 18
7 48 0
46 120 54
43 101 39
63 90 28
57 105 33
46 60 11
52 66 17
54 77 1
79 95 21
36 108 38
25 129 50
24 100 28
35 72 52
7 22 53
30 67 49
43 123 34
19 48 39
4 124 27
40 47 58
26 103 56
59 94 25
82 99 55
40 76 47
6 95 21
91 92 47
49 49 53
29 116 11
17 21 59
55 114 52
26 129 47
47 100 4
32 87 46
58 81 23
46 104 27
5 45 33
39 55 20
44 88 26
38 99 46
46 75 57
28 29 33
40 102 38
31 68 13
65 94 49
10 106 3
54 115 2
1 120 0
9 83 32
58 82 16
27 117 59
69 124 5
67 77 2
100 112 4
41 118 35
57 109 29
30 41 59
27 27 35
42 129 52
24 88 51
2 119 50
41 107 26
94 94 25
57 126 35
41 114 47
20 33 16
11 99 55
86 118 48
71 128 29
51 114 50
85 120 40
49 51 43
60 98 32
82 95 50
42 114 55
68 72 12
26 40 58
6 126 47
34 40 47
66 84 56
81 82 41
85 93 16
27 124 45
23 53 2
97 125 14
80 120 24
43 57 37
72 83 60
54 127 15
27 45 43
6 123 32
1 42 12
5 107 16
75 81 15
13 37 49
4 52 28
20 119 49
69 107 33
9 32 25
50 81 25
25 124 29
43 94 53
79 86 60
36 47 16
45 121 48
32 46 53
2 112 11
42 119 22
6 56 46
1 89 55
1 125 10
29 54 49
58 112 1
14 23 1
87 128 31
63 88 40
22 82 55
22 103 27
44 107 33
13 122 59
67 90 50
1 128 41
5 63 18
68 85 0
24 64 31
86 109 15
2 20 11
26 75 16
35 39 21
26 105 23
41 84 41
69 101 41
16 106 18
11 52 43
28 116 30
59 97 52
39 114 7
1 92 25
27 62 0
53 124 23
39 45 46
29 88 41
2 12 58
3 112 39
17 48 6
46 92 7
51 129 3
51 64 26
76 81 11
0 73 45
16 16 9
55 85 37
27 47 38
44 62 28
29 62 5
87 92 41
10 112 18
48 48 10
31 41 57
32 70 57
19 109 41
51 63 58
17 103 50
5 110 4
48 93 42
25 31 42
71 127 48
56 92 16
19 89 24
32 33 14
56 77 25
47 121 5
0 84 55
74 90 6
16 43 28
17 49 38
40 83 57
12 102 18
4 48 19
47 67 18
1 17 18
82 127 32
9 126 19
25 123 27
32 56 56
0 113 49
39 111 1
18 105 50
81 101 34
10 19 51
15 21 3
52 113 16
8 60 52
30 120 32
0 20 50
25 47 14
79 125 38
83 117 50
46 115 54
16 125 26
6 81 37
103 119 54
7 123 60
22 91 46
16 90 27
45 77 24
9 106 10
46 109 28
35 109 1
12 121 2
7 27 34
8 121 38
1 28 33
53 84 10
52 56 53
43 92 14
54 102 39
64 129 26
45 129 17
3 7 13
20 21 15
1 112 8
16 71 17
14 75 58
56 80 43
42 112 38
88 103 57
61 69 36
63 82 18
55 61 14
9 67 30
0 58 39
95 118 46
47 95 60
74 103 46
81 115 27
63 115 24
12 96 20
69 82 54
1 104 19
37 69 29
40 44 19
24 69 13
9 74 39
7 91 1
41 68 57
12 53 41
25 76 59
91 129 22
44 60 0
73 112 23
74 118 24
40 61 20
94 117 35
66 87 60
32 91 36
62 77 41
47 122 39
9 62 38
22 52 1
7 98 18
52 63 17
9 76 19
95 115 49
48 74 32
15 128 24
12 72 18
32 121 33
27 82 51
10 96 39
21 93 54
22 105 41
64 99 27
43 122 36
52 73 2
40 64 16
9 109 19
14 99 25
21 68 26
70 77 30
7 57 28
15 89 1
3 42 17
61 102 23
25 108 4
56 126 26
13 123 5
56 98 34
57 99 17
50 57 32
13 77 30
60 121 15
91 124 33
40 92 52
3 110 28
41 94 58
49 102 22
15 46 52
45 99 2
7 49 30
43 121 16
65 106 18
74 121 52
19 120 43
56 61 7
3 34 8
31 101 45
38 115 55
2 8 24
53 117 24
10 83 15
34 109 32
0 110 22
8 49 42
0 87 24
47 108 38
83 95 23
62 113 58
93 116 14
59 72 39
17 98 3
76 95 11
46 93 5
78 112 19
43 104 50
14 128 18
4 9 26
84 105 42
25 38 38
63 81 18
48 98 3
30 106 10
81 96 6
25 46 46
18 121 54
27 115 5
21 74 41
64 116 42
20 27 52
42 81 31
2 100 50
88 115 57
29 129 49
21 86 42
61 115 31
36 116 29
44 129 13
47 99 29
67 69 18
40 125 55
61 89 55
3 121 42
61 85 3
22 63 17
37 114 54
2 34 39
31 62 20
74 87 30
26 84 2
12 68 29
39 63 1
15 93 35
85 111 53
34 56 13
15 23 36
12 127 15
24 117 41
75 114 9
103 124 24
52 57 38
78 103 60
5 34 11
22 24 22
39 95 1
14 52 9
51 88 3
0 35 8
5 106 5
58 75 39
31 116 29
25 57 0
41 63 40
73 79 51
26 73 50
16 18 9
89 116 44
30 91 36
62 125 56
32 68 1
17 24 21
29 61 37
39 113 43
42 77 20
63 118 35
63 117 49
4 111 31
19 68 16
5 71 11
1 94 51
2 105 36
44 46 43
0 116 3
0 85 9
51 123 42
35 77 55
58 93 15
39 43 60
4 80 14
36 119 38
64 79 55
34 85 12
66 74 57
60 73 44
65 67 36
43 118 17
9 127 57
1 43 38
36 125 30
35 42 35
41 46 12
56 114 48
5 128 4
41 70 32
8 65 11
44 119 43
82 85 46
36 38 59
60 102 22
38 124 56
2 127 20
81 83 10
75 109 44
34 126 6
13 54 3
62 110 41
2 107 55
16 20 29
44 56 23
50 116 44
94 116 5
88 128 13
23 61 53
46 97 30
18 108 27
37 119 45
78 88 54
58 94 37
28 106 2
59 92 30
53 95 18
15 37 57
13 49 21
17 82 14
8 82 33
19 95 31
6 67 14
71 103 49
24 32 42
4 123 16
96 114 14
93 114 41
24 49 24
8 24 2
50 54 13
4 81 59
6 106 13
21 26 28
12 92 5
98 105 16
6 79 12
49 55 55
91 118 19
4 36 0
40 45 23
48 71 47
60 91 31
19 91 29
33 122 10
73 99 55
28 117 14
81 119 57
5 57 50
33 109 39
8 87 23
31 104 47
40 118 7
50 105 6
36 67 18
32 41 45
23 126 6
7 74 37
89 128 36
46 82 31
4 14 59
24 50 54
52 119 58
43 50 3
95 98 37
5 87 58
10 116 14
12 25 7
15 50 55
99 109 45
8 17 55
22 25 53
55 119 10
20 49 14
74 94 30
51 105 1
79 121 45
11 31 40
57 110 28
25 61 18
1 11 37
27 71 6
50 83 18
53 72 30
20 99 48
96 129 11
66 107 57
51 127 9
49 108 36
24 26 34
64 108 16
96 102 10
48 115 38
87 98 8
47 93 12
28 87 3
12 18 6
27 128 49
24 112 20
15 81 48
37 68 58
50 75 3
45 97 0
50 77 51
33 98 24
81 81 6
95 95 22
32 83 13
50 61 7
58 124 29
19 85 5
18 29 0
0 51 27
40 77 17
10 50 49
36 105 43
11 11 23
37 111 58
51 106 59
74 115 32
18 126 33
77 86 23
96 96 43
30 53 4
13 22 47
37 75 23
25 127 21
44 79 23
30 64 34
1 52 5
0 9 58
70 107 38
12 47 21
12 17 48
59 84 44
10 16 28
33 38 52
96 100 22
21 97 53
61 81 13
49 80 23
35 127 37
35 92 31
42 54 11
58 95 30
7 81 42
40 90 14
58 122 35
2 111 31
50 97 55
36 72 33
10 105 41
45 75 40
2 122 37
8 126 13
16 118 29
19 25 41
9 119 8
11 114 55
35 61 34
42 128 34
37 105 37
8 10 27
47 82 35
46 76 33
0 44 21
78 94 28
52 58 56
59 62 22
10 63 15
28 45 21
54 55 51
24 123 27
62 91 4
56 71 57
16 69 34
76 90 2
74 101 51
36 77 53
32 112 46
29 64 51
56 59 8
1 4 39
45 56 0
93 96 29
19 102 39
30 75 45
43 117 46
87 129 17
41 102 0
13 35 42
35 107 54
9 28 7
16 32 52
7 44 28
1 59 59
45 63 44
55 111 16
93 129 6
4 50 42
47 126 46
35 112 51
23 38 46
53 60 35
27 37 32
22 56 1
9 73 10
25 105 14
92 105 34
34 103 58
47 49 47
47 72 37
28 54 26
61 123 49
80 90 16
70 116 43
56 74 12
3 28 60
59 80 59
53 55 19
5 105 59
47 92 18
37 110 48
25 68 24
71 90 11
54 65 2
21 25 29
24 92 34
4 10 8
69 81 32
78 93 12
38 82 4
7 107 15
48 129 49
45 82 2
79 117 20
36 69 7
54 79 19
42 73 46
73 122 55
19 24 25
60 97 32
58 67 17
95 126 46
74 107 3
80 99 0
14 115 47
74 106 26
94 129 59
17 55 26
21 67 8
26 115 4
31 103 11
25 118 44
6 53 6
27 63 33
58 92 4
10 123 26
65 86 13
43 88 1
43 64 6
105 119 1
74 79 27
66 97 26
28 95 54
20 22 40
8 14 25
38 63 31
18 62 21
7 37 7
37 50 0
98 103 14
22 121 54
16 51 27
82 118 24
61 80 21
49 66 38
4 84 37
98 110 43
27 107 47
54 60 56
67 101 7
69 94 42
58 121 17
50 69 4
7 115 16
47 50 3
27 56 60
84 97 23
45 61 46
40 85 56
32 82 49
3 20 6
1 67 40
30 63 34
47 102 14
45 120 19
11 94 5
21 95 40
70 120 2
78 102 13
39 51 54
49 109 50
49 70 33
41 54 51
15 105 2
92 119 48
16 61 32
71 84 47
48 109 40
42 83 37
49 77 45
7 15 32
6 49 45
26 125 50
117 124 5
24 95 58
28 118 8
7 70 55
79 120 29
26 101 49
35 59 5
56 76 18
64 87 27
78 127 27
73 116 4
15 123 21
53 98 29
1 60 16
37 121 8
22 89 18
45 49 16
10 86 49
51 97 54
6 50 59
11 63 52
5 125 21
62 98 44
27 77 29
14 122 47
25 91 52
66 128 3
16 53 30
21 85 57
82 82 6
70 86 34
46 89 60
9 18 3
3 6 13
56 123 52
59 68 11
68 124 35
1 91 12
65 122 30
68 104 54
77 90 25
85 94 58
96 106 47
18 40 51
13 43 47
87 88 18
67 126 39
85 126 59
58 90 8
9 120 57
59 108 27
24 65 46
9 35 21
24 119 38
5 22 16
7 112 34
22 97 21
42 127 37
8 97 20
53 88 14
36 104 7
39 68 36
33 88 30
15 72 19
38 83 44
11 68 8
65 91 41
92 95 44
37 74 8
68 71 37
54 92 3
60 93 22
12 111 30
6 75 11
10 57 20
71 124 44
24 52 19
72 113 31
23 40 44
34 67 49
16 56 31
8 76 29
45 72 19
38 98 2
9 125 37
84 121 17
78 100 50
26 43 50
13 48 6
77 126 55
73 111 11
45 62 18
71 106 30
62 94 49
50 95 22
19 55 27
2 64 16
26 62 8
2 30 54
56 58 44
25 25 23
28 59 57
80 92 59
52 77 15
64 78 23
16 74 28
38 95 1
10 81 57
18 76 38
41 93 49
24 110 56
23 24 58
48 106 37
83 129 19
30 46 37
70 103 42
14 36 59
2 50 20
27 57 27
55 105 18
17 57 36
14 69 58
3 51 37
18 102 17
16 36 9
81 127 46
12 126 38
22 40 14
95 100 2
35 71 24
46 74 9
7 68 14
52 108 54
33 121 33
33 90 9
22 123 29
57 112 11
71 108 0
27 73 52
77 93 26
85 99 51
5 120 27
50 53 4
89 102 19
6 36 22
33 33 50
22 33 24
29 38 1
4 78 38
27 44 59
14 22 41
11 24 39
93 126 56
20 53 60
64 75 33
28 89 17
33 114 42
101 111 31
5 15 8
20 113 3
23 71 13
2 42 44
48 61 11
72 100 33
27 51 30
91 103 30
17 40 11
16 46 49
27 88 16
9 98 48
90 93 34
38 88 30
60 113 22
60 114 3
8 47 39
14 54 4
20 61 15
33 91 28
25 71 34
57 101 47
14 27 35
63 101 21
23 58 1
19 124 49
80 109 58
3 99 47
66 79 45
45 53 39
40 117 1
96 120 20
20 105 12
8 88 48
53 122 19
32 80 20
60 87 58
37 51 35
44 120 7
0 96 21
31 98 4
12 50 55
38 51 29
58 127 21
4 110 22
1 107 38
15 64 9
60 77 30
22 57 25
10 75 36
29 95 53
48 116 12
3 50 49
104 127 22
91 102 9
69 108 56
11 36 18
37 115 56
54 84 59
15 49 57
30 82 43
43 110 21
30 73 55
17 87 29
14 77 12
49 90 53
75 129 6
42 121 47
42 56 8
97 113 4
51 102 1
14 46 13
1 40 6
16 82 6
21 94 12
3 125 33
13 99 32
49 107 46
4 108 48
20 104 36
1 122 11
18 106 51
14 108 32
17 100 38
44 123 40
11 45 4
26 26 1
8 127 17
10 37 4
52 87 20
5 10 43
76 82 54
72 123 34
82 121 4
24 85 6
4 19 15
19 39 30
25 78 12
114 114 44
0 112 47
49 54 19
76 96 57
6 82 10
61 90 21
47 56 55
3 56 45
74 111 8
10 113 24
75 80 26
71 85 15
34 124 14
7 20 1
27 79 8
10 61 0
80 123 5
8 21 8
67 92 3
41 55 7
54 64 1
24 54 4
16 52 33
8 119 57
33 119 52
59 105 40
30 117 60
24 80 47
4 53 34
27 123 30
47 80 3
46 67 15
27 98 0
84 91 47
95 96 43
13 28 7
25 107 29
36 90 14
29 127 39
4 60 54
4 120 40
68 90 50
9 92 18
10 26 39
83 91 11
51 89 17
5 8 22
12 26 16
6 52 18
43 48 26
47 90 54
101 122 25
6 38 58
78 92 17
55 129 9
12 37 9
10 107 42
52 127 29
23 81 57
18 44 51
45 89 1
28 37 50
34 99 18
16 113 9
45 85 26
12 62 49
3 8 59
65 95 31
7 83 26
44 55 33
31 32 52
79 98 24
72 89 29
68 117 34
42 118 46
55 58 14
5 61 14
89 95 53
60 99 31
25 52 39
6 105 53
32 40 51
26 31 33
67 115 47
4 98 57
53 82 20
3 122 11
10 44 6
92 129 23
47 69 19
44 68 8
19 100 31
48 119 59
51 58 31
52 55 17
40 79 52
63 128 14
22 45 25
19 75 48
6 125 4
42 86 21
29 79 47
1 44 15
14 28 5
9 25 55
11 66 3
27 70 59
13 73 28
26 37 48
37 81 49
24 72 54
4 96 56
15 77 7
1 71 47
1 26 42
11 30 14
3 49 4
17 59 56
3 80 50
17 99 39
15 127 32
8 43 27
28 62 20
32 86 43
13 15 56
35 115 3
23 27 39
39 58 58
14 106 48
18 107 48
49 127 24
106 128 40
27 97 46
22 102 21
81 125 14
17 81 56
3 96 9
5 70 57
38 112 27
21 118 9
34 115 34
69 90 10
41 97 60
17 28 20
22 62 39
24 74 18
9 12 58
80 121 21
28 97 42
32 124 26
20 95 7
5 52 5
52 103 0
15 22 59
36 41 13
34 38 41
23 86 16
37 57 47
48 97 26
7 75 49
3 21 54
20 80 49
36 46 41
3 65 26
40 70 10
58 58 14
39 125 60
40 86 57
91 110 24
8 92 30
38 67 0
42 106 57
15 42 54
2 94 52
69 79 57
66 93 7
55 92 39
21 54 40
41 112 5
39 109 19
5 80 48
20 48 34
47 117 32
10 41 28
82 105 58
22 54 57
54 73 54
0 119 59
26 28 28
1 54 33
108 127 17
78 116 50
67 74 32
6 72 49
47 54 35
18 43 28
38 93 24
7 36 31
14 114 55
7 42 42
53 103 57
76 114 7
28 110 51
83 100 8
0 34 54
33 92 27
66 94 51
27 72 25
15 107 13
5 68 42
61 68 3
33 103 22
54 81 43
1 49 5
1 1 28
33 41 57
0 93 3
68 122 31
19 82 22
58 88 7
54 71 26
22 90 40
47 129 2
46 112 39
85 124 35
52 93 45
50 52 8
18 128 48
5 75 0
8 80 30
0 82 2
42 120 35
44 54 57
27 61 30
31 66 12
77 94 26
57 79 28
77 121 22
52 92 30
54 116 7
49 56 3
42 62 4
72 96 14
36 83 18
5 69 43
58 78 25
52 122 48
9 84 56
48 84 19
23 56 14
0 90 54
14 63 59
67 121 38
49 83 29
37 55 28
51 98 12
42 75 19
13 33 35
75 113 33
37 66 18
9 122 34
79 122 36
5 103 39
74 104 2
12 13 2
43 105 29
56 60 37
63 77 3
43 108 20
81 105 51
55 122 42
68 105 53
46 108 41
1 16 30
67 118 56
52 109 19
15 69 13
72 108 32
39 52 8
20 40 30
25 73 9
24 122 30
5 62 26
30 49 31
0 3 41
72 129 7
55 107 29
31 125 41
7 8 47
10 52 45
24 87 21
26 74 10
41 58 39
69 126 43
8 79 7
90 126 58
51 55 41
43 66 59
4 100 5
2 31 34
78 99 41
50 92 13
61 79 31
35 125 31
27 29 58
5 90 46
33 40 24
25 117 18
45 50 23
28 77 13
20 90 3
37 65 9
37 71 14
58 107 59
2 2 2
45 100 58
35 47 21
21 22 16
13 40 54
8 113 56
17 53 32
30 43 58
35 80 33
76 91 47
91 104 49
53 111 19
21 96 56
28 127 60
6 70 16
63 110 31
92 123 39
8 67 46
50 59 55
38 72 11
47 64 27
13 39 7
62 75 5
28 85 41
71 82 46
79 101 46
42 97 57
38 122 55
39 128 10
79 107 39
51 52 27
49 106 49
23 28 20
46 78 12
40 73 15
67 129 41
15 35 35
32 93 4
13 21 0
14 32 22
53 101 36
1 78 38
21 77 12
52 72 43
4 118 20
58 66 7
17 129 55
61 75 20
17 75 3
50 91 19
71 96 12
16 40 25
33 70 46
32 126 23
42 89 5
37 41 44
43 59 8
33 44 49
28 35 59
86 129 29
26 68 54
50 71 60
36 91 5
22 118 10
79 92 56
68 79 48
70 108 25
15 15 2
4 45 56
12 22 16
0 23 16
83 114 2
3 25 55
59 74 38
59 93 34
47 81 37
43 109 46
63 97 19
24 61 60
19 78 31
34 102 15
29 39 14
38 62 4
75 120 32
34 59 33
8 13 14
10 104 38
15 117 37
52 70 49
22 42 53
77 129 51
17 52 11
35 36 21
16 29 27
54 59 12
42 123 45
23 67 11
78 105 52
51 77 22
50 84 13
2 54 48
9 49 13
94 118 4
66 88 58
30 121 17
0 100 47
71 121 5
10 101 49
48 91 35
18 115 58
50 112 50
23 60 21
29 31 25
15 91 37
55 91 54
78 124 27
69 69 60
3 111 12
53 59 13
84 87 29
6 29 1
64 96 54
66 99 49
32 115 11
44 47 51
81 116 57
17 54 38
23 125 22
21 104 49
22 113 55
52 61 18
10 22 57
18 34 52
1 88 21
80 84 55
60 72 33
1 34 0
40 89 17
0 80 20
87 117 8
32 106 27
24 48 2
60 125 41
8 120 42
71 104 51
2 76 48
61 72 8
12 15 53
40 56 29
23 70 12
6 61 17
40 71 0
53 94 37
30 47 59
20 39 9
28 82 3
17 118 20
30 127 51
21 124 21
32 105 26
42 94 37
64 68 45
11 109 24
7 16 30
23 123 5
34 114 53
58 59 18
47 59 44
28 52 17
51 76 60
73 95 27
9 121 23
22 117 20
57 62 15
73 91 21
87 118 21
83 101 24
52 79 36
89 124 60
49 60 14
31 83 17
21 101 10
23 116 23
19 112 8
71 118 57
46 94 30
53 108 29
105 121 17
22 49 22
54 98 29
39 59 24
47 101 13
37 88 41
28 50 31
35 85 11
62 66 58
20 86 57
36 58 28
35 68 16
83 105 36
9 94 53
6 7 51
95 122 48
70 112 46
3 116 15
41 110 3
40 80 11
33 83 46
60 128 35
67 85 20
77 116 22
14 44 41
5 46 31
9 47 8
29 109 39
18 120 53
43 103 18
24 96 30
6 34 60
57 65 31
53 87 45
43 63 29
55 120 57
52 67 36
28 109 31
41 41 43
23 79 50
16 91 60
48 89 34
29 81 21
76 100 11
20 120 36
64 64 16
82 102 14
33 118 4
33 39 23
72 104 55
23 59 28
89 115 20
9 129 48
61 111 25
12 101 27
2 81 48
67 110 19
55 116 24
21 48 23
72 93 19
28 114 16
70 95 26
32 74 30
15 124 10
13 125 7
0 8 2
59 115 0
20 75 41
10 62 0
47 125 1
80 82 9
59 126 52
9 96 58
3 103 31
16 17 56
67 72 21
50 120 44
34 127 16
39 66 42
38 117 44
40 108 30
41 78 49
55 108 28
39 127 10
84 126 5
31 70 40
12 19 0
44 71 17
68 106 41
7 56 38
80 89 38
3 41 42
10 91 0
16 100 4
40 129 18
20 109 5
12 80 44
76 93 48
8 129 18
12 118 16
43 128 38
8 123 27
3 77 32
3 128 5
20 77 50
22 78 37
17 39 48
36 42 34
12 110 15
50 110 54
17 117 58
12 109 49
2 80 45
39 41 45
29 44 37
47 86 0
18 89 13
39 71 16
31 123 11
13 92 15
91 123 38
56 57 8
60 101 35
55 121 36
91 119 45
81 104 57
30 98 50
42 107 49
0 47 42
11 56 21
34 81 55
3 94 36
20 65 25
18 112 4
27 92 17
10 38 14
43 98 15
41 108 39
55 90 39
79 97 40
12 77 53
9 22 49
20 128 46
51 110 5
24 101 48
40 116 44
7 111 15
29 68 13
12 107 44
44 97 19
4 104 50
30 76 17
22 104 16
65 105 54
13 82 32
30 36 16
12 89 55
15 16 11
34 123 28
61 126 46
5 119 42
14 119 58
22 61 7
70 70 34
40 103 46
54 88 21
10 95 31
6 45 55
36 89 11
29 92 23
7 41 33
46 52 19
21 21 1
8 112 19
4 58 53
62 70 17
64 81 2
0 14 43
44 53 56
62 120 39
55 103 10
8 12 29
27 68 54
38 107 6
42 102 58
19 62 57
95 99 35
49 99 54
15 67 57
48 96 40
90 94 40
26 81 32
74 98 0
38 102 50
6 127 30
70 123 16
36 103 44
22 41 59
80 86 21
72 78 37
26 104 40
62 63 9
20 46 42
71 79 5
43 68 57
65 80 10
21 117 30
67 119 42
9 58 39
16 95 47
49 95 51
37 124 13
44 103 37
67 80 14
83 98 22
5 122 5
83 122 48
16 103 54
2 95 60
37 127 40
32 101 8
40 113 0
18 67 14
54 111 32
31 77 57
11 61 41
69 84 50
13 58 55
56 127 59
19 118 55
43 83 58
34 88 2
56 118 22
7 78 55
81 98 15
56 63 24
76 101 3
26 79 6
14 127 56
13 42 32
48 63 59
42 80 2
55 124 5
48 94 19
3 18 18
54 126 51
22 76 26
64 85 22
64 95 23
92 126 14
79 84 50
29 29 44
1 110 51
19 42 14
24 77 33
41 104 44
12 64 38
24 84 20
39 47 34
37 92 51
40 107 23
55 106 49
2 55 55
25 84 28
13 26 20
68 128 51
41 127 57
9 55 34
19 65 33
8 77 8
14 51 44
2 70 56
34 98 10
42 124 51
58 104 52
44 76 43
65 103 59
8 30 24
40 120 3
19 121 41
39 56 51
39 107 10
39 126 42
61 67 53
65 119 10
5 129 57
22 68 35
54 69 22
14 125 6
45 69 23
57 120 4
70 106 7
37 61 8
38 79 12
39 44 41
40 55 50
18 59 44
21 62 3
62 127 12
52 71 20
40 72 59
37 45 6
37 106 23
23 122 49
64 76 12
0 48 31
3 114 8
12 95 3
12 69 14
68 86 39
36 88 31
78 87 7
9 89 28
81 92 54
69 110 31
57 96 3
1 47 32
55 80 32
38 106 16
2 73 12
36 128 46
69 99 15
88 101 16
2 68 40
37 103 50
49 98 31
72 95 22
1 100 44
19 40 42
0 54 4
8 107 58
33 48 60
6 74 21
49 63 54
69 109 10
32 94 30
33 69 5
2 38 41
0 114 42
53 90 60
34 96 46
36 106 36
45 93 31
30 83 53
57 86 0
54 119 17
72 90 4
26 90 60
5 111 47
32 66 60
49 86 27
45 125 9
11 90 9
12 24 16
57 104 58
20 38 14
25 94 20
17 114 47
21 49 5
1 15 30
29 82 50
69 102 38
102 107 4
27 118 0
0 36 23
29 96 47
38 110 30
56 99 19
3 12 38
23 117 17
55 101 32
24 114 37
16 23 4
69 104 14
32 92 23
5 84 32
55 113 14
84 124 21
35 116 53
44 67 5
38 108 48
49 129 8
39 46 24
51 93 58
32 76 10
60 82 20
5 73 60
11 120 48
38 84 23
2 91 10
41 128 10
62 92 35
34 82 16
15 119 6
10 32 11
5 67 48
11 39 20
50 50 12
1 20 30
47 123 0
33 53 43
22 93 11
10 53 34
10 88 46
5 17 59
38 128 40
46 88 44
51 79 32
7 104 44
18 129 23
26 97 7
25 104 20
34 63 29
43 45 3
16 67 37
29 78 23
13 55 17
14 79 16
37 38 28
21 82 6
27 83 43
45 74 18
40 128 19
70 118 59
20 72 3
7 12 52
91 94 29
56 84 34
76 117 5
59 98 10
9 103 19
5 55 7
8 115 50
32 107 18
12 66 56
67 94 3
34 83 44
26 35 33
3 67 40
62 81 14
56 124 45
33 46 11
45 59 37
25 106 7
32 128 6
57 127 29
70 117 2
6 69 54
33 79 44
38 44 36
7 29 34
18 98 43
26 116 0
43 127 54
39 84 31
7 54 36
46 119 49
20 91 50
17 88 6
17 83 33
10 66 11
82 108 17
72 119 28
33 75 24
27 39 20
28 88 31
46 126 57
51 69 58
8 52 3
48 69 42
13 52 56
15 39 9
56 97 2
30 52 8
79 83 34
28 57 41
72 107 50
64 101 0
31 78 9
33 66 53
6 111 57
9 116 60
4 54 51
22 81 35
13 66 0
8 117 26
27 54 58
12 32 1
41 75 34
6 89 40
9 40 41
32 120 46
7 7 38
18 95 19
26 102 4
26 59 8
24 53 24
39 69 22
16 72 20
4 103 22
7 23 22
48 81 30
19 38 0
38 76 28
57 76 9
3 85 1
37 108 34
40 43 21
18 81 10
46 53 9
6 19 13
54 99 24
39 98 55
8 23 39
26 113 14
23 97 9
51 128 10
19 67 19
14 31 47
9 38 12
21 47 15
43 70 49
4 38 8
67 128 31
2 123 35
16 121 1
65 113 55
82 125 24
30 30 1
14 88 28
7 63 54
0 18 58
94 119 15
4 121 40
17 71 48
59 103 48
22 87 58
39 87 16
21 32 22
61 98 44
4 21 43
9 61 39
16 107 50
52 81 21
72 116 28
23 30 23
3 3 13
51 82 55
9 70 29
13 116 17
36 98 5
9 113 20
0 32 43
62 72 12
17 91 22
52 78 41
50 93 7
71 105 35
33 128 44
35 122 39
2 96 16
30 119 3
57 118 33
13 27 29
34 35 23
11 65 27
26 67 10
45 48 8
11 125 12
17 63 0
16 68 52
7 124 8
7 34 56
30 125 42
34 89 27
21 64 13
50 114 29
11 111 4
8 89 4
3 27 49
28 129 25
25 109 37
27 81 46
13 34 24
12 112 35
1 97 49
20 115 57
36 120 23
50 68 6
48 65 52
8 99 56
64 72 26
64 128 24
58 117 13
34 110 40
69 123 24
49 64 3
23 31 10
10 42 32
19 26 29
69 75 56
16 101 17
43 81 54
36 110 48
65 98 60
53 102 26
15 120 13
30 87 60
16 114 48
12 76 16
15 101 51
100 103 16
9 87 47
20 88 31
7 128 36
15 36 16
73 98 26
8 101 6
50 89 21
5 48 11
17 105 33
18 35 43
4 34 19
6 128 7
77 81 34
24 30 25
1 90 31
54 114 16
25 49 56
1 118 23
46 55 53
68 126 21
57 70 8
40 69 38
32 96 9
71 120 0
23 89 50
5 47 35
50 67 57
31 86 16
29 99 12
16 28 37
75 93 12
10 65 60
75 79 21
20 125 46
58 83 18
34 112 57
28 67 15
7 109 12
30 99 6
36 95 22
11 58 10
98 113 53
5 93 4
66 98 57
14 82 58
10 122 11
25 85 49
17 41 48
11 20 39
58 87 54
22 79 3
25 77 46
1 21 10
45 66 3
13 61 17
44 72 10
22 75 7
6 41 50
9 69 25
36 70 52
10 76 1
3 9 5
29 73 48
77 117 12
86 86 2
13 65 38
42 50 14
16 34 51
6 62 36
64 113 35
86 106 49
28 44 11
14 89 49
9 14 52
23 85 17
3 55 42
40 66 10
74 124 43
24 128 50
14 53 3
32 44 40
7 19 36
95 120 35
61 104 39
12 57 44
34 62 29
2 108 52
44 106 18
21 109 24
39 91 9
60 76 36
10 43 28
2 14 22
5 25 3
22 125 11
47 124 52
54 112 8
77 125 38
8 19 7
32 75 3
31 99 23
24 105 8
18 113 13
21 50 47
16 88 52
44 82 56
47 48 36
11 60 47
52 124 4
24 71 27
2 35 32
7 61 1
46 62 13
21 89 20
18 49 1
78 81 6
38 103 58
36 37 14
31 33 47
11 23 8
31 93 33
75 97 15
1 62 45
15 79 33
3 81 22
5 21 5
43 62 39
31 109 51
0 117 60
6 109 53
35 101 50
25 35 52
27 59 37
51 60 15
43 76 6
11 101 38
24 58 27
30 40 15
60 84 13
18 94 13
41 65 38
72 73 50
31 67 11
0 4 10
19 28 7
17 95 13
41 99 26
31 40 5
6 17 14
11 102 32
13 93 2
91 114 59
55 57 17
49 126 44
17 70 23
26 70 47
4 71 40
13 67 55
11 82 34
2 56 60
2 85 13
31 113 0
15 108 41
18 58 50
36 52 6
40 110 1
10 24 51
8 50 57
77 84 34
18 99 51
23 72 26
4 49 38
19 115 36
0 13 26
54 95 48
27 127 59
66 82 21
15 17 14
3 107 33
8 128 18
23 41 3
32 51 15
69 111 28
61 129 2
82 96 7
3 60 52
28 92 50
2 46 55
51 83 27
13 112 49
23 23 16
6 119 60
49 120 52
16 81 55
16 80 31
86 125 16
2 117 0
6 6 46
0 107 30
26 63 4
40 75 14
33 94 27
14 16 18
63 89 8
38 73 49
21 41 8
34 104 2
19 34 3
18 73 22
4 55 20
4 73 38
19 61 31
5 60 54
29 36 29
13 56 41
60 81 15
8 62 43
29 40 6
22 58 0
32 85 9
28 113 52
69 95 4
38 50 34
11 91 23
2 109 46
20 29 60
7 76 40
35 55 9
80 101 18
5 33 23
16 76 13
44 83 47
11 54 35
30 102 46
39 64 5
87 115 20
31 94 0
66 108 21
65 87 49
38 66 52
64 120 44
13 121 7
30 70 13
85 115 56
37 43 12
51 72 30
0 103 17
27 84 32
6 65 55
9 46 51
29 122 36
22 85 21
30 112 4
71 126 52
9 9 26
63 65 27
6 90 48
12 59 56
40 40 29
73 105 24
62 88 54
47 77 2
17 107 41
2 26 34
11 48 3
58 64 14
7 122 24
44 49 10
12 44 30
4 87 6
7 28 30
74 78 38
0 57 11
24 99 25
7 26 0
30 81 10
52 88 60
41 59 30
25 28 60
43 93 0
67 109 9
30 110 9
11 108 27
32 84 57
48 57 40
62 83 21
38 55 38
7 118 18
4 107 23
39 78 41
54 97 60
15 44 15
3 33 42
27 106 34
13 117 52
11 25 28
33 87 42
8 59 38
47 53 12
32 45 37
27 100 37
50 66 8
48 58 57
20 93 45
68 110 6
26 42 58
11 55 50
73 120 4
18 60 31
59 67 50
8 109 4
22 34 31
35 78 0
15 55 43
51 56 29
51 115 20
43 53 51
28 34 1
23 46 16
71 78 41
48 117 33
29 65 31
52 64 23
57 124 29
72 75 47
9 72 51
22 95 23
2 40 43
84 113 53
13 23 32
52 80 32
82 116 50
5 72 45
5 81 40
16 66 30
18 93 0
24 24 34
5 7 26
3 73 54
15 125 54
30 86 35
21 100 17
55 82 26
48 100 0
84 107 24
50 58 10
26 61 50
74 129 12
49 105 40
36 36 29
34 74 10
64 89 40
19 84 11
1 41 0
26 118 46
11 117 16
2 13 1
60 90 29
30 124 10
6 94 21
17 45 27
8 106 52
38 54 9
11 41 30
5 116 35
1 48 2
34 93 0
26 60 17
58 110 44
5 50 50
15 121 29
14 41 54
29 112 39
43 55 42
17 25 4
13 128 54
0 104 18
3 72 15
13 113 30
11 62 5
13 102 44
67 82 36
7 120 19
37 80 7
4 23 51
3 38 49
73 82 25
14 112 25
2 19 23
26 120 1
41 101 57
76 107 29
17 35 38
63 123 16
38 49 10
1 109 47
57 64 40
21 122 38
83 123 26
24 45 28
38 58 7
16 92 9
10 30 46
22 107 33
31 45 9
45 104 18
23 64 27
5 92 45
1 108 41
12 41 43
35 79 42
60 106 23
18 96 32
24 118 47
20 63 7
8 53 5
22 38 43
22 46 12
76 122 5
42 82 50
3 109 47
4 75 24
64 115 42
21 40 51
30 103 50
15 61 14
21 111 4
15 118 1
12 87 42
5 113 40
23 48 59
4 83 43
32 97 10
53 110 2
19 22 10
7 65 4
13 84 24
69 85 19
35 41 34
17 96 1
57 61 15
87 113 32
6 129 49
24 38 50
23 113 35
58 116 17
21 87 54
1 75 7
31 100 48
56 86 32
40 112 35
26 76 51
72 126 23
28 28 59
33 86 34
30 79 42
89 129 29
4 32 45
18 78 2
30 126 16
73 113 53
32 100 46
25 82 29
60 108 6
10 35 32
49 113 32
29 93 33
3 35 20
37 63 19
46 68 15
58 115 13
27 34 27
10 59 30
41 48 24
68 101 48
3 10 1
23 107 30
37 77 53
27 65 16
10 124 14
33 47 14
6 20 37
36 68 35
42 125 25
46 87 19
8 44 4
22 111 39
2 5 43
71 112 45
4 29 46
41 72 10
17 64 41
34 45 24
0 75 13
45 110 55
75 101 59
48 127 28
60 110 44
5 89 47
31 105 33
53 127 10
26 107 17
34 125 56
47 116 48
60 126 2
4 24 3
40 65 40
31 124 43
10 114 0
33 57 50
41 126 4
19 43 28
45 73 31
29 67 51
27 31 60
8 102 59
22 99 28
20 101 12
28 42 54
69 73 27
25 60 1
84 127 27
5 40 23
14 48 29
45 116 16
81 103 8
69 113 18
31 90 33
2 6 16
4 89 38
53 125 38
31 60 47
0 66 13
9 53 7
72 84 12
6 60 13
2 27 0
15 75 25
37 126 21
24 67 24
32 63 25
49 58 38
82 115 20
47 66 18
10 17 52
33 105 59
1 46 23
5 97 40
40 58 59
42 70 44
12 82 45
37 102 18
12 104 24
36 56 46
21 72 10
0 118 5
7 39 3
44 111 33
29 43 14
16 73 1
48 80 7
2 23 7
23 49 44
41 115 7
65 129 38
55 87 48
12 63 49
19 127 18
69 71 50
36 73 36
14 38 50
2 106 59
6 120 51
97 119 27
11 103 5
76 110 15
2 67 31
4 85 58
22 30 39
20 68 22
1 74 46
43 112 19
8 9 31
0 102 30
4 65 4
45 65 17
19 104 47
21 27 37
32 64 19
21 92 56
41 44 27
19 123 26
68 92 45
15 40 16
61 93 31
27 48 0
22 22 42
7 92 59
33 35 18
53 63 42
3 76 8
50 101 58
13 95 18
32 65 35
35 119 37
67 89 17
57 108 37
55 64 28
32 117 42
19 32 46
1 68 28
6 25 33
8 39 28
14 109 31
53 126 25
22 55 10
89 113 20
35 63 44
9 48 46
4 17 54
42 58 13
36 63 27
45 76 15
19 31 13
18 103 5
5 13 14
82 107 22
0 5 10
10 64 19
50 109 54
46 110 7
11 77 24
1 103 35
16 110 10
11 121 1
66 96 37
38 53 19
11 64 40
25 43 13
28 76 5
8 111 21
26 54 17
14 104 12
25 88 52
56 109 49
70 126 30
51 68 12
30 80 29
22 101 28
70 87 25
4 105 59
37 42 34
16 83 54
49 94 29
10 29 30
11 96 49
13 70 44
8 37 34
59 69 30
22 51 12
59 113 16
31 92 47
11 46 6
10 111 42
0 27 31
25 112 31
14 121 30
9 39 49
46 100 2
39 97 27
52 90 58
32 61 32
1 24 1
4 117 39
2 84 31
41 129 17
28 46 24
14 100 39
31 44 27
19 117 59
65 115 19
71 129 52
10 58 42
12 103 23
10 31 23
51 99 37
45 105 20
50 108 30
61 64 16
22 44 21
30 114 34
19 99 41
15 82 11
13 115 44
9 41 55
8 34 38
44 77 31
29 57 7
15 45 24
37 99 56
5 83 33
37 86 18
45 91 23
7 100 30
44 66 37
41 100 59
30 59 12
11 21 32
48 67 21
27 80 29
49 114 31
51 86 38
21 108 19
44 93 19
20 58 19
15 41 27
1 79 56
56 112 15
48 52 56
6 115 11
17 74 36
25 56 25
43 49 11
30 56 49
28 93 60
33 49 49
16 27 30
4 74 15
17 46 35
14 110 5
45 88 41
17 121 20
13 101 3
15 54 41
74 77 22
43 111 23
10 33 44
50 90 16
57 103 44
3 24 2
75 91 41
6 73 25
61 112 14
22 108 60
8 122 11
69 118 15
5 74 8
8 81 10
22 119 38
34 64 35
16 35 4
29 102 11
1 36 12
92 128 40
19 66 32
28 96 41
22 50 42
12 83 25
10 69 34
25 39 55
22 74 44
32 73 1
9 111 53
20 43 55
21 103 34
1 83 55
41 91 19
48 104 14
7 17 34
5 24 51
2 83 37
45 92 33
56 108 7
14 87 35
1 66 19
12 56 59
11 27 51
33 116 3
34 60 40
15 57 33
52 121 20
35 117 31
0 97 29
84 104 33
69 125 17
40 81 47
20 35 49
49 85 58
59 70 17
0 55 2
19 37 24
32 35 10
67 99 3
53 79 38
53 65 39
1 50 38
39 120 21
20 67 46
31 38 60
36 84 22
6 92 26
38 46 26
59 125 35
4 68 24
29 91 45
47 63 32
15 18 11
26 126 16
38 42 45
13 68 53
1 14 22
39 115 47
37 128 23
48 120 33
28 102 4
24 102 36
14 19 33
48 121 37
53 113 50
83 88 2
10 45 38
13 17 27
20 108 30
2 104 1
2 29 19
4 127 45
15 27 43
15 34 11
15 114 40
13 57 12
35 118 58
7 90 47
46 46 47
11 18 19
14 37 7
61 65 53
1 51 37
30 51 12
76 103 49
20 84 8
30 48 46
53 53 1
52 59 32
32 47 25
0 45 3
70 83 13
7 52 51
63 86 42
25 26 6
6 23 19
17 30 48
26 39 47
40 98 41
55 69 20
18 75 11
30 118 6
39 50 30
25 27 46
28 103 42
9 68 2
25 32 54
32 108 8
67 104 0
4 116 3
15 59 17
59 117 5
16 98 24
10 109 16
34 46 25
35 74 34
13 107 47
49 57 37
50 103 34
72 103 4
2 21 29
25 119 39
6 96 58
19 50 22
37 60 58
29 66 59
37 83 48
61 107 34
43 97 41
