40 740
111
150
183
120
138
132
168
109
167
126
127
187
187
148
124
137
162
184
183
178
113
139
114
199
144
189
179
173
162
181
157
105
179
166
121
184
165
105
174
157
0 1 15
0 2 26
1 3 26
2 4 14
2 5 50
4 6 3
2 7 19
5 8 4
3 9 32
0 10 28
6 11 17
0 12 56
4 13 49
13 14 58
4 15 12
12 16 24
14 17 44
7 18 34
11 19 59
14 20 58
15 21 56
1 22 4
9 23 1
8 24 43
16 25 30
6 26 5
19 27 40
14 28 12
24 29 55
24 30 56
20 31 22
0 32 59
17 33 41
0 34 32
31 35 40
14 36 17
8 37 16
24 38 38
12 39 24
2 12 9
13 13 46
19 19 34
28 32 19
16 19 7
17 26 46
37 39 56
7 17 10
36 38 24
22 24 36
13 19 58
13 29 4
10 11 30
38 38 46
5 38 49
16 20 2
34 35 23
9 10 45
19 26 32
5 15 17
15 27 53
11 31 15
8 32 28
35 37 37
9 25 3
27 27 3
30 31 19
25 33 46
30 32 56
25 29 10
6 31 44
21 32 33
7 19 20
23 38 33
25 35 30
22 35 36
21 35 41
31 34 4
7 37 55
33 34 47
29 36 33
25 36 52
5 26 38
0 19 50
24 37 2
24 31 19
0 35 39
32 38 42
10 17 0
12 25 44
38 39 35
6 6 5
3 34 59
2 25 52
26 34 22
33 37 19
16 35 22
23 34 0
13 26 42
16 22 59
10 38 57
13 32 22
18 31 14
18 27 22
28 39 8
2 6 38
34 34 54
0 31 46
20 38 5
15 39 8
29 31 54
34 39 50
17 22 10
7 32 48
36 39 46
15 16 46
10 35 35
18 33 6
10 27 59
11 24 60
2 21 60
23 25 34
22 28 58
34 36 35
0 0 42
10 23 54
35 39 56
22 39 51
16 36 58
21 37 29
32 35 55
15 34 47
26 27 52
13 17 23
37 37 16
35 36 46
36 36 41
20 34 40
14 35 25
2 35 49
26 35 54
12 33 31
25 32 8
18 28 0
26 30 19
23 27 7
18 34 27
23 26 50
5 28 56
17 32 10
11 30 57
21 29 53
11 34 33
36 37 29
29 34 18
4 24 34
31 31 36
17 39 43
18 24 6
24 39 40
15 33 6
11 36 19
3 13 51
16 31 52
8 34 14
16 21 44
21 28 34
22 32 47
5 13 6
20 30 3
0 13 27
6 20 9
6 32 0
14 18 14
21 30 23
23 30 4
18 36 25
19 32 47
6 23 37
20 32 4
30 36 28
30 33 38
5 22 27
4 34 0
7 24 54
17 30 27
2 2 57
22 36 29
34 38 32
1 18 56
13 37 36
4 38 13
4 33 8
15 20 59
11 39 1
16 16 30
7 20 14
24 25 1
13 34 60
27 37 34
5 18 14
31 32 54
25 30 5
29 30 40
3 3 11
12 17 38
27 30 16
12 13 49
10 13 1
8 21 0
27 39 38
21 36 53
30 38 49
7 10 60
22 26 28
1 2 51
4 29 50
18 37 17
1 32 58
13 38 40
24 28 50
24 26 26
23 24 6
3 39 39
2 14 47
4 22 36
13 36 6
5 31 23
24 33 14
13 15 4
20 36 33
37 38 59
3 6 14
7 7 37
10 24 27
29 33 7
6 38 48
33 33 35
11 32 28
19 36 10
35 35 6
30 30 20
12 35 33
17 35 2
15 38 59
9 12 25
26 26 59
8 29 27
9 11 14
4 17 29
9 31 11
28 35 37
6 30 34
20 22 8
0 20 10
5 9 41
30 39 46
7 38 36
18 29 33
16 24 16
11 26 7
22 27 12
32 33 13
26 33 44
20 37 0
16 29 42
21 34 3
13 22 40
12 19 10
7 35 33
29 38 30
17 34 34
27 31 53
18 39 13
21 26 40
2 8 20
31 37 36
17 25 36
24 35 55
25 25 59
32 32 16
13 30 43
2 29 29
12 26 11
29 39 29
11 23 24
4 20 13
33 38 8
32 37 29
18 30 41
29 32 10
9 28 27
31 39 55
8 17 1
26 28 2
1 12 35
0 3 27
19 39 60
11 25 42
14 23 31
13 23 38
7 16 40
20 26 2
11 20 16
6 16 19
1 25 5
1 31 11
0 23 28
33 35 16
17 36 52
15 37 13
13 35 42
25 37 9
20 29 29
27 28 42
0 4 55
16 26 14
14 34 29
3 12 48
24 32 29
16 33 29
0 7 25
0 33 0
28 38 47
27 35 25
14 30 39
8 16 1
4 25 60
9 32 23
11 14 8
22 29 24
5 30 11
14 38 39
4 7 8
9 29 46
13 39 12
0 36 0
23 29 16
35 38 16
4 27 12
3 38 4
1 10 28
2 15 6
24 34 53
28 30 17
2 26 10
1 8 9
5 23 32
14 29 22
6 22 5
24 24 48
20 24 18
21 39 26
32 34 46
13 20 8
3 7 13
17 31 30
9 13 21
22 33 44
9 38 17
25 31 24
0 15 50
30 34 38
30 37 3
14 16 27
20 28 30
0 5 1
11 15 50
11 12 42
1 20 15
9 14 2
19 38 13
15 22 37
14 15 44
8 30 53
27 33 8
11 16 8
16 18 8
1 6 53
4 36 29
10 25 11
28 36 44
18 38 59
6 17 32
29 37 50
11 33 37
19 28 29
0 38 45
20 23 14
1 15 58
27 38 15
3 5 43
4 8 23
5 37 41
12 31 56
15 17 33
1 38 37
26 39 32
1 21 2
17 20 59
4 11 23
2 18 17
33 36 0
9 36 16
28 34 55
4 35 25
17 18 43
12 29 8
7 33 39
8 9 48
0 30 38
16 34 47
28 29 47
24 27 9
4 10 11
5 12 49
4 21 23
28 33 15
1 29 5
25 28 47
29 35 21
0 24 12
6 24 0
8 25 1
16 32 16
12 20 27
22 31 1
3 27 42
21 23 37
17 38 17
16 28 46
32 36 20
23 31 10
13 28 8
3 35 7
26 31 7
6 9 3
0 8 28
23 35 37
11 18 42
5 34 56
23 28 52
12 36 57
2 33 15
27 34 52
12 23 38
21 27 53
31 36 20
14 22 46
16 30 3
7 21 2
0 22 58
8 13 29
2 13 20
19 33 14
7 8 54
0 9 35
2 20 48
10 10 29
18 19 56
9 34 48
19 37 38
21 21 17
31 38 20
9 37 33
9 22 20
1 28 5
12 18 39
23 39 3
22 23 33
20 20 19
2 22 36
13 27 50
18 35 58
10 20 26
26 38 35
17 17 55
14 39 39
14 31 22
13 18 18
6 7 2
4 12 6
14 21 54
2 23 14
1 30 33
18 20 38
1 17 55
18 32 39
0 14 21
4 19 6
10 28 41
25 38 33
29 29 37
10 18 10
13 33 23
27 32 60
16 37 22
10 14 1
28 28 46
4 9 29
20 21 27
22 30 49
6 19 42
21 22 52
15 26 13
23 37 33
34 37 42
9 21 18
23 32 33
13 24 17
33 39 57
20 25 24
23 33 19
1 9 6
4 32 46
8 28 30
16 38 17
1 24 53
6 36 39
19 30 59
1 23 18
22 25 8
28 37 26
6 21 21
3 10 6
12 30 22
7 31 35
2 36 57
9 9 36
12 34 31
14 33 8
14 24 50
5 14 10
22 38 44
15 30 48
5 29 33
30 35 29
10 21 4
10 32 30
11 13 40
13 25 44
26 36 7
17 37 41
7 27 18
31 33 1
2 9 43
6 18 29
0 16 40
17 29 42
1 39 45
11 38 6
6 8 51
8 19 44
11 35 16
19 23 19
0 6 44
22 22 23
7 39 22
15 19 37
3 11 56
6 35 51
2 19 10
1 27 20
3 26 4
19 29 54
16 23 44
2 10 50
22 34 15
6 37 32
9 33 28
14 26 50
12 12 40
1 5 31
16 17 3
16 27 47
14 19 45
6 33 16
17 19 7
9 27 7
0 18 2
5 21 57
15 24 34
10 29 9
12 15 32
4 39 36
24 36 44
21 25 0
0 28 28
6 13 36
15 35 45
9 15 58
0 25 24
15 23 31
6 12 22
27 36 32
10 16 25
12 37 59
5 16 55
11 21 2
6 28 11
21 38 60
10 37 56
19 25 27
11 37 32
26 37 59
9 17 13
7 15 6
17 21 42
5 6 19
11 28 6
6 10 32
23 36 41
19 31 12
7 25 23
12 38 36
14 27 23
7 12 49
7 26 56
8 20 8
0 26 31
13 16 4
3 33 5
25 34 44
3 14 44
8 23 57
10 15 41
3 8 18
18 25 34
2 30 51
14 37 32
5 17 58
25 39 59
7 29 32
2 31 26
1 13 38
28 31 16
1 35 33
12 14 11
5 35 8
26 29 7
10 22 3
10 26 14
8 33 6
25 26 57
4 16 45
12 28 38
7 11 41
26 32 32
1 26 33
8 12 58
25 27 53
2 3 44
7 36 34
20 35 18
9 26 33
3 28 22
18 18 16
7 23 40
5 33 23
17 28 25
3 22 56
14 32 10
11 22 20
12 24 39
20 33 57
15 32 18
10 31 29
5 36 0
6 34 19
10 39 5
6 27 19
1 14 7
4 23 58
0 11 1
15 15 27
3 32 45
3 15 21
10 19 23
12 22 23
21 33 16
6 15 10
8 27 60
15 25 47
10 36 57
8 11 26
4 18 33
5 19 6
4 14 53
20 39 16
1 34 59
4 5 6
8 18 26
9 35 54
7 13 59
11 11 33
5 5 53
17 27 46
5 10 15
19 35 50
15 36 4
7 22 60
21 31 23
0 39 37
2 11 3
3 16 17
9 19 60
19 20 30
7 28 22
32 39 43
9 20 30
19 34 6
17 24 6
8 22 51
27 29 37
23 23 37
3 20 32
13 31 27
15 29 28
5 24 55
14 14 52
19 24 18
15 31 29
12 27 51
1 16 32
16 39 29
18 23 20
10 33 5
8 39 38
6 39 53
8 8 30
6 29 17
18 21 2
13 21 17
1 1 0
3 31 11
9 39 56
4 4 51
2 28 59
19 22 41
12 21 10
3 25 36
