15 90
144
173
196
159
120
138
134
154
188
127
145
105
199
103
140
0 1 48
0 2 48
0 3 8
2 4 13
3 5 38
2 6 6
2 7 29
1 8 3
3 9 12
6 10 49
5 11 1
10 12 8
12 13 38
7 14 53
10 10 15
2 8 12
0 10 20
13 13 12
7 11 22
3 14 52
9 12 41
8 8 59
7 10 28
5 6 30
5 10 14
12 14 51
6 11 60
12 12 24
0 6 4
2 2 14
2 10 53
6 14 51
7 12 32
11 14 18
3 13 37
1 1 28
2 5 44
3 6 57
11 11 41
1 12 14
1 3 9
0 14 51
9 9 23
8 9 53
6 9 10
3 11 21
4 7 53
8 11 28
4 10 17
5 5 38
5 14 11
4 4 12
1 6 59
0 0 13
8 13 23
11 13 56
0 4 44
2 13 11
13 14 7
2 9 53
1 9 36
0 9 5
11 12 59
9 13 43
7 9 13
2 3 43
10 14 27
10 13 27
1 10 27
0 11 12
1 2 55
7 7 36
6 13 54
5 8 0
9 14 52
6 12 14
6 6 6
3 10 28
3 12 11
9 11 25
5 7 28
0 7 13
6 7 28
8 14 34
1 14 45
10 11 39
1 7 36
7 8 42
2 11 3
4 5 9
