40 740
144
173
196
159
120
138
134
154
188
127
145
105
199
103
140
192
152
146
196
105
151
143
151
110
143
106
102
146
131
152
146
132
165
195
106
158
113
132
158
128
0 1 16
0 2 15
0 3 8
0 4 0
4 5 12
2 6 10
3 7 5
0 8 12
6 9 43
6 10 26
3 11 22
7 12 22
7 13 51
9 14 17
11 15 0
4 16 19
10 17 59
11 18 14
18 19 4
9 20 30
19 21 0
8 22 22
4 23 51
15 24 0
15 25 60
24 26 60
23 27 35
20 28 1
23 29 4
21 30 52
22 31 9
28 32 14
25 33 8
19 34 43
34 35 53
6 36 46
14 37 1
1 38 51
23 39 16
38 39 18
28 38 37
4 30 28
15 22 44
28 39 36
20 27 52
15 34 57
18 30 41
34 38 54
17 21 30
8 17 14
22 27 9
32 34 9
2 37 51
37 37 23
6 26 53
25 34 10
11 25 12
35 37 3
22 30 35
32 36 23
1 18 6
7 26 28
29 30 21
23 32 53
5 22 28
15 35 17
35 35 38
16 32 2
7 16 3
9 13 10
5 39 11
0 38 7
30 32 22
26 37 12
7 8 21
35 38 59
2 5 52
20 20 13
31 32 23
25 29 56
3 6 44
17 35 11
17 36 16
12 37 7
21 27 24
13 33 6
1 34 53
20 24 53
14 19 57
31 38 0
36 36 14
10 36 2
11 17 36
12 18 5
7 38 34
17 33 14
38 38 43
22 29 16
8 11 17
32 32 43
16 21 18
29 37 13
27 34 54
15 32 43
15 29 27
32 38 47
3 33 27
21 29 14
32 37 12
11 23 51
13 38 36
2 17 54
5 13 39
27 28 49
20 31 13
3 35 16
25 35 1
16 22 40
32 33 48
33 35 0
26 33 52
23 28 12
23 26 60
27 36 33
35 39 57
12 14 14
1 4 39
6 17 54
11 35 6
25 38 28
1 9 39
27 32 11
3 9 25
24 35 46
29 36 10
22 24 11
6 39 58
31 34 49
21 38 22
6 15 13
16 29 34
11 32 18
10 30 11
15 17 2
13 39 33
28 31 42
10 37 23
10 22 40
36 37 32
7 22 28
34 36 41
14 35 13
4 32 8
10 21 58
15 19 45
15 20 10
24 38 18
25 25 26
35 36 39
3 24 30
9 35 48
20 29 42
4 18 20
16 24 3
10 20 9
19 28 7
1 21 12
37 38 24
14 39 4
26 28 3
30 31 17
30 39 8
6 23 44
27 37 48
18 26 25
28 34 21
31 33 13
10 10 15
5 6 29
14 31 32
2 31 26
19 26 60
6 33 40
17 19 52
14 17 54
25 31 19
26 26 1
18 27 45
26 34 44
25 32 10
5 21 35
10 27 8
12 16 34
33 38 19
0 27 29
36 38 14
30 37 41
4 7 34
21 26 43
33 39 14
1 16 34
28 28 39
26 35 13
21 37 31
2 13 10
18 35 25
33 37 51
17 23 48
33 34 57
15 26 7
1 28 17
12 38 50
24 28 21
34 34 50
25 26 55
17 24 40
23 36 25
4 37 33
37 39 25
24 32 2
19 32 51
6 8 55
8 19 7
12 23 19
22 37 45
20 36 59
18 31 36
8 27 31
2 23 7
3 27 56
11 24 37
22 26 45
16 18 1
0 21 6
0 25 34
5 8 40
14 34 50
23 34 45
20 32 41
2 34 39
4 10 27
20 39 58
7 29 22
16 39 55
13 15 32
11 33 3
14 15 23
9 18 31
7 24 55
11 38 29
1 7 58
26 27 55
28 30 26
22 38 34
10 24 56
31 37 23
22 25 48
1 5 11
8 8 32
28 33 22
9 17 41
1 19 29
16 19 37
18 22 22
24 25 58
8 14 8
14 18 30
5 11 23
29 39 56
6 16 52
11 30 27
31 39 50
1 15 51
15 28 14
10 16 57
1 37 57
11 36 32
36 39 21
27 38 38
13 17 14
12 39 39
12 30 38
24 27 41
22 36 9
29 34 50
10 13 33
6 14 57
8 12 35
2 28 30
7 32 35
16 23 15
27 31 58
6 11 55
19 38 1
26 39 46
7 28 60
9 10 38
20 33 11
3 23 40
4 38 11
33 33 15
34 39 26
9 36 4
16 35 12
25 39 53
28 35 21
17 32 52
19 19 54
0 37 4
13 21 47
5 5 15
5 9 42
6 37 28
10 19 27
6 27 19
9 15 9
24 30 42
28 29 44
21 28 46
30 36 23
15 39 38
30 33 33
28 37 18
6 28 46
0 33 25
1 29 53
6 29 42
3 4 19
11 31 36
24 39 13
29 38 40
16 16 35
9 28 35
16 25 7
8 34 54
9 22 29
16 33 17
10 32 45
19 36 4
23 25 21
5 34 28
14 30 18
13 36 37
12 28 18
3 29 42
23 35 13
9 26 25
2 16 40
20 35 50
27 35 54
1 3 38
1 39 30
20 30 51
11 19 25
5 29 43
13 31 17
14 28 31
4 24 15
5 23 22
26 29 40
26 31 36
24 33 55
0 14 2
23 37 20
6 21 44
14 22 46
18 21 44
22 22 4
7 18 32
22 34 53
34 37 55
28 36 23
9 39 49
22 32 16
7 10 25
21 23 25
17 25 21
11 21 54
18 38 41
21 36 46
14 29 9
13 26 5
21 34 22
6 34 28
0 29 45
2 14 45
8 28 20
18 32 19
2 36 30
24 36 37
9 37 3
4 31 25
9 19 6
13 22 34
6 22 39
3 10 9
9 38 46
12 13 51
15 23 46
19 33 8
29 32 20
29 31 27
0 19 44
20 38 9
14 25 26
11 27 10
13 29 59
30 34 34
25 37 44
27 30 34
26 32 15
4 28 33
29 33 34
20 26 36
1 10 18
5 20 49
31 31 59
4 20 11
10 29 11
15 31 14
5 18 6
7 30 52
17 27 43
25 36 58
13 23 10
7 37 35
0 17 19
16 30 32
14 21 26
8 35 7
2 24 47
9 34 8
9 16 14
10 38 25
7 20 26
10 14 39
8 26 22
24 34 49
0 32 17
27 39 45
22 39 18
9 27 28
5 33 27
6 19 54
19 27 0
3 15 11
18 36 17
9 32 0
2 38 30
24 31 59
25 27 8
30 38 18
14 23 52
31 35 34
5 16 46
17 20 34
7 39 3
9 33 32
17 29 32
10 35 57
13 27 58
7 11 50
3 14 54
12 36 18
17 38 54
5 30 58
4 14 50
7 23 51
0 23 44
12 33 15
29 29 9
8 39 25
13 30 45
18 29 47
8 37 10
31 36 55
12 34 37
22 28 43
30 35 19
21 31 23
30 30 22
6 20 46
9 24 35
15 30 51
8 29 36
19 39 60
16 36 7
16 34 27
10 15 21
2 11 18
2 15 54
7 34 49
0 35 30
6 7 30
20 22 4
8 21 1
32 35 40
6 35 7
5 37 3
17 39 0
8 36 22
6 24 57
4 26 45
18 39 8
5 10 46
16 20 57
0 5 3
2 29 27
3 3 25
15 33 6
22 35 6
27 33 59
17 18 9
1 11 25
21 39 53
33 36 14
3 39 6
0 30 50
5 35 31
26 36 29
14 33 27
3 25 34
26 30 23
19 22 24
10 33 24
10 31 10
0 39 34
21 33 58
7 19 47
2 35 39
4 29 19
1 1 4
23 33 19
8 32 5
12 25 18
20 21 49
23 23 6
16 17 20
3 13 3
2 30 26
19 30 21
12 27 10
19 31 10
16 27 42
7 14 4
1 2 37
4 11 20
8 33 34
4 25 21
9 12 14
14 27 17
13 19 21
13 24 28
21 22 60
8 25 28
24 24 51
1 14 14
12 12 33
8 20 25
10 34 36
21 35 49
1 33 24
23 31 14
2 39 17
26 38 48
1 25 60
15 15 28
3 12 1
4 4 35
5 36 44
27 27 0
20 34 54
7 35 27
6 31 31
18 23 11
25 28 14
8 16 24
8 10 48
15 18 4
5 19 18
12 35 11
0 20 57
12 17 59
18 28 16
15 36 22
13 37 0
23 30 6
19 23 25
13 32 39
18 34 41
13 18 54
3 21 26
1 26 28
14 24 50
11 22 39
18 20 32
9 31 51
23 24 54
29 35 16
10 18 16
13 14 26
11 12 22
0 6 26
18 37 28
2 22 40
17 30 8
32 39 40
17 17 13
0 16 21
15 21 9
5 14 30
16 38 2
24 29 12
9 21 39
18 24 3
25 30 54
11 28 24
10 28 17
17 22 14
13 16 22
19 25 46
4 6 31
12 32 51
3 20 24
2 8 39
0 26 5
8 38 23
6 25 57
14 20 17
11 20 44
6 38 50
14 26 54
21 24 6
11 34 15
4 22 41
22 23 39
17 26 3
0 0 23
17 34 23
2 27 29
11 29 21
18 25 20
8 24 56
4 36 30
19 24 39
1 27 3
8 9 25
10 11 35
4 33 26
9 23 2
19 35 9
1 8 17
11 13 38
11 26 18
4 35 47
16 26 47
5 24 38
3 36 7
2 3 43
8 23 40
7 7 41
2 10 59
4 21 12
12 19 22
13 28 32
3 5 53
9 30 25
7 9 58
4 17 56
23 38 17
13 13 21
2 4 36
12 29 41
3 37 40
13 34 55
1 23 24
7 15 29
17 37 31
3 16 4
19 29 18
2 7 15
0 10 49
18 18 54
0 22 53
18 33 44
21 32 19
6 6 19
1 20 35
1 22 47
11 37 48
15 37 31
0 31 46
5 26 8
3 17 3
8 18 47
16 37 14
19 20 31
2 32 0
2 21 25
5 38 1
8 31 30
0 15 43
12 31 3
8 13 4
21 25 27
5 12 51
0 9 27
14 16 7
6 12 6
8 15 31
0 28 4
17 28 21
10 39 2
15 16 23
3 19 55
13 20 27
14 14 8
6 13 53
12 22 54
1 12 46
13 25 27
12 21 33
14 32 22
20 23 12
15 38 21
24 37 38
9 9 53
16 31 52
12 15 11
4 34 44
1 31 56
4 19 41
1 36 26
7 27 9
9 25 55
2 26 49
11 11 57
9 29 29
3 18 37
6 32 32
