45 945
196
129
117
131
130
119
165
167
163
183
105
138
151
174
136
116
155
177
140
167
160
163
121
143
148
190
185
167
132
144
106
155
157
132
173
191
187
165
132
164
174
121
131
126
151
0 1 25
1 2 50
1 3 49
0 4 44
2 5 1
0 6 13
0 7 31
4 8 35
7 9 16
9 10 40
3 11 7
11 12 37
8 13 34
8 14 9
7 15 4
5 16 27
11 17 46
6 18 41
15 19 47
13 20 54
0 21 23
17 22 51
18 23 39
3 24 55
0 25 11
16 26 42
0 27 48
17 28 21
21 29 59
26 30 36
5 31 30
18 32 58
26 33 8
4 34 10
0 35 43
34 36 30
5 37 3
32 38 28
23 39 18
33 40 21
30 41 58
25 42 42
18 43 8
42 44 11
10 21 33
3 33 49
12 40 14
40 42 38
34 39 54
30 39 55
9 22 17
23 27 44
18 42 33
39 40 47
16 20 51
30 43 38
27 38 58
27 39 0
39 39 47
31 32 5
29 43 14
14 36 8
4 30 27
21 39 48
11 44 13
33 34 11
13 40 4
1 16 20
21 33 58
32 35 40
15 20 59
12 34 15
30 33 44
12 22 38
7 25 30
25 33 26
5 10 42
25 31 16
30 37 40
16 30 30
27 42 41
7 19 51
16 19 56
16 17 12
30 42 56
27 32 57
20 44 39
33 42 1
6 31 3
26 26 35
37 37 23
28 32 11
12 38 33
16 24 6
22 44 5
6 29 41
15 16 25
7 42 31
43 43 0
19 28 35
19 20 32
42 43 6
37 43 23
37 39 7
9 9 48
17 38 5
22 26 5
13 23 18
32 32 14
22 35 50
41 44 12
21 43 44
13 37 55
4 12 31
12 32 2
16 41 5
4 32 14
11 27 41
3 34 6
17 39 18
8 25 25
3 13 8
16 36 10
7 8 55
8 30 47
41 42 20
4 24 31
16 39 13
2 11 21
6 6 59
9 16 38
37 42 32
9 23 0
9 15 8
29 40 32
7 44 1
21 26 49
4 41 27
32 37 52
35 43 51
4 37 53
21 24 28
31 37 30
8 8 49
20 31 32
0 40 9
31 36 24
36 37 33
11 37 30
9 29 37
8 33 45
32 41 52
17 43 56
36 41 1
12 24 0
41 41 60
35 39 46
25 35 26
33 39 26
36 38 51
29 37 33
16 25 1
15 15 26
10 10 35
0 3 55
0 34 44
13 38 31
21 44 11
17 40 23
28 30 18
34 34 33
36 44 39
2 8 38
36 40 38
13 15 43
18 41 18
14 28 35
6 10 56
26 44 13
8 20 55
28 33 25
37 38 37
23 24 25
19 35 51
4 39 31
22 24 19
26 42 24
33 41 55
7 34 1
9 40 23
3 10 11
3 42 29
34 37 12
26 31 37
3 31 6
33 35 36
21 31 20
6 36 27
18 40 8
4 15 21
10 23 52
2 24 10
17 29 52
19 37 11
2 12 6
30 32 34
8 19 15
39 43 51
8 21 47
11 39 19
25 25 53
1 26 18
41 43 14
13 24 34
24 43 29
32 33 52
29 36 60
1 7 20
22 33 18
23 32 44
23 29 60
5 40 11
11 24 50
15 21 33
5 29 59
14 33 5
39 42 45
29 41 45
8 39 39
24 44 37
34 40 44
23 37 4
22 30 7
19 39 54
40 40 4
3 7 3
35 40 36
18 35 23
4 26 6
19 38 26
38 44 40
24 35 0
19 23 16
9 41 29
21 32 40
12 20 44
10 25 28
25 32 11
35 35 16
8 9 54
30 31 46
39 41 13
30 40 0
33 43 54
14 14 5
35 41 6
30 36 10
31 35 32
19 19 8
22 37 0
19 22 37
17 18 28
29 31 3
25 39 33
38 42 56
34 38 9
13 33 19
27 33 34
1 30 5
17 42 46
5 39 45
37 44 22
22 36 40
37 40 23
6 40 52
19 41 13
4 29 20
14 22 4
1 10 60
16 40 41
4 17 14
32 40 10
12 29 33
11 25 14
14 15 0
31 42 60
14 26 35
30 38 35
3 43 32
2 36 12
5 21 36
18 30 38
14 43 35
40 43 17
26 43 2
21 28 16
31 43 39
25 29 26
3 6 15
10 30 0
9 26 2
16 34 60
31 38 59
0 15 25
24 30 23
4 6 39
13 31 18
27 35 47
28 39 3
12 27 27
24 39 10
15 26 1
6 38 26
12 31 32
25 40 9
28 37 3
26 35 40
12 21 39
0 12 25
23 35 29
43 44 12
1 9 42
38 43 10
10 15 12
36 43 50
13 29 11
1 28 41
0 37 9
11 14 12
22 28 45
19 31 11
28 40 17
33 36 17
10 33 13
17 19 56
26 41 54
4 40 41
27 34 39
26 28 19
17 26 19
5 27 15
12 36 37
17 44 28
2 15 3
35 44 46
24 38 5
13 14 17
10 13 34
15 40 37
15 30 39
7 13 10
0 41 6
36 42 11
24 25 9
19 26 4
0 44 53
34 44 14
21 34 33
5 30 22
7 37 1
37 41 44
7 23 16
26 36 10
6 20 54
19 27 30
27 43 31
1 15 26
22 40 4
25 30 20
38 39 24
17 41 27
5 38 12
19 43 60
35 36 8
24 36 47
27 36 3
4 18 34
21 25 43
12 14 30
1 11 56
17 31 17
19 32 8
31 39 20
1 8 45
8 41 9
17 35 52
25 26 8
28 28 17
23 25 26
32 44 52
2 23 22
35 37 2
14 40 4
27 30 55
27 29 8
39 44 41
38 41 51
29 34 32
3 32 55
11 15 6
12 42 11
9 11 30
8 38 60
25 37 41
30 44 0
17 17 39
38 38 56
31 33 10
14 27 12
15 42 9
1 18 34
18 18 14
7 28 17
18 38 46
24 42 58
4 28 14
35 42 0
23 34 53
27 41 25
7 17 45
18 29 2
11 38 23
0 26 16
10 43 13
18 22 59
11 42 28
18 31 33
6 30 58
18 37 6
15 36 37
10 42 47
6 39 9
2 7 13
16 23 57
25 36 13
28 29 40
22 27 19
34 42 13
32 39 0
9 32 33
10 36 31
42 42 13
32 42 26
29 32 6
24 41 27
20 21 15
29 29 16
22 22 25
28 36 50
31 34 32
27 27 26
1 39 32
21 23 57
22 32 44
33 44 16
17 25 10
13 35 39
38 40 5
32 43 8
19 30 24
20 22 51
31 44 14
31 31 9
20 43 17
8 44 4
24 27 45
20 41 23
9 37 56
3 29 36
20 33 60
16 27 54
34 41 10
11 41 38
29 39 9
12 25 55
26 32 41
17 33 27
2 21 22
11 18 31
3 30 9
30 34 44
3 9 44
21 27 24
13 42 7
15 18 3
23 28 13
28 41 51
23 33 42
16 21 47
24 34 57
5 36 14
4 36 12
25 43 42
10 32 28
8 12 24
1 44 27
4 20 33
12 13 34
16 43 48
8 29 5
4 14 13
8 28 20
26 37 7
22 23 36
20 35 42
1 34 52
2 4 52
11 11 44
12 39 7
5 12 43
13 26 51
13 19 1
17 30 15
22 39 58
7 43 31
23 38 30
1 27 1
12 43 51
12 26 54
8 16 60
23 40 15
1 32 36
23 30 48
13 25 60
40 41 49
10 29 27
16 44 34
40 44 32
36 39 0
22 38 9
9 25 25
23 31 5
6 15 45
10 34 44
6 22 29
34 43 4
16 32 50
1 21 28
7 10 42
6 24 60
1 40 49
10 37 20
15 35 46
9 21 49
7 12 4
20 27 24
6 43 45
3 20 46
14 34 24
29 30 43
14 20 40
23 44 32
18 21 24
20 39 27
0 0 16
14 30 22
18 28 15
0 19 11
17 32 37
17 20 33
17 37 47
2 10 58
12 15 27
11 20 24
8 22 10
29 42 50
21 37 6
20 32 22
4 10 28
3 16 50
28 34 40
9 20 55
30 30 34
10 35 40
6 37 33
22 29 13
29 35 24
21 30 3
24 31 8
28 43 37
9 27 12
4 21 46
4 33 31
33 33 22
1 38 17
4 16 0
30 35 54
11 32 41
0 5 12
13 18 35
8 40 1
8 15 12
12 23 7
5 5 8
6 41 23
20 42 39
10 26 39
5 42 48
7 11 34
13 44 20
16 22 9
12 35 58
15 17 22
14 39 45
10 40 48
6 17 25
0 42 28
13 36 43
6 26 23
9 13 51
5 34 41
6 8 34
14 44 20
18 33 43
3 41 16
6 42 11
1 4 14
0 30 4
15 39 5
21 21 55
3 18 56
20 29 46
5 23 46
23 36 7
5 35 36
3 25 52
23 26 3
9 30 18
26 40 11
2 29 15
7 20 56
6 44 49
9 36 53
25 38 30
25 41 34
24 28 12
14 42 15
22 25 51
2 18 26
18 39 20
20 25 10
3 8 55
2 33 36
27 40 27
7 41 9
20 37 26
18 27 1
29 33 39
7 38 44
24 37 60
20 20 6
14 35 24
2 9 43
10 12 11
20 40 35
16 16 6
5 9 57
6 13 46
10 16 24
11 16 14
18 44 2
15 22 51
1 42 8
12 41 13
11 31 53
0 33 42
21 36 44
0 28 42
6 16 50
11 23 53
33 37 28
0 43 14
15 41 51
13 13 58
7 36 24
2 35 27
15 24 1
5 18 15
18 25 15
3 39 6
13 39 13
4 4 25
9 35 2
14 24 25
21 38 51
11 30 13
1 5 7
14 41 3
8 17 3
10 20 5
6 19 17
3 26 24
4 31 39
5 28 22
22 41 13
28 44 2
24 33 23
16 18 40
0 11 38
13 32 45
18 26 55
7 33 2
11 43 36
19 40 11
3 44 29
6 27 54
16 31 49
0 17 51
5 26 7
25 34 57
19 25 22
1 23 42
4 13 28
14 25 21
16 35 56
32 36 17
33 38 10
6 7 52
20 26 28
27 28 44
6 35 48
5 19 35
7 24 57
19 44 1
11 19 30
9 19 54
27 37 26
26 27 24
4 7 16
0 24 60
5 15 13
2 41 48
12 44 13
1 1 43
24 32 44
31 40 58
3 35 37
9 44 44
22 34 25
19 24 35
5 13 13
8 34 56
25 27 58
7 14 28
0 16 41
9 34 43
28 35 24
28 42 43
6 33 32
19 42 11
3 19 1
24 29 5
22 42 8
23 23 9
29 44 46
22 43 43
5 44 57
20 28 32
8 42 9
5 11 21
1 6 46
2 3 11
3 21 49
21 22 60
34 35 11
16 28 37
2 37 24
9 38 22
1 29 7
4 38 8
27 44 16
0 32 19
15 23 39
7 35 3
11 33 9
10 18 4
7 16 48
1 33 34
8 37 50
11 13 42
14 37 30
36 36 52
27 31 8
4 27 54
16 38 0
12 19 54
8 36 54
8 23 30
20 24 59
15 37 11
2 6 34
4 9 19
29 38 46
2 17 21
10 14 10
6 25 47
10 39 50
17 36 34
6 34 58
1 36 60
8 18 60
32 34 23
26 39 35
10 22 49
0 39 38
14 38 10
20 30 12
31 41 15
3 5 35
5 17 13
4 44 37
1 25 35
0 2 16
5 8 8
35 38 60
17 21 50
0 10 19
15 34 18
0 13 37
20 38 4
3 14 14
3 36 58
13 34 13
2 13 57
11 22 25
13 28 56
16 33 16
5 14 16
8 32 40
26 29 39
26 38 32
7 21 24
28 38 7
19 29 14
1 13 26
21 40 15
4 19 34
5 33 36
2 28 9
10 28 33
8 43 17
10 27 51
20 23 37
11 21 6
13 27 59
2 40 7
6 32 45
14 29 6
10 44 2
16 29 43
18 19 55
6 14 8
11 28 31
11 40 58
11 36 54
24 40 20
2 43 43
9 14 33
4 5 46
9 24 42
16 37 46
19 36 16
24 24 13
0 14 45
4 42 31
1 43 32
2 32 50
26 34 48
2 38 30
15 27 0
13 17 33
5 6 19
12 17 7
22 31 46
1 35 5
2 20 37
0 29 0
19 21 0
4 25 2
21 42 14
10 19 29
7 39 2
24 26 9
0 8 31
13 41 45
8 31 18
0 38 9
13 22 36
13 16 7
3 23 37
17 24 45
5 20 8
15 25 19
7 27 25
1 14 32
12 33 33
7 40 21
9 31 5
3 40 39
6 21 24
10 41 4
2 22 45
15 43 41
10 17 59
18 24 38
8 10 44
25 28 5
9 28 25
12 30 4
2 34 28
8 11 15
9 39 60
7 30 46
15 44 55
3 4 33
1 17 8
15 31 47
8 27 17
19 34 45
9 12 48
20 34 0
15 38 2
6 28 17
21 35 36
14 19 17
0 23 1
28 31 19
2 30 32
14 31 18
6 9 8
16 42 0
9 42 39
18 36 33
13 43 54
9 18 14
5 24 0
17 27 14
7 7 30
9 17 51
2 31 8
3 27 28
7 31 35
4 11 24
23 41 0
10 24 4
