110 5445
160
159
103
132
194
182
111
192
190
125
196
136
184
181
153
109
132
163
169
132
113
176
135
155
199
120
177
137
189
199
189
145
149
192
137
177
130
114
168
178
120
145
108
138
154
192
163
133
120
182
181
196
154
144
131
175
139
141
167
111
137
153
174
130
124
108
142
121
166
137
107
146
148
133
158
192
132
172
194
177
155
187
185
192
187
130
156
115
171
148
108
152
105
165
148
145
139
158
134
113
158
167
143
179
197
100
140
136
130
128
0 1 54
1 2 32
0 3 18
2 4 48
1 5 11
3 6 42
6 7 56
0 8 58
1 9 4
3 10 36
4 11 49
6 12 26
11 13 54
4 14 48
12 15 7
2 16 50
14 17 2
14 18 18
18 19 31
6 20 27
15 21 11
9 22 19
4 23 43
17 24 55
12 25 8
4 26 31
7 27 52
11 28 34
16 29 31
8 30 58
9 31 48
28 32 56
6 33 54
28 34 25
30 35 60
30 36 22
12 37 20
23 38 5
4 39 17
30 40 57
16 41 43
16 42 36
29 43 38
40 44 23
0 45 25
27 46 57
42 47 41
16 48 53
36 49 31
49 50 34
32 51 1
42 52 47
40 53 6
29 54 0
24 55 10
34 56 28
37 57 30
14 58 32
57 59 52
14 60 16
52 61 5
47 62 42
32 63 0
55 64 15
59 65 6
48 66 37
44 67 58
60 68 1
40 69 49
15 70 36
58 71 59
31 72 45
43 73 8
59 74 47
1 75 37
57 76 8
70 77 38
40 78 53
59 79 8
46 80 0
64 81 4
58 82 14
23 83 11
17 84 9
68 85 44
76 86 28
51 87 27
57 88 5
30 89 59
52 90 55
56 91 7
12 92 23
46 93 21
52 94 11
75 95 38
93 96 27
4 97 39
49 98 41
38 99 8
85 100 25
63 101 4
77 102 43
93 103 18
94 104 45
52 105 13
53 106 56
6 107 30
95 108 12
98 109 4
93 98 24
87 88 29
92 101 11
81 107 57
87 104 33
102 103 60
86 97 57
107 107 49
53 104 19
56 89 2
80 93 28
107 109 2
12 43 18
89 104 28
19 41 30
103 106 33
69 106 50
100 105 30
16 97 2
23 103 27
80 92 24
69 90 33
40 98 49
34 75 14
27 89 49
96 105 59
85 98 14
12 58 20
105 108 12
64 84 56
75 80 9
53 61 30
82 109 33
79 89 59
54 106 57
11 30 36
107 108 44
20 34 17
67 88 53
30 99 4
23 65 46
31 59 42
106 107 29
22 34 22
75 93 45
33 33 18
23 68 31
73 103 51
101 102 41
22 87 44
106 106 58
24 33 17
49 101 24
36 84 43
28 108 35
29 30 8
63 68 40
51 63 32
27 96 49
28 106 55
7 16 32
61 92 2
35 83 38
53 57 16
26 64 5
97 107 45
8 79 47
1 27 12
92 99 41
49 49 19
32 84 16
54 80 9
78 96 46
6 93 16
6 17 12
41 54 27
6 66 28
108 109 43
5 87 56
52 60 7
106 108 39
29 106 16
74 87 42
3 83 4
52 76 3
87 103 39
95 100 8
35 64 19
50 63 48
37 42 30
48 48 58
65 68 24
90 93 27
29 53 59
12 55 42
95 95 49
101 103 10
35 57 32
17 19 0
9 69 46
11 37 22
98 106 31
37 61 7
76 89 27
79 92 11
61 101 35
43 49 10
38 38 34
39 98 6
50 82 0
61 70 40
89 99 42
73 76 12
17 78 23
52 99 55
77 107 24
22 47 49
17 17 46
71 89 13
27 78 45
30 83 23
7 20 6
65 71 23
33 86 24
79 86 10
91 104 37
40 97 13
44 73 58
66 100 30
81 82 2
14 38 50
58 65 12
25 87 4
100 106 1
86 86 46
57 80 6
50 89 32
10 34 48
33 100 24
72 95 11
85 86 23
103 103 14
9 28 36
47 56 1
19 81 36
48 63 50
43 69 20
28 98 49
57 96 54
91 101 22
91 107 34
9 44 43
85 94 21
32 70 11
45 103 46
84 96 8
58 109 31
7 35 48
58 62 19
26 61 15
105 105 29
40 61 1
102 102 41
77 89 34
18 67 17
47 94 23
62 101 41
85 108 54
62 83 16
65 105 58
96 104 49
1 53 44
33 79 25
15 109 6
60 84 19
91 94 36
26 100 0
0 109 8
72 75 13
90 100 43
94 96 60
68 99 18
77 88 57
38 94 1
70 91 18
90 108 27
11 84 49
12 53 60
43 83 38
61 66 19
73 107 19
42 103 38
43 88 55
18 46 32
47 89 45
45 52 44
45 95 26
96 108 20
51 97 58
66 98 53
32 107 1
1 10 36
36 102 12
10 90 38
18 66 60
26 101 15
68 79 11
56 73 2
13 30 32
17 100 45
1 74 50
19 99 58
53 60 8
17 72 14
32 79 46
41 95 8
52 65 12
61 108 14
82 100 11
20 100 5
44 61 25
81 93 44
18 99 19
63 104 0
102 107 43
104 104 28
18 36 37
52 56 39
26 63 15
16 98 28
95 105 40
5 107 15
33 67 39
75 76 14
103 109 26
33 82 4
58 64 41
16 22 50
41 69 50
72 99 53
61 109 49
44 64 45
41 72 9
97 100 45
80 83 30
19 67 31
99 107 26
82 82 19
64 91 19
77 83 16
5 22 27
92 94 22
68 81 4
73 82 57
38 39 6
27 69 21
25 96 54
78 92 24
72 109 41
10 79 29
106 109 29
68 104 24
14 22 25
83 88 0
90 99 53
30 44 44
7 73 16
34 83 40
19 103 4
32 82 41
94 108 50
61 82 47
14 92 37
58 89 18
29 100 24
62 69 39
80 80 49
14 89 30
76 80 50
42 64 41
15 105 17
46 108 6
40 65 5
35 43 54
34 88 59
87 99 16
50 103 57
68 88 39
18 97 15
83 89 10
83 91 33
29 77 9
99 102 2
15 104 60
55 74 2
71 108 23
22 78 48
9 81 53
101 101 14
62 104 2
65 102 12
72 72 42
23 85 59
30 82 60
66 103 37
105 109 39
83 106 2
97 97 50
60 109 5
42 85 40
24 101 12
100 102 0
52 109 18
67 105 25
41 104 12
68 96 41
49 72 38
61 80 51
60 72 58
9 53 15
14 21 52
12 80 54
48 78 22
8 72 27
32 71 0
39 62 22
68 103 9
59 96 39
55 57 47
21 76 45
64 72 10
11 49 7
34 50 8
94 98 21
82 94 36
91 96 21
35 44 4
93 101 59
37 41 37
92 106 11
22 80 36
85 92 41
57 108 15
39 75 29
87 98 47
69 83 54
92 96 18
8 12 23
73 74 21
38 45 26
67 78 34
84 104 37
19 97 52
78 90 6
86 102 19
42 45 56
9 24 60
33 98 17
102 105 57
79 101 59
96 97 55
97 109 3
28 81 9
35 87 39
76 76 34
89 106 43
27 109 4
58 81 14
103 107 43
42 48 22
65 69 18
30 85 59
41 42 53
27 61 33
79 82 36
88 96 43
88 104 10
77 77 0
0 47 29
52 107 12
78 91 47
58 70 45
53 103 46
80 89 10
20 46 23
17 86 35
43 44 7
40 46 48
104 109 30
84 86 58
41 102 19
70 80 51
46 76 60
40 88 33
58 78 0
71 107 0
1 66 56
82 107 5
68 68 42
86 99 28
0 35 38
44 50 46
32 60 9
19 64 53
10 65 57
65 89 1
36 90 59
62 100 30
78 100 53
99 99 2
85 89 51
27 84 30
44 86 55
90 103 23
2 98 59
76 88 55
61 81 32
67 81 9
67 107 37
79 91 7
100 104 31
100 103 42
73 75 9
32 57 60
38 51 51
67 104 30
55 77 45
41 88 59
53 54 22
98 102 16
83 96 59
45 109 21
13 48 11
22 70 16
2 15 28
39 94 34
37 43 59
88 91 5
46 95 38
84 85 49
46 85 43
27 107 16
71 98 48
83 100 8
13 66 12
100 107 45
53 62 45
6 68 27
87 95 25
66 67 51
69 81 51
65 66 25
81 109 27
24 32 20
65 100 54
85 101 34
48 98 1
59 85 52
56 79 23
84 106 34
56 96 31
78 98 43
87 109 25
36 58 14
88 102 46
82 99 28
19 45 11
32 65 42
53 58 5
95 99 30
64 108 49
69 104 21
49 60 33
50 93 37
57 101 60
17 83 50
21 46 28
28 43 30
40 99 0
24 73 25
52 55 54
7 105 19
52 98 32
88 109 58
49 96 56
19 106 17
78 87 23
33 40 50
22 62 24
89 107 28
75 86 55
64 65 30
11 106 60
91 95 8
8 90 34
12 91 0
54 105 33
72 84 8
39 69 16
6 106 36
22 50 9
77 84 45
34 45 57
42 65 36
77 100 10
89 108 19
83 90 29
62 67 22
10 60 30
2 83 40
66 102 60
34 102 50
43 63 30
46 78 12
22 102 44
23 98 17
33 106 21
37 100 3
94 95 53
13 106 41
66 101 42
45 71 19
1 24 3
5 21 24
31 48 7
87 106 19
40 55 44
8 28 26
108 108 34
55 101 28
44 55 17
74 96 6
46 66 51
59 73 25
97 105 37
99 103 35
11 38 9
64 99 42
68 106 10
42 101 59
10 62 33
30 49 28
17 74 57
21 26 44
80 98 7
5 67 46
67 80 46
36 56 58
58 96 15
55 66 39
55 82 36
45 72 60
92 102 21
57 102 55
98 101 3
41 99 47
25 83 40
9 51 13
97 104 30
80 87 40
76 81 56
29 37 3
10 41 34
95 96 51
96 96 20
49 70 11
20 53 18
60 76 37
37 73 36
59 67 6
58 66 44
40 66 39
105 107 22
34 105 9
8 52 46
14 27 22
60 86 38
67 85 5
48 85 1
8 53 37
2 89 52
4 15 53
76 87 60
30 50 37
4 47 56
36 71 36
19 74 42
43 70 3
102 104 58
71 81 31
23 102 47
49 94 36
23 75 29
54 65 33
80 85 11
70 98 55
41 82 59
53 97 33
72 94 1
13 28 40
73 96 16
9 99 50
39 79 1
69 109 57
89 91 51
9 61 13
48 84 60
78 86 5
54 91 4
57 65 43
91 108 22
22 36 5
26 26 56
2 65 30
99 109 9
12 17 12
50 61 28
4 102 34
26 43 28
5 59 5
33 42 30
71 75 27
65 103 60
99 106 51
21 80 27
29 85 60
2 85 60
18 84 37
11 86 39
15 102 27
31 58 31
83 86 17
35 81 13
27 28 28
89 101 16
26 85 9
2 77 38
104 106 11
10 83 30
16 101 32
15 73 26
75 82 10
101 105 22
88 89 41
32 47 42
11 64 58
101 109 21
38 55 60
66 75 36
50 51 42
86 108 22
23 60 60
41 44 30
94 102 50
96 101 11
91 100 57
9 49 0
72 96 11
42 104 36
21 45 2
36 85 30
74 85 23
21 48 13
67 68 48
90 105 29
41 61 18
11 68 47
9 75 55
87 108 56
96 103 25
34 107 30
74 82 49
84 91 60
89 100 60
85 97 50
51 60 0
43 98 54
8 88 32
46 50 55
7 41 13
4 18 18
42 93 0
65 83 41
50 98 34
13 52 18
22 55 56
27 35 45
8 42 51
37 59 31
23 43 53
60 85 30
14 43 20
74 94 49
104 108 33
8 11 16
63 90 24
72 74 46
22 103 38
103 104 18
81 105 8
82 97 41
16 105 8
19 101 15
98 99 56
51 74 50
99 105 38
8 45 30
95 104 10
6 103 16
69 86 60
87 96 53
45 49 39
12 99 9
15 58 46
102 109 52
6 10 5
32 72 15
68 105 7
82 93 32
21 69 32
31 32 59
52 96 3
36 100 1
38 68 16
18 39 51
75 98 23
43 56 22
58 68 1
3 107 58
20 54 13
62 82 45
25 97 40
28 92 9
29 33 14
5 77 12
59 92 40
94 105 52
69 77 55
46 79 1
11 73 53
11 15 41
88 88 3
37 58 20
83 105 2
7 56 35
27 37 43
56 64 4
72 87 24
47 104 60
2 99 27
75 107 13
23 91 32
20 105 28
36 77 0
36 105 29
63 85 16
93 106 57
66 104 0
39 90 57
9 76 21
2 67 32
61 90 14
3 94 4
76 92 27
6 55 48
89 89 50
42 57 21
104 107 40
58 63 57
11 97 7
57 103 31
30 105 50
16 65 18
98 105 37
36 98 39
50 91 59
36 59 40
16 71 50
8 108 20
1 86 55
66 93 28
52 85 17
74 108 8
6 43 36
91 106 41
40 96 9
41 101 7
39 67 32
91 105 48
20 43 36
62 88 54
66 109 41
69 70 56
2 75 25
54 107 20
44 103 3
9 46 7
69 74 21
77 104 35
85 104 18
36 106 19
64 90 59
38 104 45
3 67 27
3 74 0
88 90 14
74 102 0
41 60 49
92 103 50
64 67 28
15 71 55
22 74 51
46 60 35
11 105 18
15 53 41
5 29 40
26 75 50
21 91 28
23 25 6
91 93 56
43 95 12
28 82 33
41 52 27
63 92 44
80 102 51
98 98 26
41 103 35
13 98 38
35 109 35
2 70 45
88 97 54
61 76 2
17 92 1
17 65 1
10 35 15
16 96 9
27 72 6
103 105 2
77 91 48
74 84 33
38 56 35
34 103 21
8 56 14
14 80 0
18 56 20
79 85 31
59 87 44
20 47 28
37 48 41
64 106 60
104 105 39
4 74 16
37 96 34
86 96 32
73 97 17
74 106 19
14 46 24
7 58 42
64 94 45
97 103 31
15 98 18
59 91 35
25 85 50
8 17 23
73 99 60
29 74 37
83 85 23
80 107 13
25 101 44
62 78 59
27 82 46
88 100 4
40 103 11
91 97 58
22 44 5
89 102 59
90 95 11
27 62 8
13 74 42
101 107 44
97 108 39
17 106 55
39 100 42
8 61 13
102 108 14
55 85 8
45 55 47
30 106 5
95 97 52
9 71 48
8 97 34
50 66 50
13 102 40
33 74 21
13 101 12
57 97 4
70 72 38
55 81 38
33 97 26
71 94 1
37 87 48
15 86 52
89 98 31
65 108 15
62 89 3
5 39 46
46 63 25
36 104 57
86 93 18
98 103 14
78 81 9
4 89 38
55 59 54
85 93 11
24 45 21
71 83 35
21 34 35
51 108 46
44 81 47
97 106 54
36 89 47
45 104 14
86 91 19
44 72 8
101 108 32
11 109 38
10 64 24
62 73 43
39 61 36
65 84 2
39 39 23
11 77 8
50 84 12
66 78 59
33 96 23
34 77 55
52 68 36
79 98 45
31 69 15
15 80 51
82 92 24
65 94 58
68 75 13
93 95 32
76 96 1
63 96 39
10 21 22
93 107 42
57 68 11
89 95 21
7 65 47
17 59 24
64 87 6
46 102 18
0 76 29
9 41 2
32 100 54
41 50 45
100 108 48
53 101 16
44 99 45
64 64 34
51 70 35
44 89 35
71 78 4
105 106 8
7 68 9
29 36 54
33 76 27
2 51 50
80 109 6
14 35 2
63 82 43
25 60 7
6 73 14
55 102 38
33 46 48
8 77 28
6 56 23
40 83 31
34 93 32
50 69 22
18 100 47
34 71 19
64 88 20
13 55 53
39 78 55
56 105 17
17 48 47
0 7 12
48 75 18
67 69 40
31 85 45
3 20 3
24 97 31
61 99 1
26 105 52
12 14 32
34 108 46
16 26 25
64 104 43
50 105 37
41 57 43
47 53 9
61 72 10
10 99 20
70 75 37
75 91 36
58 92 28
6 18 44
33 87 48
33 93 52
27 39 17
17 37 21
15 60 23
55 108 39
8 40 38
59 66 53
34 78 44
1 42 30
9 33 28
48 70 31
66 87 53
69 96 12
44 79 29
48 72 52
53 53 59
97 101 28
39 77 35
18 76 33
72 108 20
15 22 44
53 90 9
60 67 17
71 101 14
70 90 8
90 107 11
46 69 18
81 91 27
70 102 35
15 29 37
71 73 37
59 95 13
58 80 12
51 77 21
51 52 31
6 80 50
8 15 25
58 85 39
75 103 26
22 108 50
2 45 8
1 31 36
52 88 53
31 56 4
73 98 36
58 91 31
101 104 2
31 35 3
65 97 28
58 105 46
40 41 44
70 89 46
79 96 51
11 93 18
9 50 18
13 25 55
75 83 4
102 106 43
75 97 42
84 102 50
73 89 13
2 17 56
9 102 12
0 50 54
24 92 1
10 92 28
19 26 13
21 27 27
77 87 48
17 33 55
24 90 59
49 58 37
51 106 55
24 82 49
70 94 46
11 100 44
10 29 32
16 53 31
27 101 60
17 66 36
57 107 51
38 57 35
28 88 53
20 24 36
20 71 33
38 70 11
29 67 10
34 64 15
52 74 15
15 68 10
36 68 57
65 106 1
10 30 55
65 96 18
15 99 0
68 91 21
75 101 44
48 99 45
58 60 2
50 86 56
59 75 43
34 36 35
96 100 3
18 72 6
2 19 13
70 103 38
51 95 56
60 92 59
83 93 0
15 15 24
0 9 58
87 93 15
63 100 25
31 53 35
18 45 7
68 84 12
4 12 26
33 63 44
17 55 17
10 106 24
34 57 9
51 73 5
15 42 58
70 100 43
14 55 44
0 13 19
59 81 47
74 92 25
38 83 9
79 106 23
23 59 42
74 100 30
4 65 33
36 87 12
82 101 10
20 98 34
88 105 60
56 71 38
22 57 12
60 100 14
91 109 51
5 19 30
47 101 24
33 84 26
19 34 37
24 42 59
47 80 28
16 21 41
57 98 28
60 74 0
44 80 47
73 92 49
28 36 40
69 69 6
42 96 15
4 63 46
38 102 17
84 109 17
6 28 8
75 79 38
34 101 58
2 43 41
88 93 14
10 23 11
29 45 17
50 80 52
43 64 41
43 84 49
40 91 17
28 79 14
36 54 35
72 107 21
13 86 56
48 73 53
15 106 48
77 97 16
47 108 0
66 69 48
101 106 35
76 95 34
59 108 0
39 81 40
38 84 9
17 76 41
65 93 16
7 109 22
95 107 17
52 82 54
68 74 11
52 54 15
89 96 2
41 94 45
62 106 5
61 88 37
78 84 60
2 97 23
60 82 35
19 50 24
29 76 30
37 65 31
17 80 12
28 89 38
26 27 51
79 93 12
17 67 42
23 50 41
20 82 42
2 7 14
25 91 11
84 101 7
26 51 38
29 51 27
1 20 25
57 81 39
42 78 40
47 49 26
67 73 8
52 100 25
65 99 10
90 104 6
82 104 6
84 84 10
1 73 52
54 95 5
20 56 23
59 103 12
4 44 57
61 69 2
60 89 20
37 92 39
56 103 25
53 86 24
73 91 60
66 94 37
25 31 40
32 93 54
1 92 60
50 108 16
54 62 13
43 93 22
92 97 34
61 104 43
89 93 15
48 107 20
31 103 11
15 103 37
22 85 10
31 101 24
30 109 39
0 105 5
18 62 48
19 69 51
89 90 44
26 40 36
44 57 23
63 80 14
53 102 39
69 75 16
6 22 14
63 75 56
75 92 5
87 87 20
66 88 56
21 21 31
10 93 46
4 76 4
66 99 24
80 99 47
34 84 49
13 65 52
43 101 57
98 107 40
71 103 34
25 104 20
63 94 27
64 78 23
86 101 20
14 19 37
49 63 56
50 77 44
14 108 12
12 104 19
93 102 53
62 94 58
43 109 57
63 81 48
38 96 4
70 96 17
6 71 17
20 87 20
12 65 19
46 47 53
35 89 11
82 105 52
8 78 14
78 79 57
86 90 5
46 106 27
28 78 39
6 29 44
96 102 32
84 103 4
74 101 15
61 94 45
14 66 46
1 54 21
63 73 47
48 57 47
52 63 4
24 43 17
16 102 29
82 83 22
35 92 25
14 20 6
85 91 41
25 102 59
24 93 1
63 89 26
19 28 14
52 103 27
72 101 57
46 51 23
27 29 37
7 28 16
71 91 60
16 72 0
63 67 41
16 99 37
36 101 5
82 95 54
61 67 30
16 16 56
25 74 1
66 79 14
73 108 17
95 106 4
55 87 5
18 106 12
68 87 26
78 97 51
48 65 59
5 20 1
49 83 60
29 89 46
61 89 24
34 51 17
52 93 1
45 67 27
49 91 10
41 46 50
5 99 44
58 75 49
84 92 8
16 66 48
50 97 47
52 80 38
41 41 50
33 72 11
61 78 30
9 19 33
41 73 31
5 17 32
1 41 23
7 108 56
96 107 9
53 92 18
7 62 21
74 74 35
31 37 18
81 95 52
37 52 34
53 77 49
51 78 17
44 63 21
63 78 11
83 95 40
19 90 11
85 87 8
44 102 53
1 11 32
32 38 60
2 34 26
44 47 25
56 70 60
90 94 8
3 97 50
26 77 3
70 76 19
59 99 24
65 72 28
50 78 51
51 92 19
30 73 15
57 95 20
29 42 38
62 75 57
14 73 46
42 102 36
47 83 53
64 66 43
5 32 20
14 45 36
54 70 26
41 87 0
1 19 20
66 70 29
9 23 14
75 89 56
12 63 10
90 106 34
22 91 42
36 67 53
70 82 5
29 75 45
20 104 50
29 84 39
0 40 7
53 69 29
84 108 29
73 101 13
15 64 51
35 86 47
18 88 49
77 109 48
59 72 50
13 85 56
27 71 19
43 89 17
7 78 27
24 34 30
15 49 44
18 105 51
84 93 28
1 8 3
16 69 31
79 109 33
21 98 58
95 103 50
21 36 18
86 94 21
27 90 37
8 84 28
16 67 4
76 109 17
23 27 53
50 87 36
58 98 17
36 108 25
73 85 39
34 47 10
62 99 47
56 60 25
11 79 24
40 108 59
75 106 6
45 68 21
74 95 12
103 108 4
34 86 0
18 35 5
2 91 15
45 46 60
59 102 36
39 92 28
100 100 15
57 71 45
25 73 25
21 35 23
6 109 44
15 107 10
99 104 14
18 93 0
0 6 12
24 85 13
55 86 43
50 73 57
27 50 26
29 65 10
37 107 16
84 100 11
82 85 45
6 19 46
18 31 14
6 23 33
55 71 51
32 69 30
28 64 1
55 55 29
0 53 39
29 39 3
62 95 30
75 75 19
76 108 4
27 100 57
89 105 16
48 64 59
60 62 58
5 36 58
52 67 60
40 77 16
49 88 25
41 68 38
21 66 9
24 89 21
32 52 28
87 89 39
49 85 3
49 102 35
57 60 42
43 81 24
75 81 12
1 70 28
84 107 31
25 33 39
88 92 32
60 97 9
27 63 54
79 103 57
34 46 11
72 81 42
39 104 26
98 108 14
11 42 40
57 74 41
43 106 12
10 25 53
94 107 18
76 102 40
5 103 58
47 96 51
27 98 45
70 106 51
74 81 27
83 107 45
7 69 41
88 108 26
12 36 9
10 47 2
17 71 60
56 57 55
42 95 18
0 22 34
55 100 42
0 26 37
71 72 24
6 62 51
51 85 4
13 29 15
67 96 55
6 52 18
18 48 52
44 84 47
34 65 23
67 100 16
2 66 57
53 94 27
82 89 15
69 91 51
75 105 53
42 106 55
99 100 24
77 108 58
17 57 55
24 80 50
88 101 11
0 43 37
34 74 8
23 29 59
73 93 9
35 62 18
65 91 19
69 82 38
0 30 55
49 76 38
90 109 47
34 97 39
94 97 10
14 81 46
13 104 22
35 93 48
0 69 49
21 70 25
25 68 13
55 65 22
83 108 23
24 61 60
56 68 5
48 52 25
39 60 54
12 93 31
41 77 4
93 93 9
23 77 36
55 68 47
38 100 18
11 46 13
11 96 9
14 62 52
23 94 58
17 102 45
71 82 33
22 29 25
19 95 2
88 99 4
17 51 43
14 109 47
39 64 46
46 109 8
36 53 50
10 11 7
34 55 5
33 51 41
89 103 46
81 98 33
51 79 8
16 40 33
18 70 7
61 68 11
78 83 34
31 90 9
56 81 42
67 99 42
9 11 58
72 100 2
73 79 16
22 88 51
50 64 35
11 36 29
7 61 56
76 99 21
24 88 58
59 71 16
40 62 23
21 39 21
27 40 12
17 99 38
60 88 0
40 104 41
6 42 11
40 68 45
4 51 27
46 100 12
14 63 15
18 95 16
34 100 23
40 54 28
74 89 33
96 99 1
44 58 0
62 72 5
66 105 37
15 50 59
93 97 17
51 67 31
19 29 13
48 54 60
8 31 36
39 88 58
5 82 17
44 108 50
49 80 1
60 107 20
39 59 36
85 99 42
15 54 2
52 106 51
37 84 12
96 106 8
22 82 58
57 84 14
0 61 36
64 77 42
18 25 20
0 91 7
43 61 20
68 82 37
39 71 6
56 86 21
79 97 21
17 38 38
4 8 34
30 34 33
12 75 50
34 80 19
30 78 34
24 99 37
46 92 29
43 65 19
80 108 6
83 103 35
66 95 15
88 98 37
3 16 45
90 96 41
3 59 60
2 23 2
95 109 15
23 36 3
90 92 13
19 31 52
42 44 37
20 91 56
15 82 33
76 94 26
70 78 31
1 30 47
16 44 24
21 100 0
0 86 27
22 100 17
47 69 60
55 88 26
78 102 60
41 90 59
37 56 36
67 93 4
18 24 8
34 106 51
47 68 52
50 72 41
2 30 9
17 85 50
45 58 22
57 67 23
63 70 40
18 90 37
76 106 51
92 100 36
71 92 49
40 43 52
26 108 43
83 102 4
53 82 4
69 94 18
30 84 43
24 56 38
42 51 2
14 54 19
61 71 33
16 31 29
47 99 7
42 83 60
86 88 24
53 109 11
59 84 37
18 21 5
37 98 18
72 97 38
70 93 60
70 107 4
21 44 49
12 52 10
84 97 11
30 96 28
74 76 27
26 67 4
84 88 3
71 80 52
6 31 43
14 59 33
33 50 55
1 57 8
4 77 45
79 81 55
4 59 15
19 77 54
37 109 45
57 64 57
2 106 54
82 86 31
19 76 35
13 59 15
72 73 42
37 78 43
8 91 13
43 108 7
21 102 54
5 76 60
63 84 35
2 25 17
16 38 6
84 98 41
10 105 14
83 84 32
33 59 36
14 82 0
19 46 59
53 100 38
22 64 14
7 13 57
42 46 22
51 76 43
8 71 56
19 107 45
17 62 60
17 52 51
6 64 38
13 46 32
32 56 41
19 80 55
80 106 8
21 61 44
6 44 38
28 54 39
24 35 55
61 86 17
3 11 27
2 28 34
36 86 25
18 42 32
69 95 22
59 109 21
14 104 17
53 95 44
5 68 14
65 109 31
45 102 42
75 104 4
4 31 27
26 62 40
12 24 25
81 106 29
67 84 41
1 12 50
10 10 21
80 94 45
67 91 0
54 100 31
100 109 12
19 39 24
83 87 49
67 70 54
11 27 42
59 86 57
19 87 57
39 55 16
60 71 19
52 92 47
49 106 44
9 17 3
73 105 5
3 98 37
29 96 58
38 50 4
16 54 38
39 52 16
81 87 33
13 82 9
74 91 7
70 74 10
48 105 8
22 53 36
10 22 46
3 17 37
40 52 24
93 108 21
18 81 25
35 95 13
45 81 45
15 91 49
90 90 23
56 78 9
90 98 27
8 86 50
17 93 45
64 95 43
3 61 48
66 83 50
22 98 5
14 49 48
64 86 49
38 101 2
80 86 11
92 108 6
38 90 51
48 103 52
34 82 14
17 90 1
13 94 52
4 68 41
4 107 1
46 68 55
53 63 25
30 39 43
60 106 53
22 31 6
11 57 18
82 103 8
39 106 8
3 86 23
56 66 44
65 81 23
54 74 12
82 108 58
14 31 18
42 88 47
2 49 19
52 64 57
32 77 40
33 58 18
36 42 59
72 76 54
58 77 41
51 99 20
2 72 59
13 73 36
89 109 19
38 77 2
14 37 40
86 104 26
6 49 38
72 91 8
54 82 56
79 83 31
44 65 57
56 90 59
79 99 0
26 35 43
67 79 56
17 50 14
85 102 33
32 43 12
24 76 18
0 20 30
81 108 55
48 69 56
51 91 28
20 59 45
46 62 0
23 96 56
83 104 57
94 103 2
41 62 46
11 40 24
2 12 27
41 109 14
57 87 6
5 101 1
53 59 42
9 94 55
31 46 39
94 100 55
89 92 40
4 75 24
55 103 53
41 64 13
45 85 49
2 82 16
25 76 0
61 91 56
50 88 51
26 30 5
51 55 56
10 32 26
13 35 52
24 104 46
81 88 39
2 78 50
1 77 58
38 47 12
67 106 43
37 51 11
44 88 50
42 42 30
23 87 17
90 101 4
23 53 34
50 62 44
0 77 35
34 35 0
10 81 14
70 109 3
4 28 43
84 90 53
13 21 24
14 96 31
64 74 15
20 62 16
46 103 44
67 87 14
1 87 31
38 62 16
26 68 51
85 88 7
29 56 29
12 94 9
49 103 1
22 93 24
17 60 13
8 13 53
27 79 21
55 98 50
23 89 34
0 79 19
49 59 19
22 28 1
5 109 5
51 75 57
14 28 29
86 100 34
45 77 51
28 105 22
81 92 7
78 94 34
30 38 27
22 97 13
8 18 45
57 100 56
80 95 50
41 79 52
69 87 49
63 105 23
0 95 16
1 103 15
45 98 54
13 105 49
91 103 40
44 77 38
50 106 37
18 82 15
26 107 26
66 80 2
0 71 46
48 91 22
21 73 37
68 90 51
60 104 50
48 106 12
10 103 48
98 104 36
56 100 56
86 98 39
81 101 23
69 72 57
41 59 26
13 13 20
60 96 41
58 73 55
43 103 16
50 60 34
77 99 60
4 20 30
21 93 16
22 92 40
72 98 32
59 80 17
43 94 31
41 85 59
8 69 34
13 103 24
62 97 13
67 101 0
25 92 27
51 94 35
5 91 29
80 101 36
31 108 45
79 102 16
79 80 38
54 84 41
91 99 48
79 90 3
35 77 32
25 40 32
49 81 21
100 101 5
7 95 41
32 40 15
45 89 14
93 104 32
32 101 17
65 101 4
13 76 41
48 62 2
32 44 50
57 104 48
55 60 36
47 48 11
9 35 12
50 56 55
47 106 45
11 82 3
87 100 34
83 94 12
26 52 12
60 102 60
2 95 7
30 57 48
71 77 39
72 82 20
55 94 24
92 95 59
92 104 18
48 71 57
22 59 56
39 42 16
24 63 45
65 70 4
81 97 15
2 42 4
58 101 16
92 107 10
4 13 34
86 105 51
81 94 8
85 107 50
41 58 56
79 87 41
71 76 34
34 38 28
78 109 16
70 87 46
8 39 3
54 68 47
52 66 31
18 26 52
12 32 26
31 97 30
35 75 9
20 52 26
34 96 45
38 91 4
0 65 18
23 71 32
45 62 51
26 73 19
58 59 57
21 103 39
74 88 22
28 69 54
72 104 39
40 85 38
44 68 43
45 65 32
25 69 23
33 65 40
15 39 29
45 53 51
18 32 54
76 85 14
48 77 23
16 60 29
61 100 53
76 79 22
26 39 41
21 85 60
87 92 54
21 37 26
22 95 17
6 84 1
77 79 23
14 75 20
44 60 43
21 63 32
42 80 44
71 96 6
32 80 51
49 68 23
24 48 13
23 79 11
30 69 20
5 94 7
14 94 1
8 83 9
44 46 51
4 83 37
71 93 26
71 79 0
26 37 4
61 65 34
30 32 2
68 76 24
23 92 51
38 63 55
21 107 12
60 60 1
74 86 44
13 72 39
92 98 14
87 90 52
23 107 10
86 109 29
68 83 39
23 82 49
48 95 2
35 35 0
2 69 38
29 47 40
18 38 40
28 96 21
11 23 48
27 57 44
46 61 7
24 36 25
54 93 28
17 44 10
57 66 16
1 106 60
35 61 32
6 70 23
11 108 15
32 78 11
19 93 11
47 54 1
80 88 14
27 47 9
49 104 33
97 102 60
19 71 20
35 69 40
49 66 44
87 94 48
8 55 3
20 60 56
56 92 29
26 96 23
16 106 38
4 91 31
36 62 49
37 81 36
82 84 19
43 55 49
9 65 24
57 90 48
73 106 19
47 60 26
4 33 11
11 33 57
19 100 33
43 76 45
18 92 42
25 38 49
11 87 37
48 61 14
35 76 60
19 60 57
20 44 39
71 86 6
37 77 32
50 85 15
52 62 48
5 27 47
31 75 46
29 86 48
44 74 34
27 38 58
22 90 16
13 15 29
38 64 4
21 83 24
79 95 57
47 67 50
17 58 54
54 109 36
77 95 34
29 78 10
41 105 18
19 65 10
38 41 56
6 91 11
36 55 14
54 104 56
16 63 41
17 109 34
12 16 16
15 89 37
25 50 26
19 38 54
37 90 3
51 68 40
45 82 38
45 48 49
82 106 36
78 78 29
47 63 22
31 78 1
40 79 37
49 77 41
95 98 47
3 8 52
25 39 16
88 107 28
2 84 25
37 97 39
10 89 55
35 38 31
22 107 21
31 34 27
39 76 25
13 26 54
6 104 21
36 66 20
61 96 52
57 63 29
24 74 57
50 79 46
1 69 21
93 109 45
17 36 53
70 73 10
33 80 30
12 42 20
47 64 45
59 98 52
29 38 54
51 53 22
81 89 36
34 41 21
73 86 4
5 7 5
51 59 21
32 59 28
29 48 1
46 77 53
84 105 40
75 78 24
58 93 33
17 45 2
63 74 49
32 89 54
46 64 17
51 72 17
22 32 51
95 101 19
9 96 56
39 103 46
56 61 0
55 109 55
32 46 14
17 73 8
16 52 12
57 109 41
78 108 0
80 96 22
41 70 57
27 108 29
62 64 17
22 30 4
24 53 60
68 93 21
93 94 21
82 98 8
16 58 22
72 89 21
71 95 50
4 79 32
72 83 52
5 50 2
22 106 30
64 80 29
61 105 34
44 53 40
16 82 48
68 69 40
11 70 3
64 75 26
31 107 41
63 63 24
13 37 0
29 63 28
42 61 1
35 101 32
72 78 43
19 73 18
51 81 9
27 66 26
3 81 31
26 98 46
70 88 53
48 79 38
11 31 2
10 77 32
35 94 42
1 32 40
51 54 42
9 108 31
66 91 13
87 102 44
48 50 44
5 43 33
53 56 17
9 34 53
86 92 45
11 59 48
85 85 32
60 94 23
73 73 43
81 90 11
36 96 39
76 103 44
42 77 42
19 104 48
43 77 0
15 76 26
38 95 30
8 62 47
11 89 9
66 76 18
63 66 1
15 101 18
85 95 30
24 27 35
28 28 59
46 84 23
54 76 25
24 50 39
79 108 3
15 108 47
32 55 44
61 93 7
34 58 38
43 51 60
56 97 24
62 107 23
3 88 26
68 102 32
57 79 59
18 87 36
15 66 35
47 47 59
64 79 45
62 86 15
33 48 43
10 102 35
13 87 10
92 92 47
46 101 50
65 79 28
17 103 51
20 40 47
22 63 25
65 85 58
54 98 45
36 73 58
83 109 25
57 91 10
94 99 43
28 55 7
33 56 43
62 102 60
21 41 59
76 97 35
25 45 25
35 71 41
64 69 25
8 65 48
67 83 46
15 18 31
15 85 19
68 101 44
34 73 2
2 38 2
20 57 27
6 63 10
24 70 43
64 68 32
1 85 35
46 71 30
53 98 28
77 94 56
4 22 27
86 107 52
48 76 52
21 79 43
45 56 11
74 105 31
67 94 40
18 23 42
8 103 46
22 61 32
28 73 31
26 99 7
8 109 8
71 109 1
26 46 12
76 77 52
14 39 38
8 32 4
12 90 23
25 89 56
25 88 28
76 104 3
35 107 43
64 109 55
10 20 37
13 83 9
36 40 40
54 103 1
71 106 39
24 78 57
73 78 41
30 56 45
77 106 21
30 107 5
76 98 19
28 95 16
50 67 5
3 18 26
15 43 8
56 75 49
35 106 12
28 29 47
20 74 43
72 106 10
25 34 19
4 30 35
20 68 26
13 77 31
80 81 32
70 101 23
27 64 9
62 87 6
13 75 38
30 53 0
54 61 32
12 81 58
24 57 26
7 31 49
42 92 8
26 76 55
90 97 4
42 108 17
44 87 29
49 51 50
74 103 1
16 85 46
31 92 42
33 104 15
15 23 20
8 25 54
37 74 28
46 99 29
12 13 18
4 19 14
11 103 8
37 99 38
5 31 10
33 36 6
55 62 46
5 12 19
41 56 53
9 78 42
3 108 22
67 72 35
28 58 31
55 80 10
58 76 46
25 36 34
8 47 18
69 78 17
62 63 56
37 89 6
15 97 22
80 105 50
49 53 43
8 58 42
0 11 45
59 60 20
79 88 27
44 71 31
2 9 5
28 35 4
10 69 38
66 85 37
58 95 46
73 88 20
47 77 23
37 60 9
18 51 56
4 43 27
0 63 54
40 64 48
28 77 44
51 93 8
26 41 24
33 105 41
57 58 49
18 61 34
4 17 31
4 16 47
48 51 4
3 23 59
77 98 14
11 32 46
41 78 51
70 99 39
40 95 60
98 100 14
24 103 41
61 77 49
17 21 32
14 101 42
18 109 42
5 11 40
53 91 31
66 96 29
12 107 32
44 101 45
68 73 28
50 107 28
65 78 10
4 85 55
66 68 34
16 43 46
74 80 53
0 81 11
32 94 60
69 88 33
19 84 31
81 104 29
71 90 38
74 78 0
55 105 3
31 100 33
3 90 44
66 77 59
86 95 19
64 103 38
56 107 58
30 97 27
32 67 26
77 105 23
67 109 7
43 91 46
2 100 9
36 61 33
34 44 33
42 81 52
28 49 9
77 82 53
2 57 50
76 93 6
25 93 35
40 40 36
41 106 19
50 76 20
0 12 47
39 73 60
75 102 41
43 67 14
37 85 27
1 97 53
35 84 11
13 64 15
6 72 23
14 69 5
69 101 30
25 59 29
7 18 37
31 102 24
80 100 15
51 56 42
1 50 3
9 80 27
32 106 44
2 24 36
63 95 13
4 41 42
93 99 22
39 107 7
9 15 15
66 106 33
44 51 31
39 91 10
7 60 39
61 74 16
24 105 28
73 94 29
30 100 20
18 101 30
13 97 8
4 81 5
44 90 32
28 83 47
3 50 47
11 14 37
0 59 4
60 101 24
62 92 34
24 29 7
41 51 25
35 58 38
68 70 47
14 78 22
3 49 34
3 27 56
43 80 23
75 90 47
23 48 2
96 109 34
47 87 5
87 101 21
43 92 26
11 63 48
78 80 42
28 86 27
2 53 53
18 43 45
4 48 47
88 94 40
15 78 29
19 22 42
1 79 42
57 57 56
27 48 60
70 108 24
83 99 4
3 72 6
16 17 48
57 62 34
1 91 22
18 55 22
72 105 24
33 45 4
66 73 2
75 96 46
55 96 44
94 109 21
9 9 25
62 77 30
67 67 11
41 53 35
66 89 30
53 89 14
30 90 35
88 95 14
5 6 4
48 104 54
71 104 1
73 100 25
68 77 17
67 71 25
72 92 27
49 87 15
49 57 3
59 100 36
20 42 15
22 41 4
11 88 47
86 89 52
1 100 41
46 87 38
25 108 12
18 98 7
9 101 17
78 99 17
69 79 31
29 34 10
86 103 8
84 99 59
70 86 36
68 71 54
0 57 55
70 71 35
56 99 14
82 87 54
25 100 2
24 39 19
3 106 20
14 15 43
5 14 14
30 87 37
28 72 35
42 68 56
30 46 48
26 88 50
13 40 7
17 64 20
14 95 20
15 81 17
39 68 23
41 63 18
29 93 45
82 88 11
55 95 29
28 65 34
37 68 21
12 38 36
25 90 47
59 93 12
60 103 19
28 52 45
17 31 52
43 82 2
8 105 1
3 96 46
2 96 48
18 22 39
37 82 45
2 27 45
41 97 25
49 61 29
54 94 46
9 18 42
29 98 19
21 105 42
55 93 38
8 94 12
44 54 19
9 21 10
36 44 12
40 94 35
28 102 52
7 39 40
72 102 58
65 88 4
34 89 46
15 41 47
14 40 53
54 79 53
68 78 0
22 42 3
84 89 26
70 84 11
12 57 33
4 29 45
36 75 48
52 87 0
47 90 33
97 99 45
51 107 18
36 103 18
59 77 53
0 99 49
56 98 7
28 59 9
53 105 13
38 61 59
11 92 15
11 18 6
2 26 17
39 56 19
75 88 54
99 101 48
5 89 48
31 95 59
50 55 18
76 105 51
94 101 59
35 103 52
19 27 40
17 53 58
46 75 18
58 90 15
78 88 53
36 74 52
24 102 5
2 5 45
3 60 39
87 97 56
38 42 28
33 83 34
14 41 43
55 70 7
31 68 3
14 71 25
45 45 3
69 73 11
6 102 8
8 9 31
5 90 45
51 84 46
7 74 60
55 90 33
7 43 17
27 68 57
27 103 6
46 65 4
25 107 31
8 59 45
63 98 45
59 83 41
38 93 49
53 99 9
3 78 42
89 94 8
39 48 10
28 93 8
16 75 32
32 108 18
59 104 52
35 54 29
52 57 49
41 89 47
45 90 58
20 88 49
3 70 23
32 95 23
0 21 12
10 95 31
47 88 52
28 47 27
8 67 34
7 7 60
75 100 30
21 87 16
48 109 26
43 52 1
78 95 0
19 94 57
89 97 44
32 103 55
0 82 32
9 82 31
94 94 47
93 100 53
28 67 7
35 41 57
58 102 6
7 8 10
72 85 56
45 87 46
60 65 3
5 37 47
5 73 44
52 58 22
17 89 55
69 102 5
63 109 33
90 102 0
65 86 32
71 87 14
53 76 6
0 36 16
38 43 12
22 23 58
27 34 60
45 75 58
12 78 58
4 100 50
41 65 14
57 82 0
2 102 43
74 93 7
55 67 11
7 11 54
92 105 36
9 39 53
16 107 34
30 31 45
48 60 41
10 88 8
22 69 14
61 64 16
91 91 15
18 69 37
40 76 57
58 108 45
35 60 53
21 49 55
8 48 44
6 100 33
25 109 6
51 102 40
39 96 41
39 44 35
32 85 3
41 67 38
52 69 33
16 90 35
8 75 25
38 71 60
17 105 58
40 48 13
49 108 29
16 57 53
39 82 15
63 69 56
96 98 57
25 67 12
55 73 38
88 103 54
19 68 25
25 25 23
2 13 1
94 106 25
55 61 28
8 87 18
56 65 8
68 72 42
20 70 12
21 71 59
37 108 14
1 63 54
39 72 60
2 8 22
17 104 39
65 73 25
0 64 4
17 32 51
13 107 43
46 48 2
8 93 12
68 107 43
57 83 38
85 105 60
75 99 22
6 88 56
48 89 26
42 109 41
1 95 29
61 73 56
47 79 59
11 74 27
57 77 28
10 59 42
29 55 54
15 30 38
30 77 15
7 14 8
41 76 43
56 74 44
54 77 26
24 66 30
12 19 43
51 103 26
14 36 41
38 105 31
55 99 8
3 95 16
38 82 28
66 74 20
84 87 44
64 97 23
11 78 31
36 57 47
61 63 24
54 66 12
15 52 30
43 107 43
13 23 9
2 87 41
53 79 42
78 106 59
50 68 45
76 90 58
10 13 25
2 90 58
51 69 19
27 41 31
6 21 36
25 99 20
26 44 32
44 76 14
70 85 34
16 33 43
79 104 7
29 99 45
80 91 4
71 97 9
65 90 4
10 51 42
12 26 28
53 87 52
9 87 30
27 33 39
37 103 50
60 78 51
33 61 43
82 102 25
56 83 51
21 68 35
19 102 59
6 46 40
15 31 11
49 95 43
31 98 13
80 97 32
41 49 21
35 73 17
10 96 30
70 92 2
24 28 6
54 88 48
43 104 20
59 106 38
17 41 44
37 105 35
32 99 3
50 99 14
54 87 18
0 62 27
85 106 57
31 54 39
31 80 45
60 93 7
34 91 45
42 72 27
57 93 27
1 6 33
1 107 56
10 50 10
83 101 34
61 87 20
64 107 35
72 86 9
3 56 3
9 79 11
46 104 34
58 100 59
2 63 59
22 27 38
93 105 16
20 83 47
4 49 31
95 102 44
0 46 38
76 78 14
32 88 9
41 108 46
50 109 30
33 55 23
23 63 30
39 80 15
40 56 12
30 54 7
31 82 35
70 81 56
27 77 13
40 63 22
74 98 48
68 98 9
21 51 32
8 70 28
26 71 9
5 26 7
24 30 22
42 58 51
33 47 30
54 97 18
31 60 50
51 58 18
20 75 26
33 89 2
38 58 2
45 74 5
28 84 8
60 87 10
9 107 9
48 102 47
32 49 54
6 38 25
5 28 17
81 99 47
3 91 36
25 54 27
40 84 23
9 42 57
49 79 18
53 81 48
71 102 44
6 87 7
67 76 3
39 108 31
9 62 42
49 52 41
40 86 7
56 109 11
22 52 12
22 48 36
65 95 5
25 81 57
20 21 30
33 35 54
39 49 31
64 82 29
71 74 46
9 74 30
82 90 48
12 102 50
49 92 30
6 89 54
42 79 41
19 40 53
29 62 3
43 45 2
33 91 34
54 81 35
28 76 58
25 32 29
19 21 36
17 43 40
76 107 35
99 108 5
44 78 14
22 43 41
36 82 60
37 72 9
56 84 31
74 107 37
27 83 20
79 94 10
56 77 38
1 102 58
63 103 20
32 35 33
9 13 37
8 60 32
62 66 23
4 70 2
3 75 44
12 48 9
58 61 26
53 55 36
60 80 43
30 104 8
67 92 34
46 105 53
39 43 49
52 86 19
11 24 16
8 74 25
50 90 50
8 85 2
74 75 21
32 41 57
55 69 32
39 46 24
41 43 41
70 83 28
53 67 31
15 57 7
23 90 44
8 20 21
31 106 52
1 37 13
30 81 55
15 51 30
77 92 33
78 107 26
67 90 36
61 97 32
34 39 24
22 104 8
7 84 52
6 30 6
54 90 7
22 66 41
40 81 44
3 25 6
39 74 4
77 103 47
57 78 30
30 65 6
10 108 25
36 91 26
55 75 53
72 93 16
31 104 31
61 102 56
21 60 30
4 71 53
13 69 15
12 109 20
29 29 40
81 96 2
16 18 0
7 26 39
30 70 56
17 96 5
15 37 40
22 73 55
30 76 38
35 104 31
1 88 11
45 107 0
28 45 11
15 35 29
79 84 49
48 80 17
56 59 40
34 43 1
30 48 41
38 44 45
6 60 12
3 80 28
27 85 36
54 57 6
54 92 19
61 85 35
50 54 7
1 56 38
37 55 48
0 100 15
27 56 12
17 46 1
42 54 2
63 97 12
29 88 40
0 89 8
66 90 38
11 22 4
58 97 18
38 88 9
11 11 42
50 74 22
59 68 60
18 96 39
29 80 21
56 76 22
25 51 2
5 62 7
56 88 10
23 70 6
62 76 55
25 43 6
44 59 41
46 54 32
48 90 51
26 60 48
33 103 23
31 31 46
48 58 19
42 63 29
60 108 22
20 85 12
7 66 45
32 58 19
23 78 33
16 28 21
12 29 32
58 104 27
78 82 47
25 49 45
13 44 57
2 88 20
0 98 48
13 47 13
18 58 49
1 47 33
16 89 55
86 87 0
47 51 54
41 96 54
43 66 14
14 100 20
24 100 27
58 107 34
9 83 22
1 52 48
21 97 3
35 88 12
58 79 30
16 100 3
37 62 52
42 49 28
81 84 52
6 26 40
20 55 31
67 102 53
47 81 18
23 106 11
24 67 58
92 93 31
29 103 29
43 46 54
17 68 35
33 49 57
42 56 35
53 73 55
21 43 45
43 53 29
49 82 47
30 68 39
56 108 39
15 28 19
57 69 31
55 72 49
10 91 31
27 74 2
10 97 23
44 70 44
30 79 56
0 94 59
80 103 31
73 81 4
0 97 49
43 85 44
42 59 2
58 84 12
48 81 18
17 108 48
29 108 57
68 108 35
35 70 55
22 58 49
71 105 33
0 5 24
35 45 37
6 40 4
68 95 10
23 35 24
30 61 17
16 93 51
62 81 28
91 92 48
31 105 17
69 97 23
45 97 25
1 33 28
91 102 37
64 92 21
52 81 39
68 109 60
30 93 15
50 75 28
39 54 29
72 88 4
24 95 45
56 56 29
85 109 59
53 75 25
54 60 29
9 48 46
44 49 6
2 39 33
79 105 52
83 98 8
29 105 34
34 54 58
23 46 19
33 73 23
46 53 51
6 59 36
29 90 47
51 100 58
76 84 21
59 82 59
20 64 5
76 100 59
32 83 20
74 90 43
13 22 47
64 73 45
3 13 20
19 54 42
29 60 27
72 79 40
57 61 14
71 100 36
28 109 28
3 48 41
11 41 6
83 83 58
54 86 53
63 88 14
37 37 28
15 26 23
40 92 6
7 72 17
30 47 2
59 70 41
90 91 32
7 21 17
28 101 60
0 72 53
32 36 21
30 66 28
73 83 57
19 62 4
9 72 2
39 99 55
3 30 4
50 101 37
23 76 18
38 76 22
79 79 60
15 33 28
52 95 28
19 53 7
42 69 60
69 108 10
62 68 24
59 107 32
20 26 2
49 54 49
38 89 16
8 26 48
11 34 56
26 45 35
69 76 37
9 57 6
70 104 33
54 96 37
63 64 51
10 53 58
44 52 8
46 57 51
43 78 47
76 91 32
76 83 13
8 104 35
17 23 58
52 97 0
8 37 40
39 65 31
4 96 21
48 67 51
8 35 57
2 105 18
26 29 59
26 32 4
54 67 15
53 71 53
16 109 60
77 86 43
49 107 56
11 51 23
36 78 49
34 68 8
24 31 9
24 44 54
39 102 60
8 22 3
7 82 8
92 109 18
18 34 8
80 90 18
66 97 11
64 89 44
12 61 7
45 105 60
31 57 5
60 83 56
30 41 60
60 81 20
12 69 38
26 34 2
65 92 33
57 86 15
44 45 43
63 91 16
17 82 17
24 38 51
41 71 6
5 64 16
26 36 44
65 65 35
15 94 39
44 75 10
74 77 2
6 94 23
47 74 38
53 64 54
30 58 58
15 84 13
52 79 23
74 99 44
19 61 34
69 80 57
29 66 21
65 107 23
86 106 45
49 105 27
51 64 10
29 72 37
14 53 22
56 63 37
34 98 20
23 45 34
20 45 38
13 89 38
7 98 50
4 103 7
27 105 13
60 64 54
12 76 29
0 28 0
25 28 28
3 104 40
36 51 6
4 98 9
18 75 7
32 39 50
35 65 59
0 55 47
37 106 6
45 93 43
33 68 49
31 55 24
19 92 52
6 77 58
19 57 41
55 79 41
27 97 16
80 82 41
32 97 22
34 37 48
42 53 48
19 35 50
62 105 7
23 88 9
62 90 34
4 104 60
23 64 21
35 40 20
64 98 60
64 83 22
23 42 21
1 80 59
24 87 15
24 40 38
15 67 50
70 97 34
4 84 44
66 86 25
55 107 6
23 81 33
24 37 25
68 94 11
5 25 30
43 100 47
15 17 14
38 103 2
3 82 28
0 15 2
82 96 13
50 52 17
2 109 7
42 107 12
27 81 32
7 80 39
51 88 10
62 109 59
6 27 59
13 20 12
45 91 25
7 87 55
29 46 8
64 76 43
12 21 49
17 29 59
10 55 15
49 100 39
16 74 25
0 17 15
38 48 23
14 32 9
31 42 42
46 90 13
7 85 56
45 47 2
23 57 32
7 15 3
14 34 41
13 57 45
20 78 34
22 67 27
4 9 35
2 14 17
75 77 18
38 98 7
16 24 31
18 77 8
26 109 35
78 89 36
7 17 19
23 41 35
43 47 19
23 72 47
4 66 30
34 52 59
31 45 15
36 92 6
77 96 33
13 67 37
54 102 17
7 90 13
60 95 29
43 62 7
14 84 33
45 51 39
68 89 19
21 40 26
45 100 8
9 92 55
30 33 48
60 99 47
58 94 43
81 83 9
21 28 4
54 64 50
45 106 26
75 94 58
83 97 46
8 66 57
65 98 26
16 92 2
42 67 10
2 80 6
33 90 13
46 83 34
77 101 26
32 50 59
38 97 36
31 87 5
37 38 55
11 85 9
8 92 44
2 94 44
7 96 39
35 105 52
45 79 27
17 56 35
55 56 49
46 86 38
32 62 42
50 92 13
45 84 26
62 74 25
32 68 18
50 53 46
19 89 17
21 25 6
3 69 39
42 94 49
23 39 45
21 33 49
53 85 22
7 29 15
12 44 56
22 77 51
45 96 21
9 52 35
77 85 39
21 23 18
54 99 12
36 45 19
22 33 29
40 73 8
34 40 59
3 71 18
54 63 54
20 106 3
51 98 50
23 24 0
25 61 13
18 73 7
25 62 16
19 48 5
32 61 44
25 65 17
49 69 59
60 105 31
10 24 56
4 69 34
58 86 47
14 103 19
12 64 10
24 77 57
37 102 15
39 83 18
53 93 38
71 84 44
12 70 3
77 90 10
58 99 53
18 68 39
55 97 45
20 69 22
23 54 41
20 29 38
17 97 26
77 78 59
30 51 13
26 53 57
32 105 23
59 94 35
17 47 2
62 79 27
80 104 54
11 61 41
66 84 52
45 57 48
59 105 36
14 70 35
11 35 41
49 93 14
29 87 39
31 73 38
48 74 55
40 80 27
33 57 1
36 46 58
5 40 23
15 34 25
19 85 46
40 74 31
57 75 58
6 78 48
20 41 38
24 69 39
22 24 46
31 89 45
82 91 47
84 95 36
28 46 7
56 106 5
25 42 1
20 35 24
32 48 4
62 70 18
53 78 45
47 95 37
9 25 40
2 48 52
35 78 4
26 33 56
1 4 29
3 52 11
20 22 5
5 16 24
62 80 54
9 106 0
4 35 41
73 90 28
38 72 2
12 72 26
33 53 33
28 91 31
81 81 32
20 58 58
8 81 16
64 71 24
6 51 27
35 68 1
5 66 16
58 106 51
3 35 49
16 62 43
56 104 11
12 49 11
56 82 45
67 75 45
56 69 18
10 66 51
38 106 30
29 50 41
9 109 5
42 91 8
91 98 29
70 79 35
32 45 3
16 55 15
64 102 16
59 101 32
3 68 0
55 83 0
62 84 15
43 58 9
42 90 30
38 81 20
72 103 1
35 97 3
9 104 53
78 101 35
53 83 23
38 87 41
87 91 38
63 99 50
1 89 26
51 80 7
19 42 17
38 52 0
25 64 9
7 36 33
73 80 10
32 73 49
78 93 36
10 40 46
16 51 46
7 49 10
4 99 11
0 84 36
47 103 52
47 86 56
56 93 54
10 31 5
4 10 7
25 78 35
24 24 27
46 97 22
20 63 5
5 102 3
3 19 31
34 87 44
47 84 53
29 64 37
0 4 47
4 25 31
49 97 55
64 70 50
44 97 25
50 59 43
78 104 39
51 86 41
16 108 37
27 95 23
73 84 46
11 71 0
28 87 18
85 90 18
15 74 14
69 105 2
16 47 29
12 96 10
6 95 11
63 72 8
19 59 1
77 81 6
7 86 54
65 75 0
59 61 43
7 101 10
65 67 52
60 79 3
37 66 21
62 103 11
33 54 8
67 103 56
48 101 18
25 27 36
58 72 21
12 33 52
66 108 28
9 89 45
45 94 46
6 82 20
10 80 47
23 101 21
71 85 36
9 64 15
28 94 17
10 100 13
12 68 56
0 88 6
30 88 59
71 88 23
5 72 1
23 104 16
63 102 13
46 96 12
10 67 0
38 79 14
17 35 59
40 45 51
0 104 46
26 49 4
13 61 49
28 38 53
38 60 8
15 75 26
14 74 48
0 102 8
30 37 12
47 73 7
14 68 31
23 73 17
4 27 39
42 89 46
11 75 37
25 52 24
30 102 13
70 70 15
36 99 55
52 84 25
69 84 43
18 79 37
38 107 55
51 61 15
19 51 51
34 61 47
21 82 37
17 69 5
60 98 48
5 97 3
32 75 48
25 29 5
36 37 19
21 57 11
16 56 30
69 92 26
78 85 19
5 61 44
42 100 49
41 98 28
66 66 14
81 100 48
50 102 48
38 66 38
25 55 0
42 62 5
3 9 11
66 107 34
13 99 29
57 70 52
10 75 27
21 29 35
67 86 22
29 70 5
45 83 39
4 64 8
18 91 4
0 18 12
55 76 25
7 97 37
13 95 36
5 104 59
73 104 15
3 63 52
24 83 30
60 61 58
28 60 17
64 96 50
16 23 12
37 91 55
13 56 16
33 37 54
28 75 15
30 101 46
44 92 60
67 97 49
35 39 14
35 36 0
23 26 8
36 60 3
68 100 6
12 50 54
24 51 55
63 83 4
50 95 9
11 62 17
38 69 17
56 80 36
43 72 2
42 86 44
28 61 33
57 106 21
24 47 8
44 69 43
26 83 6
4 36 35
12 39 5
42 84 8
6 35 1
5 75 17
1 84 20
7 53 53
24 86 46
57 72 60
52 89 17
34 34 29
14 67 43
21 86 40
57 85 4
18 37 8
47 85 51
54 75 37
56 94 0
57 92 25
45 59 2
62 96 29
40 106 16
28 68 48
15 95 55
26 74 48
16 88 6
24 25 0
28 41 17
29 95 12
2 44 4
63 86 14
28 74 11
47 98 24
67 74 1
9 73 28
36 47 5
52 52 19
6 105 27
24 106 10
29 35 9
27 32 53
49 89 15
53 70 26
3 45 32
62 62 34
79 107 52
5 96 42
39 70 3
23 44 2
16 50 40
36 50 57
52 77 56
50 83 30
24 75 42
10 48 16
49 74 35
57 73 37
48 59 26
41 66 27
9 84 38
68 92 6
40 42 56
6 74 5
22 94 52
28 104 59
34 76 53
28 57 6
13 43 29
3 85 23
43 75 1
1 65 21
51 89 0
7 50 60
0 16 0
22 72 29
7 54 32
27 54 5
23 67 17
61 106 41
48 49 15
20 92 6
75 108 9
44 98 35
12 54 30
1 94 60
3 58 36
8 99 28
22 76 52
22 25 58
46 81 54
63 87 14
40 82 47
10 78 57
27 31 55
41 107 60
30 60 19
9 97 43
66 71 27
8 34 54
40 89 16
40 100 57
74 109 3
24 72 4
61 61 40
60 66 54
0 78 52
48 94 1
0 60 59
34 48 4
10 18 53
69 98 6
5 51 58
67 82 29
23 66 57
24 52 0
41 93 32
16 45 9
36 39 36
81 86 19
64 85 3
65 104 5
59 63 22
61 79 48
43 59 47
39 40 7
12 83 58
2 22 15
52 102 56
29 69 27
3 84 21
50 65 18
1 105 43
87 107 17
37 71 18
72 77 59
12 85 13
1 48 13
8 29 23
31 49 17
52 73 12
7 32 38
28 39 3
5 85 22
37 50 23
17 34 23
39 50 26
21 81 38
22 40 17
45 73 2
4 40 34
6 67 38
8 89 10
16 81 52
84 94 48
23 95 23
13 53 3
23 105 20
1 18 34
10 54 20
3 24 58
67 98 29
6 50 17
47 78 19
2 54 16
44 48 54
71 71 9
34 69 39
5 9 4
47 75 22
16 87 0
32 37 57
2 71 16
40 87 29
33 43 33
4 24 60
42 99 58
69 71 53
16 77 2
30 63 40
2 52 38
31 71 11
1 45 37
37 54 60
60 90 14
16 95 5
3 39 21
1 78 5
7 91 27
38 65 5
63 65 24
6 48 0
79 100 58
18 83 6
65 87 40
6 81 52
42 50 51
2 29 34
26 70 12
8 36 12
33 70 54
5 10 48
2 18 46
15 88 7
12 28 25
18 103 36
53 88 45
61 83 48
6 75 30
41 84 35
9 55 58
58 74 45
45 76 24
0 70 54
6 96 42
2 61 47
38 67 14
60 70 55
11 81 25
72 80 12
49 78 10
28 48 8
0 31 57
5 60 13
22 38 6
3 29 46
32 66 20
29 52 20
67 108 24
31 62 22
17 30 27
10 27 4
19 108 27
9 38 57
35 50 34
13 84 36
21 89 16
44 85 44
25 57 33
8 33 0
51 51 3
13 27 35
12 60 11
8 14 55
25 26 51
42 82 57
52 83 10
9 67 19
78 103 5
0 58 26
32 87 14
52 59 41
21 38 0
22 101 58
8 73 16
46 74 36
11 66 36
43 99 19
8 76 44
44 91 45
32 32 22
37 88 3
77 80 13
31 99 31
7 46 60
28 31 31
63 93 52
6 37 37
10 61 26
46 89 40
4 6 21
7 107 60
29 32 0
31 86 39
4 4 60
33 71 48
26 90 12
14 30 35
25 103 37
20 96 36
22 68 57
22 105 5
11 101 4
45 78 7
7 22 11
9 40 26
18 30 22
53 107 57
26 58 59
3 33 14
16 64 17
34 53 44
37 49 32
39 66 15
19 24 22
11 19 13
24 96 15
2 93 15
38 80 36
9 93 45
23 47 58
20 39 2
43 105 25
48 108 23
12 73 51
69 99 4
17 39 15
6 61 28
22 84 51
5 52 4
39 101 32
28 62 52
38 40 53
1 21 41
23 52 51
61 62 8
21 62 12
5 93 2
12 20 35
66 82 21
21 31 24
14 99 49
31 36 55
3 34 44
13 33 29
22 75 23
15 77 7
20 67 26
12 30 59
14 48 3
20 27 49
11 65 47
20 80 49
10 19 35
34 63 29
48 93 12
32 96 27
69 93 35
64 105 12
42 75 57
54 89 45
25 41 30
12 89 25
33 81 3
24 46 29
6 11 0
97 98 51
18 50 41
37 80 15
19 47 16
9 98 33
32 76 2
27 106 3
26 80 44
47 61 30
34 42 53
37 75 4
42 97 12
30 75 28
13 31 48
19 43 37
41 74 58
56 67 57
55 63 9
35 108 49
47 107 0
25 58 58
39 89 23
31 33 20
25 106 3
14 76 28
59 69 44
39 87 5
59 64 46
61 98 26
45 66 15
8 95 36
75 109 46
6 83 37
7 92 8
52 78 6
3 89 53
25 53 24
56 85 1
19 33 8
0 14 16
43 71 14
4 52 42
54 54 10
49 64 59
24 91 15
54 56 39
59 89 49
62 65 49
5 30 58
11 56 56
20 99 29
5 15 56
22 71 43
8 49 8
7 94 3
59 62 42
16 104 40
46 67 54
25 95 8
1 51 34
11 69 16
4 58 12
74 97 51
40 107 2
31 70 4
10 38 24
36 97 57
42 43 10
8 82 17
40 109 54
27 49 18
30 30 4
29 97 32
17 91 32
29 31 24
35 66 53
30 74 15
3 22 46
51 109 35
8 106 28
7 37 58
2 32 57
25 48 13
25 105 54
13 88 58
27 60 57
5 88 42
63 108 57
21 72 32
25 86 23
7 81 29
11 48 21
31 65 50
14 25 33
55 106 31
23 61 46
61 103 24
13 96 25
29 104 6
57 94 24
15 79 15
10 63 23
33 75 38
73 109 55
54 78 48
52 71 4
29 101 9
9 68 48
50 100 60
31 91 58
32 81 2
21 99 4
53 66 4
58 67 25
2 3 5
37 83 44
14 50 57
20 94 4
1 17 42
22 35 55
39 45 58
28 103 46
46 49 59
43 86 51
13 92 53
47 91 60
22 26 21
26 102 26
13 91 39
27 30 34
29 71 24
20 103 21
5 106 5
21 32 53
53 72 9
12 100 59
36 83 3
60 69 17
8 57 37
81 103 24
46 107 35
19 36 0
33 94 19
10 37 51
9 91 40
85 103 7
73 95 35
47 93 7
50 71 40
59 97 25
61 75 57
15 46 29
33 78 25
4 106 32
13 18 45
22 99 21
17 27 24
58 87 51
34 79 52
4 5 38
10 46 15
43 96 26
3 105 47
26 92 54
39 97 58
27 59 4
51 105 47
6 32 38
34 67 26
12 98 40
48 86 28
21 109 43
21 78 20
20 28 18
54 101 11
36 38 10
22 39 45
9 37 38
12 40 30
25 98 1
10 82 51
1 99 15
30 55 32
33 101 4
44 66 34
40 59 41
35 48 39
33 44 50
39 93 30
75 84 43
49 56 36
67 77 58
19 75 29
54 85 59
88 106 26
54 59 3
50 104 22
10 101 20
45 69 25
60 91 56
18 57 56
19 58 17
31 74 44
14 85 15
6 85 38
30 92 21
33 99 37
4 73 53
49 109 22
9 77 20
20 93 4
54 72 35
1 58 44
59 88 25
36 69 0
35 72 28
35 55 54
23 93 38
40 67 57
0 68 58
13 14 29
36 72 44
19 23 25
17 70 46
66 72 12
20 30 17
12 51 47
78 105 34
31 50 17
11 67 12
41 47 13
52 72 57
37 40 50
19 56 51
34 95 12
41 100 54
12 77 16
9 56 30
48 55 47
7 12 19
35 79 3
69 85 17
9 29 41
9 47 10
28 90 38
48 68 1
4 32 38
30 72 38
21 92 43
51 101 50
2 73 29
13 62 57
42 74 27
64 93 51
4 60 49
8 38 55
21 84 54
74 104 33
46 88 5
36 94 28
2 59 50
18 28 16
19 78 18
25 70 50
31 44 5
26 106 59
34 99 56
4 62 47
48 100 21
1 49 49
7 67 58
39 51 51
38 86 16
8 10 26
42 71 20
36 95 56
15 55 5
55 84 37
36 107 0
41 45 30
10 87 1
56 72 58
3 79 28
14 87 41
3 100 28
47 65 43
21 47 43
31 43 3
81 85 55
0 19 35
87 105 46
0 108 31
53 74 16
16 73 25
85 96 37
21 95 37
30 86 12
0 75 59
38 85 38
43 102 54
16 78 25
17 40 17
27 80 47
9 85 6
23 37 30
23 49 31
1 39 16
40 51 52
10 85 59
4 46 16
30 52 4
23 84 29
11 39 15
51 66 23
17 107 21
20 33 54
50 70 20
12 101 59
20 95 18
73 102 15
29 73 54
26 66 47
4 61 55
16 94 2
34 49 53
18 44 37
7 10 13
10 73 15
30 45 28
4 90 12
12 62 9
3 5 55
8 64 30
23 58 19
60 75 44
63 107 3
12 79 14
3 32 33
0 10 14
18 27 25
40 75 53
20 32 38
25 46 25
4 95 50
18 53 54
21 53 35
2 92 15
14 47 22
46 56 45
29 49 0
53 84 30
33 92 28
39 53 54
36 63 14
48 87 39
40 101 35
16 37 42
70 95 6
48 96 43
13 58 38
25 56 5
29 44 13
35 74 59
12 45 9
25 47 51
12 82 38
21 88 36
12 74 35
55 104 27
14 52 45
45 108 6
73 87 15
20 109 37
68 80 53
10 17 50
44 106 28
31 52 17
5 79 20
35 90 60
1 96 42
34 59 42
64 101 50
1 64 34
43 48 38
76 101 17
42 73 5
1 59 0
29 109 59
6 24 29
54 58 1
41 92 14
13 100 29
28 40 38
13 68 30
45 92 30
4 72 26
12 41 47
58 69 29
44 107 44
11 83 54
80 84 54
31 67 1
23 34 30
54 69 4
12 88 24
39 63 28
75 85 20
11 43 20
23 31 17
28 44 18
18 89 24
38 109 24
3 47 39
4 21 46
10 76 2
14 90 24
19 91 31
20 79 20
69 103 18
6 15 51
74 83 29
11 12 54
19 30 13
32 53 6
51 90 50
8 19 29
33 108 12
25 30 53
16 19 36
20 50 11
35 49 51
1 25 48
11 17 54
31 47 7
32 54 46
5 86 12
26 78 45
28 71 56
41 83 32
65 82 29
45 70 28
30 67 0
0 56 8
62 93 36
3 42 28
29 107 56
20 86 19
6 14 26
29 83 46
15 72 0
27 45 25
31 81 21
33 77 34
44 83 22
7 44 32
16 35 56
6 9 46
12 105 7
2 81 41
31 39 54
75 87 32
8 63 43
37 39 59
18 33 0
35 59 7
20 81 27
61 107 23
12 108 30
33 107 45
34 60 9
69 107 21
32 33 12
26 104 5
27 102 14
32 109 10
5 33 37
22 60 29
26 86 54
8 44 37
13 60 25
5 69 56
37 44 51
25 82 10
4 88 25
3 12 22
52 53 55
11 91 43
14 83 10
29 92 4
23 23 47
67 89 20
26 72 52
9 20 11
52 101 25
10 71 21
74 79 18
8 24 31
53 108 49
15 32 23
44 104 59
0 34 59
36 80 9
5 13 7
62 91 51
81 102 24
36 76 50
37 79 19
22 22 14
14 29 30
46 46 3
63 76 34
53 80 27
6 36 19
8 8 46
27 67 10
47 105 43
35 47 28
62 108 34
52 75 12
16 86 60
52 104 14
34 70 35
29 59 33
31 61 32
0 29 12
5 41 59
35 42 9
2 74 33
43 74 3
58 58 12
17 81 25
3 87 44
0 25 41
17 87 56
5 105 55
5 95 0
1 55 35
8 51 57
33 109 60
10 56 35
43 54 10
54 73 47
15 25 11
32 102 58
19 82 13
28 80 53
67 95 10
50 50 12
16 46 14
35 46 6
19 109 52
13 32 17
44 56 54
26 55 53
26 87 8
24 41 16
47 109 1
11 107 25
19 63 32
3 21 22
3 66 48
12 23 0
14 102 26
27 73 0
33 66 48
60 77 19
3 55 6
17 61 23
24 54 35
20 76 45
5 49 60
7 55 34
12 67 8
39 86 21
18 94 59
8 101 24
16 68 3
13 63 24
11 104 21
44 94 18
1 98 42
12 66 54
18 108 28
20 65 23
49 84 0
13 108 46
47 59 53
48 88 19
3 40 9
24 94 48
12 103 21
27 27 34
48 53 7
47 72 49
20 51 39
11 20 18
31 94 57
3 53 60
12 12 44
14 61 60
28 51 31
31 66 11
54 55 54
25 79 16
11 55 41
27 91 9
36 48 4
4 34 29
2 37 48
22 89 25
21 67 2
50 58 58
0 37 44
35 80 58
15 92 19
40 93 17
9 36 44
18 47 21
6 47 34
12 31 19
50 81 46
36 43 14
30 95 58
2 76 36
32 91 36
7 93 18
45 101 8
19 66 24
35 37 1
13 93 8
57 89 31
21 24 38
42 66 27
15 27 56
0 2 37
34 92 44
18 80 25
21 108 57
0 67 12
13 36 5
22 51 5
6 90 8
45 99 11
6 97 58
10 94 60
23 55 26
26 56 59
27 99 4
26 57 40
12 97 11
18 29 50
30 94 57
5 80 33
83 92 48
38 49 31
55 91 34
43 90 6
34 81 7
12 22 17
45 88 19
32 92 10
20 61 59
9 90 25
5 42 57
12 34 25
19 32 44
51 96 41
70 105 16
28 63 25
36 79 48
35 82 32
11 94 28
17 49 20
0 93 38
19 98 57
20 107 53
29 102 48
5 100 8
31 77 22
9 32 1
18 78 59
56 95 51
15 56 17
36 52 52
5 44 41
2 60 35
13 38 39
63 77 54
62 85 13
19 70 57
32 90 41
5 47 46
1 26 13
16 80 26
5 55 36
58 88 20
50 57 57
50 96 36
20 72 24
17 26 50
56 62 16
55 58 8
11 47 28
49 73 19
1 82 47
10 12 17
60 73 7
31 51 27
25 44 37
3 3 26
50 94 49
21 96 21
9 66 24
33 34 47
28 97 58
47 100 28
10 70 31
6 99 13
28 33 9
39 109 54
46 91 56
55 92 26
10 44 45
22 81 4
16 25 13
18 86 40
36 88 51
38 46 57
45 86 41
39 57 34
59 90 33
3 26 37
18 85 54
66 92 7
29 61 50
36 64 49
27 70 31
73 77 42
51 57 60
13 71 16
6 86 43
20 20 14
40 57 55
49 99 34
5 84 6
2 10 1
26 38 21
0 106 10
3 103 12
15 62 17
33 38 31
22 109 17
66 81 49
0 74 50
23 32 49
10 72 23
28 56 2
5 18 26
21 22 4
32 34 45
27 76 42
51 71 7
38 54 58
22 86 56
6 45 50
16 30 8
9 12 15
31 76 28
2 62 31
5 34 49
3 77 43
51 62 24
7 33 3
45 60 21
46 55 15
22 96 24
15 90 29
13 45 2
33 62 44
10 43 35
7 34 16
43 97 54
3 31 58
10 45 58
6 8 26
44 105 44
46 72 58
41 55 22
15 63 29
2 41 31
5 63 9
47 97 56
39 47 22
3 62 54
36 70 40
37 86 1
24 81 16
54 108 1
32 64 44
14 105 56
17 98 52
4 38 16
21 52 31
12 56 40
8 100 41
40 47 48
11 80 55
38 75 4
24 98 3
56 102 55
60 63 10
2 50 47
1 40 21
1 1 34
23 51 57
28 85 8
30 71 8
15 19 21
4 93 37
49 62 53
18 41 59
47 76 20
43 43 58
40 70 9
37 76 34
72 90 45
7 106 60
7 52 55
19 79 54
24 65 31
48 83 1
2 31 52
38 74 52
7 48 36
19 49 59
7 88 16
28 30 26
41 86 4
0 48 35
2 103 22
16 91 0
7 51 54
1 90 51
5 53 12
71 99 56
4 55 10
0 49 56
7 71 37
13 16 15
48 56 10
27 75 19
10 104 4
65 77 60
63 79 42
23 100 8
18 59 59
9 43 2
44 82 14
3 7 42
23 109 56
7 64 59
24 59 8
54 71 48
31 84 46
5 71 29
16 39 41
24 107 16
19 83 16
68 97 52
21 106 30
3 92 37
14 56 43
0 32 43
61 84 30
43 79 39
20 23 54
36 81 29
30 91 30
29 94 3
26 94 28
4 108 57
22 45 9
15 44 55
26 91 22
37 104 33
8 27 60
7 79 3
16 34 11
7 45 19
19 72 40
27 42 27
4 92 11
18 63 42
1 93 39
57 99 19
37 69 3
35 53 35
37 63 27
39 41 18
21 75 11
34 62 56
52 70 42
44 93 12
52 108 28
0 27 38
17 63 33
48 97 8
29 79 8
25 37 13
1 13 34
11 58 48
9 30 17
14 65 28
33 52 33
2 33 10
18 52 3
0 107 15
5 108 34
16 103 35
16 70 18
3 28 56
26 31 8
24 62 14
2 20 25
1 61 48
28 99 24
49 86 53
13 24 26
69 100 9
22 83 47
0 42 44
11 29 38
44 96 28
12 95 35
41 48 33
39 105 53
25 71 36
53 65 48
33 88 23
