130 7735
162
104
148
110
147
145
171
118
104
102
115
101
189
189
147
159
170
191
124
188
166
149
106
154
107
187
173
112
193
117
108
157
133
133
136
176
143
112
115
184
135
118
193
175
130
166
155
197
152
133
183
153
111
177
181
133
191
151
100
194
156
159
136
176
140
164
136
151
156
144
185
111
129
169
134
100
118
167
166
120
176
176
195
196
147
190
100
114
130
175
163
134
151
123
100
184
154
186
177
186
136
110
162
142
149
178
124
192
200
172
117
144
194
174
185
164
171
168
180
173
199
174
191
197
191
120
196
104
155
102
0 1 2
0 2 10
1 3 2
1 4 44
0 5 3
2 6 26
1 7 44
6 8 10
1 9 20
1 10 47
10 11 0
2 12 10
12 13 49
7 14 5
11 15 35
9 16 4
8 17 45
17 18 50
12 19 26
10 20 27
14 21 56
5 22 56
0 23 31
7 24 36
12 25 18
20 26 26
26 27 27
7 28 27
27 29 22
18 30 27
29 31 54
10 32 26
2 33 17
20 34 21
27 35 56
22 36 36
6 37 32
27 38 17
15 39 29
38 40 5
9 41 14
40 42 49
21 43 59
21 44 10
34 45 40
44 46 44
24 47 2
42 48 6
28 49 38
42 50 31
5 51 25
42 52 0
16 53 38
35 54 19
37 55 27
43 56 10
17 57 9
47 58 49
30 59 23
4 60 40
2 61 27
53 62 12
13 63 29
43 64 31
32 65 12
46 66 47
26 67 39
24 68 60
62 69 56
66 70 19
37 71 25
6 72 5
33 73 57
52 74 55
18 75 44
9 76 34
33 77 49
50 78 19
68 79 6
19 80 55
39 81 43
2 82 47
18 83 4
37 84 15
53 85 1
74 86 17
84 87 51
69 88 16
12 89 38
64 90 28
52 91 21
90 92 26
0 93 57
78 94 46
48 95 51
72 96 57
74 97 21
84 98 38
94 99 36
0 100 47
75 101 41
67 102 46
52 103 30
10 104 58
23 105 48
47 106 36
93 107 44
85 108 6
0 109 5
53 110 34
60 111 0
63 112 39
13 113 9
110 114 36
31 115 54
92 116 33
52 117 51
115 118 37
61 119 50
45 120 57
63 121 49
74 122 31
93 123 24
83 124 42
98 125 35
44 126 22
115 127 56
7 128 49
63 129 37
83 108 10
107 109 49
56 110 51
44 100 34
68 129 24
121 121 56
12 85 42
67 93 17
66 76 27
56 90 47
72 113 7
1 98 0
79 128 45
43 80 4
25 75 24
32 82 28
16 100 21
17 48 57
88 91 53
64 91 32
27 97 23
124 124 45
106 128 59
78 101 18
79 84 6
105 110 25
72 128 36
102 103 6
77 98 25
33 44 48
35 104 57
109 119 6
100 104 18
0 20 57
9 99 20
86 125 43
55 123 59
89 109 0
41 68 55
94 123 12
80 120 31
83 92 9
78 92 11
85 89 43
20 27 45
30 35 39
98 100 46
30 95 53
121 123 22
75 118 37
84 103 12
110 127 40
26 75 17
50 120 52
11 118 22
31 52 36
101 114 12
19 102 51
50 76 13
98 116 45
45 87 56
106 125 55
56 120 22
15 106 26
15 94 19
42 105 21
44 67 60
92 129 16
103 108 12
42 69 12
55 94 54
90 125 56
70 91 57
17 89 7
52 99 15
54 118 50
15 29 1
98 104 40
26 77 37
127 127 52
27 94 27
66 106 34
111 125 53
73 90 39
115 125 36
82 119 6
122 123 41
117 117 15
25 92 54
82 117 28
50 113 33
72 126 43
70 128 17
103 109 58
72 127 41
40 91 39
52 121 25
115 126 9
76 94 28
33 79 15
122 127 36
8 52 15
57 114 20
62 95 30
20 88 44
86 128 14
118 124 29
48 117 42
23 24 60
21 96 56
9 46 41
64 65 57
66 75 50
2 51 39
64 94 47
11 63 20
92 101 59
18 37 57
70 75 59
122 122 48
85 115 28
13 99 3
14 29 49
117 129 24
117 126 12
66 89 37
25 49 56
7 53 7
0 87 13
32 46 2
99 129 2
1 86 1
119 125 42
72 77 25
119 128 16
27 99 31
50 74 25
48 89 23
122 124 58
87 96 48
69 78 28
54 92 26
47 76 54
64 74 32
88 105 52
87 116 29
83 88 13
15 18 34
6 67 47
123 128 9
30 96 36
28 46 49
63 110 27
73 102 50
22 82 33
102 125 30
118 120 37
30 123 10
27 107 4
57 86 6
54 76 21
33 115 10
30 34 15
109 115 19
6 69 5
51 70 17
113 127 8
98 98 47
115 123 25
54 71 25
118 125 6
69 70 37
36 46 0
78 90 20
40 59 33
91 111 40
50 92 49
15 118 17
49 68 47
119 119 39
7 46 52
50 96 54
26 32 1
40 95 13
71 124 24
40 124 48
32 53 2
61 84 11
78 83 46
94 105 36
93 111 36
25 99 10
95 129 33
18 116 52
0 15 23
72 110 13
56 56 29
6 71 46
51 111 11
45 62 1
93 110 29
14 57 39
51 110 17
52 119 33
43 94 51
82 102 21
63 75 33
123 125 21
38 51 51
31 55 38
88 112 60
49 51 41
100 110 44
97 119 57
22 50 37
96 106 20
116 116 36
9 43 44
80 128 7
95 113 47
36 93 52
123 123 48
115 117 2
73 80 12
4 122 48
71 112 24
128 128 35
13 26 3
118 127 42
39 77 27
68 84 52
20 92 25
23 50 21
46 126 7
19 97 30
3 90 23
73 115 18
92 127 24
96 109 16
51 89 54
74 75 45
24 42 6
16 125 29
83 86 25
127 129 32
17 28 35
80 104 32
5 43 17
76 103 49
29 73 17
13 62 57
80 99 9
4 5 38
128 129 56
120 128 51
91 122 8
96 125 56
51 63 19
112 125 8
23 73 52
61 81 55
1 129 24
18 82 27
52 128 15
30 113 41
71 127 60
94 121 27
106 127 31
74 117 27
52 65 52
106 120 40
102 106 26
49 94 8
82 88 52
55 127 55
23 100 54
117 124 22
75 93 19
84 125 48
103 120 24
6 53 47
41 70 58
90 124 4
11 67 20
77 83 58
15 61 8
69 96 8
114 117 22
44 53 14
23 103 56
109 122 50
37 66 11
29 74 32
50 89 42
40 98 46
76 115 46
44 44 12
35 108 8
12 39 17
110 112 18
63 66 20
53 65 14
50 112 24
37 41 30
108 128 16
47 54 20
55 119 42
18 95 23
53 76 13
57 117 20
67 128 17
26 126 12
20 81 21
77 116 60
87 124 45
34 110 3
104 118 45
49 129 30
88 98 23
58 71 40
30 83 31
107 108 33
9 34 7
19 60 14
26 43 33
112 112 7
55 116 23
118 122 8
24 67 51
19 120 52
30 64 15
74 98 24
113 116 8
80 94 43
8 56 7
73 109 46
79 93 40
113 114 4
86 117 40
74 99 1
69 85 49
68 76 40
48 100 2
67 82 8
52 60 52
83 109 29
65 79 22
63 128 44
22 99 5
22 85 43
4 128 19
105 117 21
105 120 7
30 41 54
104 113 28
34 76 11
13 45 32
4 83 22
48 48 31
61 62 3
33 50 54
96 112 55
79 115 44
3 41 54
37 64 14
108 118 51
76 82 50
87 94 59
22 105 10
81 83 31
23 93 48
70 100 57
88 113 34
46 70 22
124 128 42
111 111 52
58 70 29
3 96 18
105 106 56
39 66 40
83 101 43
93 101 8
66 121 4
57 112 59
114 118 40
48 49 50
62 79 46
3 119 6
61 86 38
60 121 2
25 53 8
53 64 5
49 87 3
115 128 17
28 56 57
92 119 39
107 128 1
90 117 19
61 74 59
79 81 0
50 103 21
104 126 55
110 122 14
62 111 57
25 67 29
95 104 8
44 118 33
85 96 27
42 75 21
14 73 20
73 126 5
57 64 49
11 99 56
84 123 36
79 90 21
55 75 27
49 115 15
24 111 47
8 65 40
18 70 0
81 114 27
36 91 55
80 85 25
86 94 15
93 105 51
127 128 58
86 99 51
28 113 31
96 107 48
61 106 27
96 110 60
16 63 39
101 104 39
81 121 30
59 93 50
125 127 28
106 108 34
108 126 23
27 92 56
79 116 32
48 83 52
102 126 13
83 120 32
44 65 49
114 121 35
40 99 36
12 122 23
118 129 21
2 89 32
17 75 34
95 125 21
44 66 12
105 116 13
21 112 37
3 28 6
94 103 15
90 116 31
115 121 59
74 78 18
112 113 52
51 91 16
96 97 48
74 87 44
10 99 48
9 62 43
45 95 58
14 90 12
112 129 22
40 65 41
14 55 56
77 129 56
47 72 17
21 24 41
7 112 40
110 116 29
48 62 32
0 66 10
59 80 54
96 126 3
121 122 37
103 124 2
11 95 21
65 87 48
107 121 56
17 129 16
13 41 14
16 88 42
85 111 58
49 109 8
75 96 54
72 107 28
2 37 0
37 122 20
97 122 6
31 116 15
44 70 2
25 88 19
28 109 57
41 83 56
103 105 56
113 120 37
84 107 60
14 26 42
3 21 13
103 115 36
18 26 50
11 62 59
70 114 54
22 60 45
93 102 22
27 124 6
123 124 24
103 104 58
85 88 58
32 128 15
47 67 3
15 81 60
74 129 40
49 66 50
7 45 18
43 115 23
126 129 19
75 112 4
75 91 56
104 119 51
55 106 41
78 89 56
75 119 23
45 99 28
0 4 24
49 122 15
120 121 53
8 90 54
0 19 2
95 102 42
84 91 58
36 60 41
98 113 55
73 128 13
92 104 12
10 57 0
22 124 42
66 68 5
22 115 8
95 109 41
82 108 16
126 128 51
42 54 1
44 52 31
115 115 13
47 47 34
82 129 40
58 61 7
22 122 57
97 118 32
45 111 12
16 112 58
79 105 10
117 125 17
36 42 58
53 114 9
49 117 31
30 63 16
72 78 36
113 117 32
33 116 46
46 54 4
118 118 24
106 113 20
68 77 55
97 124 50
2 59 27
99 106 15
85 118 37
76 99 3
39 94 29
81 81 53
83 118 11
120 122 54
115 124 6
88 111 0
21 109 45
5 92 13
100 107 43
15 21 48
78 102 5
14 19 1
86 96 53
126 127 44
105 128 30
5 122 57
47 65 48
60 83 27
58 80 1
87 93 9
99 103 60
20 107 7
19 113 32
10 58 55
101 120 35
54 86 4
81 110 19
12 18 7
70 102 23
84 93 18
9 37 58
14 129 28
120 120 57
62 65 12
68 104 0
102 110 59
56 122 10
79 123 41
109 111 33
45 129 9
120 124 12
2 111 12
37 104 58
10 14 29
61 123 52
42 71 33
54 102 48
63 78 9
8 79 3
4 100 49
99 120 28
27 27 32
77 99 17
36 113 30
70 74 44
107 119 43
65 68 1
79 88 12
89 116 46
75 126 18
101 108 10
49 86 35
10 52 14
24 66 50
84 129 17
16 118 6
94 101 12
120 123 11
107 113 0
47 115 58
14 104 49
23 75 11
90 122 1
4 27 17
28 32 54
3 118 46
117 128 50
85 126 2
116 128 59
109 124 50
66 126 4
116 117 28
97 108 54
34 111 39
9 68 36
98 99 28
31 95 35
32 70 1
47 93 31
110 113 53
30 127 20
78 115 21
87 103 9
98 102 41
95 103 1
33 34 7
8 42 53
116 119 56
120 127 58
54 64 19
65 98 22
14 53 43
41 57 29
70 108 60
41 79 23
47 84 38
61 114 12
95 112 41
5 42 22
12 52 2
108 123 36
5 20 50
32 115 44
45 51 0
62 75 46
23 90 50
64 122 53
71 95 34
111 114 58
19 89 26
5 73 50
68 122 60
30 88 14
51 57 20
40 57 29
53 79 4
30 116 59
53 63 42
116 129 40
73 104 54
50 129 5
62 82 52
111 126 56
73 116 10
64 127 4
105 113 9
22 26 39
55 95 30
99 109 37
7 127 48
69 110 17
63 77 25
20 89 51
58 125 28
80 109 50
5 127 23
3 64 0
93 120 8
28 103 2
11 86 13
80 96 15
92 128 45
15 124 57
43 51 54
57 101 1
45 113 30
86 106 60
25 43 47
67 91 42
107 111 33
34 71 0
52 100 20
7 9 0
37 120 0
15 63 47
40 71 14
58 129 6
39 119 20
1 84 55
6 73 16
52 102 25
67 85 59
12 113 40
62 102 26
103 128 9
79 120 50
113 126 1
112 122 26
119 127 28
31 125 38
19 83 58
98 106 51
60 106 54
33 63 24
36 45 39
66 117 50
94 125 17
24 90 60
2 83 18
100 105 44
124 127 56
125 125 1
37 108 4
59 114 53
110 123 13
90 118 25
88 120 38
103 113 14
57 81 56
41 41 32
84 120 26
102 124 13
62 71 23
7 22 10
48 125 21
3 37 16
93 124 14
105 109 33
40 80 31
61 66 47
101 122 60
35 47 30
51 108 30
53 74 52
58 78 27
98 119 30
63 74 50
37 126 35
108 112 59
99 126 39
3 30 43
107 125 16
18 63 23
86 122 49
83 100 34
93 106 50
32 44 48
67 122 25
123 126 52
4 125 44
65 71 41
71 106 59
115 119 34
96 120 45
23 76 5
68 96 42
71 101 46
18 115 43
66 128 29
35 78 38
1 11 41
97 126 24
118 121 25
39 127 0
15 57 23
103 126 57
62 76 7
26 107 26
117 122 24
65 95 26
32 98 10
103 116 34
94 119 14
22 89 22
3 94 11
53 70 32
75 103 39
83 126 7
19 112 16
101 121 11
36 63 9
107 127 0
90 93 50
2 70 53
120 129 49
25 79 26
17 72 38
72 79 40
42 64 59
25 84 52
51 112 9
28 79 7
105 115 47
49 111 37
10 47 4
12 123 12
111 121 46
100 114 32
10 17 13
8 36 11
46 109 42
53 104 51
8 34 17
86 119 14
27 54 47
121 124 9
99 99 8
4 15 3
50 116 15
71 104 52
90 114 36
105 114 30
71 107 15
91 115 27
51 72 26
55 59 60
88 125 38
84 95 18
24 48 13
3 54 26
50 100 36
58 111 7
57 79 50
117 118 60
20 66 24
59 69 22
15 53 17
36 109 13
107 126 59
52 88 36
10 84 21
71 91 24
90 105 42
92 93 4
55 129 19
50 98 22
107 107 27
12 71 26
46 49 24
86 91 5
108 120 29
107 123 50
71 120 3
1 22 42
91 91 39
68 111 7
61 73 48
65 110 43
69 126 7
43 84 0
10 50 13
102 104 24
63 120 39
37 56 56
10 54 8
7 44 29
42 118 24
92 98 41
58 60 29
46 121 9
38 72 39
108 111 44
116 124 17
44 47 14
18 84 13
91 123 54
23 86 39
107 120 35
16 56 60
46 91 30
81 104 0
53 101 20
38 96 19
77 103 34
47 94 20
126 126 9
11 20 10
4 80 2
16 78 51
52 76 48
30 112 47
40 44 10
48 57 5
11 46 26
70 115 26
31 43 55
114 126 50
50 106 3
56 89 14
59 63 33
90 110 7
47 49 13
70 99 3
119 120 45
114 125 43
97 102 56
87 106 41
69 75 56
59 91 49
75 100 2
90 91 47
81 109 3
64 105 25
4 92 18
65 115 9
2 18 33
71 74 51
33 92 8
41 110 48
7 31 5
111 123 5
89 118 52
5 90 40
46 115 7
44 49 22
40 111 45
104 106 45
99 119 13
42 73 22
29 61 40
112 120 24
103 129 35
45 93 29
74 128 6
74 124 0
37 121 54
39 86 16
74 114 55
14 77 35
17 81 55
62 106 41
53 93 28
4 101 41
69 81 50
44 88 8
19 82 22
13 42 33
95 98 48
73 119 51
12 56 51
41 60 40
54 112 2
110 125 42
113 119 54
48 77 29
30 119 12
91 119 4
34 96 19
28 77 4
15 44 27
51 67 38
72 129 28
70 82 46
9 20 29
8 102 3
123 129 54
116 118 38
55 126 22
42 53 28
11 21 25
51 78 8
75 82 50
8 91 58
93 93 41
56 72 48
60 82 8
17 103 39
84 110 38
59 117 12
119 124 60
104 127 19
37 94 19
10 41 52
33 113 21
101 107 18
47 99 10
117 120 57
63 68 50
40 60 14
35 65 22
56 103 5
76 123 42
48 76 28
39 97 12
121 127 19
119 129 13
22 30 39
25 102 33
5 65 13
59 113 34
104 117 29
42 94 52
100 126 21
32 91 55
56 128 56
72 86 15
60 87 57
115 120 12
24 108 60
1 85 47
85 86 17
4 41 6
49 97 51
33 81 0
80 84 53
79 106 4
61 101 21
95 97 47
45 89 24
34 68 44
21 79 49
21 80 22
42 47 59
86 93 15
4 74 60
66 110 15
26 42 48
72 83 45
57 118 6
74 111 32
119 122 35
4 116 10
93 119 53
78 100 15
72 109 12
81 123 12
107 122 43
103 127 49
96 121 36
53 78 53
7 48 32
46 64 49
62 94 13
61 109 14
123 127 8
36 129 12
92 111 35
78 78 4
106 119 37
58 104 13
80 116 10
121 128 60
2 48 28
101 129 1
92 100 31
7 50 58
34 81 41
5 63 54
78 114 38
58 103 0
27 87 9
96 123 50
58 113 38
17 22 40
41 100 19
38 80 42
83 116 4
96 118 58
74 92 23
19 61 47
18 45 6
43 123 35
20 37 30
80 88 4
124 125 22
118 123 28
12 17 17
73 82 47
115 122 58
21 100 57
17 124 9
88 101 45
27 96 47
53 53 34
63 81 56
109 123 0
95 108 32
3 45 17
73 93 17
101 106 19
98 105 36
91 102 14
3 70 23
29 119 44
113 121 36
8 37 29
12 125 48
92 123 35
65 92 32
38 60 46
34 119 53
55 100 60
53 126 8
109 126 16
43 76 24
61 63 48
29 128 60
25 40 22
89 107 12
13 65 28
91 104 6
4 24 29
23 43 23
95 124 38
68 99 36
9 29 44
12 51 26
103 106 12
78 121 33
102 118 10
1 64 30
24 69 32
105 119 54
10 45 46
1 117 44
20 38 57
111 119 54
69 106 60
86 97 56
15 101 40
44 110 37
87 118 29
24 124 35
68 120 15
103 107 41
37 103 2
47 78 56
41 106 40
117 119 17
82 126 31
69 115 38
23 99 9
32 88 35
38 112 37
32 94 44
103 122 54
118 128 18
58 118 46
26 97 6
52 125 48
1 18 6
77 104 45
74 119 57
26 85 38
102 128 2
91 99 27
20 69 21
57 90 6
47 98 44
125 129 36
39 75 57
60 100 43
23 30 23
24 77 14
87 128 36
84 99 7
73 100 5
117 123 13
70 78 38
0 94 13
104 122 26
124 126 14
11 23 22
34 122 9
33 47 13
36 83 45
79 129 21
10 24 57
100 129 10
40 108 13
44 116 31
36 101 20
90 102 2
40 116 15
100 122 21
100 124 17
85 113 60
55 121 33
22 29 1
14 126 51
43 81 59
94 102 5
10 79 20
77 100 53
89 127 46
53 103 40
33 118 58
9 14 27
50 81 57
45 70 46
63 89 12
110 124 32
24 100 28
21 114 4
79 108 56
13 121 49
107 117 44
64 116 4
41 92 56
86 92 13
69 89 47
89 124 40
1 2 24
78 116 34
40 112 0
84 104 31
26 87 15
8 80 10
39 67 47
33 35 47
3 99 10
6 46 21
9 120 4
74 112 41
86 120 33
36 48 48
15 89 49
58 87 29
82 118 34
18 89 40
14 24 25
77 124 51
54 62 5
42 110 16
31 121 37
78 104 53
70 124 18
85 106 53
75 92 41
7 66 5
67 95 16
107 112 31
39 76 55
28 94 49
44 59 42
8 30 17
116 125 26
37 82 50
99 111 32
52 66 27
48 116 27
90 111 4
19 87 58
22 81 0
22 46 26
31 85 17
43 111 53
21 127 45
78 110 24
110 128 41
112 114 26
2 106 26
72 112 15
0 40 26
97 109 27
53 56 11
28 87 39
29 39 35
54 99 49
31 75 20
96 104 18
57 60 39
90 100 36
37 128 54
63 97 32
119 123 16
8 48 28
10 61 29
120 125 35
97 98 38
64 100 23
3 73 57
64 85 36
17 107 48
52 94 60
77 128 34
106 116 46
81 126 36
100 101 21
60 76 48
38 115 34
62 63 50
85 129 47
40 50 7
81 90 55
108 124 37
85 117 27
84 113 37
69 74 6
86 100 25
89 126 23
64 64 4
25 73 42
58 62 31
19 124 42
75 122 58
19 43 7
90 129 53
74 101 34
27 45 26
51 84 50
83 125 57
35 76 7
93 118 60
92 114 15
25 123 53
79 104 6
122 129 8
100 103 21
116 120 30
23 127 15
68 128 1
106 122 0
83 121 10
63 96 26
44 120 49
61 77 1
116 121 4
80 87 38
13 88 12
27 69 19
47 95 41
65 124 20
95 95 21
3 31 56
95 106 32
56 113 57
39 52 13
61 97 13
42 102 4
86 109 2
55 64 9
100 108 60
65 81 32
8 96 30
88 95 12
7 21 56
29 87 12
59 71 40
83 128 38
105 105 7
69 99 44
76 91 6
89 93 29
1 34 7
51 76 37
58 100 11
54 109 47
66 111 13
7 19 56
104 124 38
15 95 60
78 125 11
93 126 10
3 55 51
36 71 3
9 85 54
98 107 10
18 80 25
10 88 25
102 109 52
61 68 21
48 119 47
50 66 8
78 86 27
66 113 60
32 58 38
17 77 58
58 72 4
83 89 17
86 123 18
15 83 16
1 81 32
54 69 60
77 102 6
42 106 53
38 111 44
83 90 20
39 116 50
113 122 42
96 124 13
2 29 42
23 102 34
47 104 39
59 102 25
30 89 20
42 117 35
20 86 35
6 65 7
111 113 20
59 83 30
106 110 9
76 129 35
38 76 16
48 109 11
53 69 25
78 81 0
14 119 51
8 126 54
18 98 22
72 85 41
40 126 31
108 119 43
77 92 3
36 62 49
15 97 28
13 125 49
40 55 51
6 103 26
92 122 5
1 23 58
78 129 25
1 75 7
61 112 12
88 110 14
2 3 28
53 90 60
124 129 32
98 110 57
60 67 21
91 117 57
17 90 0
88 127 16
68 92 2
1 58 27
41 77 24
44 80 42
87 87 0
82 128 0
40 117 51
90 95 18
9 13 24
16 117 11
62 123 54
79 89 36
25 76 57
111 124 29
11 36 29
28 100 45
125 126 17
125 128 55
18 31 10
18 25 41
1 123 33
65 96 10
74 125 4
89 129 31
76 109 50
57 104 33
41 129 50
29 120 14
60 105 34
75 88 6
14 42 27
82 109 51
94 129 53
102 112 34
69 86 30
94 109 32
35 83 22
51 52 37
34 93 60
13 123 40
30 50 18
15 36 28
92 117 50
49 127 14
111 116 22
65 122 54
27 126 51
9 126 21
27 105 3
19 123 6
24 58 21
101 125 21
52 62 31
26 101 60
121 125 52
31 37 43
63 92 52
5 72 6
38 71 20
50 109 30
24 82 48
117 121 1
87 120 28
30 66 5
11 125 11
3 60 4
103 111 10
27 61 4
23 37 13
95 111 18
114 115 49
69 123 21
92 99 58
70 98 6
91 114 8
38 109 18
8 24 5
7 103 10
30 52 27
46 55 21
90 99 47
24 37 42
2 2 55
36 115 8
49 67 32
19 76 2
59 109 43
9 39 18
34 39 42
63 64 41
15 80 31
66 101 16
27 33 33
71 89 24
73 111 51
79 110 28
103 121 35
39 47 16
49 110 39
47 121 50
7 118 39
39 104 47
116 127 44
61 89 49
100 115 18
33 41 8
45 83 47
48 56 10
29 84 4
109 109 33
81 86 34
98 120 23
38 54 51
73 84 21
4 114 7
26 86 44
54 55 0
57 103 47
42 90 23
31 123 8
44 90 24
67 70 5
6 24 34
100 109 40
48 101 23
47 117 46
18 106 14
37 70 59
78 95 35
47 107 28
34 84 43
19 118 55
49 60 6
64 89 1
41 64 20
42 68 31
37 101 56
80 100 46
60 123 17
106 109 56
86 121 24
28 89 48
104 107 57
11 102 54
42 88 59
44 78 16
34 77 25
34 65 28
56 126 44
62 110 54
44 69 3
77 91 27
20 25 32
48 68 28
57 127 38
91 103 19
101 128 40
63 67 58
112 124 58
5 116 21
58 120 54
93 103 52
76 79 27
34 80 58
53 99 47
8 118 9
42 120 57
19 23 43
92 105 12
60 84 14
95 116 31
59 104 32
9 95 49
70 110 49
70 116 51
79 87 55
1 13 55
14 65 57
101 115 50
1 107 9
21 82 0
33 125 26
23 98 18
71 93 25
107 116 9
107 129 13
58 128 38
101 118 2
38 86 48
33 49 2
89 99 18
23 110 30
57 119 38
32 71 52
106 106 20
9 115 10
79 124 34
83 107 0
85 121 42
9 64 29
47 61 49
95 126 38
33 62 49
95 118 45
70 112 13
55 110 49
10 37 52
55 86 16
79 126 19
37 125 59
87 92 43
12 121 26
49 53 9
62 98 41
67 80 39
74 102 39
22 67 54
109 121 35
81 97 7
84 86 26
32 48 44
25 62 21
61 121 20
3 53 52
89 114 29
24 40 51
88 129 26
86 127 6
28 84 54
3 93 41
112 118 54
19 34 52
89 98 9
18 97 50
30 65 13
78 113 2
36 77 49
80 102 38
53 87 27
49 120 27
9 108 12
90 98 21
56 82 46
63 80 36
84 128 15
52 54 46
69 114 4
10 70 52
81 106 15
97 111 15
40 129 40
29 83 21
105 126 30
35 43 59
111 128 1
60 107 57
72 97 31
11 85 51
4 25 22
72 98 43
108 115 35
70 77 32
74 108 9
97 121 54
19 100 18
15 129 5
0 125 14
12 116 49
23 38 60
61 104 52
60 102 46
19 62 31
86 103 3
78 88 38
102 127 4
27 34 40
72 123 43
38 120 44
52 112 54
88 103 8
84 88 43
104 115 45
64 107 29
81 117 15
0 105 53
63 127 53
113 123 12
90 113 52
87 125 15
104 121 50
40 66 19
38 66 48
26 56 56
23 123 55
13 32 58
12 12 12
22 79 30
76 96 20
60 62 2
13 95 46
0 122 2
99 104 34
100 100 6
101 111 9
67 84 12
8 51 39
23 27 39
16 120 33
113 118 27
1 5 20
114 116 10
49 124 35
28 42 0
47 87 21
16 34 20
30 58 29
112 126 35
66 82 48
84 89 50
10 56 21
90 126 43
96 99 13
2 32 33
85 114 37
41 42 5
32 97 52
82 113 36
27 93 0
89 91 13
61 79 56
108 109 54
52 98 10
23 59 36
112 115 24
54 78 20
81 116 46
62 93 25
2 36 17
13 31 2
37 91 17
120 126 38
44 95 19
87 95 3
75 129 52
44 60 6
50 114 44
33 106 2
16 70 39
32 57 44
2 42 31
30 100 48
4 62 15
37 100 59
45 67 46
17 78 9
105 111 6
32 116 50
103 125 52
26 52 18
6 27 52
94 128 16
64 79 51
20 118 33
81 91 24
110 126 40
98 123 37
23 118 53
69 92 13
7 117 12
87 102 25
8 73 41
51 62 41
71 128 0
56 111 47
8 54 46
41 113 44
71 121 10
26 84 57
12 117 39
19 81 58
82 105 17
72 102 15
37 59 48
65 70 51
47 83 21
35 77 56
28 83 19
27 64 41
32 56 16
67 94 44
15 60 53
92 125 13
99 125 6
30 49 17
82 121 31
21 41 7
69 119 24
11 97 28
34 52 35
11 91 0
97 106 9
80 113 40
79 127 25
24 78 43
13 90 18
88 109 14
22 119 40
11 117 16
12 66 1
40 76 33
20 68 21
32 75 46
109 116 9
89 89 42
104 125 24
7 93 54
100 102 56
27 37 11
50 85 7
14 61 54
66 93 49
60 103 2
83 87 26
94 118 3
12 54 10
92 113 22
95 114 12
70 101 26
109 125 24
50 83 0
108 121 22
42 82 23
114 119 14
13 77 34
30 38 54
67 108 20
61 83 54
28 122 26
40 115 17
54 60 0
109 114 17
63 101 7
39 79 3
55 82 41
57 129 55
91 125 55
22 103 5
4 119 54
101 117 46
84 94 3
82 122 41
107 124 28
98 121 16
26 35 3
13 75 27
102 115 7
84 108 56
70 86 7
93 114 31
62 73 0
31 59 6
43 87 52
114 120 53
47 114 32
59 123 12
78 99 10
76 93 51
79 107 58
41 75 23
14 15 40
14 36 4
38 55 16
51 116 29
114 114 9
18 78 25
20 103 7
111 118 54
49 57 52
74 115 50
52 89 9
2 13 27
66 102 57
27 125 34
95 101 43
72 84 38
3 79 21
103 103 51
61 98 39
55 90 15
56 73 58
21 74 8
11 112 42
56 104 2
32 79 10
13 73 18
40 56 23
28 99 44
105 107 49
74 127 42
22 108 5
15 70 26
14 88 37
77 95 21
53 88 34
1 45 23
13 21 47
0 77 20
36 120 2
69 109 27
49 83 57
55 55 9
57 63 38
54 123 27
53 125 30
71 90 44
89 111 11
82 97 35
69 80 40
74 85 21
15 27 7
91 121 0
96 103 59
42 115 29
36 90 18
22 98 59
90 112 15
89 90 0
45 109 19
88 99 46
52 122 22
43 100 0
20 96 19
84 84 15
42 67 15
8 89 30
37 124 33
89 96 51
63 115 7
2 44 7
38 95 13
38 98 51
79 111 13
79 96 17
11 54 35
89 104 48
51 61 27
72 82 19
82 94 41
7 108 13
54 85 3
78 124 4
99 114 27
60 101 56
22 78 2
68 73 25
5 74 31
63 94 1
91 112 34
46 95 11
59 106 6
2 25 57
10 69 22
102 119 35
44 89 22
71 118 0
116 123 25
44 97 4
59 72 37
16 94 18
53 67 30
2 66 48
76 76 23
79 118 56
69 121 8
31 105 13
78 103 55
61 111 26
18 49 57
61 71 50
75 78 25
9 118 18
46 104 12
85 87 29
33 51 36
32 85 30
71 79 46
52 59 58
24 71 30
66 115 46
87 101 33
34 78 60
16 98 55
86 95 38
10 60 8
29 53 40
89 113 40
73 81 5
10 27 43
57 107 29
109 120 51
1 109 10
30 118 20
27 48 5
38 47 55
87 119 19
30 124 19
41 56 37
80 93 25
8 92 55
28 40 6
89 123 1
21 26 1
99 110 37
32 78 44
92 107 58
82 84 37
80 119 40
79 113 56
20 91 37
48 64 8
48 108 39
50 101 43
4 68 59
42 61 0
99 100 28
17 47 36
52 123 55
12 78 22
42 112 16
110 120 13
54 119 54
114 129 47
72 117 58
37 117 52
48 111 10
81 101 19
90 128 54
75 107 6
37 58 1
53 129 51
86 110 45
53 124 35
19 65 52
71 80 3
3 109 54
104 114 58
11 77 21
12 63 48
69 77 38
27 91 53
65 75 29
41 88 47
110 115 47
71 122 27
76 87 6
47 109 40
65 66 43
19 111 8
70 81 43
55 61 25
34 128 55
21 50 4
59 73 44
28 33 12
62 101 23
73 127 28
13 129 5
111 127 40
22 127 10
85 123 43
67 75 20
106 123 28
26 72 48
22 92 17
14 46 36
52 116 35
54 105 14
14 69 57
104 110 19
103 119 41
16 90 7
15 32 25
58 124 7
57 91 1
12 73 13
80 112 50
67 100 52
87 89 29
33 78 8
63 73 18
0 52 39
60 129 27
56 64 13
30 120 18
3 6 53
91 95 37
90 108 18
73 120 3
13 82 56
53 115 55
7 111 57
10 128 51
7 56 22
19 90 52
108 110 20
32 113 13
15 86 26
2 120 31
121 129 36
9 78 1
12 20 25
65 65 3
89 128 27
60 91 7
122 126 16
50 50 39
14 98 28
58 126 20
21 77 10
27 123 52
116 126 10
40 125 8
100 106 0
15 59 15
48 124 52
18 76 50
98 115 47
106 118 14
24 129 50
0 82 29
70 127 20
40 51 14
23 87 38
5 129 15
111 117 13
29 112 27
54 54 12
13 89 5
88 90 48
68 69 33
2 88 8
84 100 47
45 115 23
75 98 32
7 88 44
35 118 0
18 33 3
29 57 26
25 96 30
38 99 35
82 116 20
49 102 57
71 98 8
19 39 33
29 59 30
41 119 29
12 60 60
15 33 28
87 90 11
3 57 42
22 53 45
38 127 32
64 110 8
47 62 48
87 88 27
13 28 1
74 84 27
29 51 44
13 58 34
5 101 60
53 122 30
68 119 27
11 107 8
5 85 36
26 79 45
13 53 13
9 84 3
15 35 32
55 91 26
46 73 13
82 112 58
28 41 11
21 128 39
63 88 59
56 76 35
95 99 34
63 106 60
39 50 44
47 66 12
38 68 43
100 119 36
42 56 43
2 93 40
37 90 17
91 109 29
62 124 46
46 69 21
11 71 19
57 109 5
63 83 47
16 19 5
111 115 8
7 17 1
69 95 25
106 111 53
0 89 30
104 116 57
47 80 5
5 100 21
87 108 42
71 109 23
51 90 9
38 128 14
7 92 29
103 112 56
64 77 3
85 120 56
55 76 43
41 101 16
83 129 17
24 114 32
109 129 35
94 110 39
65 73 34
45 60 8
92 121 59
102 120 11
8 95 45
38 92 4
28 125 7
80 82 45
51 65 29
35 62 46
60 128 34
64 87 32
19 117 52
47 59 36
35 102 31
87 99 12
4 11 56
27 82 57
22 77 15
12 21 0
28 34 1
80 121 3
99 108 30
20 41 33
88 122 6
4 4 55
46 46 55
69 97 60
62 67 48
21 117 12
42 127 9
6 39 19
70 122 7
45 103 7
9 48 57
104 123 44
19 71 55
43 83 56
35 59 24
106 117 41
109 113 53
33 111 27
85 92 51
37 69 23
109 118 48
78 123 0
75 109 59
36 97 16
65 85 33
80 97 8
42 99 37
70 88 17
59 95 1
93 112 5
29 32 8
68 105 17
102 108 17
41 62 8
70 95 29
33 53 43
113 113 52
92 106 36
69 128 27
99 117 31
30 82 53
99 124 59
32 62 9
57 106 31
78 112 29
106 115 29
58 94 28
25 121 45
102 114 8
55 118 17
93 113 60
47 57 59
68 115 44
14 121 48
28 127 39
57 97 28
65 120 5
66 66 24
66 105 34
35 70 33
41 109 52
49 78 39
2 115 31
51 120 10
61 120 28
19 99 3
101 126 42
44 107 52
99 116 57
51 56 48
102 111 7
47 70 16
16 91 38
9 80 45
7 42 15
31 80 38
36 49 51
98 117 25
7 26 58
15 113 37
54 73 39
69 116 0
68 87 12
19 77 50
80 81 26
25 120 12
57 77 54
62 122 35
44 119 41
40 64 40
49 55 16
70 121 24
39 103 21
16 43 16
37 48 19
12 103 14
41 125 53
44 85 8
60 75 23
94 126 5
32 107 36
61 126 4
42 116 47
82 96 56
36 108 40
25 39 50
29 78 30
31 81 2
79 101 6
43 88 38
25 33 12
22 22 34
56 102 2
49 82 44
7 20 5
40 70 38
25 44 2
16 115 26
14 115 54
17 85 6
85 93 33
38 114 23
17 109 25
6 11 25
113 125 10
23 63 15
40 84 21
5 119 16
46 84 39
12 82 33
87 117 24
45 80 37
45 100 54
84 117 57
57 102 11
94 124 26
43 126 45
25 83 45
40 94 24
27 103 27
82 115 57
32 106 57
56 60 59
78 108 26
58 108 49
82 91 43
53 109 56
108 114 26
36 65 49
12 94 18
13 52 24
50 105 5
28 126 24
29 99 26
56 119 21
43 53 44
72 111 38
122 128 53
45 55 36
31 100 34
60 99 17
42 121 20
56 112 23
42 45 11
57 110 44
34 63 49
39 61 29
55 85 30
34 37 25
37 76 5
16 93 18
16 89 6
2 117 12
11 109 55
0 72 37
37 88 2
60 115 37
25 78 47
2 15 59
45 90 39
51 94 17
105 125 2
116 122 48
88 126 60
3 72 2
40 100 42
83 105 58
18 35 59
5 77 54
78 120 28
88 119 43
95 119 55
29 127 10
84 106 42
51 124 12
78 126 57
68 109 16
22 35 47
71 97 15
24 38 39
43 75 29
62 104 6
43 93 43
86 111 58
70 103 53
4 32 20
6 91 53
52 72 7
36 58 22
49 125 30
55 120 30
19 91 45
52 108 19
64 92 58
25 34 7
76 97 37
94 94 32
37 123 33
8 68 46
21 65 23
77 114 57
82 127 31
94 104 37
75 97 1
25 65 47
103 117 3
6 21 41
33 91 26
30 51 9
67 101 49
107 110 28
10 33 54
61 64 19
12 88 30
56 77 46
105 118 7
29 82 28
47 102 33
18 50 58
37 106 56
39 107 49
84 118 51
5 128 17
45 92 23
67 86 24
59 108 29
9 123 30
49 79 39
17 45 2
10 42 15
101 119 53
19 125 15
3 5 11
100 118 26
33 93 11
19 55 44
16 67 16
105 121 6
55 63 33
41 123 22
48 72 47
31 89 52
95 121 25
77 80 35
25 72 60
109 117 3
7 73 60
14 50 40
67 96 29
36 119 29
44 113 46
20 115 6
39 102 0
20 32 5
20 127 2
83 95 13
53 80 43
66 97 50
76 90 34
65 67 15
75 95 31
2 118 44
34 94 33
101 112 20
2 81 34
35 110 4
50 82 51
100 125 17
2 63 26
1 119 39
34 48 46
23 104 12
95 117 49
79 100 56
10 71 54
73 117 14
12 99 37
11 66 17
84 85 56
22 111 1
57 94 19
50 55 1
108 108 14
7 81 39
36 50 48
68 81 15
53 82 58
94 95 56
65 97 45
77 119 42
67 72 60
23 57 19
27 30 29
37 116 38
62 126 40
11 129 40
48 106 53
20 29 58
80 106 48
79 121 5
45 118 10
21 92 1
35 114 60
86 114 3
74 110 54
83 99 49
60 89 9
11 80 47
74 104 7
42 78 7
65 129 1
69 125 4
121 126 41
33 103 40
12 114 54
3 71 53
7 67 23
86 124 13
72 74 39
101 116 19
54 65 34
57 123 55
18 123 42
44 75 53
43 58 39
75 124 51
31 77 34
76 108 50
88 100 26
50 71 5
76 114 59
43 98 25
88 92 13
48 84 3
84 92 36
33 33 17
59 89 6
54 72 18
56 83 5
82 99 58
30 72 5
59 62 51
59 75 5
64 121 55
27 83 54
114 124 18
66 112 40
16 38 31
81 119 48
100 127 36
83 93 8
11 108 30
29 81 3
28 63 3
48 113 36
75 83 2
20 99 24
9 40 14
35 42 7
61 72 27
1 19 5
65 86 36
87 109 36
21 40 6
23 44 23
38 113 39
85 112 50
6 19 9
14 110 50
40 123 46
14 96 42
71 113 36
63 107 53
46 81 58
105 108 28
49 105 48
89 122 49
24 51 21
115 116 50
96 100 44
45 125 46
33 65 53
12 24 55
32 102 46
119 121 0
54 57 60
92 102 18
16 37 3
118 126 47
35 58 22
34 106 51
58 92 6
46 87 22
5 107 45
13 71 52
56 91 41
3 27 32
84 121 53
34 85 20
66 99 20
49 126 52
54 88 20
59 122 9
61 105 32
70 73 35
45 64 39
21 35 25
77 106 12
54 81 54
3 126 39
67 67 13
91 98 38
98 109 30
32 112 53
28 57 9
100 116 38
18 108 16
16 71 6
67 129 28
40 122 17
64 111 35
24 101 8
93 96 11
82 87 35
39 105 60
21 54 33
26 40 25
49 118 34
41 78 59
17 33 35
15 19 19
4 56 6
83 114 30
9 121 5
80 92 58
26 121 30
75 80 16
102 121 42
62 88 44
43 73 25
10 109 42
20 21 4
90 90 41
88 96 30
81 105 26
75 79 44
20 56 35
20 128 40
23 120 3
47 111 54
46 50 24
4 38 38
66 124 22
37 111 34
56 62 57
6 112 23
25 107 7
32 105 5
80 107 41
17 50 20
68 102 19
22 126 47
36 70 51
96 111 59
81 89 28
97 97 43
53 89 47
37 99 46
6 128 8
109 128 35
114 123 56
60 112 43
9 42 46
39 108 46
89 100 34
97 125 1
41 96 26
18 127 42
25 80 56
39 118 2
83 83 19
54 108 22
9 97 0
94 113 35
115 129 17
71 116 40
35 100 27
54 67 6
25 89 53
11 121 30
80 127 52
118 119 8
16 31 59
58 88 23
21 98 6
26 127 2
36 92 28
36 114 27
11 33 33
103 118 1
78 117 26
32 108 51
77 113 23
72 89 40
17 60 56
8 13 26
29 105 28
17 121 0
13 100 45
20 42 30
45 66 12
67 78 2
1 106 50
42 42 57
28 98 2
18 101 25
47 124 26
18 64 52
54 107 15
13 14 29
19 116 14
22 87 11
21 46 26
97 120 25
89 106 43
61 110 1
74 74 19
104 128 29
7 120 14
78 122 57
65 100 30
54 94 9
62 87 47
44 124 39
66 91 60
94 111 37
24 32 13
19 129 3
10 35 41
53 96 31
96 117 23
65 94 41
12 57 4
43 47 39
74 120 30
75 75 49
11 92 18
51 96 13
88 123 45
24 35 12
98 118 19
55 68 48
42 108 40
100 121 32
81 120 39
2 23 25
50 68 36
36 111 6
12 30 35
46 86 21
34 53 59
31 48 49
76 98 5
60 65 10
87 105 1
60 60 41
65 83 21
27 89 15
7 43 38
73 103 19
81 82 27
2 30 57
27 108 6
60 108 24
45 59 57
23 128 4
65 103 14
10 49 24
44 117 42
56 115 42
75 114 0
80 118 12
21 129 6
34 60 3
70 94 7
39 114 0
33 123 14
24 74 27
41 67 4
92 96 50
72 125 13
4 22 45
50 67 48
75 113 26
16 40 49
37 83 37
24 98 32
35 36 25
10 106 37
64 126 6
70 125 56
91 108 50
75 76 14
10 16 45
52 85 39
111 112 55
60 114 3
11 12 25
71 71 4
79 122 7
99 127 59
50 115 46
6 55 35
13 49 35
17 43 14
57 89 7
62 91 36
73 73 7
52 106 33
71 96 0
114 127 23
67 74 43
29 79 39
28 71 50
56 107 27
100 112 29
86 116 49
31 91 50
4 33 30
5 14 55
24 50 26
61 107 50
49 128 17
69 83 48
7 11 21
67 68 47
38 78 60
18 91 49
84 96 6
3 91 35
72 108 24
42 129 14
65 112 1
20 73 51
52 101 32
43 128 2
88 108 35
82 107 28
34 127 41
36 59 6
107 115 16
6 116 44
86 105 17
10 46 38
5 110 55
58 85 44
31 98 22
36 126 25
16 122 0
62 86 49
33 108 5
101 127 26
71 105 37
68 97 35
11 101 57
32 87 8
13 25 51
15 108 17
76 119 14
32 118 11
87 122 33
20 95 29
38 122 6
70 70 15
60 73 31
27 71 23
85 90 55
56 95 19
20 52 50
9 77 15
31 45 10
106 121 2
32 37 9
63 99 30
22 44 60
62 125 53
56 98 24
98 114 20
61 102 1
52 53 9
18 122 0
10 67 23
74 96 56
39 49 12
68 80 43
62 70 21
38 64 6
71 82 57
45 123 38
45 126 35
26 48 45
31 53 37
17 114 53
61 118 46
65 90 2
31 107 49
1 99 8
74 89 26
23 82 3
38 87 21
53 55 4
95 110 25
114 122 31
53 75 50
50 54 8
17 110 22
76 127 34
71 81 31
85 124 50
56 85 55
3 11 7
22 101 9
55 71 21
77 78 31
59 92 4
52 114 1
69 117 19
57 78 47
33 46 53
64 103 23
15 107 15
55 66 32
76 77 17
53 102 45
113 129 14
8 83 52
17 126 4
80 105 11
66 87 51
54 124 16
30 98 14
39 40 39
41 118 2
14 79 6
4 69 50
20 74 44
44 63 27
81 103 24
108 122 43
58 65 54
75 89 31
89 115 25
70 111 36
23 65 23
93 97 2
100 113 9
83 102 33
27 56 45
2 76 16
63 113 56
19 47 14
18 65 36
49 56 3
1 44 34
37 87 45
34 103 3
46 100 47
96 115 21
54 66 1
12 102 47
10 111 20
70 113 35
9 116 19
109 112 29
30 70 59
59 76 17
12 119 58
46 82 57
45 73 33
31 87 58
55 98 54
67 73 39
54 91 27
68 85 17
87 114 51
80 114 13
36 69 53
33 58 4
87 115 40
63 108 6
2 67 43
27 122 58
36 112 41
71 92 45
62 118 20
83 110 50
26 53 41
21 120 24
32 36 39
46 93 20
39 43 2
72 94 21
76 110 47
72 122 13
14 34 34
8 107 21
1 8 7
11 68 16
49 77 2
40 102 1
5 50 41
3 111 38
27 79 23
34 95 31
88 116 47
29 44 37
43 120 59
15 52 44
55 72 7
47 53 48
91 129 14
12 124 45
2 17 38
91 106 12
56 123 24
0 55 34
54 115 17
110 119 47
101 124 23
49 104 15
50 99 51
29 34 16
77 112 21
67 121 48
36 74 15
46 96 53
105 129 5
79 80 15
59 116 2
42 123 4
48 96 37
47 69 19
22 96 37
58 95 30
4 10 0
62 85 39
48 107 50
42 126 18
95 120 1
40 85 49
1 87 47
31 60 31
18 20 24
23 91 52
26 36 53
13 51 49
44 55 18
54 87 26
35 91 27
33 37 45
29 101 23
7 63 47
13 27 56
80 115 6
57 93 38
61 113 43
94 100 27
24 93 42
64 123 9
17 40 33
7 107 9
28 75 41
19 25 5
101 113 54
35 129 5
76 121 16
49 85 41
1 94 45
51 93 24
50 87 31
36 98 49
108 113 48
102 123 45
2 62 9
63 118 9
17 117 57
9 73 34
39 93 41
111 129 51
9 60 21
29 118 24
62 89 35
34 42 7
78 93 41
40 58 30
26 92 36
45 119 16
89 103 37
30 79 32
8 76 14
92 120 18
94 122 39
72 99 36
90 120 11
30 122 38
10 39 10
83 113 17
38 107 6
65 128 45
36 121 29
43 59 8
36 89 12
76 81 48
69 127 14
41 111 57
50 58 52
97 104 35
84 90 34
62 96 22
33 54 18
90 101 40
61 91 44
62 81 18
98 129 50
55 105 30
94 115 1
33 126 21
59 61 38
40 90 49
50 63 13
62 127 12
18 60 57
16 75 3
81 118 53
15 122 0
75 116 59
73 95 42
32 39 50
74 77 54
16 20 40
48 105 54
3 69 28
57 98 0
16 68 8
44 122 50
7 87 58
53 107 30
65 111 1
9 30 1
47 92 49
104 109 39
41 89 4
8 16 42
79 99 42
72 124 9
105 123 24
97 117 51
31 111 41
29 67 35
91 105 14
43 70 50
57 113 24
86 101 34
53 57 53
48 122 55
74 100 48
9 55 12
90 121 57
94 112 55
30 71 32
88 107 52
94 96 31
97 107 41
50 65 29
49 73 52
10 112 5
21 123 10
1 17 35
72 92 28
108 129 27
66 90 29
60 70 35
33 89 20
33 102 19
29 36 46
85 119 53
6 70 33
35 117 6
2 101 36
2 84 56
56 69 53
3 35 12
97 127 20
4 93 1
81 84 38
59 67 7
17 86 53
103 123 32
107 118 36
0 6 47
49 59 45
55 108 2
11 94 29
18 66 21
91 124 8
62 84 8
105 127 10
11 73 5
59 98 27
70 120 58
22 125 39
3 103 0
64 86 47
10 18 20
76 117 39
5 120 15
61 122 6
98 111 25
25 41 30
0 43 4
15 126 30
81 122 39
55 92 42
58 112 54
20 54 25
28 128 15
15 127 6
86 104 12
96 96 1
26 103 21
67 109 38
2 52 14
17 30 39
90 115 8
81 125 56
84 101 58
0 29 49
57 100 46
33 114 33
39 100 59
42 119 28
31 35 23
40 121 42
4 79 54
3 66 43
44 93 7
97 123 24
80 83 59
78 128 2
110 111 32
106 114 8
93 115 56
35 123 31
11 76 29
16 85 4
18 128 45
67 116 56
65 109 21
5 68 22
11 34 60
64 72 58
17 74 45
23 89 46
48 91 48
29 43 8
67 115 48
101 101 0
58 116 24
22 74 44
39 84 23
77 127 27
8 15 38
12 32 28
10 83 20
26 80 51
92 95 24
60 124 43
33 64 1
5 44 56
45 52 15
82 85 24
70 92 32
32 54 57
27 119 23
106 107 56
0 51 38
28 44 12
56 84 44
56 117 30
50 57 48
97 115 39
81 115 27
94 127 52
19 78 9
72 104 56
36 53 51
83 84 58
3 42 0
49 49 36
41 114 29
24 106 9
24 97 33
35 51 42
56 127 11
19 29 40
15 23 41
74 105 49
76 104 48
50 90 4
21 116 8
64 70 47
12 105 22
83 115 19
15 16 10
79 92 18
51 125 40
26 113 54
23 92 36
93 125 20
2 22 44
3 105 54
21 119 27
55 115 4
51 85 6
67 118 49
13 126 10
41 58 39
20 23 22
17 44 22
21 78 60
90 106 29
1 41 7
46 53 42
23 112 59
14 45 35
26 83 29
42 76 19
16 107 31
74 93 29
46 88 3
69 73 35
49 103 15
12 87 14
55 96 43
77 94 28
71 83 54
85 107 59
38 129 51
73 98 48
27 121 49
47 90 12
19 20 60
59 103 41
110 118 16
24 63 51
48 127 2
8 84 43
79 112 40
2 41 50
86 107 12
19 115 46
73 106 54
59 77 26
67 106 47
1 95 31
80 111 20
51 68 12
45 124 13
55 81 20
19 85 5
3 81 19
99 113 41
60 71 53
57 71 2
7 16 40
29 92 39
86 89 21
0 60 15
44 129 19
88 94 7
8 11 18
16 101 7
37 53 40
3 18 1
45 65 11
6 30 42
83 127 10
91 113 17
14 44 3
4 103 15
40 54 4
8 124 39
22 27 30
61 124 0
27 67 52
12 80 6
74 118 1
81 128 6
23 66 45
61 85 24
16 22 16
42 83 14
51 71 21
112 123 38
6 106 27
6 111 60
49 98 57
14 92 19
81 112 32
103 110 6
30 85 18
93 94 8
40 73 17
59 129 7
19 40 54
35 45 41
64 118 33
48 97 13
13 102 4
67 126 10
6 126 39
27 70 16
29 90 40
44 115 15
18 57 35
70 119 24
70 87 12
14 37 44
30 101 27
43 109 43
65 126 22
2 96 59
62 112 50
39 129 3
51 126 48
59 59 20
34 35 17
70 118 49
35 92 5
4 31 42
69 84 18
36 36 16
75 105 20
54 100 8
20 108 3
11 113 0
26 128 4
119 126 0
64 104 10
55 122 32
62 103 37
25 93 55
24 28 58
12 76 37
13 91 41
9 65 54
10 129 56
70 76 27
46 122 3
29 62 18
21 21 16
1 93 43
40 105 16
6 125 26
74 95 51
26 88 58
47 110 42
73 97 33
41 76 54
0 102 3
34 57 10
68 117 4
46 78 26
52 58 56
76 113 25
55 60 40
90 119 57
1 66 50
62 121 48
84 126 31
26 109 46
32 122 20
16 102 42
60 80 45
92 109 57
55 112 57
34 98 43
50 123 38
35 84 46
40 93 39
46 90 59
27 101 60
86 88 4
32 92 19
52 83 21
7 61 23
80 90 25
89 101 47
23 96 38
8 100 16
87 98 34
4 111 50
32 120 60
59 111 37
29 88 55
37 74 19
40 74 41
66 125 24
3 14 22
69 111 21
21 22 45
47 128 45
63 71 60
46 103 18
16 76 42
33 101 18
58 107 28
52 97 38
6 63 34
64 75 59
29 121 42
104 120 54
16 58 54
49 95 43
102 113 13
14 102 4
6 51 39
14 76 46
80 129 29
13 38 24
102 105 27
112 116 37
24 89 53
23 33 17
2 45 31
40 78 22
58 64 23
108 127 13
14 103 49
27 129 46
77 85 39
55 62 9
4 71 47
22 106 22
17 58 46
99 115 21
18 119 22
26 69 7
60 117 44
41 74 39
33 122 48
4 102 60
67 105 16
86 102 56
82 89 16
106 124 42
87 113 55
13 85 22
86 98 53
71 119 57
48 80 26
58 105 20
6 96 50
31 67 38
18 62 58
21 86 28
57 105 4
51 113 14
2 11 29
67 71 13
58 73 9
67 89 53
26 73 44
14 109 30
99 101 1
21 102 31
56 87 15
67 92 25
18 36 18
11 82 23
42 92 60
16 128 30
40 40 39
2 5 13
96 127 39
23 34 8
80 126 14
14 108 15
88 118 36
112 121 18
29 63 13
80 95 21
5 29 2
68 82 15
49 113 53
2 114 23
0 75 38
4 57 44
81 85 21
64 112 2
104 108 24
40 107 27
29 56 38
19 92 56
4 48 42
71 85 49
33 74 47
39 111 9
29 30 45
41 82 44
7 69 13
48 71 13
84 119 29
19 94 13
94 97 26
25 70 53
0 61 30
53 119 0
31 118 56
73 88 23
43 62 50
14 128 39
12 55 24
27 109 9
25 87 11
95 127 39
26 37 47
11 48 46
54 63 47
9 51 49
47 125 41
83 96 38
31 36 34
12 31 14
47 91 58
21 23 45
91 107 33
35 63 16
8 28 43
46 72 41
46 47 20
94 107 12
64 67 60
1 49 5
65 99 12
78 80 14
45 117 45
68 118 40
30 75 19
8 122 24
2 110 8
44 62 29
19 98 5
111 122 18
66 85 28
6 52 29
34 36 60
2 94 24
109 127 19
37 98 31
36 84 45
38 58 6
31 50 44
61 67 11
71 125 36
63 105 42
38 48 51
30 73 19
7 62 35
1 48 33
25 81 39
56 105 12
6 118 6
53 71 6
49 116 35
84 111 46
41 54 47
108 117 30
10 65 9
37 46 9
73 129 43
77 107 9
57 83 48
73 113 48
9 100 57
1 53 29
57 74 28
52 77 1
27 90 44
71 111 11
41 128 38
72 75 2
21 106 51
13 48 12
48 60 18
42 111 33
1 73 12
5 70 21
67 113 27
38 42 14
79 79 4
13 116 20
49 119 19
23 58 41
67 110 44
32 84 60
27 51 34
21 103 45
99 107 33
99 105 17
84 114 48
34 88 23
66 120 51
73 75 12
112 128 20
66 92 21
17 80 19
83 94 4
28 91 16
12 69 9
77 111 40
6 26 40
56 71 45
96 119 55
44 106 42
66 127 34
2 7 53
61 129 58
31 83 27
80 124 15
37 110 15
2 69 19
64 83 23
93 98 32
80 89 47
54 103 26
9 10 51
65 76 19
31 63 52
0 107 9
13 115 48
9 26 25
0 116 28
75 120 47
84 105 57
53 91 37
24 91 0
21 101 47
45 85 21
85 125 17
21 70 50
60 81 8
42 60 27
81 98 29
39 85 0
4 76 8
3 19 34
57 58 42
20 24 32
51 81 40
25 109 32
47 55 5
88 93 57
74 88 54
46 74 10
77 109 36
31 76 2
25 52 0
11 127 42
92 118 50
39 128 14
34 129 10
97 103 28
26 76 21
55 111 58
79 82 50
39 117 24
11 14 0
2 122 52
4 86 36
50 93 11
48 61 53
25 42 7
71 75 51
44 127 6
48 75 2
50 117 9
96 108 22
24 53 41
29 72 38
35 73 38
6 102 54
48 67 4
1 24 2
71 77 27
53 108 55
40 97 20
122 125 47
14 63 49
68 110 51
46 58 8
56 57 35
11 18 20
45 69 34
3 3 58
37 60 19
76 124 25
65 125 22
36 44 26
26 68 10
66 116 14
59 87 0
13 119 28
77 105 9
63 65 41
17 24 57
73 79 24
41 91 40
86 112 60
64 125 46
101 102 56
31 47 9
26 96 8
82 125 21
32 69 34
99 102 37
77 126 44
29 71 49
26 65 39
9 54 53
14 56 16
38 116 52
93 95 29
79 91 56
5 76 20
59 70 18
19 22 43
27 102 13
87 111 49
28 62 58
6 84 56
100 111 51
17 87 23
4 30 17
4 18 8
13 43 36
96 113 46
44 61 9
50 69 57
55 124 6
114 128 51
5 106 48
26 125 38
18 85 42
54 80 9
87 127 43
19 75 13
32 121 43
53 105 38
17 119 23
67 103 31
59 81 16
69 129 56
98 126 44
56 96 25
39 44 49
54 98 42
20 113 53
19 96 15
40 104 20
59 94 36
103 114 25
11 22 3
1 97 7
2 119 53
67 69 30
16 57 11
16 59 26
10 34 58
66 88 57
27 60 56
54 83 9
57 62 32
63 84 51
7 114 45
50 121 16
6 104 0
33 55 6
79 83 15
2 14 56
29 113 22
98 128 30
16 110 38
11 61 35
5 80 48
25 58 24
23 70 12
1 42 14
8 8 37
51 58 2
3 59 3
20 111 6
50 56 3
8 85 16
66 98 23
111 120 46
14 80 48
1 54 25
56 88 40
17 67 9
35 66 59
51 109 21
6 57 12
16 121 31
64 84 5
16 66 40
48 82 47
39 73 34
12 106 6
50 77 25
29 98 13
41 51 34
72 81 25
32 125 47
34 104 54
33 76 0
2 72 29
91 127 60
34 64 30
37 92 41
106 129 47
17 93 1
43 127 21
20 48 37
77 82 59
47 120 3
4 126 13
45 79 38
16 84 10
61 92 38
6 12 56
34 99 10
71 117 2
40 119 9
17 21 45
28 69 24
55 87 1
2 73 19
83 104 39
32 95 23
65 80 14
11 114 26
3 44 6
56 79 37
104 129 56
57 99 12
53 72 37
69 94 46
106 126 25
93 121 30
26 89 21
15 15 18
51 97 3
59 86 31
7 77 4
47 79 20
31 33 18
63 91 32
30 126 6
65 113 47
14 41 40
47 113 22
39 45 46
37 49 41
91 118 43
85 101 10
83 112 21
1 69 35
70 93 19
96 98 1
23 39 9
12 45 30
5 104 48
92 115 38
63 103 56
42 62 6
78 109 53
63 87 0
113 128 27
60 85 59
81 127 30
58 90 34
4 110 23
5 18 59
6 127 7
52 111 7
74 82 25
9 88 38
104 112 6
5 17 16
37 79 16
45 78 19
29 58 34
43 49 16
98 108 32
21 83 2
51 118 11
9 109 2
20 28 37
65 101 1
108 125 0
24 56 8
48 81 12
43 86 42
19 45 27
91 128 46
57 84 15
39 65 34
97 112 21
58 106 2
36 66 4
0 68 49
78 96 1
28 86 15
43 44 46
22 61 30
25 108 27
102 129 38
44 128 45
0 48 37
58 74 23
63 100 7
69 113 34
46 129 33
18 42 28
58 63 28
12 92 15
33 61 52
81 96 37
3 8 55
55 65 39
66 119 37
92 108 16
8 10 27
2 108 46
40 103 9
97 128 45
3 12 25
40 61 31
82 90 16
87 129 10
28 70 36
56 78 36
18 59 38
4 99 6
66 69 14
37 85 29
73 85 45
71 129 25
26 62 37
94 117 12
10 28 33
6 115 47
7 27 37
7 129 49
72 72 18
46 60 31
76 83 25
4 7 47
90 94 51
23 114 6
51 128 14
105 122 9
49 107 44
77 81 23
24 92 6
59 68 42
28 60 14
2 103 23
65 108 2
42 125 47
80 91 60
21 121 32
41 108 28
38 53 2
21 34 39
30 103 14
93 127 37
46 114 6
61 96 38
29 114 15
33 94 50
3 129 23
9 98 54
3 112 29
77 84 30
61 87 46
112 117 20
92 124 35
14 81 15
75 111 35
35 101 58
77 118 0
27 41 29
32 119 24
39 125 24
47 89 35
16 95 11
51 101 30
41 117 28
53 92 6
46 51 21
60 63 26
95 123 6
9 44 58
89 108 59
70 96 37
4 40 25
15 88 41
26 102 23
30 128 5
1 57 21
78 118 7
17 39 45
11 27 38
5 56 53
53 68 9
29 93 34
45 63 59
73 110 31
38 117 19
18 56 26
57 122 32
34 67 1
110 117 6
47 63 13
72 118 10
22 110 41
21 90 25
21 89 5
96 102 27
2 60 28
83 98 7
8 12 19
34 124 59
59 125 8
12 47 32
26 118 6
35 81 10
13 128 19
20 64 21
41 50 31
72 88 21
77 125 36
0 71 6
24 43 12
13 96 41
64 81 37
64 66 51
20 100 3
74 121 41
43 95 36
12 34 41
69 112 13
39 39 35
10 19 7
86 118 59
47 112 7
10 116 0
50 79 45
41 43 29
0 101 46
2 38 8
27 28 18
47 73 48
49 69 8
56 67 28
25 94 43
32 32 29
61 65 27
50 122 52
61 80 51
22 128 29
96 116 4
5 38 37
33 45 58
33 42 52
0 12 1
31 129 57
8 23 58
5 117 47
64 96 13
35 37 29
91 92 10
22 66 13
18 58 10
62 99 31
61 128 53
43 110 15
9 102 1
92 97 18
50 102 25
19 56 57
106 112 35
75 87 30
34 100 55
9 52 47
29 45 19
21 29 23
48 99 7
51 74 53
34 116 49
52 92 16
27 47 35
43 97 5
85 116 44
69 87 54
24 107 25
67 83 5
56 100 22
6 44 34
79 125 46
57 76 30
11 79 8
76 106 42
30 94 13
4 98 26
38 126 18
16 32 43
18 73 16
85 98 27
63 69 56
75 94 18
64 80 33
29 46 32
21 57 29
24 72 42
53 73 38
49 58 56
62 92 39
45 107 37
1 105 46
23 67 43
0 0 13
22 70 8
2 71 25
77 93 2
7 68 1
15 25 49
45 58 38
36 88 26
85 105 0
74 76 36
45 76 25
25 45 25
100 117 6
31 93 50
41 127 37
8 9 23
20 106 9
91 126 16
40 72 29
24 95 31
26 60 1
32 72 40
60 125 22
11 60 12
44 57 1
6 31 30
74 103 46
36 128 28
68 95 33
10 91 56
34 69 28
18 125 10
38 46 25
37 105 12
56 70 55
25 116 25
53 84 43
61 100 18
55 84 40
65 104 55
82 120 23
98 103 58
39 98 41
31 42 19
31 31 47
20 78 47
67 107 8
16 81 15
66 107 30
14 100 39
82 98 13
74 80 38
25 110 54
49 92 52
51 87 45
46 128 43
40 53 47
29 47 22
26 57 35
9 111 52
66 77 19
12 128 28
40 110 38
6 77 13
47 52 45
45 122 14
13 24 18
70 123 8
27 98 8
65 72 33
80 117 28
42 124 16
16 33 59
26 50 0
42 101 33
89 102 29
112 127 40
9 103 42
71 126 25
63 125 12
43 43 2
31 68 49
41 126 11
42 96 34
92 126 45
72 87 16
29 91 50
2 75 6
44 71 3
47 100 48
82 106 11
22 41 29
87 110 32
57 65 55
25 129 0
58 96 1
38 85 9
29 110 53
24 44 23
48 92 51
5 115 50
62 114 12
43 91 47
32 43 57
55 104 9
52 93 7
64 129 10
91 96 25
68 121 5
45 53 19
5 95 45
37 63 50
11 100 36
46 62 47
27 52 23
26 58 48
10 21 7
7 82 32
6 25 49
6 64 5
41 85 3
89 97 31
47 108 55
75 108 41
5 21 26
8 63 40
52 120 22
98 122 22
58 58 40
35 61 26
44 48 43
20 83 54
0 13 58
25 35 19
61 103 41
31 84 50
49 90 53
31 127 12
67 123 57
26 54 16
98 101 15
71 84 4
87 100 43
25 101 0
65 77 19
81 94 52
30 67 49
18 21 22
7 58 26
73 122 33
77 77 17
55 77 44
67 125 56
101 110 22
93 109 36
82 114 54
69 103 35
34 55 37
66 129 39
21 111 33
38 106 40
100 128 3
48 98 46
44 91 18
90 103 30
54 90 22
85 109 22
82 101 48
57 85 40
31 82 14
7 59 11
82 100 12
11 128 45
99 121 59
9 74 53
6 114 11
91 101 36
0 80 14
101 105 9
36 40 13
68 127 45
8 94 31
59 79 37
29 52 10
34 62 14
3 15 59
8 101 37
69 102 6
33 60 1
18 114 14
5 24 56
9 117 29
104 104 2
48 115 4
39 48 33
78 111 55
57 95 41
64 101 2
28 95 46
31 112 32
70 85 10
89 94 58
42 103 56
91 94 1
45 105 26
17 20 58
19 53 38
63 63 56
28 39 19
2 53 12
4 78 43
18 86 27
68 74 20
11 119 34
55 70 15
31 74 39
15 116 27
15 41 35
57 120 27
42 65 20
45 112 28
80 103 39
17 94 57
76 95 53
3 23 10
20 59 26
13 60 30
74 90 29
76 105 3
68 123 11
25 46 58
41 90 43
21 33 32
39 80 38
35 107 38
51 127 29
50 51 58
93 129 58
5 59 36
19 104 10
54 114 25
82 111 37
43 102 5
32 60 7
28 47 35
75 127 14
82 124 38
27 80 50
32 103 52
17 68 58
24 112 30
20 53 7
19 26 20
81 111 35
85 97 24
14 89 26
22 83 31
57 115 41
6 121 47
59 85 16
86 129 11
27 112 16
0 34 11
25 28 11
83 103 10
102 102 0
43 67 44
33 72 17
2 68 13
9 96 22
97 99 50
35 72 30
65 78 59
10 93 55
7 12 56
82 93 57
70 83 58
50 110 34
93 128 23
62 72 42
17 53 41
31 57 38
76 92 14
2 113 23
52 67 59
15 92 32
13 39 25
54 121 55
13 55 34
40 43 54
22 123 49
16 26 49
23 60 16
18 22 14
63 102 54
37 52 28
20 33 23
63 123 32
71 94 24
68 78 55
59 119 51
95 115 49
71 110 24
73 86 36
2 43 21
8 127 26
31 101 42
58 109 3
1 77 1
0 22 2
56 93 25
6 79 36
40 89 23
66 67 49
81 87 57
20 71 19
78 82 25
5 35 48
34 38 58
47 86 59
26 49 22
68 72 34
8 82 7
16 127 35
78 98 33
64 106 9
20 22 10
25 69 16
68 88 52
53 112 25
66 123 51
11 98 23
3 61 27
6 90 42
73 121 34
7 32 14
78 85 28
35 87 34
76 102 12
48 78 3
10 107 31
54 93 38
29 89 27
14 39 26
47 101 35
99 128 16
72 116 53
35 67 34
9 15 40
91 93 49
73 107 37
42 81 40
3 7 51
99 118 33
51 107 37
13 111 10
18 29 6
26 29 7
45 98 15
5 83 3
10 12 53
2 54 37
17 32 59
9 79 53
32 52 35
60 126 31
91 100 43
51 100 1
9 12 54
35 99 37
62 113 35
47 64 5
1 31 44
19 58 33
4 123 32
72 119 20
40 83 51
56 94 17
41 48 49
38 52 32
96 122 55
53 54 32
24 99 45
50 111 53
34 34 20
55 73 47
55 101 46
21 97 59
12 68 22
87 121 15
50 86 51
8 88 21
96 129 1
76 86 21
60 116 2
47 88 50
52 118 22
28 123 10
48 94 1
3 17 2
113 124 43
39 106 29
37 119 38
91 110 25
25 51 25
28 51 27
58 77 19
11 35 16
73 99 29
33 98 60
8 49 48
36 37 28
83 117 54
74 126 19
104 111 45
12 29 55
61 88 31
29 65 7
28 73 41
25 66 54
39 110 31
32 93 60
16 79 32
108 116 33
22 28 28
15 34 55
60 96 37
110 129 26
113 115 52
66 81 39
80 123 26
3 114 5
8 58 31
31 69 60
56 125 58
32 66 29
19 86 11
18 41 20
96 114 40
3 67 16
14 113 48
41 112 10
72 106 3
20 67 25
10 100 58
21 30 0
46 89 44
34 61 6
78 91 31
58 86 59
28 110 26
6 98 32
7 109 13
43 118 5
21 61 13
37 80 39
52 70 5
50 59 43
37 68 23
12 100 10
8 14 60
45 128 4
61 127 48
55 74 3
61 78 9
0 95 21
28 90 27
76 125 12
48 53 34
64 113 5
42 93 51
26 117 27
69 105 26
30 106 20
22 72 42
41 81 15
4 87 43
64 69 56
57 80 56
5 125 58
45 102 38
43 119 44
42 58 38
84 97 39
45 49 6
40 128 7
68 71 2
10 82 58
69 122 25
84 127 37
70 89 9
3 98 36
2 9 19
12 79 9
14 78 51
91 97 40
6 101 3
1 104 59
68 100 57
62 68 54
51 122 36
12 115 48
31 70 50
32 35 18
53 123 6
5 112 21
80 86 10
23 97 57
43 114 9
27 84 30
13 59 19
52 124 36
29 69 48
53 81 10
1 28 50
52 82 23
37 67 4
36 124 4
4 14 11
48 123 36
0 53 42
99 123 9
14 33 8
89 95 41
22 104 23
22 43 60
30 69 60
57 82 42
88 97 10
55 125 9
42 86 17
12 95 38
16 27 18
39 74 37
42 44 2
29 125 7
7 64 4
25 125 28
97 101 16
62 115 19
117 127 8
22 69 14
31 34 9
71 78 15
45 50 41
8 39 43
7 33 36
107 114 26
56 101 53
16 42 18
25 103 19
5 58 18
36 75 59
14 68 14
13 76 14
5 99 42
101 103 37
11 70 13
60 88 26
43 50 26
19 122 20
56 106 39
24 84 18
54 79 30
6 35 43
14 94 12
1 15 50
63 79 38
93 99 37
24 33 47
19 69 55
97 100 16
63 117 32
62 120 57
66 104 13
32 109 22
49 71 47
29 70 17
2 87 5
73 94 30
33 38 2
33 59 43
68 107 25
4 63 54
5 39 32
70 90 54
49 100 25
56 121 60
20 104 55
32 33 12
3 107 35
45 72 42
51 119 43
73 112 53
52 80 11
45 88 12
13 84 33
67 112 3
20 35 0
12 111 51
18 118 14
5 91 40
38 67 45
36 105 27
20 90 16
74 109 23
6 28 48
7 101 55
36 110 12
69 79 47
2 104 58
21 87 22
48 121 49
59 118 27
35 120 34
10 96 28
57 72 13
7 8 34
46 83 0
41 72 17
55 102 58
1 88 59
52 69 24
43 54 36
38 73 56
52 107 31
62 64 11
16 116 38
63 86 37
9 81 4
19 63 16
8 60 13
10 68 9
26 82 18
9 66 22
40 120 16
15 114 59
26 63 33
43 78 4
31 113 50
46 113 56
24 118 24
0 58 19
62 80 5
6 129 20
39 95 25
64 128 30
27 85 18
68 89 30
35 40 39
15 67 56
11 124 11
1 33 17
49 54 14
35 64 52
88 114 16
58 81 2
19 50 35
0 90 36
8 57 24
23 101 45
90 109 56
53 111 16
21 99 50
19 128 40
57 124 39
17 82 49
58 75 2
5 111 29
7 15 42
41 69 10
48 104 12
35 103 33
3 128 9
9 67 55
63 70 27
12 109 0
21 95 12
60 110 49
73 83 31
67 90 1
31 73 18
86 126 38
82 95 8
1 125 46
76 112 35
16 108 36
44 50 37
78 97 1
95 122 45
44 58 14
14 20 57
59 90 24
72 101 15
82 86 27
7 76 52
72 95 44
11 53 37
64 98 7
5 16 35
81 93 46
8 98 3
24 122 19
24 94 40
91 120 14
43 65 59
1 116 29
43 79 41
26 30 27
38 38 19
50 88 41
55 78 1
16 23 39
23 116 20
44 54 48
33 119 42
1 30 5
4 96 35
4 81 31
4 121 0
73 118 54
23 71 35
54 125 50
40 113 8
79 86 41
74 113 21
57 67 53
15 121 43
63 85 10
62 117 40
30 55 50
65 117 53
82 103 25
89 117 27
58 76 41
27 63 10
73 114 17
60 93 36
81 129 50
20 119 0
2 35 57
50 128 38
44 56 40
25 104 48
56 99 25
87 91 60
9 47 14
53 97 46
33 83 8
89 121 55
29 100 33
20 44 31
21 49 2
21 125 0
26 114 47
89 105 24
16 104 54
48 66 60
84 109 13
27 111 42
25 31 18
45 127 22
3 120 32
7 70 23
51 92 51
34 51 0
4 70 23
7 83 11
42 87 41
4 82 4
4 77 26
72 103 41
14 91 24
12 107 60
28 107 13
21 110 5
46 127 33
18 126 36
62 77 15
59 126 36
21 93 8
41 98 30
85 85 54
43 46 16
62 108 15
42 114 35
49 64 54
51 102 34
87 112 31
13 72 9
29 103 29
68 68 33
30 31 53
80 108 51
43 61 26
25 37 3
58 101 52
11 69 49
13 127 1
17 37 39
59 84 21
31 119 38
69 93 54
20 36 21
16 49 60
63 124 45
69 107 42
3 89 28
14 27 60
23 111 46
22 93 34
10 63 52
24 49 42
77 86 50
61 108 34
17 111 1
22 65 25
30 110 0
10 127 5
6 75 12
76 101 33
96 128 34
87 123 49
25 29 3
75 121 11
46 99 30
63 126 53
6 83 46
25 57 18
58 79 31
15 84 54
27 42 38
79 109 19
9 89 11
16 24 60
38 84 8
73 91 28
97 105 33
19 95 12
12 98 49
15 17 1
13 19 28
36 96 29
17 127 3
20 70 10
50 94 10
11 115 59
9 86 6
17 27 21
24 61 45
33 56 22
8 67 39
76 120 13
66 71 4
60 72 55
0 39 34
62 109 42
5 47 39
69 76 0
8 77 16
85 102 20
21 69 13
77 89 59
79 117 24
46 101 28
95 105 48
38 82 40
40 63 43
71 73 44
46 56 42
25 112 32
9 9 36
60 109 60
15 51 49
93 116 45
43 122 39
64 76 42
68 101 44
74 123 36
39 101 38
86 113 5
17 83 28
20 51 26
9 70 24
36 122 39
18 51 28
92 112 47
45 101 36
2 10 29
19 28 38
25 27 9
29 126 11
81 108 41
33 66 20
16 30 16
17 29 12
23 32 4
11 25 15
27 31 3
67 119 49
52 95 37
27 74 13
5 57 3
54 58 18
34 115 20
52 86 13
37 62 37
95 107 19
19 109 45
25 77 56
0 42 8
31 72 45
54 97 52
51 73 57
2 128 15
11 56 54
22 40 13
28 59 2
4 9 8
38 77 24
18 23 40
24 127 11
29 123 36
72 105 33
34 102 41
57 108 17
16 61 42
8 25 47
72 121 56
83 91 24
73 101 32
58 98 46
35 115 15
14 47 17
53 61 19
14 25 22
13 47 53
89 120 56
20 76 39
68 94 4
94 120 0
41 47 17
65 114 5
39 91 0
57 73 2
52 81 60
38 90 33
59 121 7
14 17 13
37 75 55
64 109 18
28 101 17
51 77 6
81 100 29
30 60 26
97 116 9
65 88 35
81 95 40
55 56 21
41 107 44
90 123 1
4 85 25
18 117 54
14 118 31
40 106 50
95 96 23
7 97 38
75 86 56
69 72 1
49 80 24
96 105 1
24 46 20
60 122 30
11 123 34
47 50 8
80 125 46
62 78 7
13 103 56
32 50 5
33 117 54
20 49 54
8 38 52
48 52 1
2 21 6
41 46 27
73 78 54
6 119 15
35 79 52
5 66 30
17 115 42
90 96 39
47 105 45
29 94 56
2 105 34
38 97 30
81 102 60
24 59 9
73 76 28
13 122 36
40 101 10
46 125 5
63 90 50
49 70 7
19 32 39
19 21 1
8 120 17
1 67 39
24 116 49
92 92 15
7 110 36
28 96 33
1 78 12
18 43 53
46 92 45
34 43 12
26 34 60
17 51 53
32 129 6
64 82 18
85 99 15
18 71 52
66 84 23
30 76 9
28 36 52
4 28 14
40 48 15
4 90 53
3 74 23
15 96 35
60 95 35
44 105 22
1 76 50
21 104 8
33 71 36
64 93 3
67 124 8
43 48 59
85 122 58
66 94 21
21 64 54
67 79 8
22 129 43
58 91 13
2 98 13
1 50 36
1 59 21
39 51 59
35 128 44
12 36 2
64 71 44
51 66 40
0 36 44
64 117 46
13 98 21
19 49 56
16 55 56
100 123 59
24 30 15
29 76 26
31 38 25
88 104 32
85 91 54
26 46 1
13 33 48
36 55 11
22 73 13
6 60 59
32 59 33
43 129 56
68 106 41
66 108 31
44 76 8
5 28 45
44 94 16
0 81 10
3 20 40
35 109 4
92 94 1
56 116 52
78 127 26
54 128 15
6 87 26
21 37 17
39 60 53
6 66 33
5 6 7
14 75 37
32 61 7
99 122 20
78 107 17
75 128 51
0 126 17
67 87 5
8 47 40
37 39 38
23 31 2
7 100 44
71 99 14
9 17 30
55 89 48
81 92 53
11 50 31
75 102 44
78 106 53
35 80 34
32 68 10
5 113 19
89 119 52
41 116 6
97 113 43
13 30 60
72 93 15
48 87 27
66 74 14
23 36 42
94 98 42
33 70 42
14 22 4
32 114 35
65 89 39
60 127 19
16 35 31
18 129 52
9 24 16
38 110 52
88 128 39
32 83 32
35 55 12
59 64 20
22 102 45
13 114 16
29 124 30
77 120 20
88 102 48
30 54 36
34 47 32
68 114 44
55 128 48
46 97 13
26 90 31
51 123 51
28 82 44
37 78 4
20 20 50
43 121 39
100 120 53
43 106 11
64 119 19
34 46 43
21 91 36
0 16 31
60 98 26
57 96 49
16 36 41
71 114 7
20 109 15
19 38 30
70 80 20
21 27 29
49 106 11
75 99 38
84 124 26
31 79 43
30 33 20
17 55 50
40 41 23
21 68 37
23 113 25
7 40 17
43 99 51
56 97 52
7 126 12
68 98 51
54 106 20
22 90 5
31 128 0
83 97 45
27 36 2
4 64 28
12 42 58
88 117 13
51 88 26
8 106 6
23 119 57
32 49 7
59 74 47
29 129 45
6 113 33
28 106 27
26 26 29
102 122 50
1 35 19
23 52 17
42 98 54
26 55 50
25 122 6
41 84 38
30 99 58
66 103 7
39 70 59
63 109 28
47 75 56
39 113 19
25 38 9
42 100 26
34 75 11
0 56 29
8 20 20
13 66 23
25 36 46
44 82 35
32 42 0
1 124 23
30 78 13
77 97 48
14 48 13
88 115 27
52 75 29
15 100 58
56 65 31
63 95 6
14 99 43
98 124 31
21 32 48
41 121 44
24 81 3
38 70 6
20 77 8
58 97 47
44 79 46
60 66 18
35 88 40
0 113 43
25 97 54
34 125 32
7 37 54
36 61 27
12 62 58
50 124 40
0 78 18
16 69 23
25 113 24
34 107 18
6 122 46
56 80 40
25 119 0
1 96 24
83 123 6
12 46 55
44 64 11
7 99 9
16 54 12
67 81 59
66 86 0
36 39 21
28 78 1
86 86 2
57 128 31
47 116 55
62 100 22
24 117 27
2 24 39
37 77 20
70 84 29
11 74 29
39 122 12
30 117 6
21 31 48
31 40 15
61 90 48
64 102 8
31 62 0
54 56 38
22 33 10
56 68 28
34 49 44
69 124 43
8 46 57
6 92 25
61 82 20
64 95 51
56 92 47
3 65 49
23 72 12
77 90 54
47 74 0
69 108 21
3 16 13
31 108 18
10 15 37
85 104 35
43 96 13
56 108 5
0 86 27
31 32 44
95 128 58
22 24 23
79 97 42
44 102 32
17 113 44
9 22 36
30 104 39
75 110 23
3 106 52
20 85 22
63 119 53
21 56 1
12 22 52
42 77 54
3 101 59
55 107 29
68 126 23
48 86 52
42 95 50
6 82 29
58 66 0
44 99 7
23 81 3
20 98 43
7 25 26
59 82 53
16 126 19
3 51 37
6 40 20
31 56 49
3 56 60
78 87 33
10 110 6
18 100 26
34 117 38
17 65 24
9 57 53
30 108 24
102 107 15
18 102 36
83 111 3
8 93 24
17 101 35
65 107 3
30 62 36
18 121 48
2 129 18
53 94 51
20 97 26
17 98 50
4 58 32
4 59 31
10 81 12
35 90 34
22 23 56
26 94 10
6 105 19
82 83 36
21 122 18
34 123 48
55 103 0
24 128 2
7 57 32
38 81 44
10 43 27
36 85 45
70 79 35
3 113 50
15 65 6
17 106 31
13 97 59
72 100 33
23 46 15
73 108 19
18 111 56
22 91 57
14 124 1
89 92 46
30 114 0
26 38 44
55 109 47
14 18 49
55 58 17
0 24 32
8 113 29
31 49 23
67 104 2
8 99 34
85 100 13
17 123 51
70 104 51
65 91 12
29 108 2
7 36 1
7 122 51
43 125 18
43 82 32
68 113 11
75 84 5
102 116 11
57 88 46
57 59 45
7 23 51
17 19 11
2 19 57
17 120 9
88 88 24
50 125 39
40 67 18
4 107 36
43 113 47
46 105 33
5 96 47
59 60 57
77 79 46
8 33 3
2 77 18
51 53 6
46 63 33
11 96 31
44 83 53
94 106 5
30 37 39
18 92 8
36 56 44
12 58 14
82 82 23
33 80 32
61 115 45
37 96 39
94 108 8
14 123 18
46 107 50
68 112 58
83 122 20
28 55 35
35 111 0
25 91 28
1 102 26
49 89 51
89 125 53
59 107 41
94 114 19
49 81 18
69 101 40
20 121 5
20 124 49
51 105 8
45 46 24
13 117 1
28 111 33
36 106 26
23 35 50
110 121 40
69 90 16
39 63 7
13 80 20
0 26 12
46 112 8
11 47 29
1 90 47
26 44 10
50 73 10
13 56 15
96 101 36
8 35 52
35 96 24
17 91 36
10 92 11
41 73 47
30 97 44
18 39 31
19 107 49
99 112 49
31 65 8
6 95 59
72 76 38
43 45 13
58 115 47
75 85 45
61 117 25
64 88 31
45 82 40
0 128 51
41 93 52
56 114 31
12 70 32
3 48 52
80 101 43
23 28 10
85 94 7
57 111 10
21 47 11
79 114 32
51 64 50
6 6 32
69 120 36
4 65 29
48 51 29
20 61 30
46 120 24
28 119 53
10 120 57
3 76 49
26 98 18
44 121 60
15 105 45
1 46 18
80 110 32
14 38 11
56 75 40
34 41 57
62 119 41
19 72 1
58 89 54
46 94 42
76 100 27
32 96 19
85 128 0
13 29 3
12 83 16
58 68 48
13 69 35
34 109 39
9 90 38
54 96 21
59 97 23
47 77 29
0 8 12
105 124 35
5 78 28
59 120 11
46 119 35
6 124 32
19 67 5
79 85 33
13 120 29
52 55 48
18 28 26
79 98 24
60 68 50
31 109 32
67 77 10
1 120 37
64 73 0
22 75 10
92 110 1
51 80 48
2 100 15
43 66 27
0 106 56
61 75 19
0 114 25
75 106 25
97 114 58
39 120 51
55 117 10
42 128 41
11 28 13
63 72 8
24 79 57
5 15 39
8 115 16
3 116 44
53 121 9
93 117 6
13 109 12
55 97 22
19 70 24
7 74 56
1 26 46
67 99 27
25 127 5
37 81 12
45 68 0
112 119 2
32 73 7
17 104 0
5 54 22
30 121 60
24 110 58
1 63 58
31 88 26
12 65 17
49 108 50
35 38 33
88 121 56
48 93 1
20 84 4
34 44 34
33 127 17
44 81 56
62 83 27
26 104 23
2 124 40
84 102 17
51 51 33
41 87 49
13 104 22
17 71 11
17 97 38
6 13 53
27 120 15
37 97 56
89 110 0
9 83 52
79 103 42
44 87 1
1 62 6
23 69 21
32 100 45
35 41 49
7 106 47
30 56 33
11 39 14
65 84 4
26 64 14
44 73 23
91 116 33
21 62 3
3 25 33
19 121 13
10 22 23
19 54 31
14 52 52
90 97 60
52 79 36
17 35 31
44 112 43
1 112 29
18 40 28
52 126 5
4 75 59
24 88 23
4 17 6
30 30 44
24 113 32
76 126 44
38 100 40
80 80 11
69 71 39
35 69 10
28 114 9
53 120 4
35 49 2
59 101 10
37 38 29
23 64 48
76 111 59
98 127 23
35 127 17
15 55 40
39 90 11
13 74 51
17 112 14
89 112 21
4 55 27
6 100 15
77 88 29
1 92 53
29 116 34
84 122 8
9 61 39
21 60 27
10 89 15
0 38 35
38 83 33
41 45 16
109 110 22
4 6 53
71 108 53
39 88 11
6 32 26
53 86 52
54 127 39
98 112 36
16 44 20
15 73 58
82 104 54
0 117 5
41 53 6
31 102 60
1 25 43
16 21 56
54 68 36
85 95 22
14 116 22
21 67 14
44 101 36
8 119 29
28 45 50
29 66 35
41 86 12
40 68 29
18 94 30
50 118 11
58 83 19
71 103 40
4 109 11
7 123 20
42 57 43
45 77 9
45 86 27
68 83 6
10 13 56
18 113 53
82 92 27
28 92 50
52 68 46
68 116 5
50 61 56
68 103 38
32 55 9
6 38 49
41 61 34
48 103 38
11 45 40
13 107 46
9 35 22
64 108 32
13 61 5
69 104 18
33 100 49
27 75 1
42 51 17
6 56 52
48 79 30
28 37 10
43 52 42
16 111 0
11 116 52
32 126 6
57 121 44
50 52 59
39 115 25
17 108 43
0 129 1
75 117 8
32 38 48
28 112 21
16 97 28
70 117 25
25 118 27
28 117 29
14 82 56
30 107 36
52 115 22
68 93 22
43 116 29
26 124 44
18 38 52
14 122 53
39 92 15
5 98 6
36 67 25
38 123 8
86 87 1
20 39 4
14 97 19
12 74 51
2 47 18
15 117 41
24 121 11
40 77 43
23 54 21
27 32 40
39 96 58
12 40 7
15 99 32
22 42 37
34 87 58
15 77 24
57 70 50
6 68 14
20 79 32
55 79 26
39 54 3
16 99 33
60 113 58
9 128 35
20 82 43
31 71 11
36 57 2
35 121 6
25 74 24
85 127 29
12 120 15
35 46 16
76 84 42
16 129 42
22 56 3
12 101 27
5 75 9
1 68 22
48 63 6
36 54 2
8 111 35
65 119 41
33 104 1
39 46 30
13 50 59
64 68 29
45 97 4
73 124 52
10 53 19
90 104 31
0 28 17
56 86 35
17 41 34
62 74 34
14 49 58
19 74 14
39 121 36
47 127 32
43 72 56
1 121 14
35 116 43
13 35 7
53 66 57
9 94 31
24 123 27
8 43 2
84 112 37
13 67 33
47 122 52
14 59 58
14 16 13
4 118 23
47 82 56
2 90 22
37 47 22
26 78 38
36 68 35
36 100 55
40 109 32
65 116 23
18 67 60
0 108 37
55 57 28
0 123 30
31 61 42
33 109 47
12 59 31
52 71 15
64 124 43
14 114 31
105 112 36
4 46 7
8 22 13
14 40 14
18 105 26
41 97 49
59 88 7
12 127 24
72 90 55
18 48 56
27 65 51
14 105 0
33 105 39
8 75 26
71 72 37
4 105 19
10 66 46
2 85 55
49 99 20
13 37 3
35 93 46
3 26 49
0 83 43
61 116 3
51 55 39
50 80 8
15 46 10
0 118 14
13 22 31
10 90 42
30 84 55
49 65 34
54 95 33
3 58 49
24 57 12
2 95 50
24 86 15
11 49 39
48 69 41
14 112 17
37 54 43
23 129 42
52 90 37
17 105 17
76 88 54
43 105 40
32 101 56
54 74 33
58 127 47
17 70 0
15 109 30
7 89 59
34 83 3
5 124 1
31 110 21
54 101 56
22 68 13
66 122 20
3 32 54
53 128 6
9 18 3
5 86 9
52 129 48
6 74 35
86 90 34
37 45 14
24 64 42
19 19 56
7 125 53
59 96 40
10 97 34
26 111 34
6 85 14
3 86 58
64 115 60
27 116 36
10 103 49
23 117 40
32 81 19
40 82 55
25 64 6
18 77 30
63 82 57
71 86 5
31 66 29
53 60 24
13 34 54
60 77 56
29 33 35
57 69 19
5 94 7
76 80 51
70 71 26
6 15 44
5 46 23
16 65 46
2 39 42
31 120 21
74 83 33
4 61 57
50 119 29
7 95 23
22 49 56
55 113 33
37 114 38
66 118 51
5 97 31
32 90 11
22 80 3
60 94 11
76 118 40
24 27 39
46 52 11
23 122 0
15 50 35
11 17 20
41 104 58
85 103 14
27 114 49
29 35 18
19 27 13
51 86 17
62 116 19
60 61 56
5 69 13
30 77 12
29 85 60
7 7 27
30 45 60
31 104 21
25 100 10
27 104 58
84 116 53
8 117 37
11 65 28
69 100 54
10 48 55
52 109 59
9 45 29
48 128 20
74 94 24
15 110 27
43 55 49
59 100 48
24 70 18
54 84 32
51 106 15
29 109 45
28 93 10
7 121 7
11 106 34
18 68 28
34 113 17
11 42 18
50 104 53
12 108 41
51 103 10
102 117 24
0 41 23
24 39 6
73 92 47
14 35 58
14 28 29
3 117 43
8 19 36
4 16 20
5 7 15
24 126 38
27 127 7
50 60 56
7 94 29
101 123 46
20 30 45
36 73 43
1 89 8
69 69 38
7 30 11
44 45 24
65 121 40
51 95 22
50 127 4
17 49 39
3 24 0
22 39 38
42 91 19
42 84 11
23 108 42
63 116 26
27 117 22
28 124 19
46 110 59
6 7 11
50 64 23
51 82 42
6 43 57
37 44 20
65 123 42
18 19 43
6 47 50
5 40 29
30 87 35
9 106 14
56 74 20
45 94 50
4 23 12
20 62 50
38 88 30
8 50 42
33 48 13
71 115 12
15 66 55
54 126 15
24 25 33
51 75 24
23 126 5
14 70 4
2 125 48
44 125 57
4 51 25
48 70 56
88 106 55
23 84 53
0 64 14
39 55 20
48 50 38
29 96 26
56 81 22
7 98 53
6 22 28
30 93 57
1 83 38
33 97 38
26 91 8
40 49 37
17 76 51
5 49 29
13 101 50
58 119 34
42 85 51
33 85 7
0 30 36
94 116 56
67 111 45
6 109 4
12 43 50
6 107 17
52 64 37
1 61 57
36 118 18
77 87 57
24 104 5
76 128 16
39 41 1
44 123 57
4 89 45
63 114 35
34 72 0
57 126 38
3 80 9
56 129 54
11 55 54
15 24 54
24 76 4
73 125 15
32 111 3
11 52 1
110 110 28
12 49 33
42 113 31
17 66 44
53 106 52
45 84 2
46 76 38
24 73 5
69 118 1
64 97 14
4 84 36
47 60 9
42 107 54
39 126 7
21 39 55
36 47 28
77 108 31
54 89 6
57 68 60
12 118 52
62 97 49
14 86 18
28 48 47
25 30 33
2 112 53
75 77 6
7 96 1
25 54 35
79 119 58
61 94 1
26 110 23
69 91 23
70 129 51
15 102 55
79 102 3
12 35 44
14 51 14
19 108 60
37 86 43
74 116 13
14 120 45
50 97 51
37 89 52
45 96 6
27 86 41
39 42 34
5 61 29
75 125 38
52 110 60
10 122 4
38 74 18
6 62 6
1 128 10
15 75 20
60 78 52
12 23 32
42 89 10
36 81 40
26 71 41
11 105 56
6 123 57
22 107 25
25 85 28
6 89 51
66 73 6
43 71 19
42 59 53
40 87 56
37 95 39
10 38 32
24 54 55
73 74 17
72 115 24
18 47 9
63 104 21
36 104 8
15 119 3
15 104 60
25 128 37
12 14 59
18 32 29
28 81 23
19 105 52
32 64 46
58 117 25
41 65 20
16 41 53
6 34 59
3 110 42
30 105 18
38 43 20
33 84 43
39 82 59
14 84 17
28 35 41
77 123 5
25 68 46
0 99 34
33 67 50
16 83 31
0 73 34
38 108 28
38 44 46
8 29 9
34 91 57
26 115 52
5 52 42
30 86 48
8 70 34
51 79 20
6 10 17
24 102 17
92 103 11
33 88 55
15 48 7
43 108 0
29 50 9
9 129 15
54 61 53
78 79 19
42 63 43
16 72 3
11 57 42
54 120 6
37 43 31
44 68 25
65 82 46
46 77 34
14 87 5
38 91 3
43 68 46
23 48 35
52 78 10
35 106 32
59 127 50
28 115 39
5 41 0
5 19 34
10 73 29
54 70 43
71 123 35
38 119 48
56 66 45
75 81 28
20 65 23
5 84 7
6 93 2
53 118 31
21 84 46
71 102 3
53 59 8
64 78 40
58 69 25
44 111 53
16 17 27
53 58 36
1 55 17
25 115 13
3 22 2
22 95 19
1 82 26
66 96 51
6 18 35
16 29 8
2 107 38
9 124 53
77 110 7
62 62 37
13 17 22
0 120 59
27 73 30
22 117 59
54 104 48
16 50 22
56 109 39
29 102 22
10 80 51
52 96 24
59 128 26
28 65 20
14 107 20
65 118 7
8 110 24
28 53 6
47 48 50
14 23 50
76 78 60
13 20 52
8 108 25
43 60 58
42 109 28
33 121 23
40 114 5
4 29 51
41 102 2
40 46 20
21 51 19
8 72 16
52 127 17
33 99 27
32 74 43
5 25 9
33 40 3
45 54 59
49 74 13
3 82 5
27 55 42
11 84 36
29 86 16
47 96 46
20 126 58
3 124 2
49 52 35
45 116 4
21 36 17
22 94 45
21 55 36
45 71 49
24 65 0
15 103 22
31 117 16
32 123 15
7 113 43
26 105 23
59 65 29
1 43 11
25 55 0
58 59 44
14 72 10
8 129 25
22 120 21
41 55 54
93 100 45
28 43 38
35 112 39
19 126 31
6 88 34
39 58 53
82 123 13
22 62 22
60 104 16
39 123 27
77 121 55
55 88 7
31 126 50
31 96 24
9 36 41
10 115 14
36 107 26
40 96 17
38 59 34
49 72 37
70 106 25
1 108 42
3 29 47
44 108 43
90 127 57
33 120 1
77 96 5
7 91 43
9 105 60
44 74 14
19 110 56
40 88 57
12 129 50
48 126 40
65 93 14
93 122 55
3 84 16
36 102 12
42 55 15
5 5 24
51 121 5
59 99 2
3 102 29
59 124 29
60 118 1
54 82 18
8 66 3
8 41 39
48 54 56
54 77 50
12 93 54
20 105 55
11 32 7
55 93 46
46 57 44
47 119 14
51 99 38
17 62 0
46 71 48
21 107 8
32 45 35
47 97 26
13 44 19
47 51 30
6 36 22
95 100 15
27 76 0
31 86 3
57 92 35
12 90 12
28 58 14
70 97 42
30 91 16
41 99 5
6 29 36
5 34 56
32 40 10
20 120 6
66 78 18
15 125 0
51 114 11
35 39 45
15 43 22
10 25 36
48 114 37
22 84 7
6 54 15
0 96 26
11 104 50
28 88 13
7 102 26
52 84 15
22 32 48
38 121 10
49 114 3
33 96 36
1 72 50
45 57 56
18 18 2
24 29 6
3 95 13
33 52 56
56 63 55
1 29 29
46 75 10
15 93 31
3 68 53
26 129 25
70 109 23
65 102 33
19 73 46
25 59 33
85 110 24
15 54 29
33 112 55
67 127 52
3 83 55
17 125 44
61 69 6
81 88 28
29 122 28
48 65 11
23 53 22
27 50 15
28 121 45
4 124 49
31 99 50
53 98 17
20 46 56
49 76 23
23 124 30
3 92 18
81 124 15
45 45 48
23 42 14
37 65 47
60 79 43
15 123 11
17 64 51
46 124 11
30 36 30
0 127 19
33 36 14
39 78 33
47 85 5
23 56 17
10 101 43
9 82 55
15 47 14
36 123 58
29 41 60
5 23 60
6 110 55
46 117 1
4 88 33
3 115 44
55 80 7
32 41 45
23 80 40
10 114 19
25 26 2
12 61 57
36 76 32
0 110 55
36 103 21
6 99 43
19 36 2
28 116 13
0 45 51
30 81 13
15 112 25
15 79 28
5 26 19
34 118 12
47 71 57
3 87 32
9 38 11
26 74 37
34 56 50
25 63 56
5 8 2
78 119 33
7 80 14
58 93 45
19 64 40
18 34 40
69 98 23
61 99 9
39 71 25
78 84 16
18 96 40
5 79 32
49 121 7
39 68 59
20 122 12
11 41 55
3 97 40
50 95 18
17 54 14
57 87 28
45 61 8
52 63 25
21 113 25
23 47 3
48 102 41
37 102 7
68 90 36
48 110 14
20 63 43
24 103 17
7 10 17
1 65 27
55 114 53
57 125 43
9 32 6
0 9 49
0 112 17
24 62 16
4 108 3
42 79 51
97 129 14
3 36 18
38 39 16
21 115 53
1 27 22
60 64 51
24 24 12
41 52 31
54 117 47
27 78 2
26 100 8
0 18 36
23 121 26
64 120 60
5 60 7
84 115 29
12 97 45
44 86 53
75 115 56
56 61 20
35 97 4
35 74 22
101 109 32
59 112 33
87 126 12
9 21 58
54 116 44
31 51 21
29 54 51
16 96 37
52 61 1
10 31 15
28 72 35
22 58 30
72 91 23
54 59 17
78 105 36
18 109 42
33 82 13
25 95 60
32 47 14
30 57 17
66 79 39
65 127 31
28 105 9
24 60 27
14 127 10
61 61 5
47 103 10
65 105 35
20 60 9
12 38 22
2 74 36
18 55 49
54 122 60
2 97 24
83 85 52
32 80 6
67 98 20
30 43 55
17 100 60
68 108 26
4 67 11
5 64 1
7 49 58
58 84 9
24 55 41
26 41 18
41 49 48
58 82 40
8 21 49
51 115 21
36 116 26
6 23 37
14 58 16
30 42 12
11 51 19
4 44 5
52 87 39
44 114 51
27 66 44
24 36 11
18 103 13
7 51 10
83 106 20
13 40 49
38 102 32
13 36 39
3 122 19
14 117 57
20 129 11
13 18 28
40 62 20
19 24 19
4 12 35
3 39 14
15 74 8
1 21 6
37 129 45
38 61 3
19 127 30
37 109 27
75 90 37
26 112 25
27 39 20
6 33 59
9 72 9
93 108 49
37 37 55
37 73 16
34 58 28
35 75 46
4 36 2
35 50 30
2 80 31
41 66 2
18 87 19
68 124 56
27 113 6
51 60 57
73 96 32
67 88 18
32 127 20
2 20 4
9 31 20
50 126 27
45 108 4
1 40 2
9 119 7
33 43 30
5 123 52
21 59 33
71 100 10
75 123 21
14 60 34
22 54 29
15 120 27
81 113 25
11 26 53
24 109 31
1 122 32
33 110 13
48 88 2
39 89 45
17 69 21
34 120 22
32 110 14
28 31 47
43 89 2
42 66 51
19 37 40
13 16 28
17 46 50
23 26 27
36 52 60
22 114 38
16 39 3
26 70 51
38 69 14
22 48 18
31 106 46
37 115 21
29 42 5
32 104 6
7 116 42
15 76 32
39 62 12
58 102 50
7 60 0
10 117 2
34 54 53
74 79 24
7 52 19
21 88 38
15 20 39
1 103 48
3 85 17
4 106 44
54 113 41
60 74 17
22 116 17
21 53 5
68 75 51
2 92 29
41 80 47
59 105 12
11 72 13
20 72 0
72 114 46
13 118 43
13 93 11
26 45 58
8 62 44
23 109 58
29 49 42
29 97 21
79 95 28
15 49 44
6 45 44
76 89 58
57 61 49
87 104 48
2 127 18
28 108 42
1 20 30
38 45 9
27 49 23
23 25 0
20 75 29
27 53 34
51 129 15
17 128 54
0 98 47
7 18 27
39 53 57
39 112 52
34 121 55
93 104 31
47 68 13
45 75 17
8 128 6
4 129 13
30 111 42
30 46 25
4 73 35
57 66 59
21 94 4
5 88 18
38 89 3
44 103 31
66 72 19
17 118 16
56 124 42
3 33 60
19 51 39
43 117 1
51 69 41
1 113 29
11 88 15
27 59 15
7 90 22
11 89 41
46 111 2
13 81 4
19 93 31
40 47 48
66 100 53
104 105 22
10 77 6
23 94 40
5 67 17
19 35 25
54 111 44
41 63 6
40 127 1
7 13 52
7 41 32
58 123 2
52 52 31
46 116 33
26 108 60
15 45 28
7 79 2
70 107 27
31 58 50
40 75 58
66 80 7
21 81 41
22 121 50
45 106 22
63 122 32
13 124 28
6 117 35
29 60 52
71 87 38
90 107 55
42 70 39
21 42 29
8 18 19
5 10 45
43 107 36
49 61 33
0 21 23
30 74 50
26 81 17
20 31 52
66 114 31
36 78 33
12 126 10
76 85 22
8 40 15
74 106 44
18 120 16
32 76 12
42 74 7
31 124 25
42 122 25
33 95 37
33 124 16
11 37 36
2 50 51
54 129 42
23 125 51
9 122 45
43 74 19
48 58 48
46 108 50
5 105 33
28 80 1
52 113 33
73 123 11
21 63 13
7 119 34
38 103 36
12 104 20
47 123 45
26 93 1
53 116 10
57 57 10
26 99 21
26 120 22
11 16 20
13 86 28
48 118 23
29 38 1
18 27 55
22 55 34
3 50 40
12 77 8
39 57 11
47 81 37
15 91 31
14 67 36
63 98 50
21 72 1
39 56 26
28 29 6
21 124 11
38 105 24
46 80 51
2 64 44
1 38 47
3 121 13
30 115 53
14 106 2
53 113 45
0 62 41
4 19 14
48 90 10
38 124 20
30 44 42
10 123 11
1 79 2
26 51 59
60 90 53
24 83 46
0 124 38
14 71 20
3 47 5
81 99 58
29 107 32
55 67 56
97 110 17
25 111 33
9 127 26
34 79 6
8 114 25
7 35 9
42 43 58
25 47 32
2 121 42
13 68 22
24 41 50
50 72 18
7 54 9
44 98 28
15 87 60
62 129 58
43 124 39
40 86 26
46 48 7
5 114 33
37 112 3
38 49 33
15 37 11
29 106 31
10 125 14
8 27 35
16 103 29
2 102 8
48 73 12
12 110 31
20 87 1
6 58 17
8 112 30
58 67 12
28 30 45
66 109 27
18 69 15
47 126 38
44 84 14
14 62 30
21 85 56
31 103 57
36 86 15
46 102 29
0 10 36
24 115 14
57 116 36
36 127 23
17 25 43
72 120 26
5 31 47
24 31 57
6 81 43
52 57 27
2 4 28
64 99 50
35 57 58
13 92 7
6 86 44
40 52 16
27 58 43
36 125 59
10 126 29
0 33 27
49 84 51
36 51 20
53 127 34
6 80 33
2 86 43
13 64 37
27 62 36
9 125 9
25 61 2
11 122 24
8 71 24
49 50 37
19 114 11
45 74 6
20 117 57
8 87 12
0 14 0
15 82 40
3 38 10
8 125 31
26 123 32
5 81 0
1 6 11
88 89 46
23 95 51
61 125 32
67 114 42
30 68 8
41 95 36
1 91 44
74 107 43
16 86 46
67 97 18
43 112 26
50 107 1
73 77 27
4 35 52
27 46 0
0 85 9
21 118 23
3 108 14
39 69 4
37 61 27
72 80 25
77 115 11
23 106 53
26 59 7
43 90 43
5 53 10
34 89 18
13 78 16
4 34 9
76 122 45
56 59 13
77 122 32
16 114 42
24 75 2
32 77 56
27 88 44
12 16 38
2 16 34
58 99 3
72 73 34
10 72 5
69 82 2
65 69 50
1 14 15
35 53 42
17 116 48
12 72 43
22 37 49
26 106 47
8 31 9
2 55 5
38 50 58
52 105 41
38 104 12
11 64 25
64 114 41
19 42 42
59 110 23
10 124 41
18 112 24
37 57 34
13 13 26
42 72 53
65 106 29
12 15 44
28 85 13
53 77 29
19 57 4
46 106 34
37 107 31
49 123 0
5 13 55
51 83 33
18 124 51
43 101 10
25 25 13
14 85 51
30 32 1
19 59 50
12 91 47
29 64 12
49 62 3
45 121 1
50 84 3
0 3 15
5 37 13
35 56 12
34 86 33
17 42 48
21 76 2
47 129 1
17 38 13
11 93 25
7 47 15
14 95 9
25 106 3
33 69 10
4 37 10
55 83 37
32 99 22
17 52 35
58 114 55
6 94 59
17 17 42
19 103 33
49 63 40
49 88 31
6 9 35
17 84 59
34 97 53
15 64 49
18 61 2
20 55 26
15 111 9
1 16 31
44 77 34
32 86 30
39 124 7
21 71 23
42 80 12
50 70 46
9 87 29
39 64 10
26 31 22
1 47 44
15 98 20
29 29 9
18 107 12
1 52 56
42 97 46
2 99 30
34 92 0
16 77 37
1 118 4
4 39 30
36 43 15
13 108 39
33 39 2
44 92 33
82 110 28
40 69 4
22 88 31
4 26 36
20 40 60
26 47 13
43 77 49
9 63 25
14 74 10
83 119 47
31 44 40
53 83 18
15 62 1
29 117 15
20 80 3
5 108 48
43 104 52
19 33 11
16 106 56
24 80 1
0 50 50
31 54 18
32 89 39
63 93 0
35 86 8
11 111 59
27 115 35
34 114 14
15 72 8
32 51 23
45 104 36
38 65 19
30 61 47
10 85 56
36 87 4
46 65 53
80 122 56
35 94 23
17 63 52
56 58 15
26 33 56
71 88 43
16 105 54
40 92 49
16 16 26
8 64 10
30 125 55
26 39 39
15 30 31
12 64 20
46 98 49
76 116 3
9 25 9
6 17 32
31 114 60
14 111 35
21 126 10
5 87 4
18 54 7
17 34 25
60 97 34
35 82 57
13 15 5
43 92 10
19 46 4
10 51 23
17 31 50
9 19 51
19 41 44
7 34 14
30 129 18
