45 945
160
159
103
132
194
182
111
192
190
125
196
136
184
181
153
109
132
163
169
132
113
176
135
155
199
120
177
137
189
199
189
145
149
192
137
177
130
114
168
178
120
145
108
138
154
0 1 52
0 2 51
1 3 25
3 4 39
3 5 18
1 6 42
1 7 33
5 8 45
7 9 20
1 10 2
6 11 22
9 12 54
3 13 47
10 14 42
9 15 25
1 16 8
5 17 20
4 18 55
0 19 56
0 20 7
10 21 52
20 22 55
0 23 54
18 24 26
10 25 13
3 26 41
1 27 52
14 28 6
24 29 22
12 30 58
24 31 27
30 32 0
30 33 16
16 34 4
7 35 56
34 36 36
3 37 44
17 38 6
16 39 38
18 40 43
20 41 24
14 42 19
42 43 12
17 44 41
14 15 5
19 35 7
5 19 31
1 17 18
38 42 12
2 36 11
19 41 45
6 30 55
13 44 38
37 39 52
7 26 47
28 29 58
0 42 12
32 42 54
28 39 51
27 39 22
14 35 51
0 10 17
38 41 28
39 41 36
22 27 2
14 40 25
39 42 29
4 34 53
0 37 38
23 34 1
14 21 46
18 33 0
19 19 12
35 43 30
27 30 46
8 13 16
30 41 52
27 32 43
41 44 37
4 15 57
7 39 49
36 36 14
31 43 45
11 25 40
8 30 37
42 44 20
20 32 53
26 32 46
39 43 4
23 26 49
28 42 9
17 23 55
42 42 27
9 44 55
22 26 4
24 36 21
35 40 55
43 44 27
21 27 38
28 43 8
5 15 44
17 35 16
19 40 12
18 26 12
23 27 35
13 38 24
12 27 11
34 40 33
15 44 60
35 36 57
8 33 49
12 15 19
8 28 2
35 38 28
16 22 2
29 30 18
8 40 28
19 28 30
24 27 33
8 38 50
6 26 2
2 14 27
30 42 24
11 15 49
12 41 14
21 24 49
27 36 59
21 40 14
5 13 20
3 25 12
34 34 56
10 15 9
31 36 30
11 44 1
0 13 33
38 39 59
23 31 36
28 30 44
3 28 53
1 32 46
31 35 42
41 42 29
1 13 22
30 43 45
21 31 18
3 33 31
12 37 41
36 44 58
37 44 17
5 40 24
35 37 43
13 15 35
0 28 8
35 35 40
10 16 32
15 30 49
6 43 55
25 39 32
25 26 2
39 39 38
40 41 16
36 41 5
11 14 47
1 22 12
15 34 41
1 4 19
28 40 16
43 43 46
33 40 16
5 32 12
7 36 27
3 3 7
29 31 39
38 44 1
29 33 16
20 30 11
16 27 42
12 12 4
0 25 6
14 24 3
15 16 39
1 24 8
33 43 30
4 17 58
29 36 27
26 28 59
13 25 21
24 32 10
6 32 0
33 42 46
19 42 22
19 39 31
17 32 7
38 38 45
32 37 27
5 7 11
12 18 5
35 44 35
30 34 10
37 37 34
30 40 6
18 41 0
2 19 40
5 37 12
2 7 23
26 27 55
27 33 24
1 19 13
13 18 23
2 16 6
14 29 23
3 18 13
16 26 30
37 42 56
41 43 2
23 33 50
29 32 12
8 21 4
14 41 46
41 41 6
40 44 48
15 41 24
20 44 11
13 36 23
13 29 14
2 23 1
18 38 36
36 43 50
7 23 54
22 44 22
16 35 43
10 19 21
15 18 46
4 31 8
37 40 31
24 37 48
2 24 19
21 30 44
33 44 15
40 40 29
36 42 1
40 43 41
29 41 34
4 29 17
36 38 23
0 9 41
23 44 54
29 34 16
27 31 58
5 5 25
26 44 6
28 44 19
39 44 36
33 35 0
28 34 8
22 33 13
25 36 18
33 38 57
21 29 1
32 41 49
29 42 60
19 32 38
9 14 19
21 28 55
27 34 6
27 44 44
20 25 26
7 27 58
6 15 53
18 36 1
32 38 36
9 9 38
23 25 60
33 36 57
14 38 15
3 8 2
27 37 38
20 24 32
5 9 45
6 22 8
8 36 8
28 36 14
21 38 46
20 27 8
3 16 12
3 43 14
32 39 11
20 39 25
12 35 44
21 42 43
35 39 28
34 35 45
10 18 37
21 34 15
4 27 28
2 26 15
27 29 39
31 34 51
1 21 14
4 26 2
0 11 26
10 17 4
24 28 41
0 31 50
38 40 53
5 28 49
32 33 31
11 24 18
5 25 45
17 41 9
21 25 31
13 27 26
19 20 19
31 41 16
2 38 22
19 24 4
27 28 6
29 43 24
32 44 41
22 40 29
25 29 25
14 31 14
18 23 0
5 14 53
1 43 44
4 35 16
20 29 40
24 24 4
26 39 38
24 41 41
23 39 50
38 43 37
37 43 24
10 36 39
13 33 50
15 17 41
5 43 6
15 40 5
5 31 39
27 35 33
15 23 2
2 39 48
12 28 21
10 43 2
18 19 12
21 26 59
22 38 60
4 6 37
33 37 39
24 34 50
7 14 18
5 24 12
18 31 41
22 25 38
36 40 51
29 35 27
7 38 0
6 13 8
9 22 31
6 25 59
21 23 37
11 37 11
2 40 36
18 30 41
39 40 29
9 36 47
34 44 54
14 37 23
7 17 8
0 35 21
31 42 26
15 29 52
21 33 6
27 43 60
7 28 55
40 42 35
35 42 43
8 20 4
21 22 43
19 31 18
7 31 53
37 38 48
12 33 33
17 33 36
2 44 43
34 39 23
8 35 10
15 42 29
13 26 47
5 16 54
12 23 23
9 30 35
0 30 51
18 37 0
29 40 0
2 43 56
7 34 28
3 20 38
19 33 46
17 20 53
3 34 34
2 13 57
24 39 1
4 9 59
28 28 43
18 43 2
11 13 51
19 27 32
17 19 9
20 42 37
13 37 31
6 42 42
0 21 9
11 38 51
32 36 30
27 27 45
9 13 16
26 41 34
1 18 38
4 39 43
11 16 37
8 34 16
2 9 48
15 32 8
1 28 45
19 23 33
7 12 25
14 20 20
0 27 1
7 44 52
25 38 23
11 43 31
12 19 25
20 34 0
0 43 14
9 27 46
4 41 9
25 42 42
13 43 5
1 20 30
34 43 33
30 36 50
10 27 36
34 41 30
25 30 25
18 39 19
13 17 32
6 36 56
26 35 23
22 31 24
14 34 28
4 40 55
5 30 30
5 34 0
28 33 8
1 31 16
8 43 9
36 37 36
4 43 30
30 44 60
15 38 30
15 33 44
1 8 17
6 23 21
3 11 3
7 18 53
23 36 42
24 26 19
2 28 3
20 26 24
6 21 7
31 33 39
20 36 28
0 0 29
12 13 6
8 18 25
26 26 37
13 41 35
10 32 9
31 38 36
2 18 59
22 36 33
30 39 57
17 31 44
14 22 46
5 39 58
2 29 39
25 32 36
0 6 3
6 16 40
9 40 13
24 40 56
16 32 3
9 42 18
21 37 37
12 22 36
12 34 32
32 34 6
13 19 17
24 42 9
18 44 46
11 12 22
25 41 8
13 34 1
11 32 53
12 39 60
37 41 37
3 12 56
2 3 42
11 31 58
23 38 29
26 36 7
32 40 33
11 40 11
10 13 55
26 30 59
5 12 33
22 37 59
16 24 50
1 14 1
6 44 57
25 35 51
1 37 5
6 31 43
31 44 22
13 39 9
7 32 12
28 41 28
2 31 11
18 20 30
34 42 60
31 31 27
9 20 60
2 12 60
23 43 27
1 1 28
13 21 24
5 22 16
9 38 10
13 31 26
22 32 22
9 39 35
20 37 41
1 26 42
1 9 43
28 35 31
34 38 60
23 37 22
36 39 30
29 37 50
10 35 5
28 37 23
2 34 13
16 17 48
13 16 18
16 28 55
1 5 49
18 25 50
15 25 52
12 14 18
2 22 44
3 39 34
19 21 18
17 34 56
17 24 34
11 23 33
25 37 8
7 11 34
20 20 13
33 34 56
9 16 38
2 21 10
6 40 60
13 24 39
12 31 46
17 26 7
8 14 32
27 40 59
25 31 16
4 32 22
4 21 40
1 30 40
4 19 52
14 25 55
23 30 53
5 38 41
23 28 2
10 39 2
7 22 24
21 41 16
12 40 13
9 32 32
34 37 0
6 38 35
29 29 49
6 17 32
17 40 4
30 30 27
29 44 50
9 10 48
9 33 48
10 29 7
7 42 51
19 36 18
8 17 37
5 44 40
33 39 55
30 35 28
5 21 9
17 43 13
11 22 25
3 7 21
18 32 59
5 6 27
11 34 50
24 43 28
17 25 55
3 6 40
0 5 6
10 26 33
26 37 44
14 17 35
13 28 38
33 41 35
3 14 54
21 36 1
25 44 1
10 30 33
11 18 21
2 8 14
6 12 0
3 44 31
22 41 60
26 34 39
22 39 18
10 20 50
22 28 21
32 43 23
26 42 36
0 40 60
17 36 23
8 8 4
35 41 14
26 38 48
4 38 34
5 42 0
11 36 34
1 44 1
16 18 31
18 22 46
18 29 45
8 15 25
10 33 9
16 20 23
14 30 35
4 7 23
11 17 36
7 29 15
1 12 25
4 12 58
14 27 39
0 12 8
27 41 37
0 3 24
10 11 29
30 38 54
7 25 35
19 38 16
20 23 20
13 30 9
22 29 50
12 44 6
26 33 2
28 32 23
16 40 32
22 35 47
12 38 53
28 38 12
15 19 40
25 34 20
14 43 21
18 18 19
0 4 52
0 15 51
11 29 32
20 40 25
17 29 48
22 23 52
12 32 39
6 8 38
2 37 29
7 19 44
2 42 52
4 22 4
10 12 30
15 36 42
15 27 30
15 35 8
10 22 35
8 12 37
20 21 12
8 9 47
0 26 50
7 7 50
20 28 8
18 35 28
8 24 4
25 27 53
12 20 28
22 24 4
24 38 55
6 9 56
10 23 25
6 27 28
16 25 44
18 28 48
3 15 7
33 33 46
15 28 8
3 19 57
17 17 11
7 30 10
24 44 1
4 24 55
2 17 13
14 26 43
10 34 24
25 43 3
23 23 41
29 39 54
20 31 13
13 22 38
4 8 36
12 16 0
27 42 60
8 29 7
9 19 12
31 37 26
30 37 22
21 43 47
28 31 9
10 41 30
9 24 33
23 40 60
23 24 38
20 35 14
11 42 30
6 6 28
6 19 28
21 35 49
1 23 40
23 41 6
19 37 15
0 18 38
29 38 11
13 23 49
25 25 56
11 28 53
25 33 11
4 4 15
8 11 30
19 26 43
6 29 23
24 35 42
13 35 27
6 41 8
7 21 6
32 32 10
25 40 27
1 29 8
31 39 2
22 34 20
6 33 56
14 14 41
15 37 13
11 33 35
0 29 9
1 35 44
0 44 31
23 42 52
0 24 5
26 31 3
32 35 60
9 43 12
9 29 58
15 31 17
3 42 19
9 37 5
24 30 15
14 32 46
3 31 47
17 18 57
5 23 37
23 32 45
4 33 32
10 42 37
7 40 54
11 26 1
0 7 26
14 44 60
6 37 26
4 13 38
15 24 50
22 42 21
0 17 31
4 11 17
17 27 32
12 17 26
26 29 20
15 20 19
8 26 46
25 28 36
0 34 27
30 31 45
3 9 50
7 16 35
5 36 47
16 42 48
17 37 17
17 22 58
10 37 2
8 19 31
31 32 50
12 43 25
4 44 56
3 21 10
18 42 55
17 21 15
20 38 20
16 44 3
15 22 48
5 20 0
15 39 12
13 32 57
6 24 10
6 35 11
27 38 33
17 30 29
10 10 4
9 28 16
6 18 42
19 44 23
0 16 18
0 39 43
6 34 2
16 21 31
14 23 18
7 20 54
9 35 38
3 27 55
0 22 38
4 37 31
13 42 24
9 31 45
24 33 10
5 10 55
4 10 33
13 13 0
20 33 2
1 11 11
12 29 47
31 40 5
1 39 52
8 37 25
2 11 36
15 21 54
2 35 21
0 41 0
1 33 17
19 25 21
9 18 48
12 36 33
13 14 35
16 36 0
4 16 15
3 23 31
2 2 26
7 41 51
7 15 49
2 25 29
1 41 60
16 37 10
23 35 27
22 43 43
6 39 55
8 23 56
7 8 42
15 26 54
2 6 41
5 29 32
1 15 23
1 42 32
21 21 41
26 40 55
4 30 25
4 36 37
1 36 55
16 31 18
8 10 5
3 32 12
14 33 15
8 44 25
4 28 23
5 41 51
5 18 1
2 20 47
8 16 59
2 27 26
9 25 59
4 20 30
3 38 13
0 8 7
5 11 50
3 30 12
10 31 40
19 29 9
18 27 19
7 33 14
7 10 43
26 43 52
12 25 56
14 19 38
12 26 2
8 27 51
9 21 39
2 41 8
16 23 30
0 32 35
11 21 58
14 36 56
1 34 24
2 33 14
8 25 12
20 43 34
8 31 51
22 30 57
5 26 26
18 34 44
3 41 44
15 43 33
3 10 9
3 29 7
8 42 1
23 29 0
5 27 8
