100 4450
179
168
145
179
139
184
148
178
186
166
180
179
162
180
179
122
160
145
116
153
158
111
118
121
199
148
122
130
148
159
162
142
131
101
181
153
112
168
140
196
160
197
117
181
132
150
143
180
185
108
189
168
104
138
161
177
172
181
101
186
103
126
169
100
182
145
118
128
200
117
159
105
160
125
112
174
171
194
100
128
157
107
192
169
180
149
102
108
152
135
178
113
103
150
187
112
157
179
150
114
0 1 4
0 2 28
0 3 7
1 4 15
2 5 11
2 6 28
5 7 58
0 8 55
1 9 14
4 10 43
3 11 30
10 12 16
12 13 51
7 14 11
14 15 21
1 16 44
12 17 16
10 18 45
6 19 43
5 20 22
7 21 10
3 22 42
4 23 28
17 24 29
1 25 49
1 26 6
26 27 28
4 28 21
28 29 36
19 30 18
4 31 30
17 32 44
11 33 42
23 34 17
4 35 42
0 36 6
34 37 56
18 38 46
12 39 27
5 40 20
21 41 58
36 42 38
8 43 51
0 44 43
10 45 21
9 46 6
40 47 54
23 48 14
16 49 13
44 50 31
19 51 22
9 52 40
9 53 12
53 54 8
15 55 60
37 56 6
37 57 17
26 58 18
45 59 32
36 60 13
11 61 7
60 62 7
57 63 22
15 64 5
7 65 35
10 66 30
7 67 44
35 68 36
48 69 10
1 70 51
9 71 56
16 72 31
19 73 26
67 74 0
31 75 19
65 76 2
73 77 8
57 78 21
9 79 30
22 80 8
41 81 52
48 82 41
43 83 31
44 84 12
17 85 32
74 86 29
66 87 34
5 88 54
4 89 41
25 90 34
77 91 35
58 92 11
14 93 41
7 94 28
73 95 24
53 96 29
9 97 60
86 98 1
47 99 37
8 92 34
78 88 51
45 65 33
69 85 22
95 98 43
35 80 15
31 70 28
72 92 15
96 96 21
9 19 1
53 64 33
42 87 16
85 92 54
39 98 29
49 81 37
37 97 39
27 41 51
46 85 55
60 83 6
87 89 42
65 73 43
97 98 48
81 93 6
47 82 30
38 38 39
37 94 42
82 94 22
56 68 59
78 92 15
22 83 10
21 39 49
88 98 31
54 74 21
91 93 7
9 59 1
19 22 55
27 83 14
25 26 18
17 27 25
2 49 6
96 98 25
59 91 52
79 98 29
9 74 18
95 96 22
80 88 18
76 83 10
0 18 50
69 95 8
24 94 14
72 84 35
12 96 10
43 55 54
36 93 11
83 99 18
12 76 34
20 45 21
69 86 9
70 77 10
2 51 8
60 74 38
39 88 32
38 54 38
28 77 25
94 98 6
32 73 25
21 68 60
24 33 6
95 97 36
97 97 1
33 55 50
63 66 57
88 97 58
35 65 21
48 61 27
72 74 46
28 40 29
7 78 9
31 59 30
47 58 11
28 83 3
97 99 32
44 95 49
4 98 13
8 88 7
11 51 11
74 90 3
45 70 18
32 90 5
95 95 44
23 93 15
78 85 5
19 79 37
48 65 49
9 28 28
29 98 30
91 98 9
52 97 2
68 72 8
28 64 19
94 97 33
83 91 26
46 49 12
7 80 42
64 88 29
87 96 47
80 83 21
17 78 1
32 50 32
74 94 28
53 78 31
57 67 39
23 81 28
46 88 42
65 88 29
89 95 24
84 91 13
5 15 0
21 69 13
17 57 24
71 76 10
44 83 29
18 95 21
86 94 25
38 44 49
57 72 17
5 80 40
71 75 47
27 64 21
70 75 46
20 91 37
14 55 41
16 43 56
77 94 57
70 74 19
68 75 6
25 75 6
30 92 3
76 94 1
50 77 17
48 98 34
72 86 45
54 54 54
11 91 7
3 48 21
67 71 58
39 73 26
95 99 25
69 72 7
5 50 15
75 86 48
27 45 16
90 95 5
30 97 45
2 58 28
9 56 40
85 91 43
25 91 58
6 81 56
55 98 24
61 69 39
10 15 15
61 64 9
17 21 49
35 64 52
54 67 17
27 80 22
44 71 9
8 60 6
98 99 34
73 90 31
67 70 11
0 73 15
51 77 58
15 40 6
72 90 36
93 94 56
3 72 32
45 73 45
43 79 12
74 91 6
50 80 44
39 45 17
27 32 56
69 81 33
42 99 4
18 53 43
21 25 44
6 10 24
78 79 50
11 26 53
44 44 17
19 84 12
3 51 8
87 95 29
90 94 22
38 90 32
42 48 6
17 26 32
16 36 18
34 96 51
63 83 59
72 88 11
0 22 0
16 65 2
28 97 54
5 68 42
30 98 21
61 79 42
0 97 28
62 68 46
28 87 19
88 94 20
7 27 53
8 13 23
66 66 23
78 80 22
54 56 51
49 76 7
33 91 34
38 98 50
41 42 41
38 56 31
67 88 23
22 75 18
20 36 53
32 61 8
49 86 13
34 38 57
9 94 21
3 89 29
15 85 2
67 84 6
6 68 17
23 28 31
1 51 22
7 39 38
29 78 15
54 59 28
31 49 49
38 77 27
10 52 47
55 75 46
79 95 47
38 68 22
46 99 45
19 58 36
47 53 35
73 74 33
21 49 25
56 71 56
39 47 11
88 88 35
57 62 28
36 57 28
14 85 50
78 81 7
54 71 33
21 61 22
23 52 30
98 98 44
25 54 10
9 77 26
37 86 16
45 81 26
55 85 4
70 78 41
32 77 7
41 45 54
87 87 35
50 60 35
11 43 25
61 70 22
29 50 10
57 66 4
45 89 44
12 71 45
18 93 11
23 67 42
71 99 35
85 86 35
20 65 4
74 82 10
56 70 13
68 76 9
25 73 9
2 43 58
38 99 52
30 40 38
12 82 21
60 91 23
90 92 6
7 84 40
53 77 31
65 85 23
85 93 17
78 93 57
76 79 46
93 99 42
42 53 21
8 71 30
44 54 14
37 99 16
47 85 37
48 48 29
19 41 26
81 90 30
68 79 32
0 26 10
11 57 26
31 54 8
67 85 60
62 62 43
0 13 16
54 80 47
26 87 2
47 90 24
72 97 0
18 60 34
21 93 43
23 61 50
38 84 48
30 59 43
22 86 26
8 12 50
19 43 48
59 79 60
73 73 59
74 96 4
28 47 1
13 18 15
27 96 55
62 65 28
49 87 7
24 63 54
65 69 19
59 75 34
57 79 44
42 44 47
59 96 59
10 85 17
88 99 25
40 82 14
88 89 46
4 38 4
20 70 6
3 42 11
69 76 18
49 79 44
73 80 48
5 31 50
26 57 17
5 72 53
32 95 31
26 56 44
42 68 14
3 88 49
87 88 16
54 92 55
42 86 0
79 79 30
28 91 10
66 86 51
0 56 50
25 43 46
47 94 31
83 84 54
23 56 4
50 89 27
4 81 46
13 17 16
64 72 6
86 90 39
85 98 14
78 97 44
69 89 50
4 39 8
59 64 47
40 51 56
54 81 46
57 77 54
67 87 42
5 51 32
64 94 32
51 74 58
9 9 32
66 97 23
11 65 7
6 6 40
1 28 8
31 39 12
84 97 36
61 65 59
3 78 53
64 90 31
11 63 12
56 81 26
0 67 40
6 28 9
0 19 7
13 19 12
37 84 21
25 78 13
40 93 46
27 37 22
35 52 34
20 76 41
39 83 41
50 59 16
87 90 32
8 54 34
59 92 25
96 97 30
14 72 23
30 34 35
23 32 4
67 69 47
93 96 2
41 76 17
20 93 13
92 96 57
46 58 20
59 88 24
33 43 45
55 62 25
62 66 14
94 96 37
33 44 26
36 51 56
9 60 53
7 17 58
50 94 48
29 35 26
80 84 24
79 88 24
91 92 47
22 78 45
52 76 11
65 84 58
21 99 14
62 72 45
53 74 43
1 18 42
4 87 55
0 51 40
45 53 60
83 96 46
37 38 50
52 99 21
5 58 12
1 78 26
8 52 35
76 90 52
49 99 15
27 90 46
36 97 57
78 86 55
30 79 33
11 19 15
26 68 8
36 90 56
68 93 2
75 79 22
5 47 10
73 99 7
47 51 31
66 73 19
3 4 9
85 88 39
88 95 36
80 86 8
1 58 40
9 18 4
4 53 43
36 98 51
43 94 28
56 75 15
52 95 0
77 87 53
3 9 10
72 82 3
84 93 33
42 55 2
8 77 28
77 98 44
78 82 54
52 57 55
3 93 15
32 98 6
54 65 3
59 68 57
66 89 26
1 84 3
69 77 35
61 62 59
21 97 19
2 88 49
76 84 24
43 52 47
34 99 27
40 87 3
20 87 41
68 68 60
12 61 14
0 40 28
69 75 40
81 92 36
12 51 39
26 92 12
53 85 57
6 98 50
86 92 24
58 76 3
39 56 3
89 89 14
30 68 51
91 99 51
82 95 47
34 44 11
5 55 4
31 56 20
65 95 54
10 47 18
33 95 42
87 98 7
18 40 29
36 55 60
54 79 9
1 62 56
30 54 4
64 81 15
68 92 41
41 48 2
92 95 60
73 96 32
62 71 17
25 82 58
1 87 23
31 67 3
9 99 40
90 93 21
8 87 26
93 95 47
59 77 8
25 77 57
36 78 1
21 30 18
71 98 41
70 83 10
66 70 26
25 36 31
25 56 51
77 80 41
81 87 58
93 97 7
15 45 12
36 77 29
53 97 8
88 96 39
56 96 30
82 93 38
6 24 51
62 78 29
6 12 7
35 47 34
58 64 42
42 73 10
58 99 21
35 91 8
47 66 59
43 58 22
4 11 11
30 55 21
94 95 30
53 93 31
35 40 45
31 31 54
45 68 13
72 96 37
46 57 8
28 71 49
14 58 29
30 72 10
81 94 14
51 56 26
33 50 47
86 89 34
78 83 7
33 52 23
5 62 43
45 96 16
91 95 59
4 56 50
39 97 26
51 75 42
94 99 35
30 67 17
36 76 53
50 62 49
75 95 15
40 46 32
72 73 56
33 48 24
30 64 36
8 83 18
18 80 39
46 63 16
74 74 57
67 90 46
5 22 38
80 81 2
64 70 30
29 85 23
79 97 29
81 96 2
74 88 40
32 56 18
89 91 49
43 61 17
75 99 50
34 78 45
24 52 15
34 34 21
86 93 60
40 57 8
42 92 39
80 95 19
16 35 52
6 96 24
22 49 47
36 62 42
54 57 15
12 14 20
47 84 55
15 31 47
58 96 6
63 81 25
19 45 9
69 98 51
24 57 41
61 86 13
26 72 26
49 73 51
89 94 43
14 28 56
41 95 36
19 66 30
33 76 19
58 74 59
35 39 54
88 91 2
63 77 9
17 81 39
39 87 30
11 28 20
53 98 26
35 88 41
60 99 7
41 64 34
4 73 20
18 70 60
55 68 20
29 56 0
30 90 52
83 92 17
25 67 53
14 83 58
61 61 7
37 60 57
18 94 22
70 89 32
46 97 27
62 70 20
55 93 17
48 90 59
34 52 30
40 79 49
63 97 20
39 41 52
30 93 49
13 15 32
67 83 31
65 78 20
55 57 57
28 41 29
85 90 19
34 54 21
31 34 12
30 86 39
31 47 26
2 10 13
13 78 23
42 59 21
75 89 35
62 69 30
77 96 41
70 73 31
39 91 28
20 39 25
73 91 60
28 92 0
7 58 54
30 35 43
83 90 9
56 69 46
3 34 10
61 76 37
38 75 37
2 45 53
15 38 29
75 93 10
43 44 50
73 87 58
55 55 14
19 55 8
94 94 9
39 63 53
43 97 0
13 59 35
80 87 42
13 56 28
72 98 44
41 67 44
23 41 4
84 95 24
7 34 31
26 53 12
10 80 6
68 87 12
11 69 50
64 78 2
42 69 41
34 68 54
3 39 7
89 92 14
28 66 53
0 91 1
44 88 6
30 80 52
90 90 4
19 78 34
53 56 26
71 94 18
15 80 37
65 93 36
23 42 20
52 86 17
3 17 7
12 56 41
51 88 55
38 71 7
0 11 12
59 60 53
35 75 22
19 70 27
4 44 30
62 94 16
37 75 10
1 47 57
85 97 1
92 94 41
25 97 53
64 77 12
54 62 56
18 99 31
15 24 11
38 72 20
26 28 48
40 49 40
55 89 33
72 85 16
90 96 37
33 38 57
50 87 2
71 84 46
46 59 36
63 90 14
43 90 54
45 91 56
66 83 32
45 84 43
8 55 25
69 94 7
59 99 7
30 48 22
55 95 12
66 94 5
31 44 3
87 94 33
84 88 54
36 92 36
83 94 41
23 35 28
26 31 54
54 89 38
22 60 2
12 43 5
49 71 57
42 66 37
40 95 23
52 66 5
31 66 34
76 93 39
66 69 57
79 99 11
84 86 30
57 85 32
63 89 16
10 55 29
43 59 58
36 86 28
7 86 5
16 70 9
82 82 7
64 76 32
92 98 33
34 73 19
51 65 14
82 97 2
12 53 4
12 92 53
48 72 48
19 96 56
17 65 25
56 98 26
7 10 24
14 39 4
5 91 41
2 2 57
13 99 37
17 80 43
51 98 43
13 31 40
41 83 42
28 65 29
62 91 48
13 95 7
8 33 25
33 65 25
6 56 40
16 85 17
81 91 10
54 97 4
4 70 35
56 88 54
9 36 14
68 74 16
75 96 8
48 52 35
57 89 20
77 99 50
3 90 10
2 53 38
75 94 29
38 52 8
13 87 10
75 81 27
10 11 40
15 41 7
31 43 14
81 89 37
59 76 1
28 34 38
54 96 53
18 36 18
1 77 50
13 22 24
3 5 5
51 53 35
44 61 7
88 93 44
82 88 58
79 93 59
81 83 38
0 74 27
8 86 6
74 98 58
32 40 8
20 50 9
40 99 13
30 77 6
48 74 24
13 37 20
54 78 2
36 54 33
24 51 3
8 65 2
55 58 17
41 54 53
49 62 0
44 65 51
84 94 5
75 85 4
70 91 8
16 96 38
35 93 14
5 69 4
37 89 57
54 94 22
53 95 51
78 89 23
13 38 28
47 70 34
45 86 12
12 74 36
28 51 10
32 74 32
76 78 54
40 80 11
69 69 53
26 55 60
7 32 39
37 40 18
68 83 29
71 79 26
12 57 11
70 81 30
50 57 32
32 69 5
6 53 26
60 94 23
70 76 0
61 63 44
43 67 13
31 65 49
91 91 7
42 72 22
58 80 1
71 88 43
25 74 57
60 82 58
55 67 10
15 52 3
21 96 44
11 17 17
85 99 4
31 90 36
59 85 13
13 51 11
13 90 21
45 58 55
77 83 8
5 94 29
77 78 11
10 16 13
76 87 30
31 62 13
49 98 56
53 63 45
40 75 50
74 95 54
73 82 0
32 57 54
9 29 50
84 84 4
42 46 9
96 99 14
5 9 23
57 91 47
71 95 44
74 75 59
7 24 42
23 27 10
27 61 1
61 84 55
25 83 54
87 99 56
54 73 2
78 91 36
24 98 38
84 87 6
75 87 2
79 81 22
52 85 38
24 95 15
32 67 13
85 85 53
15 15 39
17 40 22
33 45 16
52 67 45
29 66 6
16 87 53
80 85 48
10 74 52
82 83 5
28 53 33
58 79 47
18 48 42
66 96 48
88 90 24
22 61 55
44 70 2
4 76 35
54 86 2
58 62 35
16 67 41
24 38 17
17 87 59
91 94 47
86 97 18
13 91 31
76 76 27
64 71 45
26 86 12
16 25 23
28 44 4
89 98 3
75 80 15
79 94 55
84 92 53
50 74 56
2 74 13
63 79 29
15 35 42
51 80 6
2 12 46
4 48 23
70 71 4
18 59 13
23 87 42
7 53 3
18 23 10
24 26 26
77 84 39
47 98 5
62 92 26
42 95 4
71 73 2
0 87 59
30 78 21
36 94 36
92 97 42
5 49 26
6 13 47
76 82 17
23 55 55
72 75 6
51 86 11
13 65 6
16 46 27
50 51 50
25 31 25
68 95 24
21 35 8
54 76 4
38 89 35
63 88 26
17 54 3
18 58 45
57 82 39
9 12 58
83 86 57
84 96 50
53 61 43
5 23 25
10 17 41
86 99 52
34 93 33
1 50 13
23 31 25
61 66 10
12 34 30
39 59 40
66 74 54
9 20 18
58 61 26
40 56 40
11 90 19
5 37 40
52 54 8
63 93 16
29 62 13
16 97 3
17 53 32
61 67 5
27 53 12
42 78 3
12 23 3
76 81 45
12 81 56
81 84 44
32 58 43
24 39 26
45 66 40
7 98 57
17 84 24
6 30 32
60 95 11
68 98 51
31 48 34
89 97 32
68 84 16
6 52 23
7 33 36
41 43 57
37 87 58
20 25 12
65 94 44
2 24 54
28 45 34
20 49 19
22 77 24
58 67 6
20 46 16
12 91 6
13 16 60
50 53 54
35 42 26
85 94 51
21 52 21
80 98 0
82 87 12
76 99 1
3 86 22
2 22 27
28 60 23
75 76 21
63 72 23
30 33 40
13 49 36
6 92 58
41 84 0
77 77 49
62 76 21
69 97 37
69 70 29
43 51 28
28 96 13
87 97 2
29 31 54
50 52 26
2 16 24
49 97 50
80 92 50
68 70 52
31 91 12
81 81 26
46 71 36
13 28 18
17 63 11
6 33 1
77 95 59
15 73 11
36 81 39
15 17 5
8 94 21
6 47 46
32 80 60
16 20 26
43 99 14
10 81 32
2 37 39
41 80 19
33 58 13
21 86 50
64 96 31
58 65 51
80 90 17
73 79 8
35 79 13
30 38 16
9 75 50
77 85 34
12 77 33
9 78 60
3 60 51
79 89 60
84 90 33
33 94 33
4 62 58
30 95 14
14 84 59
52 90 17
61 72 50
50 75 45
35 43 4
82 92 58
5 19 54
34 59 60
19 34 49
67 68 51
43 69 49
79 86 22
2 78 28
5 67 27
53 79 19
69 73 17
64 86 21
10 46 32
63 73 8
21 76 56
38 73 2
21 37 46
72 83 13
61 94 27
82 84 49
78 98 57
63 82 35
79 82 7
60 98 22
37 74 26
39 75 2
72 79 34
59 83 3
5 73 3
62 95 35
33 61 11
89 99 31
41 59 60
73 94 15
40 98 30
2 95 45
74 97 49
4 45 35
24 49 6
88 92 59
55 90 54
47 48 52
86 96 14
68 96 56
33 46 28
93 98 58
62 74 46
16 33 24
19 97 18
45 97 11
46 51 51
53 71 30
83 89 23
56 91 36
0 41 58
65 89 20
27 70 17
87 92 43
31 51 28
53 68 33
57 68 19
63 96 28
37 76 54
67 95 8
57 84 45
7 26 25
52 58 57
65 81 16
71 80 24
46 70 60
2 82 23
9 83 13
17 62 5
89 96 36
4 32 7
51 55 3
47 68 22
59 95 15
61 74 5
10 69 31
11 16 2
41 98 52
45 57 19
60 93 13
73 81 55
16 71 52
31 88 28
1 72 48
70 92 43
52 56 17
41 51 5
56 84 42
9 39 28
9 21 58
8 90 39
2 11 38
86 95 11
74 84 29
66 78 34
37 98 30
78 87 29
74 85 17
33 87 45
42 47 7
82 98 49
24 53 48
29 36 42
4 42 47
2 97 40
56 90 15
2 30 42
34 72 59
38 59 51
25 61 56
58 95 21
64 87 10
25 53 14
15 84 7
59 89 6
39 84 17
39 81 20
61 97 20
10 22 41
3 49 7
27 62 54
27 74 41
42 71 15
14 74 18
6 79 47
38 95 37
41 70 21
52 94 50
35 59 16
33 78 46
59 84 39
13 75 0
85 87 32
30 36 11
21 75 21
28 67 38
48 63 9
59 90 41
21 62 33
23 64 59
33 53 1
35 94 8
23 50 8
0 49 3
0 53 58
29 97 41
57 92 60
25 32 24
50 85 29
77 79 57
41 79 13
23 76 5
6 51 60
62 85 49
45 88 52
82 99 7
11 35 50
67 81 41
42 43 13
18 62 14
14 44 23
3 45 60
48 60 58
21 66 58
0 25 35
16 57 34
2 57 37
36 88 13
11 22 34
69 74 29
12 66 58
64 83 18
63 68 33
76 85 40
60 72 28
31 95 31
77 89 45
48 94 17
24 96 1
12 58 36
26 42 17
29 88 39
52 87 39
40 88 50
25 55 5
68 78 53
44 56 4
35 56 16
60 65 21
24 71 8
2 3 48
87 93 13
59 66 56
37 96 13
77 82 18
11 87 27
10 58 55
12 87 53
69 79 41
59 81 42
11 36 54
41 60 13
48 97 45
93 93 10
46 72 45
21 89 53
13 62 19
1 48 12
65 98 43
18 43 54
59 93 38
47 69 15
36 80 42
17 51 47
7 48 28
4 85 17
51 92 44
55 87 55
4 34 39
22 62 35
8 63 26
67 72 15
52 55 54
40 41 7
83 97 53
56 65 43
34 39 58
45 47 41
5 92 44
5 24 21
31 83 20
32 59 22
2 72 5
45 62 28
65 92 14
3 75 48
54 93 20
12 97 12
45 61 51
49 78 23
28 54 59
7 37 25
26 89 13
53 90 12
37 73 1
41 75 20
23 63 45
10 23 18
14 35 57
75 77 57
37 70 35
44 55 24
29 29 39
46 93 18
25 92 7
50 61 55
61 89 15
24 25 16
59 63 8
1 88 9
71 92 29
92 99 13
34 63 59
42 67 13
44 72 17
26 91 10
39 62 51
67 96 6
77 86 13
0 17 59
70 98 18
13 39 33
67 67 0
16 29 37
38 50 47
70 79 33
15 20 15
28 69 2
62 80 56
64 92 28
35 73 37
48 79 37
17 42 35
15 18 15
21 43 52
54 83 13
2 19 1
84 89 54
21 78 21
38 66 6
14 23 1
14 40 16
43 45 13
54 72 3
37 62 38
58 97 0
76 77 29
58 84 56
51 94 40
47 95 9
46 80 41
64 82 37
47 62 38
70 96 56
34 47 54
89 90 33
73 97 30
34 87 57
70 70 20
8 8 19
75 90 40
3 91 53
23 44 60
38 79 37
68 99 8
29 79 17
90 97 42
51 89 46
12 32 32
57 94 18
13 46 2
5 42 39
21 79 24
22 24 59
32 43 4
70 82 11
33 62 39
36 79 14
14 43 54
71 72 39
2 96 55
46 75 56
68 71 44
67 92 52
24 67 2
12 21 0
64 73 21
66 71 56
13 86 37
44 86 49
10 48 6
14 76 38
67 78 6
57 99 24
26 93 20
26 44 11
3 30 57
40 83 22
3 87 33
3 33 5
15 86 6
10 73 5
22 46 2
70 93 8
77 97 40
76 91 46
79 83 23
52 77 53
55 60 26
47 81 26
22 31 59
31 64 14
71 90 53
81 88 23
40 89 35
37 69 51
50 69 22
22 33 23
64 84 55
10 38 34
40 48 60
71 81 52
47 73 6
19 77 60
13 32 53
32 38 13
69 91 37
58 75 52
41 91 25
4 97 21
24 97 16
64 91 60
56 87 57
44 69 1
13 29 45
33 77 57
25 72 38
3 50 23
40 92 8
35 60 41
6 95 12
29 30 4
92 93 57
11 42 32
6 48 13
30 42 1
20 98 38
80 99 18
12 86 54
64 69 39
74 79 23
11 58 60
44 81 54
39 92 13
21 83 43
21 36 49
79 90 38
34 35 58
1 37 4
51 84 20
10 33 44
48 64 10
58 94 42
59 69 16
54 91 14
33 63 19
38 53 31
41 82 30
32 87 44
32 46 54
23 90 19
52 74 16
10 13 14
16 38 45
6 88 48
6 80 58
39 40 30
8 93 54
55 70 54
38 60 21
33 51 49
18 35 45
24 47 6
60 97 28
67 86 30
35 92 2
82 89 24
55 66 32
23 29 46
48 95 11
48 71 6
62 87 21
30 41 32
10 28 29
66 88 59
13 82 3
40 68 4
35 69 5
42 93 41
0 54 17
37 51 5
85 96 21
16 41 26
6 91 33
26 59 57
27 46 10
51 62 37
47 92 41
13 13 57
53 70 22
34 58 30
6 59 0
17 82 1
22 47 32
20 41 58
46 65 55
81 95 49
40 91 45
31 74 28
1 19 35
24 37 42
24 24 55
8 50 38
51 54 13
70 80 57
55 64 25
72 95 59
47 89 59
13 61 29
14 92 5
6 60 38
40 40 27
6 72 16
83 93 59
4 6 18
11 73 45
32 33 18
86 87 11
36 48 10
24 54 38
54 55 11
46 66 0
2 26 42
24 70 45
70 88 35
37 72 41
19 93 45
26 40 32
22 79 53
46 46 54
70 87 39
57 90 47
61 95 46
82 91 14
57 81 7
35 76 42
6 22 40
62 97 36
46 92 21
19 85 52
60 69 0
27 98 27
35 99 13
47 86 34
7 11 36
16 74 36
66 67 16
11 50 16
81 99 16
56 83 59
85 89 42
41 47 5
11 41 2
16 77 56
54 88 28
12 60 56
16 95 53
2 41 47
22 29 22
42 61 39
34 97 19
6 73 0
23 65 56
25 39 48
5 95 42
27 27 15
24 84 3
38 55 9
32 97 23
41 52 35
10 50 43
65 86 34
36 72 50
8 26 9
80 93 9
19 31 16
22 71 48
18 44 31
55 69 16
16 75 29
9 64 32
2 70 25
29 84 3
26 67 21
74 92 7
57 65 26
12 35 16
35 84 1
20 44 5
60 76 25
51 91 23
42 85 2
8 61 52
20 58 0
19 54 14
43 81 55
29 51 1
38 61 54
16 21 28
14 14 52
26 39 56
7 75 13
79 85 49
26 85 57
22 88 52
47 80 44
0 88 12
47 54 13
7 38 26
20 48 37
36 44 25
64 99 18
1 36 34
5 11 22
82 86 20
29 53 46
43 91 15
2 73 41
36 38 1
76 97 55
51 63 58
92 92 57
45 75 25
69 92 59
48 55 14
27 58 59
46 52 9
40 60 15
13 41 16
41 57 11
63 67 38
28 99 21
2 47 10
1 5 21
34 84 34
0 15 44
47 64 26
70 72 7
12 73 3
16 73 9
74 78 2
90 99 51
40 63 36
49 60 56
15 71 7
47 47 37
14 52 28
43 78 21
65 96 15
27 63 37
12 68 35
14 96 24
91 97 12
64 65 45
1 30 18
14 36 11
1 3 60
27 79 16
15 66 22
27 72 55
39 95 14
24 55 32
28 35 42
71 97 10
16 32 53
46 54 44
57 87 43
34 65 15
62 98 47
14 17 8
24 42 16
11 44 8
9 58 30
14 63 52
87 91 37
0 95 39
11 70 24
4 91 33
25 63 4
4 55 34
63 95 43
14 16 23
0 31 56
60 71 39
29 52 19
61 92 25
29 72 50
21 54 35
13 83 57
55 86 52
66 85 36
48 80 4
27 95 30
20 51 56
0 85 44
31 69 20
51 99 22
1 53 22
57 76 47
26 50 38
70 99 58
62 84 8
36 39 43
35 41 21
89 93 17
9 76 54
33 72 11
39 77 57
50 73 19
15 37 51
63 98 47
55 92 21
39 74 42
9 32 36
34 56 32
10 95 4
39 54 23
46 48 49
73 86 12
18 97 18
27 92 36
28 32 49
63 76 48
19 81 9
73 98 49
34 64 11
51 78 21
35 72 45
49 90 4
78 96 14
36 41 48
57 83 8
32 72 43
0 84 42
60 85 52
11 74 19
50 95 15
10 37 38
50 92 52
17 22 1
29 99 34
29 64 45
47 97 10
2 14 32
90 98 20
38 76 45
61 87 34
46 84 21
75 78 43
17 20 39
60 96 4
30 58 48
73 93 55
20 53 34
65 67 1
38 40 36
7 47 36
58 93 27
53 86 51
57 86 47
48 75 50
19 61 17
23 98 9
22 73 45
34 40 23
46 90 23
28 39 33
17 90 1
37 42 27
49 69 32
43 74 40
46 87 4
80 97 56
20 37 27
18 30 21
25 93 14
7 70 4
4 84 12
31 86 44
3 54 16
80 96 48
36 83 2
19 57 34
49 51 5
52 53 7
24 99 19
67 97 26
52 92 14
15 94 55
45 77 19
31 50 18
20 80 21
37 61 43
17 75 54
52 68 40
41 85 58
51 97 56
52 78 12
2 40 1
33 56 51
3 94 12
44 63 57
10 96 23
29 71 54
30 62 31
19 64 20
78 78 34
9 27 21
29 38 12
24 79 58
28 93 7
79 84 54
90 91 19
49 93 57
65 83 42
39 76 46
26 74 31
15 92 19
65 71 22
19 76 52
44 49 4
20 60 4
41 86 7
36 73 5
4 63 23
8 21 2
31 93 31
49 56 43
26 32 17
43 80 39
67 99 21
7 73 50
57 80 30
65 72 8
27 67 3
28 49 47
49 61 34
32 78 35
79 92 25
57 70 32
59 94 49
8 97 47
84 99 10
35 58 43
8 84 30
54 84 21
26 73 27
65 87 58
42 88 16
32 71 13
49 82 3
43 63 52
80 91 13
24 91 8
32 68 13
62 82 44
18 69 14
3 41 9
75 88 46
13 76 48
27 88 5
44 77 58
48 67 48
19 86 21
27 91 50
42 65 2
0 43 12
56 59 36
1 27 46
43 75 39
17 52 24
39 93 16
27 54 46
34 55 0
12 49 17
29 57 10
86 88 14
86 86 38
67 91 30
56 62 29
44 74 15
50 91 19
84 98 11
5 56 19
41 77 29
16 93 58
13 88 50
70 97 47
57 59 49
19 26 11
37 41 24
3 44 4
35 77 20
79 87 38
2 69 8
2 83 3
49 94 51
22 58 20
7 30 15
47 79 53
5 17 17
37 91 50
10 94 23
51 83 3
35 71 27
32 45 22
43 88 49
24 73 28
18 25 29
5 59 0
28 43 33
14 69 15
53 66 47
32 37 60
53 88 38
10 68 41
15 39 46
18 67 30
23 69 60
24 31 2
65 91 40
8 32 35
56 77 25
29 41 39
54 90 54
14 86 17
59 72 50
23 37 51
22 94 20
34 94 58
4 54 0
81 86 14
27 34 37
33 35 0
62 83 9
62 73 52
45 69 22
12 84 58
37 93 57
31 32 57
36 49 33
35 67 53
42 64 19
64 66 22
22 85 13
55 79 45
13 42 56
73 89 23
43 76 21
68 90 45
21 55 31
14 95 34
21 81 14
14 18 55
3 31 39
25 41 36
18 37 30
77 81 55
30 73 0
53 99 59
18 92 43
26 97 23
12 12 37
84 85 39
18 73 2
6 61 1
61 98 4
66 91 19
45 45 40
53 83 38
41 99 24
8 64 15
30 53 46
43 50 36
53 67 56
7 89 28
30 96 30
61 83 6
45 60 2
37 44 50
67 76 9
37 63 21
46 98 36
45 67 12
7 22 21
81 98 12
34 75 22
35 62 41
26 80 16
26 69 45
7 7 27
25 50 25
40 74 7
36 63 48
22 53 17
44 58 42
23 88 0
36 52 11
16 76 11
38 43 43
45 87 23
64 85 23
10 90 44
12 79 22
28 33 22
24 90 28
37 59 32
13 21 33
63 63 6
7 8 19
37 65 21
31 71 45
30 45 29
19 33 8
26 75 31
76 88 18
44 47 56
21 21 40
40 78 41
52 81 23
71 89 59
26 96 47
57 93 47
83 85 29
23 72 28
78 94 5
13 43 56
85 95 49
38 67 52
16 79 50
6 86 15
71 91 28
37 54 49
2 91 57
56 74 30
42 57 49
34 77 47
42 60 45
10 32 52
29 58 5
0 69 17
57 97 46
15 93 18
17 60 59
21 70 49
18 64 50
48 78 59
9 47 6
43 92 5
1 64 5
5 97 55
83 98 21
23 94 18
16 81 7
3 38 46
24 82 12
8 51 57
2 75 60
47 76 45
31 81 31
63 64 35
69 82 45
11 11 40
65 82 55
52 62 57
16 24 60
7 72 6
3 77 40
70 90 60
18 32 6
43 86 13
4 65 28
69 93 23
49 59 60
23 33 44
91 96 11
11 99 46
71 83 0
8 29 14
49 65 4
19 72 36
23 95 4
23 71 41
38 96 58
1 92 15
46 64 44
69 88 28
74 77 29
59 98 58
20 84 12
31 35 6
29 76 32
52 60 10
65 66 41
62 67 43
51 60 37
63 75 39
49 57 15
22 97 26
1 52 55
6 65 10
37 66 28
37 78 4
30 32 0
80 82 0
31 98 50
33 66 41
1 21 8
9 50 27
11 84 51
27 87 58
40 45 3
27 78 14
1 90 15
64 95 11
24 69 39
3 37 43
25 37 43
50 72 9
17 34 14
50 98 58
0 7 9
22 96 2
17 76 16
14 88 25
18 34 40
16 30 16
60 92 44
11 97 16
14 22 46
60 60 8
4 43 48
21 92 4
62 96 22
11 45 46
40 77 56
30 71 30
72 93 34
49 77 27
32 51 42
31 79 29
36 59 1
52 93 33
42 97 53
37 55 37
2 93 20
45 51 6
41 73 12
39 80 47
60 90 39
36 74 36
70 86 36
63 99 10
19 47 13
43 64 50
22 87 4
28 30 30
20 22 28
73 85 41
81 82 0
67 80 48
75 98 15
24 29 43
20 68 37
70 85 29
30 70 22
82 96 29
6 54 23
34 71 18
26 71 42
34 85 4
16 84 60
40 61 58
38 97 48
1 82 19
40 54 60
15 51 58
52 96 18
28 86 53
27 69 30
63 84 28
12 93 13
71 93 32
24 74 7
11 93 7
8 57 46
38 47 9
47 71 51
34 90 32
13 94 26
9 81 56
43 43 33
2 52 52
39 44 1
9 96 43
27 40 39
86 91 48
39 70 38
25 85 59
1 43 2
47 75 20
29 34 46
50 58 34
14 37 50
15 54 58
17 23 1
71 78 47
38 81 47
21 60 6
39 55 39
56 94 16
17 99 2
3 81 43
80 94 47
29 46 9
10 27 26
6 90 2
28 61 55
0 28 28
38 74 27
60 68 0
0 55 47
60 88 9
82 90 14
14 46 60
43 77 27
38 58 40
30 91 31
47 91 21
30 85 7
18 79 51
64 98 51
16 47 20
54 85 60
72 78 9
8 23 22
17 29 60
35 38 1
7 76 13
2 67 29
26 83 23
9 72 44
42 49 28
48 76 41
12 29 24
45 64 56
0 92 48
5 54 59
43 96 1
27 52 26
56 56 37
55 97 42
26 26 60
9 69 14
20 94 55
10 39 36
54 63 26
3 69 2
45 49 0
65 80 32
34 48 19
27 57 2
55 73 11
47 59 24
4 80 48
61 81 32
61 90 55
45 94 33
11 92 4
77 90 49
22 81 6
1 67 34
8 44 53
10 88 59
57 96 16
14 56 0
66 72 16
8 20 53
21 45 3
21 67 58
64 68 44
12 36 0
68 77 48
23 26 57
48 70 48
29 95 53
2 79 5
4 86 23
12 95 25
15 72 34
5 90 41
56 89 5
13 67 2
73 78 35
16 22 32
56 79 8
26 66 57
59 87 22
57 57 50
43 89 25
21 57 9
7 68 46
48 86 37
1 71 24
54 60 59
78 95 17
62 77 18
48 77 36
58 90 11
69 71 44
27 86 26
47 52 35
26 29 19
44 51 43
44 87 33
65 90 13
36 43 42
4 58 52
5 75 4
59 70 18
1 97 55
23 75 34
78 99 12
51 71 36
24 68 41
46 81 25
75 84 41
34 88 26
11 89 12
67 77 16
63 74 37
49 63 41
39 49 40
24 88 56
51 72 50
0 6 56
6 94 32
61 82 9
24 66 9
36 50 1
23 83 52
29 32 57
64 75 59
2 39 44
22 40 39
48 56 1
35 46 5
7 81 57
29 48 49
53 80 46
32 39 31
73 83 30
44 92 47
39 68 8
44 93 21
42 70 47
49 88 22
3 98 21
15 36 25
59 59 26
28 68 21
16 44 2
20 74 46
58 59 58
65 68 58
36 71 54
25 49 48
6 14 11
48 85 56
40 67 42
54 69 30
58 70 41
12 25 13
16 63 51
54 70 2
9 80 10
13 47 35
7 97 15
39 60 36
31 42 36
34 81 14
16 17 50
19 21 28
40 55 28
46 96 25
19 19 1
71 82 38
5 28 60
28 55 32
12 65 10
60 61 15
55 59 20
42 80 15
75 83 24
58 86 52
1 95 3
39 69 9
52 69 26
35 57 29
40 84 53
51 81 52
63 65 55
62 90 48
12 33 47
5 32 55
4 19 54
79 91 55
42 79 60
17 77 56
30 57 27
39 96 59
5 10 44
35 74 57
32 86 31
72 77 18
70 94 34
16 52 36
15 29 58
55 80 14
17 31 5
65 75 22
4 96 56
7 36 33
54 68 28
61 68 47
24 85 17
61 73 12
36 91 16
18 49 5
17 83 28
46 89 36
10 92 5
37 50 33
22 65 54
7 79 31
83 88 12
52 70 44
54 87 23
20 99 59
18 96 56
14 25 57
46 78 52
63 85 45
78 84 18
63 86 48
59 65 26
7 69 9
14 20 11
26 81 18
74 81 33
55 83 54
21 53 36
55 61 53
56 72 20
36 67 20
50 70 54
39 72 28
55 81 45
59 80 51
20 78 4
57 58 59
69 80 46
69 87 22
35 50 58
18 75 4
37 67 41
0 14 56
53 62 27
55 74 44
24 30 42
61 80 20
9 54 8
33 47 44
26 37 21
42 82 8
5 65 1
8 58 40
35 55 25
30 69 42
41 78 34
9 92 1
12 90 21
62 99 41
17 68 20
17 56 1
39 66 1
58 69 56
45 63 51
13 40 7
56 78 16
49 67 28
51 90 29
30 83 3
41 89 37
28 74 57
8 82 18
45 82 22
12 31 4
63 94 2
51 96 41
9 25 38
43 70 49
67 94 11
6 34 47
58 72 27
40 73 4
21 33 3
22 26 1
0 68 25
40 76 46
81 97 20
10 76 50
74 83 50
33 59 38
72 81 16
17 49 10
68 89 54
4 7 40
48 58 22
76 98 41
21 44 56
58 85 3
33 81 41
14 65 16
22 22 30
4 83 21
1 15 42
65 97 48
19 38 21
8 74 16
21 31 20
31 57 12
47 72 15
58 63 12
74 89 53
28 88 52
18 33 28
58 81 42
13 69 39
17 92 55
2 77 22
11 37 47
5 89 60
3 83 49
29 75 5
5 12 47
53 76 49
2 59 23
7 64 31
83 83 15
50 68 36
20 73 24
11 98 21
48 99 20
47 65 28
2 56 52
45 92 46
34 83 54
27 68 23
11 64 32
26 33 13
9 67 38
50 56 7
23 43 34
75 97 18
68 69 50
10 84 56
23 49 39
32 84 11
27 51 26
27 81 29
27 97 50
67 79 9
63 71 31
35 63 59
18 81 41
56 85 22
8 34 40
68 91 27
72 91 57
12 19 16
33 96 27
48 93 2
27 89 38
19 42 60
76 96 3
53 57 0
4 69 23
46 82 15
10 56 8
40 64 56
65 70 30
83 87 4
54 77 25
65 99 58
53 82 32
11 47 39
24 27 32
52 98 58
66 81 21
5 61 27
3 67 16
44 89 42
11 21 11
4 51 9
17 61 55
16 98 34
28 50 4
41 50 26
31 92 36
3 24 23
45 90 54
36 46 0
28 37 25
17 67 22
4 5 38
54 75 6
42 75 17
47 55 43
0 45 34
30 39 12
60 79 54
44 85 28
45 52 53
9 90 42
45 78 37
12 75 56
14 97 33
21 42 27
24 77 48
29 89 35
64 74 29
11 71 53
31 85 45
31 82 54
59 74 19
22 41 18
78 90 20
9 86 46
65 74 39
28 59 8
2 38 12
47 57 38
54 66 31
55 77 32
28 73 28
33 36 13
76 80 59
39 89 55
29 69 17
25 47 15
28 78 1
44 57 21
0 71 5
35 87 33
11 94 42
64 79 60
42 45 49
3 26 60
38 94 49
67 98 25
46 62 38
17 48 28
0 59 23
34 41 22
29 39 21
32 70 4
53 58 29
30 74 8
66 92 44
74 93 29
16 59 55
46 79 5
9 66 22
45 48 54
22 25 6
35 49 28
7 35 42
57 95 60
72 87 0
20 52 36
17 74 25
67 89 45
18 26 23
34 67 5
8 96 56
27 82 59
45 99 47
51 51 10
23 66 39
1 74 54
55 65 36
0 10 27
49 55 9
33 67 24
35 97 5
7 49 45
21 88 4
30 46 42
35 96 39
52 72 45
7 71 49
15 74 49
11 52 54
2 65 32
2 13 10
19 65 5
38 48 21
42 50 32
51 85 0
34 80 3
24 35 5
21 27 32
43 56 21
8 28 48
10 72 19
40 94 56
9 95 32
61 96 9
48 59 7
20 29 44
47 77 23
31 55 10
26 64 27
33 34 52
48 49 21
29 96 32
5 79 16
23 70 42
2 80 0
43 87 22
26 35 52
0 0 33
25 33 42
17 98 34
44 59 22
24 80 11
2 25 5
27 28 12
73 76 17
25 34 2
34 60 4
39 64 30
1 2 6
8 70 0
72 94 25
25 40 48
38 62 19
32 82 48
29 59 7
21 26 12
8 9 7
43 73 14
23 68 56
38 87 40
44 52 21
32 88 20
22 35 40
1 46 8
28 98 22
25 59 42
25 69 11
14 31 26
5 96 5
10 67 18
17 36 60
43 84 41
12 98 23
11 31 18
39 85 27
31 73 15
45 83 17
49 92 42
33 37 14
29 87 56
29 44 21
48 73 43
71 96 16
10 25 31
27 49 59
20 75 21
48 92 32
20 56 34
11 48 57
7 45 41
33 79 24
18 52 17
45 76 10
36 89 4
65 77 10
53 53 6
2 21 59
41 93 31
18 83 40
14 79 9
38 63 51
19 83 57
40 43 45
22 36 3
23 57 6
68 80 22
2 33 4
42 56 26
75 92 44
39 71 51
54 61 15
14 33 6
69 99 28
32 75 60
3 58 55
10 51 48
6 97 4
10 77 8
68 94 12
5 83 10
1 59 13
75 91 8
21 80 35
48 53 24
55 99 33
10 91 13
79 80 26
25 89 22
11 23 19
13 20 47
60 80 59
45 79 19
30 76 35
69 78 45
15 88 60
22 23 0
20 81 16
74 87 33
48 91 26
71 74 18
43 71 40
1 73 46
11 82 15
7 96 29
50 93 14
70 95 2
44 82 31
56 76 48
13 93 26
16 40 37
17 18 50
32 34 18
30 50 2
3 40 5
42 83 9
50 83 59
6 11 6
58 66 1
44 45 29
20 61 36
52 71 41
39 52 29
49 85 21
2 61 46
52 52 7
7 43 35
31 38 25
63 78 9
56 93 5
17 46 23
18 22 40
22 93 17
33 89 15
38 45 4
28 62 59
5 36 9
2 15 58
36 75 15
31 36 47
37 58 60
51 64 51
32 49 9
17 30 21
43 68 35
20 96 46
55 71 49
27 73 4
41 41 21
6 70 30
10 93 2
56 99 42
21 91 12
9 48 4
47 83 13
3 29 34
73 88 50
2 17 27
46 74 47
4 50 40
12 16 36
19 50 15
60 81 43
11 68 8
30 37 36
4 57 47
26 61 4
43 98 52
52 63 36
56 80 52
52 79 32
62 88 31
48 51 55
13 30 28
30 31 46
34 82 39
13 14 12
3 57 36
77 93 17
2 62 50
57 69 11
16 82 58
58 91 4
31 53 44
0 63 40
64 97 13
8 79 50
68 86 50
25 99 30
5 14 60
16 91 11
76 89 0
8 24 2
24 75 49
48 81 12
43 66 18
4 66 15
57 74 7
56 61 58
5 57 7
27 59 32
60 67 31
56 73 57
39 65 54
41 53 7
19 67 31
43 49 20
62 64 52
44 60 29
17 89 19
19 90 55
47 74 19
39 94 40
5 86 4
52 59 27
42 62 41
23 45 7
57 71 40
31 45 35
61 77 0
12 83 29
50 82 38
24 28 21
2 87 40
1 42 36
9 87 46
56 66 49
16 23 30
3 79 56
25 80 53
1 63 58
15 34 53
43 85 46
12 40 24
31 78 59
17 35 50
25 52 6
19 36 52
15 79 48
29 80 19
60 87 37
17 58 29
38 49 51
7 28 56
1 86 17
15 16 60
66 84 26
3 6 39
50 63 6
2 34 14
38 51 34
29 74 12
15 70 43
10 42 30
7 85 49
17 95 35
31 41 19
44 62 10
8 39 31
2 23 55
30 51 34
3 20 11
25 28 8
27 47 5
17 64 35
81 85 1
62 79 11
20 28 48
45 80 22
8 36 0
12 22 60
13 33 54
5 25 9
20 57 45
27 71 41
25 81 1
23 58 25
31 40 1
17 25 2
39 48 50
80 80 24
4 30 50
53 59 39
7 88 17
42 77 23
46 56 1
2 84 2
49 91 48
20 77 48
5 39 18
4 13 42
9 45 11
5 82 51
4 16 13
18 21 38
55 56 42
13 77 35
30 75 1
21 56 8
42 63 20
54 64 56
15 75 58
58 83 1
33 86 8
10 10 57
28 31 27
44 91 50
31 96 31
20 71 8
33 64 32
42 54 45
13 85 60
3 15 18
5 84 23
3 25 32
23 59 53
1 55 19
64 64 51
60 84 58
32 53 29
17 73 38
4 72 53
23 54 32
31 33 15
36 56 7
9 93 24
6 78 38
4 15 50
2 20 27
23 91 18
0 60 48
75 82 4
32 62 30
37 68 3
46 68 19
19 48 12
4 49 2
32 32 12
80 89 54
79 96 49
22 74 56
60 70 29
50 65 29
42 42 40
35 89 8
40 85 37
72 76 43
36 45 50
34 79 10
21 64 25
14 73 28
48 50 28
0 35 10
36 68 43
3 8 5
18 55 20
46 94 55
3 14 45
23 60 7
14 51 3
8 31 4
51 52 42
3 12 12
66 98 30
49 54 5
49 72 48
15 95 24
14 70 53
8 80 43
43 60 56
45 54 13
31 68 9
10 63 17
30 47 30
37 37 27
6 41 12
1 85 12
57 98 10
21 94 16
12 41 27
45 74 36
68 73 28
19 69 9
22 99 50
29 37 31
55 82 36
0 83 16
14 32 25
23 82 42
28 76 59
0 4 9
48 62 19
8 25 35
10 43 46
13 55 27
19 71 38
37 52 38
49 83 56
32 52 41
55 78 17
24 44 23
18 28 17
46 95 7
83 95 17
51 76 53
4 75 0
41 87 8
9 22 60
2 66 58
38 64 50
77 88 22
46 61 37
16 92 42
45 71 29
28 38 17
34 53 50
67 73 3
36 47 59
41 55 4
1 33 12
22 68 11
33 54 2
3 65 23
52 65 54
20 23 59
21 22 60
63 80 42
23 84 18
5 74 35
7 66 36
1 56 31
19 68 57
82 85 27
69 83 56
40 69 35
21 51 52
28 70 55
26 70 35
45 56 49
66 95 33
25 94 54
31 58 26
68 88 37
14 99 37
10 41 15
21 95 58
1 68 50
9 84 58
8 37 59
18 78 36
18 65 30
23 80 24
21 32 51
20 92 20
71 77 38
60 86 18
70 84 48
7 83 43
50 54 50
58 68 35
59 78 6
27 50 3
25 29 13
28 58 40
25 57 54
29 55 41
11 77 36
18 56 17
35 70 60
11 76 11
10 14 12
34 61 25
42 91 1
40 72 46
22 43 47
55 84 52
37 39 27
35 53 51
29 60 20
6 35 16
31 87 19
13 97 51
11 56 32
8 27 17
20 26 40
33 99 28
24 89 17
0 82 49
6 29 6
12 26 34
6 71 46
38 92 28
14 78 51
22 50 31
9 73 42
40 86 30
9 43 12
20 95 38
4 60 56
6 39 44
18 42 4
9 16 49
20 79 7
5 78 50
9 23 12
0 57 28
13 36 28
1 69 10
21 87 27
12 54 34
10 70 45
3 82 23
61 78 30
14 21 24
66 68 46
61 99 47
20 90 47
13 27 21
48 68 17
15 65 8
45 50 44
66 93 53
0 47 1
37 83 44
10 21 25
25 62 30
49 89 22
15 21 34
2 9 21
13 23 3
8 11 49
6 25 19
59 61 25
8 75 15
21 84 42
7 31 15
40 58 38
13 25 29
22 76 60
58 71 30
5 99 30
10 36 30
55 63 40
9 26 1
36 36 6
30 66 56
27 76 33
50 64 33
9 40 57
0 61 49
18 20 18
35 54 49
1 20 23
3 3 9
23 51 2
24 32 39
8 76 43
30 81 50
38 80 12
29 43 26
16 66 37
9 35 58
14 38 43
0 79 18
15 62 12
0 29 22
32 60 10
26 38 20
41 44 29
16 42 43
43 95 60
5 45 19
21 72 14
0 23 46
71 87 36
56 86 29
39 51 41
3 85 17
17 44 47
41 49 13
63 69 19
50 67 59
11 95 33
18 19 37
11 30 29
56 67 7
10 75 5
10 24 7
13 71 42
1 10 15
18 72 28
17 79 53
68 82 18
60 63 12
13 68 4
33 71 7
6 37 26
16 39 33
17 38 29
7 15 25
3 21 14
56 58 10
50 71 40
29 73 5
41 74 31
34 49 59
43 57 18
6 55 12
41 71 59
20 66 51
61 88 6
28 81 56
11 96 17
10 26 6
55 94 9
29 94 35
16 55 24
36 95 50
49 68 53
26 82 41
37 45 54
44 53 38
17 39 30
53 73 33
74 76 8
50 97 59
17 47 40
8 99 44
32 35 12
39 50 35
9 65 51
39 78 59
35 36 38
14 57 45
45 98 51
56 97 18
60 73 29
6 23 5
6 82 17
15 83 32
17 91 34
19 39 30
32 63 10
9 88 21
47 63 16
7 23 26
30 88 23
2 92 4
15 67 12
58 87 50
41 96 13
28 75 23
33 57 18
28 89 12
21 82 55
21 90 16
41 62 2
47 60 8
24 43 35
5 70 4
0 20 4
22 64 19
77 92 41
58 88 38
10 64 59
8 78 32
0 64 33
37 95 36
35 66 14
12 99 5
4 4 42
23 92 0
2 48 48
26 52 35
8 69 48
26 41 32
20 89 41
5 34 42
41 56 43
12 38 52
23 25 59
55 88 35
18 57 3
57 61 25
40 44 7
18 63 45
22 34 58
19 63 32
62 89 59
12 52 13
13 73 39
75 75 3
0 30 53
19 95 2
20 63 58
1 89 54
19 98 12
68 85 9
24 40 19
34 62 30
40 81 9
5 66 40
4 88 32
16 27 42
44 98 26
22 54 31
20 30 2
31 61 16
20 83 17
48 88 38
62 86 19
8 49 44
29 47 44
76 92 22
52 61 11
0 52 50
49 75 12
23 85 30
36 99 18
1 11 46
24 62 60
33 84 2
22 70 14
5 81 50
26 30 0
36 96 32
29 61 12
34 89 54
51 68 15
8 42 43
38 91 42
51 58 59
26 46 16
61 91 14
1 12 5
13 64 53
17 50 11
16 99 29
19 89 3
20 69 18
72 80 55
38 46 32
2 27 52
25 98 2
6 16 20
33 49 53
11 75 41
12 78 14
60 64 46
43 53 33
31 84 14
0 72 45
8 14 12
30 94 39
59 67 29
34 91 3
39 86 48
9 30 48
53 94 27
25 86 48
10 97 59
61 93 52
23 23 60
36 66 32
14 19 25
50 99 7
18 84 22
10 54 33
0 94 60
36 64 13
52 91 30
58 78 7
5 52 5
47 93 35
15 91 57
27 35 13
17 96 41
52 89 50
29 67 44
51 87 48
56 95 2
14 48 8
7 56 13
25 76 50
52 88 6
4 12 30
34 57 45
64 93 40
18 90 33
33 42 51
12 48 54
50 96 58
25 79 20
53 69 21
13 57 54
31 46 8
8 19 8
41 97 41
4 52 25
73 75 6
62 93 37
24 92 12
22 57 20
22 90 3
62 63 0
22 56 1
33 98 8
44 78 42
11 85 23
3 80 57
29 90 4
16 58 37
20 34 3
18 89 8
7 90 52
56 60 48
22 48 23
28 80 4
26 43 54
26 60 40
18 74 44
5 21 16
52 75 33
27 75 50
26 48 3
33 93 47
14 77 43
33 92 49
4 92 20
33 82 40
37 88 13
23 62 22
47 61 43
10 87 5
20 67 18
15 59 19
41 63 50
3 53 26
33 80 15
71 71 25
66 80 47
25 38 30
15 33 49
25 27 47
1 17 7
49 96 57
4 79 31
9 34 7
26 62 26
15 58 10
27 94 36
41 90 18
1 13 59
36 85 21
14 87 45
39 79 31
26 76 55
15 57 23
35 83 45
24 45 6
14 59 35
3 76 57
3 10 51
20 86 12
36 82 60
9 44 44
2 94 29
4 14 4
19 91 35
41 65 11
44 46 46
14 82 39
5 35 59
7 57 17
67 93 36
61 71 57
53 81 58
28 95 53
41 88 1
34 95 1
3 55 31
17 70 34
3 47 23
17 28 39
18 66 46
55 91 44
25 46 57
53 72 52
11 88 19
13 72 31
30 44 30
44 75 48
35 44 29
38 65 45
67 75 60
29 81 0
51 82 14
22 30 1
5 27 39
19 46 51
21 48 11
19 92 55
24 46 49
32 91 40
43 54 15
8 35 34
26 99 36
23 30 20
25 88 12
52 73 59
52 64 15
25 60 24
25 45 15
46 47 19
11 15 8
2 68 49
3 97 35
8 10 29
31 80 12
13 80 3
16 18 28
12 67 3
69 84 2
64 80 8
37 47 26
13 66 59
59 73 17
25 25 24
9 89 4
33 60 16
4 24 27
18 61 56
36 65 59
44 90 19
38 82 15
1 39 31
38 70 23
30 82 10
10 59 26
17 17 11
21 23 29
60 78 49
53 65 19
32 66 0
1 31 47
57 64 36
14 89 47
30 49 14
6 87 52
16 78 0
60 89 29
11 59 48
42 96 60
1 54 16
51 61 3
10 19 41
7 51 37
1 41 55
8 66 20
3 35 60
66 90 35
34 51 0
14 91 12
65 79 26
16 28 26
9 15 42
36 58 50
12 18 23
45 55 8
3 66 7
11 62 36
64 67 34
39 99 55
41 66 24
36 84 57
5 77 59
6 46 44
9 70 27
38 57 50
15 26 57
9 98 21
30 52 35
12 88 38
29 82 56
43 46 39
34 45 43
13 60 36
28 48 4
8 68 14
1 81 12
12 45 46
9 10 9
59 62 38
13 89 28
18 76 39
38 42 31
7 62 56
15 27 13
6 43 35
53 91 17
4 74 48
8 95 25
52 80 19
17 86 30
0 42 8
8 62 38
42 90 43
4 95 40
54 82 26
40 65 31
12 44 13
9 33 48
54 58 0
18 24 60
26 78 26
60 66 11
26 54 23
15 47 49
31 94 11
12 64 3
35 90 27
29 63 44
19 59 57
27 29 28
66 79 30
40 42 49
51 59 14
11 12 25
2 7 14
13 63 40
25 71 30
7 42 47
5 33 5
1 22 46
37 71 37
33 33 35
12 20 49
17 94 13
39 90 30
20 62 18
50 78 52
44 73 55
62 81 25
30 61 12
46 67 16
33 90 57
21 29 55
11 14 50
0 24 8
64 89 49
56 92 3
46 53 46
48 66 59
12 59 25
39 53 46
18 91 26
2 81 57
23 97 28
38 41 4
66 99 54
66 76 37
16 53 17
19 29 17
19 23 13
47 78 3
13 81 17
51 79 10
2 86 45
44 48 40
11 29 29
37 43 45
37 53 39
72 72 41
32 41 35
49 74 12
39 67 32
16 64 31
61 85 26
69 96 12
7 12 41
7 20 8
33 73 13
19 53 52
49 52 18
14 75 36
38 86 47
7 59 16
29 92 27
6 77 22
48 57 4
15 60 47
12 42 37
17 97 21
16 61 6
63 92 17
1 93 41
26 88 34
47 56 16
57 88 5
7 50 49
60 75 21
33 97 49
15 69 34
20 43 59
16 88 26
32 65 20
20 88 53
25 68 1
10 31 50
3 27 53
55 96 54
24 87 17
18 98 54
63 70 7
25 66 47
37 85 4
35 78 43
16 69 14
16 89 47
42 81 54
32 44 4
10 35 14
10 20 60
1 65 29
59 82 52
0 93 38
43 72 49
37 46 30
6 42 56
7 93 51
66 82 31
9 41 31
20 85 3
8 18 54
21 85 41
52 84 33
48 54 26
7 41 28
0 81 5
9 31 46
46 91 40
6 83 36
4 82 38
11 55 32
33 40 13
67 82 42
13 96 23
18 54 12
73 92 21
37 80 11
36 40 43
58 73 44
13 44 20
30 65 34
15 48 5
11 78 21
26 65 50
31 37 11
24 81 35
28 57 58
22 27 21
11 54 1
21 63 12
4 59 56
72 89 18
22 95 31
27 65 45
44 80 26
47 50 49
8 15 59
17 19 39
50 88 57
25 44 32
6 9 6
0 50 50
6 40 13
8 30 2
48 89 39
29 77 30
5 98 10
3 84 9
20 72 25
24 41 49
49 58 2
53 75 26
44 99 4
46 86 46
23 46 25
57 60 45
26 79 15
33 83 11
7 9 41
74 99 51
21 74 58
21 65 7
1 23 53
5 71 39
19 99 50
51 95 48
28 94 44
42 58 2
3 70 29
32 96 49
15 22 17
66 77 6
14 30 20
4 90 24
11 66 50
8 16 36
35 98 37
55 72 58
5 29 59
25 95 58
8 53 0
32 64 10
49 50 46
50 86 23
29 49 36
40 96 12
24 72 38
31 72 47
13 58 37
35 95 59
23 77 18
40 70 51
12 47 49
22 45 8
54 95 7
27 84 53
56 82 45
53 60 7
42 84 25
12 94 19
35 51 46
6 57 31
62 75 13
32 94 8
1 66 15
30 84 26
61 75 15
50 81 28
50 76 3
11 83 15
2 98 14
74 80 51
6 69 43
22 28 20
46 50 41
8 38 55
51 73 38
6 20 43
33 41 60
23 79 23
6 26 33
1 99 47
40 50 40
21 98 13
11 20 46
30 63 5
7 92 22
25 30 47
7 77 50
33 69 20
29 93 50
34 86 55
15 49 5
49 80 6
40 53 14
23 36 13
34 36 51
22 32 5
35 81 7
30 89 1
32 99 2
51 67 29
17 59 52
8 98 5
3 13 35
25 70 23
53 89 40
30 30 32
15 90 22
6 93 38
31 99 60
0 16 49
0 32 26
44 79 13
20 82 3
56 63 52
37 92 37
28 90 44
32 83 0
11 39 0
10 65 39
30 87 20
18 87 0
27 44 8
20 27 59
30 60 7
5 46 41
2 89 32
35 35 38
58 82 53
36 53 34
18 88 5
10 79 42
32 89 26
23 39 50
39 61 0
22 63 27
50 50 37
19 88 24
37 82 11
34 42 47
49 53 18
5 44 35
3 43 25
9 14 24
28 63 6
73 84 39
24 48 22
20 31 33
36 70 51
17 37 38
42 98 23
10 86 13
22 66 6
9 13 26
16 83 30
45 85 37
39 43 16
27 66 45
41 61 31
51 70 33
29 65 12
20 47 21
2 90 27
52 83 9
12 72 42
10 83 11
0 37 3
32 85 12
20 40 56
6 17 55
12 80 31
0 77 55
17 72 8
34 66 51
36 61 14
7 63 3
11 40 18
38 78 13
24 93 25
16 94 53
14 27 23
1 45 4
6 84 20
27 36 34
27 38 60
8 40 25
2 36 32
43 47 38
12 28 43
46 73 13
26 47 25
0 65 14
45 95 51
20 24 18
21 59 56
55 76 38
59 71 14
2 64 3
0 38 41
1 7 34
12 15 38
8 47 16
18 39 60
72 99 11
37 77 20
22 52 10
53 87 28
16 34 57
12 37 38
3 63 46
2 42 20
6 7 59
1 6 26
19 52 38
29 68 34
21 28 7
11 38 28
19 35 35
11 24 43
38 39 22
0 89 25
76 95 31
29 86 28
8 56 60
6 27 48
21 46 38
22 55 36
33 68 42
28 72 4
3 16 9
57 75 47
15 46 9
3 71 38
19 74 25
13 74 18
15 19 42
17 41 32
56 57 13
0 70 15
14 94 16
5 60 29
9 17 43
14 68 54
16 86 2
27 30 37
28 84 48
3 95 60
15 89 18
0 58 1
19 56 37
45 72 16
25 65 2
12 62 26
42 52 35
6 74 7
4 25 49
58 77 0
22 91 7
17 69 24
18 51 40
29 83 51
6 45 15
58 60 30
27 93 43
22 44 2
27 77 34
46 77 45
47 49 39
7 29 19
23 86 40
6 99 41
19 94 13
0 5 26
2 18 45
42 94 32
24 65 26
23 89 3
38 69 10
5 53 13
31 76 28
27 31 29
24 50 7
39 39 26
3 23 46
27 39 43
44 94 39
14 49 37
20 21 37
11 34 50
41 72 41
50 84 52
46 83 24
