35 560
112
159
113
200
156
158
141
126
143
146
103
150
124
164
169
180
178
198
133
165
152
125
133
109
104
151
168
118
122
119
159
107
155
100
184
0 1 22
0 2 11
2 3 54
2 4 18
1 5 35
2 6 9
4 7 50
5 8 46
7 9 10
9 10 7
9 11 1
8 12 34
9 13 13
3 14 53
10 15 34
12 16 5
6 17 47
8 18 31
1 19 38
19 20 30
15 21 25
8 22 37
11 23 15
7 24 38
1 25 2
6 26 12
22 27 39
18 28 1
4 29 24
22 30 7
14 31 40
6 32 38
3 33 1
32 34 59
8 8 8
0 30 25
1 23 6
9 15 46
11 15 34
18 18 19
31 31 35
24 34 24
10 10 43
16 18 11
12 25 12
14 19 8
29 33 60
2 21 56
0 22 57
8 16 2
10 17 38
10 24 16
16 34 21
23 23 46
27 29 52
0 32 12
0 31 15
3 18 1
12 22 37
14 21 9
4 32 29
20 30 29
18 19 16
5 9 60
14 22 47
24 28 1
4 27 15
8 25 16
11 12 32
7 33 35
3 20 37
3 34 45
0 24 49
26 26 32
17 23 38
3 9 37
32 32 26
14 25 20
33 33 16
21 26 12
21 30 52
29 29 8
6 7 52
8 15 10
31 33 7
6 19 48
0 9 8
5 21 47
22 34 36
6 25 13
30 30 2
15 18 35
26 34 4
27 30 34
23 31 42
16 32 6
29 30 57
9 21 23
23 27 59
2 15 43
15 27 51
8 33 9
4 17 58
24 25 12
24 33 55
0 3 25
16 23 55
15 33 33
28 32 53
8 17 20
1 3 12
6 24 38
20 33 38
19 29 52
11 18 23
6 12 3
8 10 1
7 8 46
3 7 57
5 17 37
16 20 24
21 27 27
13 15 7
1 16 54
22 26 1
1 10 26
2 25 0
7 16 25
5 30 21
16 29 42
5 32 2
3 26 1
30 31 42
2 23 40
12 28 10
9 30 56
0 27 45
24 27 21
9 33 47
23 34 44
28 34 46
11 21 18
1 26 0
31 34 8
12 26 57
1 12 50
14 26 32
10 30 9
20 28 47
3 31 29
10 19 26
4 28 38
18 20 32
10 23 27
28 33 42
30 34 59
22 31 27
20 34 57
9 25 34
23 30 12
26 27 41
23 32 16
20 22 51
27 32 8
3 11 49
12 21 31
22 33 21
32 33 49
13 24 29
24 26 4
0 8 36
27 31 45
11 19 54
20 24 48
5 16 17
6 6 53
3 12 56
29 34 35
14 16 15
25 30 10
18 30 52
9 32 45
26 30 35
0 21 2
19 31 20
7 15 58
22 23 27
33 34 11
19 30 21
25 31 58
14 30 50
3 24 44
11 17 12
3 29 0
6 28 46
28 31 45
3 17 18
1 27 5
23 28 39
12 27 12
27 28 35
0 10 27
16 16 58
9 26 16
5 5 17
20 31 53
0 12 52
1 31 13
15 23 21
18 32 55
17 30 23
17 31 4
0 25 5
18 29 9
15 29 7
28 28 5
16 26 4
17 18 57
19 28 24
11 26 1
10 20 31
19 25 53
7 32 18
13 32 53
12 18 59
21 32 19
19 34 42
13 28 50
18 23 22
11 30 7
1 14 54
15 32 58
4 31 10
29 32 15
12 13 33
3 30 35
8 14 17
17 20 10
5 18 60
24 31 13
20 21 56
1 33 2
21 31 32
22 24 39
2 13 11
17 33 50
9 20 2
5 7 45
29 31 31
24 32 5
13 20 59
16 31 1
6 16 2
18 34 9
12 19 30
24 29 49
25 34 40
7 23 59
3 27 37
27 33 49
2 12 33
20 23 6
21 23 0
6 31 45
0 17 23
2 31 21
14 18 6
18 33 47
20 25 43
23 33 47
12 31 9
7 27 30
13 25 11
25 32 40
31 32 21
23 29 52
14 29 1
7 19 33
17 26 40
10 18 28
17 21 51
19 32 15
5 19 14
20 20 11
19 33 17
12 14 16
28 30 52
30 32 22
14 27 35
24 24 9
23 25 22
0 26 6
4 10 19
10 13 54
14 14 21
13 23 27
1 18 20
6 8 4
0 20 60
1 29 49
27 27 17
5 28 34
15 16 56
13 18 23
26 29 9
12 32 11
13 21 22
9 14 59
0 5 37
2 18 54
19 24 10
2 9 9
26 31 2
4 18 29
16 30 39
1 22 47
25 33 19
24 30 21
10 28 43
9 24 32
7 18 4
5 11 7
1 32 56
3 15 54
9 17 13
6 20 8
5 34 38
22 29 59
5 27 16
20 32 51
10 31 21
15 31 53
2 26 5
0 23 44
17 28 0
16 17 10
3 3 3
7 26 7
3 6 18
12 20 23
4 20 58
14 15 46
22 28 37
13 13 56
12 15 13
21 28 13
15 25 8
7 12 7
6 30 12
19 23 54
18 31 47
25 26 6
30 33 60
23 26 29
7 22 50
8 27 9
1 24 14
6 27 49
2 7 35
17 22 51
3 8 12
7 30 43
13 14 16
15 24 54
15 30 1
16 25 4
17 25 55
27 34 29
1 13 52
18 26 16
2 2 50
3 22 57
1 20 34
4 11 2
16 22 16
8 24 10
16 33 28
11 28 17
3 16 53
25 25 49
2 33 22
2 34 23
5 12 37
4 30 12
5 14 41
6 22 10
21 24 46
12 34 11
3 21 15
6 15 8
20 29 34
6 10 30
8 11 11
6 18 9
3 23 42
4 5 3
4 34 19
9 22 14
16 21 48
1 4 45
2 19 19
15 15 37
20 27 33
7 13 19
8 13 32
21 29 19
23 24 46
6 33 12
14 23 9
10 29 22
19 26 17
1 21 26
11 22 9
26 33 53
7 28 10
25 28 17
9 16 49
13 16 6
0 7 48
1 1 38
14 33 39
0 18 44
22 22 41
7 29 60
22 32 15
13 31 56
8 20 16
10 12 56
5 23 52
11 32 26
1 17 18
26 28 25
14 20 57
13 26 58
9 18 0
4 16 1
14 17 47
12 33 16
10 34 58
0 34 17
1 15 56
1 30 1
12 30 8
5 25 23
16 19 20
10 25 19
8 31 3
8 19 42
15 34 27
5 24 24
10 33 58
21 21 8
2 11 58
11 31 13
15 22 55
3 4 25
14 24 37
13 29 22
6 9 49
2 5 46
11 24 37
4 9 53
9 9 0
3 28 54
26 32 48
17 34 5
1 34 56
2 29 6
9 19 52
0 14 54
7 34 31
8 21 12
18 22 53
12 24 5
19 27 14
10 21 44
2 14 7
28 29 60
13 30 20
4 33 1
7 20 47
8 28 19
11 33 12
17 17 40
15 19 16
5 33 5
7 10 31
19 21 34
5 22 19
8 23 2
2 10 42
13 27 44
25 29 58
4 21 33
15 28 58
19 19 57
7 21 19
10 26 7
13 34 1
10 14 7
6 29 17
5 6 35
13 17 52
9 27 51
0 28 33
11 13 17
15 20 0
11 20 60
14 28 53
8 30 47
9 23 6
3 10 38
21 33 56
13 33 33
14 32 49
0 13 27
10 32 35
17 27 59
2 28 19
0 19 32
16 28 21
4 8 52
4 13 33
9 31 31
15 26 26
11 34 56
4 22 1
14 34 17
8 9 14
2 16 30
1 6 50
8 29 28
4 19 60
8 34 3
7 25 60
12 17 2
21 25 58
0 33 45
16 24 50
10 22 18
11 25 47
11 16 58
17 19 5
5 29 5
7 7 32
19 22 28
25 27 58
20 26 26
3 32 59
1 9 13
5 31 53
11 27 54
1 11 38
18 24 35
5 20 7
0 29 30
5 13 16
15 17 41
1 7 3
6 34 50
