110 5445
111
150
183
120
138
132
168
109
167
126
127
187
187
148
124
137
162
184
183
178
113
139
114
199
144
189
179
173
162
181
157
105
179
166
121
184
165
105
174
157
104
170
162
184
141
171
125
102
107
130
193
137
125
156
120
198
153
130
157
197
151
114
159
190
171
125
175
181
198
131
115
147
198
162
129
131
189
181
155
107
149
154
152
115
103
136
155
195
134
200
102
163
134
193
105
186
142
132
163
143
192
193
167
178
181
148
110
174
159
136
0 1 17
0 2 16
0 3 38
1 4 24
0 5 26
4 6 9
2 7 24
0 8 8
7 9 34
5 10 60
0 11 27
5 12 7
12 13 50
7 14 24
4 15 56
7 16 50
6 17 4
16 18 24
10 19 57
14 20 25
7 21 58
9 22 44
5 23 19
7 24 55
9 25 40
18 26 15
26 27 46
6 28 12
7 29 50
7 30 2
7 31 11
21 32 15
4 33 45
3 34 17
10 35 57
24 36 17
33 37 23
28 38 18
8 39 15
32 40 49
18 41 50
15 42 37
23 43 38
20 44 26
39 45 3
7 46 0
16 47 9
28 48 19
7 49 37
22 50 26
31 51 56
18 52 39
52 53 33
36 54 44
31 55 27
14 56 58
2 57 20
3 58 21
38 59 28
7 60 30
36 61 25
12 62 28
55 63 41
7 64 43
45 65 41
21 66 55
38 67 41
20 68 55
59 69 33
8 70 5
9 71 57
4 72 35
27 73 51
33 74 53
29 75 34
55 76 4
71 77 0
63 78 50
78 79 30
49 80 35
33 81 44
31 82 35
82 83 58
35 84 39
23 85 28
33 86 54
25 87 0
50 88 12
84 89 60
14 90 44
20 91 27
0 92 41
39 93 5
91 94 29
4 95 44
11 96 52
55 97 39
60 98 36
31 99 19
60 100 4
0 101 23
85 102 0
15 103 59
30 104 53
79 105 59
28 106 2
92 107 41
63 108 22
26 109 37
72 101 22
91 100 8
45 66 38
40 62 54
6 93 46
63 103 5
19 46 8
41 80 54
3 41 50
84 85 10
101 102 48
91 104 46
1 97 46
82 89 35
3 77 6
77 109 59
80 94 60
17 67 19
106 107 60
13 30 34
56 80 58
34 104 35
26 34 42
31 75 23
21 99 54
54 95 56
67 99 51
30 90 58
44 91 29
89 100 55
51 95 47
72 81 52
82 103 23
1 49 16
53 74 46
93 109 29
56 74 41
71 95 54
88 88 35
105 109 40
3 59 25
8 109 49
31 32 54
62 86 36
99 104 31
104 108 8
78 108 0
21 97 19
19 41 7
73 109 41
84 87 32
103 108 50
107 107 46
46 83 56
51 62 10
24 77 57
10 47 54
13 109 53
54 88 33
86 107 29
13 16 18
88 102 34
50 68 36
2 2 59
76 83 53
80 105 43
42 64 6
2 61 40
100 103 6
84 99 19
67 105 54
94 107 51
1 45 52
46 104 14
42 75 44
103 109 46
87 90 34
67 101 47
98 104 53
89 97 58
101 103 40
26 69 27
10 100 3
44 103 27
69 99 60
36 64 0
86 106 14
26 45 54
58 94 23
43 51 4
58 96 25
77 81 47
108 109 25
88 97 37
12 81 26
31 108 4
93 102 28
38 81 38
41 88 27
20 30 15
83 104 56
101 104 0
49 94 54
16 30 17
24 65 27
20 60 57
87 88 29
107 108 32
32 49 56
59 95 36
6 36 13
75 81 8
8 17 45
68 74 16
11 15 47
98 108 1
97 101 35
25 61 55
51 77 30
37 53 14
67 96 1
2 104 60
72 100 34
66 93 18
71 107 14
5 9 54
69 101 31
104 106 5
41 103 12
52 86 19
65 77 40
59 67 11
74 79 9
69 83 38
39 43 16
14 75 49
51 103 1
22 35 0
70 79 38
31 44 53
7 8 60
84 91 26
67 97 28
73 74 51
64 87 50
97 107 22
83 83 17
89 99 23
102 106 40
98 98 50
26 30 27
18 48 9
106 109 1
59 63 26
85 86 32
17 27 6
90 104 9
15 67 2
72 84 47
96 99 54
38 56 36
89 94 6
92 108 23
38 71 14
47 49 4
43 84 59
84 95 14
50 78 8
17 83 37
35 98 19
10 56 7
106 108 43
101 106 0
32 73 41
70 70 34
30 73 13
73 93 15
100 100 35
0 17 45
86 94 28
43 52 10
90 100 6
80 80 20
44 77 33
88 100 15
15 48 2
41 79 23
20 108 59
92 95 25
83 108 24
66 104 8
46 80 59
25 77 27
70 90 14
3 87 11
83 87 37
100 102 34
34 107 48
2 16 34
94 105 41
89 105 46
44 108 36
39 105 7
44 99 33
103 105 16
58 86 46
92 101 1
40 101 12
31 37 44
27 29 13
11 100 44
29 65 46
26 83 37
57 106 3
27 101 40
0 106 37
30 86 57
101 105 10
5 78 45
9 90 41
86 90 33
7 97 30
62 73 34
42 45 53
31 36 13
45 74 40
17 87 46
17 39 20
68 92 36
108 108 20
14 80 36
11 99 0
7 82 36
56 89 55
2 75 15
98 103 51
67 91 4
31 64 19
87 95 53
80 95 59
46 78 41
64 68 16
57 71 43
30 39 8
52 109 29
87 96 51
48 68 24
52 75 29
48 48 11
54 63 29
27 84 25
41 64 49
32 66 54
70 87 8
53 67 29
95 101 29
100 107 59
24 38 34
21 85 48
93 107 39
104 109 10
85 85 27
95 98 53
55 78 19
93 108 55
43 85 1
44 82 2
83 103 35
89 95 27
6 21 39
61 74 60
56 99 42
89 101 4
73 94 31
76 109 33
87 100 38
15 98 17
12 65 40
46 60 2
90 95 16
47 64 19
92 98 5
35 43 28
99 103 16
1 83 16
22 49 52
29 47 13
89 102 42
69 103 9
22 40 42
70 76 52
25 104 29
86 101 14
41 58 55
18 72 14
59 59 29
16 108 19
80 85 1
72 94 55
27 53 48
40 64 29
65 100 29
78 105 30
44 44 21
74 81 25
54 74 53
25 43 0
64 88 47
93 94 35
63 90 25
93 98 16
20 70 1
13 65 60
102 104 8
58 64 11
78 96 14
3 35 8
15 86 29
34 102 22
13 67 7
42 74 12
61 90 0
10 63 8
70 99 44
33 55 16
76 95 53
35 88 32
73 107 12
12 22 22
17 38 2
103 103 46
80 92 28
88 107 53
88 90 53
102 107 20
17 100 17
48 91 46
80 86 58
64 102 17
12 67 0
47 66 10
13 50 9
9 84 33
71 86 32
65 91 16
82 98 5
0 68 37
88 98 48
30 34 18
66 79 60
99 99 56
97 102 46
31 59 26
96 96 35
39 61 0
40 108 46
51 88 8
7 80 13
99 109 30
105 105 21
87 98 44
6 81 24
3 53 50
105 106 58
11 78 52
60 64 38
8 75 36
91 97 27
98 102 30
27 57 46
20 81 48
20 85 34
89 92 1
61 67 31
49 81 50
45 61 31
3 31 48
64 90 16
88 92 42
71 92 45
16 42 36
42 48 24
49 75 15
8 103 16
53 65 2
69 104 16
23 99 16
35 105 13
99 102 37
62 103 44
64 75 30
99 101 27
13 24 43
96 106 53
35 46 15
52 103 34
87 87 34
39 75 8
3 102 18
1 7 8
18 86 53
76 86 29
9 67 11
22 81 50
84 109 9
39 89 44
50 86 59
29 55 47
75 108 0
74 105 53
98 106 1
71 83 23
22 92 37
98 105 58
0 88 32
65 86 29
52 57 33
24 105 14
20 94 58
79 100 15
103 107 48
41 69 43
49 59 23
103 104 23
68 83 5
20 76 48
58 69 53
48 102 55
43 73 41
102 109 56
97 98 33
80 102 37
45 84 44
75 87 37
78 101 46
86 97 18
27 83 51
27 63 2
73 104 59
2 45 23
60 82 51
5 107 17
58 65 15
54 64 0
62 69 25
86 105 23
14 44 4
51 68 49
77 104 55
46 101 25
35 75 43
55 70 39
66 78 50
20 66 21
69 71 48
9 75 20
55 86 57
5 60 38
81 108 27
43 48 41
38 83 17
30 93 25
34 95 47
17 97 9
57 77 11
17 25 17
60 92 20
20 49 13
25 66 2
39 81 47
11 108 49
40 105 28
79 98 23
92 94 7
31 66 0
79 96 15
26 53 42
91 108 36
33 85 5
32 104 47
55 105 21
20 34 12
66 96 23
56 104 0
30 47 1
37 65 16
10 103 44
29 101 29
39 57 1
34 45 18
13 32 42
20 83 41
82 105 58
17 55 17
30 70 14
76 108 22
56 90 52
73 88 48
88 96 59
23 97 54
67 89 59
41 107 46
19 91 39
23 67 20
69 98 12
26 58 10
41 101 7
13 95 13
58 99 43
68 103 60
54 109 40
2 70 28
48 101 7
2 56 53
44 100 18
63 104 52
46 105 3
93 104 42
92 106 21
62 92 36
24 50 28
66 67 24
91 106 37
18 62 42
72 108 13
42 94 49
4 24 20
48 86 56
52 80 5
62 104 52
71 73 57
90 103 15
35 59 32
12 48 11
6 68 57
5 101 57
49 72 60
61 76 29
13 77 9
88 89 52
56 65 38
94 94 53
27 69 6
64 84 46
32 82 3
2 28 2
36 86 58
99 108 11
36 98 31
75 101 43
44 66 40
95 103 20
32 61 14
46 75 57
45 105 2
20 69 52
7 51 54
15 46 58
76 92 15
10 39 35
37 105 25
6 20 48
4 69 8
97 105 47
90 90 29
16 83 53
73 83 56
106 106 39
66 90 39
72 87 12
43 109 10
62 91 5
32 42 12
5 36 3
88 103 0
5 56 18
18 102 54
55 91 38
86 91 49
15 92 48
76 105 38
45 59 38
71 76 47
97 108 55
19 66 36
3 52 45
28 49 25
44 47 15
3 11 20
4 109 33
16 78 17
80 82 37
85 96 20
87 109 58
33 69 26
12 84 11
6 107 18
35 86 15
100 104 41
26 43 58
7 67 1
49 78 10
16 77 53
14 52 39
2 10 40
35 107 20
77 105 55
43 54 51
13 40 19
8 63 29
28 94 19
56 94 50
80 88 26
35 49 40
79 79 50
84 102 38
98 107 16
5 21 13
79 93 58
0 90 26
39 65 35
62 63 55
54 61 39
19 101 22
22 87 31
10 88 51
13 39 18
75 94 2
77 108 23
65 80 7
11 37 6
53 86 19
57 90 58
53 90 54
59 98 11
92 100 31
10 69 24
33 98 33
107 109 39
79 107 55
71 96 39
85 104 21
71 103 0
30 65 6
15 106 26
90 96 45
63 77 33
38 68 52
49 106 37
53 71 53
37 40 10
27 47 22
94 96 1
60 108 46
19 89 26
11 43 29
45 96 27
20 42 4
31 48 54
91 101 49
56 62 4
84 104 54
45 70 52
34 90 14
36 93 52
86 86 9
56 92 33
37 37 59
40 47 42
58 88 7
10 94 10
39 46 53
104 105 18
67 107 16
85 88 59
22 28 8
34 108 33
34 101 17
75 79 51
77 84 39
74 93 37
39 79 31
95 108 57
68 81 42
17 34 46
26 103 24
29 83 28
48 70 25
66 72 7
78 95 19
65 105 50
98 109 47
38 49 43
21 25 53
78 102 29
74 106 17
97 99 36
14 71 59
92 102 33
77 87 16
20 84 17
91 102 5
70 108 53
21 81 51
57 109 30
69 92 39
57 72 59
13 101 18
4 49 8
43 93 26
18 71 21
2 94 38
55 69 48
63 106 6
3 23 27
78 91 39
94 109 56
34 72 46
43 107 49
90 97 8
95 102 36
36 79 30
92 97 41
80 81 46
74 84 38
84 105 25
57 95 37
25 78 35
35 76 22
64 93 59
39 49 7
71 108 37
12 103 15
101 101 7
2 63 8
1 18 11
74 91 29
52 66 7
47 59 36
21 24 34
0 15 9
79 108 5
45 107 41
33 36 18
49 85 8
8 29 40
52 101 60
66 107 17
54 72 50
35 102 11
22 86 21
61 99 3
19 38 54
36 51 10
3 60 44
105 107 12
101 107 2
64 65 13
75 97 5
74 102 37
21 47 40
16 35 48
35 68 16
50 104 33
49 96 34
60 109 37
64 92 16
2 107 29
74 85 36
2 93 28
73 106 35
61 71 4
9 95 36
87 106 42
94 108 2
14 38 51
30 35 46
59 96 29
9 39 55
2 108 30
77 91 41
76 98 18
86 93 40
87 93 44
48 98 17
41 102 29
21 78 7
42 54 58
47 108 41
9 9 18
38 74 37
25 83 1
17 45 14
55 100 43
80 100 48
59 105 29
4 90 59
33 62 7
42 86 53
9 92 22
52 84 40
8 50 54
93 97 11
44 79 52
19 70 6
65 76 58
17 84 26
101 109 45
78 107 24
34 42 6
14 42 53
36 59 40
15 62 16
30 58 45
42 68 14
27 78 56
72 102 19
49 55 43
43 65 49
76 94 2
25 85 46
2 88 19
2 77 44
64 106 32
66 82 11
21 43 48
13 64 14
72 88 26
55 71 2
45 62 20
71 101 16
51 70 29
54 81 21
61 79 19
8 16 44
6 30 23
28 105 22
75 85 56
3 29 29
37 91 8
4 92 17
29 59 51
54 90 55
39 88 37
26 44 59
21 64 35
93 100 33
47 67 56
8 71 51
18 95 54
73 102 56
21 67 9
95 99 33
63 80 20
8 79 20
34 60 4
82 94 7
78 97 33
55 90 14
33 59 44
1 19 50
60 90 19
35 85 47
94 101 25
24 76 39
45 85 5
36 43 12
17 77 4
91 96 15
6 22 23
23 27 12
6 108 49
84 107 17
68 99 32
3 98 28
30 84 16
40 94 41
3 109 50
61 108 40
36 96 49
29 49 10
76 103 55
20 104 8
89 93 41
12 51 33
77 103 11
13 80 43
83 95 22
43 101 4
10 52 58
20 21 5
65 70 45
100 109 21
19 71 17
0 91 47
74 109 25
36 42 4
82 97 45
78 86 7
5 29 16
18 99 2
35 61 48
34 91 24
31 53 21
20 73 41
60 101 53
58 100 55
21 27 7
57 87 7
27 62 45
43 106 15
44 89 53
80 84 23
48 62 43
23 98 51
37 100 8
83 105 2
28 63 27
32 63 37
21 53 52
95 109 34
7 98 49
68 96 8
59 92 19
47 57 9
64 89 5
43 87 32
79 82 43
96 105 36
48 54 44
93 96 59
54 103 21
32 57 52
103 106 8
36 73 20
1 84 53
67 73 0
16 48 8
33 35 26
16 28 45
62 98 28
61 106 16
14 98 47
27 80 30
61 72 55
37 97 36
16 107 37
33 44 60
71 109 24
36 80 10
15 81 44
34 98 8
65 95 39
47 83 43
33 40 17
50 70 52
37 39 0
88 108 35
59 70 12
6 27 9
39 55 53
54 55 36
21 51 24
26 42 17
18 45 45
44 73 49
38 58 25
68 72 58
61 70 48
59 61 52
26 97 55
23 24 24
36 48 31
84 88 22
33 96 19
11 59 52
19 53 20
72 92 38
50 76 19
9 33 30
2 98 52
43 46 14
19 95 46
60 99 40
46 108 41
56 96 58
30 53 26
16 52 16
87 91 25
74 76 1
88 93 59
13 49 50
0 21 56
22 30 31
49 88 55
40 60 19
2 52 2
30 61 5
58 63 37
13 98 16
102 105 0
12 89 29
18 23 19
46 59 0
25 38 12
17 89 11
63 91 8
67 103 13
56 63 26
47 109 5
13 99 60
98 101 56
17 74 27
73 75 38
63 86 49
18 91 22
83 90 59
7 26 56
81 89 40
18 29 13
19 87 23
36 109 7
3 105 18
60 95 6
11 79 35
66 88 33
67 80 19
85 91 0
40 88 53
3 42 7
24 27 41
59 99 37
47 75 28
89 108 14
51 109 24
93 105 6
24 58 32
35 101 39
53 93 55
23 106 2
5 55 41
10 11 18
13 96 12
31 67 39
37 101 41
2 86 18
66 101 15
23 39 11
14 68 1
91 109 23
14 28 1
11 49 49
82 108 37
80 83 4
57 75 56
41 91 20
23 38 47
3 49 42
27 107 14
41 105 36
26 72 37
4 96 24
10 78 60
39 87 26
28 61 18
68 70 34
90 94 8
71 78 6
9 18 13
66 83 12
24 44 5
91 103 45
36 94 43
46 56 31
26 56 4
99 106 2
23 75 5
26 91 21
10 66 8
13 92 1
42 55 54
21 34 27
97 106 14
6 64 46
49 57 45
45 75 7
23 95 44
6 88 24
10 92 58
104 104 12
29 91 45
20 71 57
56 61 41
83 97 24
8 11 34
1 24 4
34 96 11
77 80 44
73 99 33
51 92 43
22 94 43
12 57 9
51 100 3
7 40 42
67 72 41
22 107 7
71 106 21
67 88 1
23 89 43
68 78 0
89 107 14
61 64 55
37 59 51
31 89 37
36 87 38
88 104 2
37 102 53
7 81 18
75 84 59
77 99 32
9 93 59
93 106 14
49 53 30
51 74 26
99 100 7
0 62 38
43 43 16
32 37 14
84 96 35
50 63 33
1 103 38
101 108 41
102 108 11
95 105 35
19 40 54
52 68 8
38 85 9
30 52 33
62 75 55
33 45 16
3 46 3
65 96 14
91 91 6
49 93 55
70 93 25
94 98 57
5 99 16
73 73 50
51 55 42
28 73 52
30 76 34
0 49 23
10 71 56
38 73 10
25 27 27
5 80 26
50 56 36
70 91 32
32 86 11
96 98 38
16 95 45
26 86 49
12 106 33
78 100 46
21 40 30
5 48 41
64 105 11
72 96 6
28 41 43
88 109 36
69 100 29
1 25 14
64 64 11
50 60 40
50 65 8
37 72 15
60 80 30
50 100 33
19 60 10
56 87 55
75 102 32
70 80 29
41 82 41
83 106 43
72 104 58
15 96 48
22 51 53
7 92 44
80 107 58
96 101 54
70 73 46
54 101 27
33 93 14
19 90 3
12 94 4
58 87 44
32 64 34
39 56 15
8 84 13
9 54 33
87 89 37
44 51 0
31 47 1
27 65 19
62 65 37
90 99 53
48 96 42
3 45 2
58 107 26
24 53 27
24 63 52
96 97 31
35 103 11
54 76 34
14 18 56
80 108 23
2 11 45
34 54 25
69 107 55
11 104 56
97 104 21
32 34 39
48 58 55
82 96 44
37 103 1
48 100 10
51 86 10
38 41 19
102 103 35
20 27 9
95 97 18
69 90 44
88 106 60
38 94 26
44 109 19
73 95 45
27 61 33
6 51 5
80 103 5
62 90 8
36 57 38
16 63 55
16 45 47
47 92 0
7 23 48
77 102 9
21 94 35
54 58 6
77 86 49
63 99 2
6 40 59
54 79 15
73 89 31
58 93 49
33 76 2
16 16 38
46 54 14
48 50 19
40 52 49
38 43 5
14 94 18
46 109 16
6 65 47
19 36 27
30 45 60
16 90 32
20 95 4
32 85 35
34 70 21
28 42 18
12 24 47
70 74 47
5 33 58
35 81 2
27 89 1
30 98 42
45 102 60
90 98 28
23 74 45
60 60 51
14 14 38
62 88 46
56 78 59
37 38 1
50 69 58
25 95 45
9 23 55
69 76 28
13 27 3
21 45 33
5 37 54
52 104 18
71 81 40
68 93 41
75 103 12
41 44 21
46 87 50
1 78 42
102 102 50
67 68 5
55 59 35
50 75 52
22 53 42
93 95 47
81 109 22
48 93 30
10 15 50
45 88 20
32 84 53
72 97 8
75 105 45
63 68 23
41 49 17
8 38 40
96 103 17
42 69 55
45 99 16
59 77 48
2 96 21
73 100 31
47 55 6
78 84 53
21 31 42
37 60 27
72 80 36
77 79 26
2 8 14
55 84 33
44 86 12
65 67 43
73 77 10
22 39 54
13 47 6
11 18 57
19 96 33
94 97 60
12 39 47
11 73 60
36 92 7
74 94 57
3 39 51
66 94 15
33 99 52
23 58 52
42 42 29
5 88 46
68 77 32
58 92 33
75 90 11
20 52 16
73 96 4
85 109 1
104 107 21
70 96 35
41 90 54
38 42 34
75 82 59
97 100 15
46 92 1
80 91 52
34 68 7
90 91 10
91 99 11
74 104 18
12 49 35
57 83 45
71 75 13
27 103 49
39 85 40
53 53 31
64 95 2
46 85 6
78 104 24
55 94 4
77 107 1
60 74 43
43 44 37
58 102 37
23 56 30
8 49 10
23 68 49
22 68 6
13 63 57
67 106 53
38 89 16
87 107 29
27 106 10
68 98 59
61 93 52
19 80 34
97 103 35
64 109 15
16 70 9
25 25 52
65 103 24
15 78 18
49 91 0
57 67 46
74 96 3
49 66 15
81 106 9
31 57 39
34 81 42
53 85 41
38 40 55
34 47 23
5 45 6
89 104 33
56 102 26
83 84 11
82 93 54
72 89 6
16 64 59
55 81 6
36 36 32
52 62 58
13 105 20
12 98 22
2 99 37
31 49 51
19 82 53
35 89 46
12 41 35
17 95 24
76 106 41
3 66 0
62 78 22
56 105 50
14 87 49
85 100 40
40 54 56
39 84 16
18 94 1
4 9 29
7 43 57
33 83 46
66 86 16
39 62 55
9 13 45
46 77 42
7 35 47
11 106 42
97 97 35
85 90 60
80 89 29
66 80 33
31 76 40
67 76 6
15 49 22
28 80 34
59 91 43
70 95 3
6 90 51
63 84 53
84 100 46
44 88 28
85 98 21
60 69 17
36 41 60
61 97 30
52 106 6
56 76 39
65 71 48
81 86 31
18 22 42
43 70 56
55 87 22
24 84 7
3 15 33
83 101 2
24 91 33
44 46 17
86 96 56
26 60 46
34 85 25
78 109 0
16 71 43
67 84 36
26 32 20
100 108 30
79 91 16
30 51 17
79 80 48
67 71 4
4 73 16
27 49 38
4 56 38
45 91 42
95 96 31
52 105 31
3 80 5
54 60 29
70 102 39
18 55 11
42 49 33
26 90 9
90 92 7
53 96 56
53 97 1
3 54 35
61 102 29
30 43 19
23 69 20
11 55 6
61 109 12
85 87 19
11 36 35
7 100 42
57 80 39
2 37 17
40 53 17
93 103 35
25 99 1
41 53 46
28 98 21
10 108 51
63 69 60
13 86 6
8 67 42
4 16 45
43 82 1
74 88 37
11 92 32
42 58 17
11 56 32
20 59 40
12 105 27
21 88 49
91 93 5
76 89 60
7 86 39
28 107 57
17 78 24
68 85 24
16 51 38
25 103 57
50 52 16
9 15 4
9 40 32
34 78 30
25 105 29
58 66 12
98 100 23
20 25 0
47 91 12
44 96 47
33 105 50
66 73 8
62 94 19
6 100 9
11 39 42
45 109 4
95 95 16
78 90 22
4 97 57
62 89 35
11 48 9
20 62 41
22 57 39
49 63 58
34 97 34
17 28 28
21 48 39
46 49 55
85 93 1
49 71 59
51 83 27
38 62 25
63 88 50
84 98 18
62 74 30
83 86 28
82 90 18
32 33 49
11 63 29
69 74 18
40 69 21
26 95 49
48 84 31
26 36 2
50 84 38
57 93 57
13 103 20
80 104 36
7 105 3
48 106 49
50 105 16
105 108 45
30 105 22
54 84 48
16 23 42
99 107 40
36 47 51
23 51 37
32 58 16
35 52 9
64 66 33
82 87 58
15 83 10
38 63 39
9 26 29
61 75 27
24 75 38
41 65 6
1 51 52
47 103 18
50 92 40
57 88 29
85 99 46
1 66 3
53 104 14
6 52 45
27 74 30
39 77 25
9 58 21
35 55 41
14 34 22
65 89 20
2 69 19
55 93 5
14 84 6
38 103 14
68 104 8
37 67 43
35 77 32
13 89 48
75 75 50
35 47 13
8 98 20
48 95 29
3 12 49
74 90 21
65 94 57
86 109 38
38 109 40
34 76 16
40 84 30
38 55 24
32 89 11
53 82 55
7 65 17
37 68 2
41 48 0
67 81 21
0 10 4
71 72 14
15 64 48
22 75 5
95 104 10
43 83 41
34 50 37
30 49 20
9 85 19
90 105 0
36 38 3
32 75 17
3 85 2
60 81 11
28 83 31
0 52 39
34 59 6
24 61 34
70 85 58
90 101 46
65 75 26
45 80 35
94 99 46
18 57 56
76 107 43
90 106 22
51 65 51
88 94 18
35 35 52
14 17 52
22 96 25
31 98 52
25 48 13
6 49 4
27 60 46
13 78 24
65 78 56
77 92 41
1 47 8
60 70 35
21 23 7
3 73 59
66 75 57
18 88 57
12 60 19
4 88 30
81 94 12
79 81 27
12 55 47
44 102 49
51 97 6
30 107 25
10 22 45
19 103 44
94 100 56
43 89 50
57 86 20
26 74 34
26 35 10
28 91 9
42 87 33
18 39 5
17 94 51
18 79 18
45 97 7
83 98 42
47 107 60
0 87 6
54 97 48
36 56 30
74 97 53
66 74 9
67 77 56
61 61 5
18 60 2
81 82 5
64 91 46
48 108 14
40 66 4
63 79 35
11 84 51
36 90 26
33 80 2
50 55 60
54 85 30
36 81 38
1 42 38
26 87 24
40 43 16
49 108 5
76 76 58
48 53 47
40 81 60
81 90 0
14 22 21
42 79 47
8 93 44
96 108 9
46 65 54
48 60 41
23 46 55
74 86 10
31 88 41
32 98 40
13 17 31
71 84 9
4 76 2
58 89 40
3 94 45
75 89 56
75 109 31
72 73 0
23 93 49
85 89 8
78 92 10
0 14 32
48 87 15
16 105 17
48 51 46
28 100 51
55 89 12
75 91 17
13 14 15
14 43 26
17 48 46
25 54 10
52 58 38
43 90 7
69 82 5
47 81 14
60 107 7
44 60 1
88 91 58
35 106 19
56 108 55
44 72 56
25 82 36
51 90 38
89 90 58
61 80 33
9 70 5
67 93 8
88 95 29
59 75 12
65 82 22
15 108 22
24 52 9
52 107 47
30 85 23
24 92 21
23 47 59
58 58 2
43 61 39
58 101 17
2 43 31
40 82 7
69 87 12
42 92 48
1 64 57
52 89 25
86 98 27
39 40 7
60 73 13
54 94 17
33 38 24
25 36 49
5 67 30
81 87 28
4 52 37
22 47 55
94 95 22
80 96 49
4 68 7
52 99 10
8 31 56
23 101 24
16 67 58
10 31 60
8 74 58
60 97 49
39 69 20
30 71 11
53 59 60
10 43 54
60 72 36
11 30 19
19 25 19
2 51 46
71 100 23
39 71 39
0 84 14
63 93 22
67 95 12
40 104 51
16 60 24
30 64 32
44 63 34
85 97 60
53 72 5
76 82 1
36 88 37
63 75 0
5 14 34
89 98 32
39 107 11
23 66 59
72 78 37
34 88 18
36 78 28
43 50 32
72 106 12
68 94 56
58 59 35
89 96 7
35 53 14
36 74 59
43 58 22
3 103 43
74 75 19
33 95 21
50 108 37
98 99 58
72 109 9
72 86 25
70 92 15
59 103 52
29 107 2
4 87 39
59 108 0
14 88 22
25 29 14
10 26 45
31 90 1
32 55 1
45 83 15
41 55 16
25 39 11
39 51 28
65 106 8
16 54 45
21 50 17
3 4 33
6 105 27
27 99 59
50 94 17
63 87 53
29 80 51
9 45 40
70 78 49
17 107 17
13 38 25
0 20 25
46 73 60
25 41 39
81 98 7
47 76 54
7 19 11
57 70 39
23 57 53
77 106 6
95 106 4
40 41 3
36 39 1
34 40 13
87 92 8
12 12 12
37 78 21
49 107 16
73 87 18
62 82 38
54 68 8
38 106 4
23 28 57
52 108 42
79 103 42
83 92 4
64 97 39
22 98 35
87 101 60
66 66 58
43 108 44
28 46 46
94 103 7
9 88 26
64 76 44
53 94 37
52 82 6
70 81 45
1 74 27
8 78 18
29 53 11
37 74 35
24 88 31
100 106 29
63 102 1
52 61 58
41 74 19
57 78 3
45 51 35
61 100 17
38 104 49
1 93 25
2 87 17
32 52 23
82 86 13
22 83 35
76 101 22
10 60 48
37 82 6
76 96 59
58 78 54
59 76 30
17 86 2
18 81 57
6 35 4
70 84 6
32 51 19
48 99 19
79 88 39
53 106 40
49 98 54
82 95 17
54 92 51
76 85 56
57 64 23
18 105 32
58 104 52
42 70 45
31 105 31
56 84 1
67 109 13
35 38 11
92 103 18
76 91 1
43 105 24
32 81 19
11 102 22
6 18 35
16 104 41
25 71 40
37 99 31
3 20 4
15 29 32
55 62 36
12 50 30
81 95 19
37 104 50
10 99 19
17 82 1
71 82 49
10 74 26
25 96 26
62 79 9
23 32 10
59 73 56
7 90 39
41 71 1
4 10 54
67 82 42
49 79 29
70 106 36
2 95 17
9 68 18
21 103 58
70 71 48
39 91 27
21 30 4
41 46 30
20 100 23
70 103 34
62 85 6
4 81 42
21 28 1
81 81 20
80 87 45
9 109 49
61 84 54
67 87 11
15 52 40
94 104 44
12 40 56
48 75 8
60 102 31
85 107 59
59 97 58
36 58 4
66 85 34
61 86 37
22 44 32
48 105 42
0 42 22
10 83 38
10 44 55
14 45 21
21 38 7
41 94 2
12 107 13
86 95 15
82 101 1
13 58 39
2 38 27
37 58 52
55 68 24
59 90 48
81 96 47
60 78 57
56 77 3
68 80 26
64 82 21
92 109 46
44 52 46
1 26 35
5 47 7
33 100 16
22 33 29
58 84 22
18 32 33
62 64 23
92 99 7
25 89 58
43 71 3
17 23 52
53 60 52
24 85 19
22 59 18
19 99 30
10 109 50
31 69 10
0 82 50
19 100 20
46 74 26
27 95 34
1 72 25
72 105 45
79 99 3
7 27 6
96 107 30
77 94 44
38 93 29
87 105 21
57 65 28
91 95 57
65 68 44
43 100 13
77 95 1
28 58 9
50 89 53
21 109 46
33 77 8
65 66 47
0 0 2
42 103 10
21 102 24
66 89 60
9 96 51
38 54 6
54 107 60
34 43 33
1 22 52
13 97 23
61 89 6
27 38 12
14 39 34
15 97 59
56 109 44
89 106 14
46 61 23
96 102 25
32 80 58
31 104 40
70 94 46
15 104 10
22 63 50
100 101 22
67 75 12
32 71 53
21 57 16
17 76 59
82 88 48
26 84 53
0 83 22
78 99 14
87 108 46
63 72 25
77 98 30
4 101 15
34 94 55
31 96 49
34 75 1
9 77 28
79 87 29
74 98 49
64 74 2
62 101 39
4 44 10
82 102 25
3 50 42
0 29 55
2 109 18
24 80 23
37 43 17
42 97 30
49 58 36
67 78 46
58 79 2
20 98 59
11 25 3
59 93 12
19 106 48
36 37 38
16 19 11
16 87 46
54 86 34
41 45 11
59 66 45
26 52 5
44 64 54
71 91 5
2 21 10
66 70 1
51 59 33
56 85 53
71 87 49
62 77 47
69 73 23
22 91 39
47 101 41
3 65 54
73 80 6
46 48 25
53 79 41
25 45 10
43 68 51
47 63 22
65 69 5
27 35 53
29 106 3
14 69 33
6 59 0
26 68 31
34 57 39
35 69 1
0 33 49
29 63 5
49 64 19
59 100 0
24 79 49
64 71 15
54 69 6
99 105 29
50 99 6
73 84 44
16 26 39
5 8 20
55 56 32
50 85 11
86 104 33
3 78 15
19 92 60
78 78 3
45 101 25
53 66 15
62 108 30
10 28 13
35 108 51
81 83 49
39 42 23
66 102 35
56 93 22
3 14 34
47 89 24
72 79 48
56 72 42
88 99 33
32 74 19
60 83 30
16 109 40
50 72 58
85 101 39
22 93 35
43 79 46
6 14 47
25 69 29
24 81 30
14 31 34
15 53 29
69 89 5
20 23 8
53 81 2
84 90 18
56 98 36
36 60 28
12 101 51
38 60 35
61 101 19
32 92 18
30 56 22
36 104 55
3 83 19
2 5 25
57 73 3
77 77 27
21 54 28
67 83 20
27 109 55
29 73 17
91 92 18
24 106 51
35 65 18
40 78 34
56 82 0
49 86 54
12 37 15
6 38 31
5 74 27
25 31 7
8 97 49
63 109 27
86 100 23
40 106 43
82 91 27
47 52 13
27 91 0
67 108 39
10 104 5
26 94 15
51 56 53
43 91 24
4 21 59
25 86 44
19 43 57
76 87 8
62 76 25
54 56 27
71 97 6
61 96 25
64 67 35
10 90 40
43 62 1
30 109 37
23 79 13
71 71 22
43 45 27
43 49 7
48 104 4
55 83 26
72 83 20
40 89 53
74 78 9
32 105 39
87 94 39
5 87 22
32 96 9
14 50 19
14 36 29
24 39 54
0 24 24
43 97 0
26 79 53
1 11 12
39 66 35
100 105 22
28 79 45
44 74 27
21 73 40
48 107 7
47 82 42
5 30 3
8 76 55
30 75 10
69 85 31
51 82 47
82 100 39
17 53 20
17 56 3
40 98 58
96 109 25
3 24 10
65 73 46
42 98 51
86 102 26
1 107 27
14 82 38
44 78 50
28 29 16
16 27 19
61 94 6
27 105 22
14 24 58
71 93 54
5 42 17
14 32 57
52 79 19
14 77 1
29 104 13
63 105 25
12 73 30
13 72 59
2 49 55
17 51 2
14 76 33
92 104 56
55 74 34
60 103 33
40 83 57
57 84 34
30 81 53
45 48 20
78 81 2
25 107 3
71 102 5
53 68 23
95 100 27
77 90 5
49 67 9
60 68 44
38 70 26
56 86 53
65 99 39
5 106 37
64 101 58
27 32 28
15 63 43
25 42 7
64 108 50
55 64 46
17 18 43
42 107 25
41 67 11
20 64 58
64 96 31
64 77 34
35 62 16
23 78 51
32 93 36
26 73 1
0 54 39
38 51 31
20 57 31
92 105 34
56 68 56
49 65 2
47 90 58
47 50 3
88 105 18
84 103 5
73 78 56
56 60 52
40 68 4
30 74 7
46 107 9
84 84 55
86 88 37
54 71 23
59 78 54
68 100 16
0 67 35
56 95 0
36 97 51
53 56 35
65 90 25
18 69 40
44 80 45
19 62 4
8 47 45
34 44 5
22 22 28
31 101 39
33 97 27
47 79 56
35 51 26
12 46 37
63 82 36
37 45 5
17 96 19
15 47 60
45 56 11
56 97 14
31 63 26
73 90 32
11 62 15
18 109 37
1 106 21
85 103 15
31 73 17
11 68 32
19 37 41
86 99 19
61 107 22
58 90 18
2 68 15
83 109 26
17 58 58
6 33 19
59 84 34
25 81 3
32 65 9
44 75 10
7 107 7
13 28 25
75 104 15
39 64 37
22 67 31
32 77 12
5 43 20
5 96 19
55 72 22
40 48 25
29 68 0
75 93 50
28 75 38
57 59 11
86 92 49
55 103 11
50 95 35
57 89 55
29 30 22
20 93 17
74 100 44
7 42 21
48 66 3
25 108 33
45 71 58
35 82 55
30 38 37
16 36 24
35 74 15
59 101 2
7 20 47
34 66 37
51 98 9
13 22 48
82 92 27
52 77 31
6 42 17
32 53 16
62 72 50
45 50 6
38 99 46
9 99 38
50 51 47
87 99 1
42 73 14
34 77 16
23 87 33
30 80 0
17 47 43
57 104 5
26 89 26
42 52 0
28 96 55
82 107 60
4 55 59
12 68 40
6 37 47
41 92 34
46 67 53
69 93 12
8 51 33
91 105 31
47 106 53
55 107 18
51 66 54
29 50 2
5 105 21
16 62 59
40 50 47
2 100 9
49 52 42
45 89 4
71 98 2
43 99 36
6 26 0
9 66 60
7 38 5
34 82 42
33 82 9
2 46 51
69 80 14
37 75 38
11 65 1
33 73 16
48 56 52
6 41 21
10 105 40
5 98 16
64 73 25
14 23 43
52 97 52
33 42 33
34 80 50
8 20 13
28 37 7
26 81 2
9 103 47
8 27 1
70 86 9
8 83 2
15 68 10
33 49 47
73 103 49
89 109 30
26 76 25
65 72 29
28 76 53
21 83 47
83 89 51
13 37 56
51 94 36
7 78 22
14 25 8
5 77 43
90 109 18
50 62 22
42 51 3
55 61 57
45 81 39
90 93 1
36 44 29
66 103 6
45 79 58
74 89 55
39 100 46
79 102 24
61 105 31
15 37 46
94 106 19
52 88 49
10 38 0
45 78 44
77 96 4
14 104 54
45 98 59
12 108 14
15 31 33
95 107 34
12 14 2
23 71 41
48 97 59
50 107 38
16 32 50
53 75 5
51 71 49
68 105 40
20 107 38
1 65 45
21 69 28
96 104 48
62 67 21
55 79 26
34 84 3
53 103 32
10 10 24
87 103 9
75 98 26
73 86 1
97 109 25
0 31 16
71 88 19
2 66 29
2 84 36
53 99 57
79 101 32
27 98 13
49 62 52
17 79 48
47 60 44
32 79 48
33 104 60
18 27 38
70 98 20
52 102 41
10 29 26
42 91 10
6 10 46
42 67 29
6 8 21
21 68 16
23 103 57
28 51 42
50 106 48
75 78 18
34 38 20
41 106 38
62 99 35
18 19 17
3 88 57
6 7 13
81 100 38
3 10 15
77 100 54
26 82 56
31 79 11
5 104 58
28 30 8
26 54 49
76 84 35
24 109 16
45 54 24
70 109 39
40 44 14
63 64 47
37 41 40
35 78 35
16 97 5
36 46 0
10 58 8
35 90 56
4 18 57
63 70 54
14 72 10
90 108 0
38 46 10
80 98 28
23 105 60
3 17 21
50 87 55
41 98 21
25 35 27
3 27 16
22 58 4
63 73 48
7 61 18
21 74 48
7 13 52
85 105 44
33 109 23
19 30 59
63 81 8
65 81 48
23 104 14
13 94 47
76 90 16
65 101 48
3 48 58
6 96 54
6 23 7
33 41 31
59 85 6
61 104 24
72 72 41
83 102 49
4 32 12
60 71 30
20 58 4
71 80 34
75 96 35
33 58 37
26 38 25
69 86 34
47 95 54
9 102 10
38 76 7
50 83 28
35 87 15
83 91 0
68 106 8
77 78 37
53 54 21
11 107 25
5 38 37
10 40 15
88 101 25
7 104 14
44 106 21
51 99 41
14 74 32
56 88 32
44 58 2
93 99 36
14 58 52
76 78 29
7 85 21
61 85 18
79 104 43
13 76 32
83 93 4
30 102 10
31 92 51
71 79 23
18 42 20
8 72 60
6 106 52
25 84 27
60 87 39
6 99 15
52 55 3
52 73 52
93 101 33
27 87 33
29 40 32
72 82 17
47 61 14
74 77 0
30 72 0
24 68 23
8 105 15
4 23 12
34 55 38
15 79 10
1 82 7
29 46 0
5 19 47
46 57 28
44 54 16
60 104 19
4 43 14
45 92 24
16 55 36
1 57 24
62 106 19
24 67 14
47 58 28
49 51 18
6 32 32
49 97 14
16 72 56
10 53 44
55 55 49
64 94 43
3 86 7
71 89 3
39 102 20
27 85 21
43 76 45
40 107 52
5 89 28
74 82 33
48 69 1
32 102 1
3 67 57
75 99 7
19 24 29
19 65 57
91 98 23
48 59 42
6 70 14
78 85 17
63 96 1
40 70 1
64 107 15
44 90 45
9 38 54
32 47 1
11 97 15
57 62 38
1 23 20
14 62 55
74 83 43
26 106 2
49 109 7
20 88 0
38 107 42
7 47 49
48 85 33
47 69 56
56 59 14
12 28 25
25 51 42
19 76 26
17 80 14
33 52 20
5 92 19
50 109 57
10 89 37
34 109 60
33 65 25
42 78 49
19 34 28
11 47 19
11 75 26
34 53 24
5 35 27
25 28 6
36 101 51
41 72 2
18 65 3
33 50 25
8 90 8
1 95 29
10 48 49
65 65 45
68 84 23
33 48 17
24 71 60
76 81 45
21 84 1
28 32 34
32 46 56
35 39 13
22 27 43
38 50 15
84 94 8
53 107 8
21 91 18
26 65 7
37 80 9
27 93 57
81 85 22
17 73 4
0 6 32
55 60 35
84 97 46
40 40 3
76 100 18
68 88 52
6 76 43
58 75 59
19 22 2
84 92 29
67 102 12
53 89 58
65 87 26
78 94 4
59 106 46
40 102 33
0 7 6
24 49 48
26 92 56
59 86 60
24 60 2
5 50 36
17 88 19
69 91 38
45 82 44
0 23 31
67 104 46
77 93 46
37 93 58
45 67 24
4 59 11
41 68 49
51 60 56
43 60 3
46 63 30
36 72 9
36 66 41
3 107 1
2 44 8
46 72 38
16 91 3
28 53 60
89 91 36
82 99 32
76 80 14
4 106 60
61 95 11
48 74 7
23 72 0
22 85 36
2 20 25
60 65 41
78 88 33
17 50 30
22 56 18
6 83 4
9 27 10
39 78 59
26 28 44
44 105 0
51 75 17
30 50 57
89 89 42
25 32 12
55 102 0
0 93 25
46 93 26
54 77 45
68 69 55
37 47 0
7 32 33
54 100 4
19 108 17
51 78 33
61 91 15
0 96 35
72 76 23
81 101 25
16 96 33
85 94 50
6 72 22
0 37 11
42 99 32
36 102 36
40 96 10
58 97 4
48 78 49
49 82 35
4 82 47
67 98 60
23 37 3
73 108 45
28 78 59
52 91 37
29 39 36
11 89 54
49 99 1
78 93 52
22 79 8
57 100 33
35 95 36
33 34 25
66 81 52
54 59 57
51 96 16
46 100 21
13 61 19
31 52 40
40 95 27
82 104 30
76 97 13
2 67 27
20 61 8
84 106 32
25 49 57
1 79 27
42 59 56
15 72 40
14 67 19
0 100 42
50 96 30
29 74 58
23 49 30
14 79 34
84 101 4
7 88 30
7 54 38
50 64 48
27 33 44
44 81 38
59 62 25
57 57 32
34 62 4
17 108 8
40 80 39
44 70 53
36 82 54
79 92 38
51 73 21
21 92 8
15 28 59
46 76 54
96 100 13
29 38 57
22 55 31
50 82 36
83 100 10
0 98 42
53 109 8
27 94 0
17 85 57
34 56 3
46 88 9
76 102 52
90 107 59
15 105 12
64 98 55
7 52 34
29 82 18
43 67 20
59 89 44
24 107 7
14 91 57
72 85 41
5 58 12
50 73 42
6 53 49
26 33 48
36 76 12
31 62 12
29 62 16
13 84 43
21 42 6
20 79 25
61 68 57
83 96 4
7 89 25
81 103 42
55 95 21
18 96 59
65 88 32
3 64 29
3 55 47
11 64 4
80 109 9
75 77 49
26 70 47
61 73 16
12 93 40
11 52 28
48 89 20
70 77 3
41 51 32
45 104 55
19 45 29
6 82 33
46 90 37
67 94 34
25 58 59
32 109 41
60 61 42
19 77 1
68 107 56
29 57 42
56 75 36
4 42 56
19 55 53
6 71 32
45 53 26
36 77 42
18 35 49
81 99 21
20 28 24
55 82 56
27 54 29
54 87 7
27 43 15
63 65 60
0 51 60
54 99 40
9 46 38
9 48 41
34 35 18
49 101 35
44 94 37
16 82 36
47 102 42
83 107 26
85 106 19
43 81 58
73 85 55
24 103 39
32 38 4
29 93 25
78 89 20
10 102 7
1 10 50
20 46 18
47 99 32
44 69 58
33 46 10
22 24 8
49 74 23
30 41 37
79 97 49
9 51 49
66 91 24
23 84 39
82 106 48
1 96 10
19 48 25
5 86 22
33 67 51
37 89 40
55 67 25
58 82 57
9 98 55
39 103 15
18 103 13
86 89 53
28 35 22
4 34 44
43 63 21
19 93 14
60 96 4
32 95 27
55 96 30
92 93 21
31 41 49
10 64 41
20 40 30
56 91 37
41 59 5
81 105 44
82 84 28
12 45 50
1 1 45
24 57 52
68 73 58
58 106 1
34 65 30
2 17 55
40 45 26
22 109 16
7 44 29
34 51 43
1 33 13
48 82 37
32 97 1
57 68 21
40 49 3
11 70 29
2 29 27
63 89 2
34 39 1
24 48 59
45 55 20
5 7 19
17 103 34
52 98 38
22 66 53
27 48 22
27 50 51
37 69 35
78 83 24
3 7 60
39 41 2
35 104 23
7 37 53
3 63 32
49 77 27
20 96 57
59 74 59
24 34 16
73 92 25
30 99 34
50 67 45
60 79 17
69 106 23
22 29 56
16 102 16
8 33 40
82 82 11
50 101 54
3 5 56
68 68 47
43 98 34
40 59 21
23 25 1
57 108 6
6 73 38
7 102 5
56 66 27
44 83 12
11 24 19
64 104 19
1 12 59
2 26 1
36 40 60
66 71 27
46 52 12
52 78 46
50 97 39
37 106 35
7 62 43
1 85 4
19 28 27
15 57 0
34 52 17
44 62 43
7 84 45
26 50 29
75 86 56
28 36 60
53 80 46
38 101 9
69 75 52
2 82 48
42 104 23
64 79 14
81 104 18
4 20 55
46 97 21
27 72 8
71 99 34
17 36 56
81 102 36
5 53 57
51 67 37
10 95 40
12 100 60
3 96 3
26 26 55
2 40 7
63 63 58
48 71 6
2 53 19
27 66 14
17 93 31
53 88 21
12 99 56
62 107 18
61 92 32
22 84 7
6 57 54
28 39 22
55 88 8
13 73 13
6 101 10
66 99 40
1 38 5
80 97 58
21 98 60
47 86 51
25 34 42
47 72 33
0 85 30
9 41 42
41 77 60
70 88 36
32 107 19
35 67 52
8 36 34
68 79 19
76 93 4
3 19 31
20 38 23
36 106 55
34 37 60
20 41 9
41 86 35
54 62 47
57 74 48
8 30 7
29 44 12
41 99 30
8 23 7
1 30 45
6 16 41
39 98 36
50 71 34
61 63 0
7 83 11
43 94 59
87 104 18
13 26 46
2 92 14
23 86 41
30 92 18
10 98 9
38 53 37
31 60 21
24 83 10
24 82 28
28 70 11
25 50 11
39 60 13
29 31 10
24 37 9
39 94 5
14 54 33
63 98 3
14 103 32
0 97 36
10 21 31
0 19 60
47 65 53
5 28 42
54 54 7
11 82 44
20 33 38
2 15 10
46 58 21
17 69 47
64 99 38
63 66 46
10 12 52
65 98 35
0 40 42
20 75 56
1 102 26
63 67 35
57 101 57
28 52 21
33 61 19
10 68 21
39 39 29
14 96 47
13 35 42
32 78 44
45 73 27
76 88 55
30 36 30
67 67 32
29 88 16
45 90 41
47 73 9
8 12 34
69 102 7
50 50 16
39 76 48
0 77 46
75 83 16
25 55 20
47 56 6
72 95 40
12 86 7
55 104 31
10 96 21
9 78 18
20 74 24
10 85 38
14 57 29
13 87 25
56 71 60
15 21 29
35 56 29
38 95 33
24 26 32
24 40 37
5 41 7
2 91 53
22 64 44
26 41 25
10 106 6
58 108 51
53 55 50
9 50 7
33 54 17
23 33 41
18 68 27
40 56 5
39 96 29
24 100 35
4 39 46
33 57 33
69 70 34
77 83 33
52 93 33
35 80 9
52 74 34
66 97 34
49 68 1
56 69 59
2 34 13
52 100 29
10 107 33
63 97 19
28 74 27
58 60 59
60 62 23
11 34 10
27 102 10
58 80 54
14 55 30
28 57 57
41 43 9
35 73 36
54 104 20
42 88 46
51 81 60
72 90 41
87 102 24
40 75 55
20 45 60
65 83 48
6 58 44
17 20 3
40 90 40
18 98 12
46 70 20
32 101 51
13 83 52
75 88 48
11 109 40
29 76 18
54 82 16
17 59 44
53 69 1
61 82 23
23 61 19
83 94 39
19 31 60
11 71 10
66 109 52
30 62 23
17 102 52
8 28 9
72 99 20
27 44 17
35 48 54
21 35 56
45 69 4
22 89 17
7 71 0
74 74 50
35 36 3
84 93 22
32 45 28
2 76 19
1 76 32
33 75 28
37 84 15
1 77 19
94 102 56
52 56 46
54 93 24
77 97 22
43 78 3
8 22 59
10 17 14
13 19 46
26 51 32
32 72 2
7 12 20
53 70 19
46 86 3
37 48 43
40 97 60
59 60 56
62 109 47
27 82 3
36 67 59
9 21 3
41 104 40
51 69 45
58 62 38
16 98 8
16 58 57
3 37 18
15 61 11
42 84 49
4 40 37
13 45 33
29 85 58
29 102 25
79 89 7
24 74 53
12 59 21
19 42 27
32 41 48
16 37 4
3 95 39
45 86 42
79 106 38
44 84 42
57 76 44
62 66 2
16 38 12
46 106 10
68 71 36
9 57 57
65 107 23
4 47 0
57 107 17
28 33 5
49 56 48
31 54 49
51 53 28
27 104 9
7 7 50
62 71 52
43 66 2
13 104 25
32 32 48
25 106 20
75 106 22
23 102 50
5 62 41
34 63 40
8 48 10
89 103 51
15 26 51
15 16 47
11 87 33
16 73 39
11 57 40
25 67 52
37 42 17
72 93 42
8 24 58
31 42 10
16 74 46
29 36 6
18 107 58
1 108 27
45 63 54
71 74 2
10 65 60
22 69 55
53 77 10
66 84 11
17 75 28
71 104 32
5 93 17
10 50 35
32 54 17
2 9 47
79 85 26
16 61 30
20 31 5
49 73 54
23 63 21
66 98 23
12 38 54
1 17 5
33 53 28
18 73 36
60 93 12
68 101 29
7 56 6
61 98 27
20 105 17
39 82 12
10 61 8
33 107 48
6 55 21
44 49 9
9 28 38
65 84 21
59 104 36
11 51 55
10 81 19
21 41 34
21 55 24
31 61 28
13 88 52
4 13 24
59 64 29
61 77 10
16 65 38
73 81 43
6 39 50
38 64 7
80 99 18
67 69 38
62 100 10
5 13 40
1 101 34
3 100 59
23 29 14
28 34 21
28 71 22
61 78 3
47 84 54
7 72 43
21 21 52
23 91 5
31 77 26
59 68 59
78 98 50
38 45 22
58 74 19
6 19 1
58 70 17
46 98 12
48 57 18
46 71 31
75 95 57
27 30 13
13 69 59
17 105 28
9 19 46
51 72 16
24 90 45
72 75 36
19 19 39
9 31 24
12 61 32
1 61 14
17 64 22
79 90 4
69 96 4
56 58 1
20 55 2
21 22 29
13 20 48
38 87 56
4 30 14
4 38 60
15 58 52
54 98 21
25 46 60
40 86 21
48 72 21
40 76 17
40 67 39
19 64 35
24 96 3
41 84 26
34 106 21
20 22 24
2 64 53
9 107 40
39 104 25
9 29 29
1 105 3
52 63 25
27 71 10
10 86 39
18 46 23
25 75 24
59 102 37
4 86 44
36 85 53
47 78 57
12 30 38
73 82 26
22 52 44
35 96 6
28 97 60
44 101 46
19 27 7
38 97 21
36 75 7
40 74 46
15 19 45
5 79 7
24 47 27
14 86 47
76 99 56
13 29 26
6 24 21
38 86 10
82 85 56
4 11 49
54 75 47
69 108 6
20 32 11
14 16 22
73 79 43
42 89 22
13 31 3
27 37 29
17 57 11
67 74 59
9 16 21
73 76 59
2 24 35
18 92 25
67 90 24
14 48 19
0 80 9
38 66 42
28 89 49
57 66 50
49 49 18
12 78 47
16 21 14
80 106 15
23 59 8
21 101 54
2 27 5
32 68 22
51 57 30
40 79 42
47 93 30
24 42 41
16 56 41
18 93 58
18 89 40
23 42 55
91 107 36
12 90 38
16 75 49
46 99 31
9 62 32
75 80 35
0 74 38
40 91 42
2 79 55
66 77 38
63 71 33
51 107 48
0 105 7
5 64 11
40 103 52
73 97 28
44 55 17
34 73 1
4 89 1
8 59 1
25 74 6
38 48 21
5 52 56
56 79 41
4 4 50
0 103 52
14 102 33
56 100 46
34 58 14
59 65 3
21 104 54
6 77 50
59 88 46
34 89 41
36 55 33
12 15 28
75 92 11
26 47 44
17 72 56
31 72 0
6 94 31
20 78 48
39 95 46
39 58 32
69 77 54
26 88 22
25 100 12
13 74 42
60 75 7
21 75 45
1 28 1
19 56 56
34 100 27
37 79 1
22 34 36
59 72 6
26 78 27
30 101 44
63 101 5
21 56 41
39 73 33
38 88 18
35 79 36
11 35 0
61 88 29
48 61 28
53 84 18
1 99 20
45 76 59
61 69 25
2 47 31
17 40 9
44 65 12
39 90 0
53 87 48
79 83 60
68 87 49
31 93 56
73 98 35
4 85 13
42 85 35
13 106 40
19 98 16
6 50 46
40 58 57
3 101 7
29 99 26
41 63 5
5 18 13
7 48 20
70 89 58
49 61 27
8 21 30
18 104 42
6 44 40
4 66 1
15 93 37
24 78 49
49 60 8
64 80 13
14 106 17
7 15 12
21 62 57
43 59 14
72 98 9
73 105 31
0 104 0
66 106 50
21 108 0
29 51 46
80 101 5
24 30 54
14 63 28
37 73 51
38 102 49
42 90 45
40 87 51
20 63 58
55 80 18
1 32 20
75 76 25
28 101 14
46 96 4
4 48 16
46 53 17
19 102 41
50 90 18
8 44 16
41 41 17
19 20 20
68 95 29
69 94 2
6 11 44
8 81 40
1 8 26
10 87 11
65 109 12
25 93 54
67 70 22
54 57 13
60 84 6
5 40 44
41 96 33
53 92 32
58 105 20
16 68 6
78 103 20
30 97 32
45 52 10
61 87 54
4 107 30
60 94 21
15 30 57
15 36 40
74 107 60
11 27 8
21 49 27
33 92 7
8 85 46
16 94 3
10 32 29
25 70 28
77 85 2
54 96 24
46 68 45
32 50 14
29 34 34
22 62 7
23 44 17
15 35 14
13 85 25
77 101 58
86 103 60
4 8 60
49 95 22
2 65 59
1 94 15
12 32 47
40 71 19
41 66 59
42 62 6
44 45 23
63 94 38
12 85 43
9 104 43
3 8 51
5 71 43
32 103 9
27 55 42
36 52 18
46 82 45
74 103 14
30 40 58
8 55 45
29 105 46
54 91 31
25 47 29
52 94 48
40 92 39
6 79 39
7 39 25
49 84 44
53 91 1
7 99 0
41 60 4
78 80 11
37 107 3
48 64 43
18 64 7
47 62 7
52 71 43
81 84 49
61 65 46
9 37 12
69 95 8
50 98 57
6 34 38
3 40 8
22 104 27
16 41 8
2 103 32
11 13 15
64 69 22
48 49 22
20 53 28
41 47 49
26 49 51
68 102 44
85 92 4
10 13 43
9 97 37
41 73 42
81 88 49
10 79 38
62 70 30
37 87 57
9 106 19
15 73 7
55 66 52
28 84 30
21 65 17
36 50 21
37 62 48
4 5 25
6 103 9
40 100 35
81 92 15
45 72 57
5 83 44
36 70 59
28 47 15
70 82 53
79 94 56
23 82 5
33 66 3
2 58 57
50 77 53
46 66 3
10 59 1
9 74 46
59 109 49
49 70 5
49 89 48
24 54 44
40 51 31
68 89 22
15 25 19
30 83 39
29 86 24
30 82 4
15 33 14
21 87 54
50 81 49
28 31 8
55 73 22
0 102 40
46 51 37
1 37 10
63 100 45
92 96 6
48 67 58
63 107 39
0 58 42
1 39 6
4 79 49
57 58 21
7 106 31
11 74 53
62 83 1
37 94 17
58 68 53
4 91 23
7 76 37
20 103 2
55 106 12
20 89 46
36 95 13
85 95 6
55 109 60
1 87 5
21 39 40
10 16 3
34 79 15
36 49 60
2 81 55
20 106 39
6 54 32
41 85 1
58 109 28
29 67 5
54 66 27
13 42 32
22 32 49
45 77 53
2 19 10
0 79 5
32 99 22
66 69 1
1 75 45
21 26 59
26 66 30
8 64 6
42 63 51
76 104 8
14 97 22
38 77 33
34 46 14
5 51 25
3 13 10
46 47 5
0 28 23
14 60 60
6 15 55
10 84 30
40 93 25
42 44 43
66 108 25
58 98 33
34 61 14
68 109 15
29 33 53
36 83 35
60 88 6
72 77 37
21 86 53
24 101 19
57 91 52
27 59 50
19 35 15
51 85 1
71 90 14
23 50 56
9 83 35
39 50 6
39 86 17
37 98 35
45 87 26
9 79 11
16 80 11
52 54 30
18 66 9
67 100 28
7 94 28
36 69 26
65 74 11
39 52 38
70 97 21
38 80 46
58 61 0
66 68 12
33 79 36
31 84 18
5 82 9
4 58 31
55 65 55
25 65 21
11 28 40
17 90 51
74 108 32
26 63 48
46 69 33
30 33 43
52 67 24
43 72 39
22 99 20
46 84 44
3 69 34
47 77 59
12 79 15
23 31 14
16 34 16
6 31 29
18 56 33
23 41 42
20 101 30
47 70 34
5 84 36
86 87 14
12 71 41
21 72 11
8 73 7
56 81 30
4 14 1
65 85 57
31 56 54
53 57 25
45 58 33
21 93 0
14 59 13
51 51 9
18 40 55
16 24 43
81 97 10
90 102 27
31 91 42
20 26 41
30 48 31
57 103 53
56 56 40
13 13 18
67 85 23
7 18 42
4 62 45
0 56 52
22 97 0
10 30 58
7 34 10
61 83 12
18 106 48
12 53 24
53 100 56
22 72 33
93 93 18
51 91 37
63 95 6
66 87 28
37 95 0
47 94 26
48 63 47
16 76 53
53 73 54
26 29 47
1 27 26
11 58 36
64 83 60
1 104 45
17 30 38
59 81 41
29 32 59
17 66 16
6 87 20
31 50 0
8 106 20
69 81 30
33 91 29
17 60 26
5 39 20
38 98 34
74 92 57
12 36 27
42 83 7
58 77 26
24 24 18
64 78 25
60 76 9
11 42 50
4 25 42
19 52 6
27 77 19
27 79 53
12 18 22
31 85 7
25 88 32
42 108 7
57 92 50
46 81 45
92 92 3
15 66 57
1 15 18
41 97 31
46 79 41
78 82 33
60 105 8
23 65 20
59 71 39
54 80 6
19 33 46
44 85 16
29 100 50
32 67 35
21 70 28
19 107 36
1 71 4
68 76 19
44 104 7
67 86 13
35 94 39
65 79 41
2 14 23
48 76 54
10 91 47
79 109 17
23 76 20
0 107 54
7 79 56
7 96 7
7 25 57
38 91 49
25 57 1
4 102 18
33 88 10
24 45 18
34 41 28
13 25 51
60 89 18
12 35 11
70 83 42
42 57 57
62 93 36
38 38 12
16 103 7
8 99 20
47 85 32
5 75 59
9 30 50
49 102 21
11 101 10
10 55 56
25 76 60
9 52 3
8 101 12
18 53 40
17 46 33
18 90 22
16 100 57
64 72 51
33 89 2
43 75 57
23 92 31
21 76 45
36 103 15
43 47 50
41 93 5
10 62 3
15 22 40
81 107 23
8 46 24
47 98 7
8 80 26
6 78 39
33 68 53
38 96 2
55 108 50
38 100 56
56 64 42
57 105 9
15 74 31
39 108 50
12 66 32
43 103 17
15 80 52
62 105 45
40 109 39
74 80 58
0 30 55
0 63 56
8 8 40
52 70 29
9 34 53
58 81 12
20 54 47
7 17 11
58 91 60
72 103 18
38 69 34
52 92 4
26 98 50
37 51 3
1 13 24
42 95 45
11 66 60
35 45 53
48 55 0
0 66 48
11 14 36
8 104 6
39 101 30
22 70 18
16 44 45
79 84 25
9 24 52
31 65 22
14 64 50
0 43 44
16 53 31
36 53 0
10 75 6
18 75 8
11 33 32
22 80 59
19 59 32
28 108 20
9 76 34
76 77 47
63 74 45
12 58 18
24 93 3
42 53 30
1 98 49
54 73 24
44 76 22
82 109 14
13 41 46
62 96 51
62 97 12
19 51 27
86 108 0
28 92 50
62 102 26
52 69 42
83 99 34
57 94 8
58 83 1
33 90 52
53 76 9
45 64 29
51 108 40
51 80 34
5 24 12
19 32 5
56 73 26
1 29 47
11 17 29
62 87 50
11 32 2
69 72 45
26 55 49
23 54 15
21 100 1
1 55 37
55 57 20
69 105 44
50 91 46
24 46 26
5 102 24
43 57 4
31 102 38
5 57 5
70 105 43
24 73 2
42 96 41
37 61 16
8 95 34
18 51 22
21 33 36
7 50 15
47 53 5
18 84 19
31 43 24
16 92 27
51 87 37
0 61 16
42 56 48
3 92 26
25 101 9
12 42 49
37 76 16
49 100 5
22 61 17
34 92 43
17 49 39
48 73 12
51 64 29
31 71 59
1 60 10
12 33 57
27 67 37
57 63 51
37 88 32
34 83 22
74 101 44
16 106 20
13 21 38
84 108 46
24 108 14
55 85 33
35 70 25
31 78 27
19 78 57
0 53 33
9 81 55
47 100 55
37 56 53
42 100 18
42 101 46
31 97 36
6 66 6
19 50 56
0 81 5
4 37 51
12 19 35
18 30 30
50 102 2
34 64 46
13 91 53
5 69 18
48 80 36
29 78 51
6 67 47
53 108 60
55 98 19
0 70 42
36 91 5
41 52 9
46 94 30
26 75 38
1 46 51
35 71 29
74 99 31
60 66 42
0 78 36
24 35 30
13 62 45
22 82 53
26 107 23
1 44 38
9 82 29
35 40 52
19 79 42
12 109 0
3 9 30
17 43 38
66 76 2
13 44 28
24 29 50
32 43 45
33 101 28
47 54 15
63 85 7
10 97 54
41 42 49
25 109 7
15 99 16
10 37 49
53 105 26
40 57 36
77 88 8
19 61 40
41 83 34
48 94 25
50 66 53
42 105 16
15 94 26
30 32 2
14 105 58
52 90 49
9 36 51
34 93 35
24 89 3
38 44 17
9 86 23
19 63 46
45 106 59
5 27 25
13 107 4
14 33 5
14 27 25
79 86 33
6 86 43
17 62 39
29 96 30
18 58 58
34 49 42
66 105 43
58 76 20
8 77 39
22 45 1
19 86 20
42 77 19
34 74 42
49 69 17
87 97 36
11 45 58
44 53 16
28 56 16
17 104 3
59 107 60
53 102 11
23 45 42
32 48 26
41 100 43
51 54 18
52 64 57
21 95 24
18 83 39
33 33 22
68 108 49
31 86 39
26 100 60
13 43 42
2 80 18
57 82 35
54 78 11
67 92 38
8 62 16
50 58 19
74 95 58
84 86 39
29 90 48
2 4 25
44 93 26
30 100 6
12 34 31
17 24 13
53 78 7
57 99 1
36 63 49
23 109 21
81 91 38
28 54 52
41 50 39
52 52 3
28 60 5
5 94 58
30 88 45
30 68 53
22 102 45
7 95 17
60 86 49
39 92 13
64 100 32
47 97 0
22 90 58
11 31 16
37 57 33
19 72 35
37 55 43
78 87 60
39 80 54
5 46 26
35 54 15
2 106 46
43 96 21
6 45 25
1 92 51
57 81 10
28 88 45
69 97 34
37 63 56
2 90 36
27 58 17
81 93 24
38 82 21
24 98 37
29 109 42
17 21 5
16 43 12
47 48 48
23 34 15
74 87 11
68 91 49
25 97 23
3 43 20
23 88 24
1 86 36
35 42 58
7 53 60
0 48 24
1 34 16
43 95 42
9 63 1
39 47 48
57 61 8
58 73 34
13 93 29
25 33 46
29 89 21
14 47 10
4 94 27
3 81 24
29 71 59
3 44 33
70 72 12
61 66 21
7 68 48
59 87 34
18 77 10
51 93 16
5 90 29
30 37 39
11 105 1
52 60 60
13 15 45
63 83 59
42 81 12
83 85 54
60 85 13
8 88 5
27 41 29
25 52 14
25 80 48
31 107 13
48 83 60
2 101 18
23 60 58
63 76 1
44 95 5
5 11 17
70 104 31
70 100 30
35 92 40
26 77 4
17 26 37
27 100 40
50 59 2
47 71 28
2 105 18
6 56 45
33 56 43
32 62 40
2 25 19
4 27 22
47 80 27
3 84 13
57 102 8
24 99 41
57 69 12
2 83 25
18 78 39
11 80 25
48 88 48
5 76 58
24 32 49
25 90 10
12 54 33
12 43 3
32 106 4
77 89 24
2 54 15
51 84 16
27 92 58
41 57 11
0 75 17
1 59 37
34 71 16
8 91 31
29 61 4
7 55 26
41 54 36
54 108 43
27 70 18
12 26 4
38 79 53
2 55 5
37 85 38
43 69 12
17 41 15
75 107 55
26 104 1
8 52 11
59 82 51
69 69 14
54 65 22
12 102 30
1 68 41
1 56 17
34 86 40
8 65 47
50 57 9
58 103 42
58 67 52
29 98 29
5 17 22
24 72 22
29 42 22
66 100 47
5 61 59
14 66 2
28 65 25
21 44 9
25 59 23
20 47 49
66 92 43
41 95 1
9 108 39
69 84 44
3 26 41
46 89 11
29 72 54
4 28 22
20 65 20
24 102 21
48 92 59
9 20 38
40 63 36
44 97 36
7 103 44
45 49 47
41 109 58
35 63 44
13 52 43
43 104 48
3 76 8
28 93 54
20 36 22
24 69 44
54 89 27
55 99 38
72 107 22
15 87 42
32 44 51
48 109 52
56 107 31
3 47 33
47 51 38
23 94 4
19 73 10
23 35 34
49 90 14
42 109 9
22 77 28
21 36 52
22 54 34
17 81 33
5 63 46
12 47 34
16 59 55
56 106 60
31 81 50
39 99 36
15 100 9
28 66 22
4 64 13
1 63 13
30 79 35
19 85 59
73 91 54
10 54 12
69 109 27
29 56 19
0 69 57
15 40 46
31 106 36
2 42 22
28 64 52
36 62 22
14 107 46
28 85 7
23 70 24
33 39 45
46 103 8
64 86 16
54 83 11
48 81 18
4 22 8
4 29 11
15 54 40
35 93 60
17 109 58
70 107 58
4 100 21
66 95 27
12 25 39
7 22 12
83 88 59
41 62 57
15 85 13
0 60 15
11 26 28
16 86 55
49 76 55
11 20 6
40 99 23
45 103 59
42 65 47
40 72 10
44 48 27
18 74 60
15 55 17
70 75 26
16 17 57
7 69 32
0 50 25
7 59 33
7 75 13
35 41 15
14 78 27
2 13 47
20 43 15
18 38 59
33 63 36
39 44 37
33 70 0
38 65 34
1 58 10
22 103 53
21 77 50
5 85 31
50 61 36
6 92 46
11 76 57
30 31 7
37 71 44
6 46 51
16 69 20
43 80 51
4 65 32
57 60 27
9 44 44
3 51 26
39 68 19
33 43 38
12 88 41
50 80 13
15 107 34
28 82 53
1 2 52
35 57 58
12 16 28
30 60 45
31 103 13
48 52 16
65 92 60
44 92 20
65 97 52
1 14 14
27 51 27
30 59 7
22 38 29
46 91 23
60 77 44
38 61 41
13 51 38
11 86 40
12 97 51
35 91 56
51 89 46
49 92 9
2 71 58
51 52 0
78 106 31
28 45 33
29 48 28
35 97 40
34 36 6
8 14 60
47 87 42
38 47 52
27 88 16
12 64 52
51 105 5
44 68 0
14 40 40
35 44 12
24 64 26
26 39 60
33 103 48
3 38 11
32 83 44
24 95 55
42 61 10
1 6 13
32 60 28
46 55 18
51 61 54
18 63 24
16 25 50
53 98 35
17 37 42
30 67 17
10 73 4
21 60 48
56 101 37
9 53 60
10 20 4
26 31 28
23 55 44
37 49 57
14 29 26
19 105 8
3 18 27
40 61 58
37 54 5
24 51 38
18 101 56
15 109 33
53 101 35
3 21 56
10 46 36
20 67 40
51 79 53
58 85 57
36 108 31
4 108 5
2 89 42
5 54 17
35 99 12
4 67 58
12 95 56
21 46 22
37 83 58
60 63 42
44 57 22
28 102 3
5 97 9
47 105 27
12 82 27
80 90 34
6 74 6
9 14 43
14 65 54
32 36 9
5 72 0
57 97 43
17 61 30
6 97 23
25 92 49
27 64 31
3 89 47
37 44 39
26 46 6
40 46 6
12 96 47
54 102 54
71 85 9
58 72 31
0 4 56
45 45 48
16 66 34
19 84 59
1 35 42
21 58 24
25 56 3
26 61 41
17 98 33
33 47 36
51 76 40
45 100 37
62 95 5
8 86 51
28 109 32
11 61 20
14 73 43
48 65 18
10 14 13
6 89 37
5 70 3
62 84 33
27 75 41
8 15 7
68 90 45
8 82 52
70 101 37
52 85 52
69 79 43
8 40 55
14 21 16
24 94 0
68 86 1
8 89 23
47 68 12
3 79 48
12 29 12
15 51 6
46 46 15
13 60 39
8 42 29
20 87 7
10 101 13
46 50 43
45 47 4
8 26 49
31 40 55
17 19 32
1 3 22
30 46 53
22 23 51
26 64 26
11 90 23
21 90 47
55 77 21
0 38 48
2 102 30
38 92 46
5 103 7
22 78 44
24 25 31
0 47 25
16 101 14
37 46 22
20 97 14
4 75 60
30 106 7
4 7 60
15 39 38
16 85 17
32 87 52
0 94 47
35 50 27
59 83 10
24 86 23
68 82 18
14 89 9
28 68 48
9 101 55
41 78 18
7 36 19
1 100 37
1 70 20
6 29 32
23 90 0
49 50 21
11 11 24
57 96 57
28 55 19
32 35 59
28 86 24
32 76 58
61 62 26
15 15 52
16 20 58
19 94 5
24 41 43
12 77 36
35 72 43
62 62 59
8 94 22
7 57 17
29 97 26
35 64 56
29 69 55
3 93 56
30 77 45
41 75 53
37 96 54
23 23 35
18 47 24
50 74 29
21 82 24
31 109 3
52 81 35
7 108 46
42 76 51
6 80 2
54 67 11
72 74 35
17 68 44
27 68 55
4 17 56
30 66 8
28 43 11
59 79 43
11 54 38
39 54 32
15 41 30
5 32 33
61 81 33
31 38 32
39 59 4
9 72 50
14 109 40
23 73 18
0 27 1
8 60 40
47 104 49
13 81 59
10 24 1
9 89 20
41 61 14
6 75 20
30 78 46
22 36 58
14 37 24
23 64 31
37 90 31
15 65 27
18 49 27
73 101 41
8 61 28
8 92 16
50 79 41
12 104 29
77 82 6
11 50 43
11 72 27
64 81 55
8 25 41
2 72 43
5 59 56
47 74 54
13 36 33
47 47 7
51 63 19
4 77 45
30 55 24
30 96 56
38 108 6
29 64 12
29 77 43
0 18 59
67 79 46
21 61 11
30 54 57
3 6 47
13 18 29
23 36 23
29 70 11
25 102 42
80 93 14
20 39 16
56 70 58
8 34 17
35 60 43
39 97 7
26 37 35
29 79 53
21 29 28
9 32 43
12 44 19
16 40 22
20 90 51
65 104 18
8 10 18
13 100 8
40 73 30
14 83 44
4 19 2
24 104 18
31 87 0
42 93 3
41 87 27
43 102 53
11 93 21
18 25 24
4 70 5
33 87 47
31 35 4
15 84 37
28 44 49
9 17 57
5 49 9
13 71 15
9 55 53
0 64 37
21 71 41
3 25 55
1 21 43
22 74 51
10 93 53
9 64 27
12 92 47
0 25 58
85 108 30
58 95 8
0 26 52
50 54 12
79 95 14
13 54 26
55 75 59
8 100 56
22 46 28
25 72 4
4 51 35
21 63 50
3 82 60
15 89 46
54 106 43
21 96 44
18 82 37
6 69 31
32 69 38
39 72 36
0 35 33
30 30 25
13 53 4
33 71 20
6 85 19
4 12 38
31 74 19
26 102 27
31 31 38
30 42 15
1 62 24
12 91 22
65 108 1
71 94 25
3 3 19
4 46 21
35 100 60
12 56 7
4 54 43
53 64 52
46 64 27
39 109 36
1 41 3
57 98 19
31 100 39
10 41 38
44 59 41
8 53 12
21 105 31
52 76 16
37 52 14
33 94 48
25 91 53
39 83 43
0 34 1
69 78 11
9 65 1
36 71 59
12 23 44
29 103 12
11 95 13
10 45 55
0 12 38
30 57 53
29 43 31
29 35 55
23 80 33
24 55 5
34 67 19
11 88 47
11 98 33
68 97 20
56 103 11
7 45 16
37 50 56
20 82 46
43 77 44
1 73 38
12 76 21
18 37 46
27 27 49
42 50 59
50 103 30
28 103 11
52 83 15
27 28 60
7 93 46
45 60 33
65 93 18
18 31 43
71 105 55
24 66 56
7 101 18
11 103 39
29 92 31
26 67 50
53 95 17
1 52 29
9 42 52
29 37 32
25 37 43
0 32 0
20 29 50
17 106 41
5 81 3
27 52 58
2 73 29
23 62 50
14 51 58
46 102 52
64 70 13
22 26 6
25 40 8
30 95 15
34 103 53
6 62 60
27 76 51
3 56 3
45 95 51
20 80 30
52 72 40
58 71 9
12 75 7
22 65 5
18 18 29
16 79 51
15 82 47
43 86 56
2 39 37
10 51 15
15 90 11
22 101 36
27 40 6
17 71 50
49 103 34
8 66 28
2 30 1
3 104 22
1 54 53
26 105 44
55 92 18
41 108 10
7 109 42
3 72 16
1 91 18
42 72 1
19 23 16
12 70 59
16 49 55
43 56 35
5 5 37
18 43 28
59 94 54
5 26 49
24 33 5
14 46 5
0 108 28
14 26 31
6 13 5
16 33 24
27 108 37
52 65 54
43 64 28
45 46 41
53 61 29
45 108 3
17 44 42
25 30 26
8 107 6
32 91 28
23 100 1
26 59 0
5 20 0
11 38 47
31 70 18
11 91 28
31 33 53
21 89 46
34 87 46
15 77 42
50 53 39
11 77 31
20 35 31
15 102 30
1 48 48
16 89 30
21 52 46
5 65 53
9 60 25
14 61 20
15 20 10
27 97 44
25 79 46
49 83 46
20 24 15
4 80 14
15 24 23
8 96 0
