55 1430
161
136
192
127
112
176
144
147
168
124
143
184
138
160
172
155
142
100
122
104
143
105
164
143
100
168
152
198
120
127
200
118
163
163
151
136
182
188
183
140
125
197
148
181
182
174
188
109
130
110
190
157
119
147
133
0 1 32
1 2 24
2 3 16
0 4 2
0 5 48
3 6 13
5 7 21
1 8 40
7 9 14
6 10 12
5 11 26
8 12 7
11 13 31
3 14 5
13 15 37
7 16 40
9 17 16
11 18 52
7 19 52
7 20 20
5 21 50
8 22 3
13 23 1
10 24 0
11 25 52
25 26 14
18 27 28
3 28 26
7 29 15
25 30 55
2 31 32
18 32 2
17 33 43
27 34 26
21 35 52
8 36 59
8 37 4
10 38 2
27 39 30
19 40 18
27 41 15
20 42 38
11 43 52
9 44 44
36 45 12
20 46 53
37 47 54
21 48 56
47 49 42
28 50 35
29 51 35
15 52 33
32 53 59
48 54 54
9 42 12
13 19 7
53 54 26
2 41 28
29 52 18
46 54 4
2 34 27
34 52 28
18 49 50
11 46 40
32 46 3
45 52 13
18 21 33
28 49 21
53 53 56
19 50 47
36 38 33
2 52 40
50 51 27
40 44 6
46 49 25
2 24 27
5 36 48
4 18 34
52 52 9
9 30 46
34 54 30
52 54 6
47 47 5
22 44 15
7 24 38
32 47 56
19 22 57
45 47 9
13 18 49
40 48 23
31 40 25
20 21 31
12 38 35
47 51 12
43 43 54
20 30 48
39 43 18
49 51 11
15 25 50
17 36 60
19 52 55
25 45 39
3 5 4
20 33 19
39 53 52
33 49 24
41 45 23
30 48 6
43 54 10
25 42 53
31 46 33
14 24 18
42 50 43
24 52 11
16 43 9
12 29 15
24 27 23
15 51 16
42 43 49
51 52 9
50 52 14
9 54 59
19 41 30
11 41 55
44 50 30
2 7 4
37 39 8
38 38 58
17 29 49
35 39 38
29 42 46
41 47 45
34 42 29
30 47 54
45 54 36
50 50 19
0 40 40
41 52 7
34 36 24
27 46 34
1 53 41
32 42 12
2 51 25
14 37 37
13 35 20
3 45 20
19 53 0
2 11 39
9 41 59
45 49 51
12 13 45
29 45 43
26 33 45
42 52 22
23 49 59
30 46 13
42 51 59
20 25 44
10 14 7
1 16 15
1 21 50
7 31 39
39 46 29
34 40 44
33 36 47
27 40 8
35 38 27
10 28 13
32 52 17
33 37 35
6 43 58
7 40 0
50 53 20
49 54 28
10 10 49
49 53 35
44 45 7
27 27 15
11 29 35
3 4 24
17 51 60
12 37 36
38 47 0
23 44 52
12 31 17
19 34 42
22 40 6
14 43 17
14 41 7
36 50 23
5 18 0
9 52 26
44 46 0
6 50 43
19 19 45
9 26 53
13 52 37
31 37 35
12 47 46
40 45 20
10 23 30
17 52 23
16 51 45
35 44 60
27 30 40
13 49 54
26 45 28
12 53 41
34 41 49
42 44 51
31 35 57
30 32 5
24 40 1
3 53 59
28 32 8
36 46 58
38 43 46
40 50 32
40 54 17
48 49 53
52 53 20
13 22 2
29 47 27
34 43 28
42 45 31
8 8 15
47 53 26
23 26 20
11 11 51
39 39 21
32 40 8
33 47 43
47 48 31
49 52 49
40 47 22
32 49 22
30 51 57
47 54 54
21 29 23
6 35 2
6 16 41
17 26 28
14 52 55
10 16 37
35 49 40
51 54 34
44 48 42
33 35 35
5 24 16
41 48 18
50 54 20
42 53 19
31 38 36
11 47 7
3 48 4
28 35 28
13 26 0
45 45 60
41 46 21
18 37 3
17 53 15
43 47 45
34 34 28
18 47 21
42 46 7
14 53 28
30 50 25
46 52 37
43 50 59
39 40 13
28 37 0
22 36 6
2 9 52
7 49 15
7 34 12
21 49 10
41 42 0
6 48 0
16 48 48
24 34 50
2 2 35
23 28 39
7 51 53
2 14 27
8 20 37
10 45 29
36 41 14
8 35 17
21 54 49
51 53 57
37 43 2
26 41 51
44 44 60
19 24 42
4 40 28
24 36 24
9 10 16
41 50 9
35 45 54
24 24 38
35 36 39
6 21 54
36 47 3
43 48 17
35 52 13
21 51 34
41 53 37
20 36 36
32 45 4
36 49 23
30 39 36
49 49 3
9 32 12
14 39 50
17 25 3
32 36 30
23 27 21
5 39 36
21 23 5
19 51 12
46 50 32
43 45 45
14 42 14
6 25 27
22 45 46
36 36 26
10 53 23
49 50 56
15 19 35
4 28 54
41 54 37
13 41 32
29 39 20
35 46 16
4 23 2
0 37 16
9 48 45
3 34 28
36 42 17
39 45 26
23 24 59
39 52 6
9 40 40
44 47 32
33 48 28
22 31 52
3 9 55
33 44 1
0 36 55
46 47 56
6 29 48
10 15 40
29 38 8
37 48 21
28 42 14
19 32 33
29 43 11
23 52 27
5 16 55
4 38 20
24 54 16
11 20 50
18 52 40
43 44 16
48 53 57
22 50 47
5 14 41
0 27 53
2 39 25
21 38 30
40 46 9
31 43 6
37 44 26
29 36 38
20 38 16
33 46 34
7 10 6
41 41 18
36 53 12
34 53 18
6 18 11
5 28 3
26 27 51
43 49 20
2 18 47
5 26 4
11 24 28
31 36 25
14 38 46
9 46 9
4 10 33
33 54 21
5 30 35
15 15 7
39 49 39
39 42 49
24 26 33
5 15 55
25 43 7
48 52 14
27 29 19
36 54 29
6 53 7
25 50 39
42 49 55
24 50 31
14 33 23
36 48 34
38 39 60
6 13 17
13 33 14
9 39 42
3 47 2
8 28 1
2 54 43
21 43 51
39 41 50
45 53 58
48 51 9
39 50 31
15 49 44
46 53 42
28 47 11
17 21 27
26 35 6
25 36 37
10 30 42
27 54 19
10 42 55
28 41 33
35 40 30
33 39 14
23 42 17
43 52 12
11 33 16
31 47 51
4 35 30
26 54 57
4 19 11
18 30 53
2 25 12
41 44 42
21 21 5
5 41 5
8 49 50
45 50 31
47 52 7
2 22 16
19 29 7
41 43 50
14 26 23
13 17 48
51 51 51
6 23 51
42 54 23
26 44 54
24 30 52
30 34 13
7 50 16
3 24 5
2 4 29
44 54 59
0 32 37
37 42 60
16 40 51
10 43 14
16 38 36
35 43 42
37 40 1
5 47 7
12 18 47
15 30 6
22 51 1
17 18 59
11 22 12
26 40 49
12 12 28
4 22 7
38 42 24
43 53 35
19 43 52
36 39 53
21 34 33
8 21 50
9 20 37
14 46 4
31 45 2
9 36 51
6 6 29
28 51 3
12 22 39
38 40 59
23 46 56
0 48 0
5 49 60
46 46 31
40 49 8
33 52 36
5 10 59
28 52 16
19 48 57
6 31 17
15 45 35
9 23 52
16 31 6
13 51 35
0 19 38
25 34 32
23 25 38
7 52 0
35 42 7
3 36 37
24 25 37
12 25 16
4 44 28
27 48 46
5 5 54
2 53 13
30 38 15
12 39 44
15 41 47
4 25 34
8 25 10
6 11 11
40 51 38
1 13 8
9 16 1
22 48 58
14 18 26
36 40 4
34 45 6
35 53 49
48 50 55
19 42 35
18 46 60
23 47 58
12 34 8
15 48 41
47 50 39
26 39 59
10 48 10
6 34 47
11 32 33
16 54 52
26 47 4
30 31 27
19 37 58
6 12 55
15 28 30
12 46 42
45 48 54
17 19 9
13 37 9
9 12 4
34 47 34
46 48 54
11 26 36
32 32 6
30 54 48
17 43 7
2 30 3
2 10 20
20 31 49
16 41 52
31 41 56
20 44 5
15 21 14
8 46 34
16 23 50
21 47 18
16 16 3
4 4 20
39 48 58
33 45 22
12 41 39
38 48 3
18 51 40
31 54 28
18 35 6
26 53 6
16 42 1
33 34 19
13 21 41
8 14 58
22 39 33
9 29 5
26 52 21
32 33 22
22 29 43
32 48 41
12 20 16
6 38 9
20 47 43
44 52 16
6 46 50
17 35 13
6 30 36
3 42 19
21 52 20
3 37 3
4 24 31
41 49 0
40 42 24
22 49 16
23 33 0
16 37 5
9 33 37
33 33 24
17 17 53
22 35 5
35 41 55
31 51 20
19 21 28
5 54 2
37 45 20
20 41 15
7 46 51
18 41 16
32 50 43
20 52 27
4 17 54
28 28 29
11 27 45
34 44 1
20 53 44
13 24 7
21 36 6
18 44 43
12 14 52
5 37 11
41 51 42
38 44 20
17 37 60
25 38 13
9 37 24
10 32 50
35 47 56
34 39 23
10 36 36
19 49 28
11 21 10
44 53 21
36 52 8
22 38 49
14 34 60
14 36 35
23 34 19
34 48 50
0 42 37
27 28 49
26 34 7
20 40 40
28 29 44
7 14 52
14 14 14
23 45 55
18 45 52
12 35 24
2 45 60
31 49 6
24 37 30
16 44 9
43 46 12
6 9 31
18 26 50
11 30 56
21 42 35
26 28 52
23 31 22
16 22 33
46 51 4
0 10 42
19 36 47
23 48 8
24 42 14
29 41 59
0 11 27
48 48 47
22 52 49
16 20 26
1 27 23
11 34 4
3 40 35
13 36 60
19 45 40
8 54 28
28 40 25
2 12 10
37 53 1
36 51 32
32 39 57
27 45 14
20 37 53
40 53 14
20 54 37
20 50 8
39 54 27
1 44 2
4 34 45
45 51 17
32 34 59
10 31 51
3 12 30
14 23 49
9 43 15
7 53 41
0 9 38
0 13 47
15 33 13
14 16 17
26 30 21
7 43 13
23 54 54
2 20 21
11 31 42
18 31 50
3 52 13
6 32 55
0 12 20
30 41 5
30 33 44
9 24 32
33 51 51
17 40 31
13 31 23
44 49 7
3 13 36
24 41 3
15 54 8
2 37 34
24 45 30
35 50 54
32 54 4
13 54 45
18 42 30
13 40 36
11 39 58
14 25 58
42 48 5
38 41 41
30 36 33
3 18 40
17 50 5
12 51 9
42 47 26
21 33 6
16 28 1
2 40 45
11 48 44
7 27 59
2 32 23
27 32 36
37 51 15
7 17 43
11 38 10
38 51 18
8 33 51
24 35 59
26 48 17
18 29 60
28 30 26
26 26 60
3 27 20
0 14 26
25 54 54
25 29 29
2 21 46
44 51 47
4 15 11
15 17 19
33 41 31
23 29 6
30 42 10
1 39 29
32 44 47
2 17 59
38 46 16
14 15 53
38 54 47
14 32 24
11 40 1
6 54 14
31 53 15
7 47 50
25 33 49
29 48 14
12 36 26
22 33 18
0 46 39
42 42 29
40 40 46
13 44 11
16 45 55
14 21 27
29 31 22
1 7 30
12 48 0
14 29 45
8 17 58
33 43 52
34 35 4
8 34 30
16 53 35
16 26 8
3 23 17
12 24 52
5 19 57
21 46 19
12 16 51
18 28 9
36 44 13
37 46 52
33 38 19
27 44 36
26 46 59
19 20 51
1 6 47
8 51 55
31 39 19
13 46 39
5 12 33
21 30 21
36 43 54
2 13 43
12 33 18
27 52 15
3 22 42
23 41 13
35 35 8
21 37 46
7 18 30
9 34 26
23 43 7
24 43 24
0 38 29
34 49 1
22 32 3
21 22 51
10 52 25
29 44 26
31 42 43
0 45 4
17 31 32
5 34 43
17 23 44
16 34 29
26 51 33
29 53 39
13 45 23
1 19 45
16 17 26
16 49 42
45 46 15
0 6 32
38 49 50
37 50 21
2 43 2
24 39 48
8 24 42
0 26 5
21 41 9
16 36 36
37 54 18
5 38 28
13 48 38
10 17 25
21 27 18
24 31 43
13 14 46
3 16 8
12 44 27
23 32 45
3 38 29
5 52 49
14 28 12
15 37 5
3 43 26
4 13 33
15 24 15
0 8 59
12 30 43
0 52 19
8 30 57
7 22 1
5 13 20
16 39 4
22 43 60
8 26 28
37 41 37
10 33 23
21 50 59
6 17 28
20 28 30
25 25 38
0 24 26
18 34 23
28 44 6
29 50 60
9 47 10
25 47 59
1 49 38
20 22 27
9 22 60
2 49 41
3 51 5
1 36 14
34 38 13
27 49 14
39 44 19
11 49 11
12 43 18
9 21 5
30 52 45
9 13 31
4 29 13
22 34 15
10 41 44
26 37 30
20 34 31
6 15 46
6 45 6
13 29 58
20 51 13
2 19 46
3 15 60
1 11 39
10 40 23
14 35 26
6 44 26
19 35 25
11 35 49
5 20 46
40 52 33
0 34 22
8 41 58
30 43 28
20 26 54
1 33 34
25 31 22
28 46 10
6 39 23
25 52 35
29 33 58
25 32 39
12 23 35
37 38 38
8 27 20
24 47 45
4 21 0
6 7 5
4 8 54
27 43 25
23 50 7
36 37 31
14 48 7
4 6 54
2 28 46
5 40 60
1 51 45
3 20 56
40 43 44
11 45 43
38 50 37
1 32 24
15 35 41
27 51 47
1 24 46
26 36 14
0 29 3
21 40 20
0 47 45
5 48 52
34 50 16
1 40 25
20 48 46
19 27 12
4 7 20
24 29 28
7 54 48
17 28 60
9 9 22
25 28 59
18 40 0
29 30 50
12 49 33
21 24 4
20 39 22
29 40 55
13 16 4
5 31 16
10 22 52
13 25 48
8 50 12
28 34 55
14 17 15
13 30 35
15 29 23
16 33 57
34 46 55
26 43 30
5 8 48
8 53 15
8 16 14
21 28 54
9 27 53
33 40 58
23 30 17
15 22 2
2 27 37
31 34 22
6 47 33
29 49 9
27 47 25
4 20 5
32 38 37
31 32 33
1 14 36
39 51 11
22 42 14
5 17 35
26 38 18
16 35 58
17 39 51
3 54 34
8 40 11
17 48 2
35 37 37
15 20 2
4 41 57
13 50 39
28 38 59
1 18 59
11 51 60
16 30 0
11 19 26
19 25 21
35 48 44
9 38 10
6 52 9
11 50 33
1 46 14
14 49 46
10 44 37
8 18 42
27 42 44
14 45 53
19 28 21
28 33 36
0 35 41
16 18 59
7 39 33
9 45 19
30 49 29
5 25 10
17 30 17
25 40 34
14 22 53
22 26 10
10 54 4
6 36 46
22 37 60
39 47 57
11 44 37
12 28 5
37 52 60
15 36 40
8 32 23
19 31 34
14 19 0
28 53 42
31 44 46
18 25 59
8 39 38
30 30 42
0 20 40
5 32 30
15 32 28
28 54 53
17 42 46
7 41 8
20 32 48
33 53 19
38 52 43
26 31 49
0 2 14
32 37 35
35 51 0
6 41 7
10 11 21
12 40 13
8 9 19
27 53 3
10 19 39
9 11 16
43 51 15
3 30 34
12 54 43
18 20 54
1 17 2
16 29 57
27 33 28
13 39 30
1 31 15
24 46 8
4 45 25
2 36 11
40 41 49
29 29 28
1 22 6
0 17 22
17 49 3
7 15 22
32 41 9
35 54 60
18 54 51
7 45 42
31 48 10
10 18 17
16 52 9
15 23 24
30 40 55
4 43 36
0 51 60
3 26 54
22 22 18
22 27 45
10 34 38
34 51 7
8 47 26
8 44 35
3 21 2
4 30 40
19 38 28
4 31 7
11 37 28
6 14 21
3 11 24
7 28 38
0 23 48
14 27 12
11 42 2
29 34 47
37 49 6
25 46 0
32 51 9
32 43 15
20 45 50
38 53 4
4 53 41
29 35 16
22 25 43
17 22 5
18 38 47
8 23 49
21 25 54
18 24 49
0 16 42
7 25 10
6 19 58
11 54 0
18 50 4
18 39 22
29 32 32
21 45 59
23 53 5
26 29 37
17 41 47
20 23 33
5 43 47
31 50 26
19 46 36
24 53 18
23 39 16
30 44 26
7 13 58
10 29 47
8 43 6
25 27 9
32 35 24
13 13 12
28 43 12
3 49 58
11 52 48
9 25 5
21 31 58
5 29 7
15 40 34
9 31 18
28 48 7
4 16 43
4 52 4
12 15 30
21 44 17
6 51 45
4 54 8
27 36 54
16 50 23
24 28 36
7 44 7
27 38 18
13 34 36
11 12 12
0 18 2
10 46 14
6 24 34
16 19 5
30 35 56
10 27 4
17 44 43
7 7 17
12 17 11
24 51 29
1 37 10
4 5 19
16 32 49
37 37 27
15 44 37
2 48 47
17 20 9
3 39 16
18 33 0
14 31 18
22 24 50
10 26 46
15 47 31
8 48 30
25 35 52
2 38 52
15 42 12
3 25 22
24 48 60
19 26 10
38 45 40
17 24 45
10 20 47
1 38 40
3 44 35
1 5 57
25 41 50
6 28 23
0 49 28
11 16 51
13 28 50
24 44 14
4 12 60
14 30 25
3 8 28
12 50 22
5 42 53
19 30 51
7 8 60
24 38 3
10 21 23
9 18 19
12 32 16
23 38 54
17 47 42
3 33 52
20 27 13
1 15 32
7 30 3
8 29 43
14 20 17
1 10 9
15 50 19
29 46 26
27 50 43
5 45 26
0 54 46
9 15 1
13 32 9
16 24 33
24 32 8
0 33 28
17 38 23
3 32 24
26 42 59
2 23 16
15 18 35
13 47 10
5 9 27
14 50 3
26 49 22
11 28 49
29 37 26
14 54 16
20 20 6
21 53 32
8 10 53
22 46 43
16 46 2
1 35 26
0 39 47
14 47 54
3 46 40
4 50 35
4 26 56
4 51 22
28 36 31
22 30 24
6 40 47
7 38 32
6 42 14
20 35 14
1 4 7
21 32 21
28 45 58
10 49 55
29 54 42
12 42 41
4 9 24
25 39 20
11 53 41
10 50 17
0 15 58
16 27 47
10 12 42
7 36 16
4 46 20
6 49 9
18 19 6
7 23 6
7 35 0
33 42 31
10 37 18
1 52 13
31 31 15
15 38 0
1 12 13
7 21 56
4 27 50
11 14 32
22 53 46
9 14 39
15 34 43
6 26 8
16 21 34
5 53 60
4 48 17
12 21 38
8 31 31
20 29 31
1 28 35
34 37 39
25 44 18
6 22 47
18 18 2
28 39 33
9 28 4
4 49 36
0 53 3
10 39 53
1 48 29
23 40 33
2 15 37
10 25 32
7 12 33
8 42 9
7 11 41
20 43 5
5 35 53
1 41 46
13 20 46
17 27 32
13 43 3
23 23 5
22 28 4
4 36 8
11 15 6
3 3 29
0 43 2
12 19 34
26 32 51
2 42 23
16 25 39
27 31 57
6 27 53
15 26 4
2 33 45
22 23 25
3 19 3
30 53 52
16 47 26
21 26 33
20 49 7
17 34 57
25 48 5
17 45 45
13 53 6
5 50 37
1 47 49
2 8 39
12 26 0
0 31 16
4 42 9
13 27 3
9 50 29
0 25 40
4 32 59
15 53 49
2 35 55
26 50 29
15 27 42
8 19 57
13 42 21
10 35 15
18 48 41
1 45 44
19 23 26
6 37 28
0 21 8
2 46 27
22 54 37
7 32 57
11 23 24
27 37 22
6 8 39
30 45 23
5 22 2
11 36 16
1 54 18
33 50 11
23 36 14
19 44 2
4 47 53
15 31 38
1 9 51
25 49 3
7 42 34
17 46 56
