130 7735
180
143
176
158
156
175
154
128
161
185
189
142
166
196
189
199
175
160
100
174
198
198
138
199
159
110
111
176
107
198
164
143
174
136
143
138
170
183
122
114
154
194
145
129
111
139
168
101
174
181
104
133
111
112
181
184
148
156
123
113
180
116
158
105
119
121
106
135
116
144
130
169
124
140
121
112
196
134
190
189
179
117
144
162
168
122
159
183
143
119
132
156
138
145
178
109
181
118
143
100
128
129
139
200
188
197
127
148
103
184
184
195
190
176
160
148
172
144
171
150
191
120
118
172
198
138
106
159
106
199
0 1 53
0 2 22
2 3 11
1 4 22
1 5 34
1 6 21
6 7 0
6 8 0
4 9 14
3 10 31
9 11 11
1 12 20
3 13 21
6 14 59
1 15 7
5 16 7
10 17 44
0 18 59
13 19 30
5 20 33
20 21 33
8 22 15
0 23 17
6 24 0
6 25 1
12 26 18
7 27 47
22 28 5
1 29 57
8 30 39
1 31 13
14 32 32
3 33 31
4 34 5
25 35 14
8 36 33
13 37 26
23 38 6
21 39 56
17 40 18
33 41 40
28 42 39
2 43 10
20 44 26
41 45 36
2 46 42
2 47 32
14 48 53
10 49 23
11 50 36
0 51 32
38 52 54
50 53 33
8 54 24
22 55 28
42 56 25
50 57 26
41 58 11
12 59 44
3 60 26
59 61 6
30 62 24
1 63 37
22 64 48
37 65 26
6 66 15
12 67 60
40 68 54
17 69 4
50 70 1
24 71 52
13 72 33
23 73 52
37 74 13
12 75 7
1 76 56
31 77 47
14 78 56
43 79 43
69 80 44
13 81 0
68 82 9
17 83 0
73 84 9
56 85 33
81 86 26
32 87 44
60 88 48
66 89 8
18 90 25
88 91 9
43 92 34
39 93 51
58 94 13
14 95 10
11 96 22
82 97 37
66 98 52
44 99 27
99 100 59
17 101 8
94 102 7
54 103 36
6 104 33
31 105 26
31 106 10
59 107 31
22 108 57
88 109 46
19 110 42
3 111 2
14 112 21
86 113 48
24 114 16
101 115 25
6 116 10
86 117 50
99 118 13
2 119 15
77 120 28
13 121 32
102 122 27
40 123 2
45 124 37
91 125 34
37 126 60
60 127 8
117 128 54
11 129 25
30 38 14
76 87 0
4 118 43
72 72 30
97 124 6
25 39 53
28 78 0
91 107 55
21 112 13
1 84 11
98 121 47
84 92 42
95 108 38
7 99 5
128 129 35
15 42 19
79 123 36
106 109 17
2 18 25
118 127 54
9 81 10
12 23 28
0 110 19
8 18 54
111 125 4
87 99 43
74 118 28
40 84 59
114 114 22
20 76 58
50 98 28
102 103 30
79 120 56
98 104 28
29 46 33
8 42 12
56 89 39
87 88 0
1 14 21
13 115 39
66 80 53
103 125 58
40 110 7
75 100 28
47 49 5
65 102 20
25 33 5
9 23 53
32 127 40
45 78 4
49 59 52
125 125 40
27 37 22
44 108 4
38 109 27
5 21 49
69 129 30
4 95 10
85 107 0
56 90 41
102 104 16
42 104 52
115 120 54
57 125 26
38 94 30
115 125 13
45 75 9
24 106 43
106 111 57
126 129 44
12 122 20
118 126 17
4 121 28
91 108 55
17 126 20
95 107 56
1 98 59
11 53 30
31 52 21
107 113 60
4 14 29
26 107 9
122 122 31
54 65 43
3 84 6
99 111 4
17 37 53
93 93 51
74 107 45
32 98 4
95 109 37
74 106 26
80 97 38
28 106 57
34 58 15
54 128 38
120 121 33
63 67 1
45 54 41
3 37 47
125 128 12
7 12 10
99 123 54
33 121 55
115 116 25
13 48 41
41 57 33
86 124 4
124 127 45
61 110 4
15 25 43
114 128 17
107 114 2
106 129 2
82 90 0
91 120 42
20 95 52
80 124 58
27 96 40
116 127 43
49 84 11
91 109 52
88 89 24
101 129 57
100 108 45
47 115 37
68 87 40
41 117 58
40 52 3
86 89 8
30 106 15
44 92 47
64 115 55
43 88 46
62 98 13
86 105 2
35 120 9
70 85 41
4 84 42
79 116 35
113 116 9
65 76 1
32 44 40
10 10 8
93 109 55
65 113 48
78 96 34
126 128 53
83 113 44
68 95 53
47 107 7
120 128 9
120 124 55
78 115 40
82 126 33
35 96 60
44 58 24
111 121 43
88 123 5
79 112 60
88 118 51
12 83 16
88 129 19
88 94 29
87 89 28
68 122 57
44 73 58
117 125 13
30 33 44
7 67 9
66 97 5
4 119 16
45 58 41
109 128 9
51 53 5
41 53 58
54 56 32
56 121 45
120 122 15
7 9 1
45 67 52
36 65 12
31 104 48
7 128 24
95 102 14
96 111 55
33 78 15
99 103 24
74 78 42
105 110 44
99 110 15
20 60 10
74 93 14
6 16 41
52 55 29
40 60 1
27 90 18
82 85 52
72 75 0
4 59 9
52 70 42
95 95 50
27 94 6
90 119 57
95 105 14
42 59 10
117 124 30
10 114 54
96 124 58
124 124 60
96 106 54
21 86 25
42 116 21
1 93 56
21 57 11
116 128 10
46 50 42
124 128 58
40 43 57
21 82 14
66 96 1
19 37 21
78 103 16
8 63 31
57 97 59
70 77 35
70 80 23
15 91 32
61 62 40
44 121 44
66 88 20
3 116 24
74 124 11
18 19 33
105 123 19
40 42 11
102 117 60
111 123 26
34 82 54
78 118 2
98 110 1
16 117 11
115 123 43
99 105 23
74 113 49
98 109 28
71 117 7
26 83 29
43 115 45
33 73 10
8 12 60
99 125 30
51 67 22
123 126 23
16 40 54
15 21 12
48 79 6
83 117 32
97 106 55
59 114 40
28 61 8
119 120 15
114 124 4
69 112 31
71 83 46
108 118 25
70 95 13
45 55 33
94 126 44
81 120 42
81 125 38
23 24 16
21 50 18
101 118 41
36 106 39
44 104 19
16 31 54
5 36 33
110 119 32
112 120 37
49 73 11
21 66 53
56 75 51
90 95 29
104 115 59
44 106 36
87 110 53
103 112 39
87 96 19
67 129 7
57 122 46
47 89 45
1 96 29
28 123 27
106 119 57
72 101 38
82 121 54
47 118 6
32 107 49
114 127 2
16 46 18
10 100 49
22 76 21
121 122 36
69 102 55
62 87 36
36 87 3
46 91 14
85 104 29
4 88 5
38 107 16
92 110 15
116 120 9
106 116 1
26 71 35
62 78 39
70 84 18
97 125 15
101 114 16
12 112 23
96 114 9
47 121 49
23 48 35
96 122 52
60 113 14
47 117 16
31 99 24
66 124 7
107 112 23
47 87 18
69 76 1
43 75 36
61 96 25
43 121 46
89 128 28
56 102 18
115 126 14
90 106 4
36 61 6
16 119 20
51 115 50
51 60 40
41 99 48
31 89 34
83 123 50
53 72 37
36 47 22
100 129 10
62 121 39
70 112 52
43 69 31
105 115 35
33 84 53
127 129 40
17 128 52
57 84 17
115 118 16
45 95 55
94 127 12
27 44 16
6 55 6
49 106 14
119 122 18
122 123 37
63 72 44
20 122 18
106 122 1
68 105 23
121 126 18
49 72 50
52 52 46
89 113 21
124 129 28
63 109 33
73 111 26
126 127 4
46 79 25
55 79 16
89 91 11
121 127 35
113 123 44
104 111 55
76 89 55
119 126 47
40 104 57
57 75 3
111 115 17
44 72 11
70 110 1
38 62 37
29 64 42
42 61 22
117 121 46
101 117 45
64 123 0
16 83 38
120 126 16
2 88 1
114 123 22
20 89 58
46 62 10
18 83 30
37 47 42
100 128 24
64 105 37
73 89 44
5 14 2
53 95 28
64 69 43
32 109 18
10 60 59
78 97 25
49 104 19
101 102 56
102 124 51
0 47 10
51 128 42
66 73 41
64 68 9
44 113 13
14 127 42
119 124 8
40 55 46
73 124 48
46 65 54
48 71 59
85 122 58
16 16 48
114 125 6
90 97 46
57 126 46
10 55 57
34 53 53
36 120 53
27 74 1
0 62 7
44 44 58
2 45 3
72 114 29
47 56 57
44 47 44
17 118 24
37 73 27
100 114 24
81 124 8
33 122 29
87 102 33
96 116 0
94 110 31
18 105 40
118 129 35
86 112 29
57 78 32
82 82 34
54 125 35
53 66 39
71 107 53
90 111 15
57 73 17
31 59 2
75 85 52
52 58 22
29 66 22
114 115 26
64 129 33
121 124 48
6 18 55
40 93 57
87 128 4
12 22 36
13 59 16
107 125 58
118 119 45
90 129 12
2 78 19
25 37 59
60 124 21
18 124 13
79 94 32
36 57 24
118 120 34
24 126 44
75 123 19
88 97 5
48 98 48
80 127 15
26 127 42
13 117 30
84 101 33
115 129 33
83 125 49
36 102 27
104 116 7
57 72 60
18 26 50
39 114 5
116 126 3
76 90 29
10 36 18
79 129 14
73 126 37
76 127 51
39 61 23
62 115 51
89 90 34
45 53 57
108 112 2
18 23 47
107 116 27
4 93 25
116 123 44
70 109 28
93 107 18
25 49 26
19 39 2
53 97 34
76 118 14
24 82 30
97 103 55
15 39 1
50 76 17
96 107 25
11 55 25
123 129 46
80 84 16
49 81 15
29 75 26
96 120 12
45 102 42
77 107 33
95 114 8
27 72 53
45 111 36
1 75 8
43 56 53
111 126 21
121 129 22
91 113 58
12 118 16
73 115 5
79 83 26
85 124 55
14 110 3
110 126 50
99 106 48
122 129 39
21 58 49
27 66 16
22 111 25
51 98 9
28 99 5
123 123 51
2 95 14
33 64 12
16 52 43
79 93 40
121 123 1
38 69 46
16 89 19
56 106 10
76 129 32
70 76 27
11 41 32
79 125 51
62 67 52
39 91 8
72 121 59
19 67 7
16 43 15
25 86 25
94 97 48
110 115 15
22 40 41
33 61 52
119 123 3
92 118 28
124 126 34
117 119 30
38 97 14
98 103 17
87 90 8
78 108 21
104 121 37
7 26 41
113 121 43
86 97 32
12 49 52
82 94 29
90 122 30
92 99 19
59 104 27
23 82 57
45 45 48
19 123 42
70 120 14
67 88 32
98 105 15
12 125 58
82 88 37
113 120 8
21 76 17
62 120 16
74 94 3
71 80 7
106 106 32
35 82 24
78 124 16
2 91 47
123 127 11
48 125 7
23 54 0
86 101 3
42 117 55
83 111 17
15 84 5
5 127 12
48 73 55
89 99 23
43 74 3
40 45 15
46 52 31
49 54 17
0 87 5
15 24 36
62 93 35
10 74 21
120 123 46
78 78 35
85 126 47
98 127 4
105 129 48
58 63 20
104 106 9
5 33 33
78 110 44
20 111 23
74 76 23
48 103 58
68 121 20
46 124 39
23 112 26
17 27 34
65 77 17
27 60 53
71 125 58
65 67 14
10 89 10
112 124 3
31 53 49
67 67 24
20 113 45
116 125 19
34 114 8
37 103 4
16 93 40
56 122 23
64 82 17
60 117 8
39 123 12
104 119 52
54 129 12
74 126 22
45 85 23
111 127 10
94 125 8
54 72 4
35 109 55
25 60 9
8 61 17
42 78 37
85 89 14
30 36 23
118 125 40
67 81 28
61 115 45
68 88 15
79 87 11
72 96 17
85 103 60
42 100 56
91 124 45
8 117 19
20 116 52
70 92 45
0 125 42
102 128 16
125 129 10
36 117 21
93 103 51
106 124 26
58 98 37
64 103 13
3 120 38
91 92 13
71 109 35
54 58 28
126 126 25
57 62 44
19 47 33
53 85 47
8 76 0
74 100 43
19 34 17
30 73 10
92 123 48
124 125 50
35 77 31
85 92 52
64 83 35
35 60 11
36 108 0
93 106 35
26 54 49
88 111 43
13 87 33
74 99 43
6 122 59
79 98 59
97 127 42
85 93 35
98 129 4
76 96 55
52 129 20
36 41 29
16 109 34
102 110 10
50 64 11
91 121 5
46 71 16
107 108 18
19 52 16
15 94 19
55 66 30
113 114 36
76 103 4
125 127 8
49 89 34
45 66 11
27 85 7
21 62 16
99 102 11
3 9 26
54 82 60
107 118 29
91 97 19
61 85 34
40 58 12
0 108 47
3 107 57
24 81 16
60 90 5
12 16 20
9 73 1
115 127 33
66 99 14
56 113 38
97 97 33
114 116 32
55 127 32
97 120 16
107 119 56
41 41 51
45 74 58
99 117 28
47 83 41
76 125 38
60 112 31
103 126 2
3 118 1
58 69 17
56 73 55
117 120 36
119 119 44
48 91 43
100 110 32
115 122 21
19 90 57
22 80 32
57 66 37
32 55 31
122 128 31
34 77 15
99 114 52
41 93 25
127 127 50
112 121 25
7 49 60
105 114 54
30 107 25
114 118 28
86 121 32
112 116 39
35 122 31
92 126 11
115 128 52
41 67 40
10 117 16
89 107 57
75 122 7
82 84 43
56 72 18
17 93 47
73 95 37
61 84 6
76 109 1
16 77 18
105 119 37
73 98 27
112 117 25
85 117 19
23 100 44
34 74 19
25 106 39
35 90 0
17 89 18
112 125 22
97 121 52
93 118 27
17 129 27
22 84 54
22 56 19
101 103 21
62 112 33
95 110 38
84 85 29
35 57 25
96 121 1
85 86 19
66 76 39
108 111 0
48 105 13
84 124 59
17 39 12
58 74 60
22 109 4
55 82 31
8 93 14
63 116 4
94 95 3
57 114 42
89 116 55
24 42 23
14 45 11
95 118 21
72 119 50
1 94 44
11 94 28
93 95 23
23 35 17
3 75 36
27 55 10
73 101 53
107 110 36
117 126 33
110 110 58
43 70 42
66 121 28
117 123 52
92 127 58
91 123 60
74 111 53
11 121 57
7 10 33
26 121 22
65 117 23
27 48 31
4 16 20
39 94 58
69 97 33
92 103 35
97 105 23
90 110 9
18 37 36
90 98 12
17 100 28
34 87 9
94 109 17
66 71 3
29 122 5
86 98 39
47 112 49
84 110 0
11 49 22
36 107 15
30 128 15
66 66 17
15 73 39
62 80 26
79 107 32
109 113 36
82 116 48
95 101 21
41 112 50
1 86 3
3 34 15
63 87 39
87 120 24
23 57 38
41 46 55
14 49 49
101 123 26
70 72 9
118 128 5
96 125 19
30 65 13
34 89 31
120 125 46
16 70 47
41 98 44
70 123 8
8 90 48
69 115 53
49 125 9
20 115 54
6 128 51
24 69 27
109 109 32
6 80 58
44 119 49
84 91 11
22 47 33
123 124 7
73 79 9
31 114 54
120 120 6
70 93 57
38 124 34
18 97 38
17 106 37
5 99 46
28 128 28
10 41 21
100 125 42
53 64 40
91 93 25
36 91 0
44 49 6
35 83 31
28 112 55
102 120 5
43 43 28
114 121 29
68 92 20
90 90 26
113 125 14
40 86 10
86 119 20
28 50 42
25 51 0
77 82 49
69 93 22
20 41 15
79 119 5
6 103 37
94 101 3
70 111 19
25 28 35
115 117 7
38 112 43
100 122 23
79 88 46
6 42 54
33 83 54
91 104 21
65 75 14
86 114 51
128 128 39
72 116 9
57 96 49
93 112 1
12 128 6
5 72 42
99 129 42
14 87 52
65 104 59
99 124 28
119 129 31
93 111 47
91 118 24
5 48 21
11 70 58
46 85 1
56 86 59
68 116 18
8 109 5
11 89 16
34 60 47
117 118 21
93 126 48
110 129 51
50 107 28
13 53 59
32 110 8
39 79 48
77 113 5
46 81 52
77 95 40
21 64 31
122 124 46
111 116 47
103 107 5
56 101 3
28 63 3
102 106 50
65 74 11
73 82 50
6 45 8
48 102 40
65 119 32
11 28 36
110 128 2
57 83 21
104 112 42
4 108 13
83 97 37
108 115 16
30 119 0
13 123 32
86 108 48
37 78 19
109 127 24
51 78 45
57 107 3
116 117 33
26 95 38
72 85 11
111 111 17
75 95 5
75 109 47
74 86 0
61 95 15
17 60 31
5 103 8
61 77 23
115 119 24
50 121 3
77 124 48
34 88 16
14 20 52
101 122 23
36 36 18
82 107 24
58 64 8
7 83 8
14 53 56
34 112 47
87 113 15
8 91 29
65 80 45
68 69 57
23 74 51
117 129 5
112 118 41
4 23 57
89 129 60
119 125 19
7 51 50
67 118 7
98 115 46
77 101 42
48 59 52
74 123 43
13 85 31
15 36 50
2 112 57
48 66 31
71 127 47
98 119 46
5 95 10
70 96 22
9 57 40
114 122 60
5 113 25
76 84 13
21 113 54
63 78 41
37 68 55
63 70 54
81 102 8
28 30 57
73 90 37
36 52 50
13 33 25
10 59 14
78 111 5
95 103 30
51 70 14
17 31 1
84 116 33
27 126 49
48 99 21
13 76 10
122 125 17
18 114 27
62 94 44
10 53 51
21 29 2
46 88 46
47 73 52
22 90 17
95 120 50
1 19 23
19 25 20
1 68 53
52 100 21
94 99 58
21 107 43
88 119 1
61 121 18
52 62 53
9 84 5
73 87 2
83 96 14
56 126 16
50 74 33
123 128 51
10 84 10
121 121 8
99 116 46
67 70 31
2 15 54
122 127 58
15 117 18
53 82 21
50 116 25
68 102 53
5 102 11
54 115 58
109 129 14
52 113 13
70 100 35
76 124 56
94 124 37
28 110 14
1 103 47
16 17 6
118 118 8
1 41 37
16 72 56
6 29 59
84 118 6
108 129 15
53 106 42
83 110 6
68 71 12
110 117 20
103 111 52
110 122 50
16 58 15
28 67 40
120 127 4
22 43 43
74 81 34
101 128 43
110 124 15
90 124 0
26 39 28
99 101 25
8 128 11
73 125 9
96 112 49
30 85 4
44 66 56
46 57 10
6 113 23
73 122 4
39 89 1
6 37 11
69 126 38
62 91 41
95 98 29
13 86 49
66 120 33
109 125 35
86 127 43
11 123 54
13 83 42
65 72 5
48 120 9
12 76 11
59 118 4
83 124 48
17 95 28
44 76 12
51 59 27
53 112 6
45 65 1
59 95 1
103 106 49
7 71 57
43 129 28
7 82 54
98 107 27
46 84 46
70 94 49
8 25 11
81 90 24
14 40 25
24 80 44
29 38 35
49 82 37
50 81 34
52 84 50
106 126 34
88 110 12
77 94 7
31 57 25
63 120 22
50 89 16
48 83 3
65 66 18
66 85 0
46 53 52
43 124 31
34 121 35
48 68 50
5 117 58
97 99 54
81 85 56
14 125 32
64 100 13
48 113 41
65 116 33
5 55 51
57 93 5
63 105 25
38 99 16
109 111 57
64 84 57
76 119 42
82 89 35
54 110 19
125 126 15
6 129 3
25 55 35
46 109 16
31 56 17
16 61 30
77 84 35
103 122 42
108 126 31
87 115 43
12 85 52
69 105 2
13 42 32
9 27 43
89 89 52
26 33 29
36 109 56
19 111 32
5 15 10
36 45 22
69 111 11
11 80 0
95 111 23
92 112 24
0 89 48
117 122 20
54 112 54
59 110 18
52 74 47
30 40 34
82 123 53
100 103 20
23 94 41
42 99 15
102 102 1
39 39 46
82 104 24
63 118 3
43 105 38
127 128 58
58 112 5
91 127 30
88 105 1
111 112 28
11 62 7
16 18 60
74 117 29
59 128 54
102 111 37
32 95 59
100 109 31
19 89 24
45 52 11
69 125 8
72 79 37
82 129 10
105 128 0
47 99 8
25 65 44
60 77 1
57 98 31
29 113 7
1 32 59
28 32 43
16 42 48
111 118 58
29 57 49
110 116 44
101 107 27
26 117 4
117 117 24
71 89 57
14 33 44
5 39 53
80 126 58
71 103 48
59 64 21
4 40 52
1 62 21
79 126 1
50 68 43
104 108 14
42 46 30
2 57 39
11 20 53
86 120 22
33 40 48
60 91 10
68 108 10
66 74 33
85 110 47
103 128 2
101 110 56
22 105 23
24 104 27
67 72 55
25 87 35
65 115 33
3 40 11
96 108 44
123 125 35
89 95 11
59 86 0
83 122 46
78 79 16
50 115 51
64 90 45
65 128 26
86 118 43
90 118 36
59 127 41
113 128 53
47 78 22
111 128 16
62 116 0
90 107 42
10 64 23
62 92 36
64 64 22
45 61 54
27 95 16
48 52 4
50 56 6
96 105 9
86 111 36
51 84 60
112 112 39
42 70 50
7 37 15
12 36 1
51 126 9
19 59 25
20 129 31
18 118 16
36 62 54
66 103 1
42 108 22
90 114 45
69 94 56
104 120 51
106 108 34
96 103 49
50 52 16
100 101 26
2 21 15
67 96 43
60 72 16
26 111 37
56 103 7
13 120 1
35 112 50
89 122 10
71 104 58
75 108 11
50 123 42
21 109 32
21 43 19
94 108 55
103 115 8
3 74 20
66 100 14
77 106 59
41 52 52
4 128 8
72 102 26
39 71 57
84 120 27
57 82 10
89 94 47
107 120 10
76 88 46
78 113 51
11 17 47
118 122 1
75 125 8
71 78 19
66 107 17
22 86 18
97 109 23
63 100 3
16 60 6
86 116 29
97 110 34
25 81 5
34 54 3
92 121 13
2 60 58
16 116 32
54 73 0
1 23 0
13 78 55
44 60 29
91 103 47
68 109 11
61 74 40
97 112 1
65 110 12
3 81 39
71 86 1
49 63 35
92 111 26
30 41 39
44 97 2
45 86 44
26 119 2
107 123 27
48 54 53
9 120 0
18 115 50
100 102 44
5 65 40
56 119 36
72 73 12
6 92 27
10 106 29
33 50 7
36 71 35
99 115 25
100 113 8
17 62 56
73 113 19
9 24 25
19 22 11
5 121 28
26 87 11
119 128 28
30 101 51
57 94 56
39 86 37
7 31 14
26 53 37
39 68 57
23 66 31
95 119 27
11 15 30
2 5 36
97 128 11
6 126 15
67 124 48
12 105 38
28 101 26
3 45 4
2 122 38
81 114 54
38 61 31
20 88 46
85 113 53
68 106 40
38 80 40
70 88 14
55 97 25
93 96 16
44 86 21
53 87 43
28 92 59
5 74 7
102 109 29
56 115 54
14 97 26
23 50 52
5 69 60
58 123 26
69 92 23
86 125 56
81 98 45
13 47 58
4 51 54
7 119 27
46 94 49
28 75 43
15 41 16
32 92 56
29 50 40
83 98 23
105 125 13
99 99 46
98 126 59
33 100 27
9 35 29
16 30 31
91 110 0
4 73 12
105 107 14
112 113 3
79 104 59
39 117 42
89 92 1
7 55 28
24 101 21
24 45 30
61 90 55
0 96 19
82 86 43
9 68 46
48 57 26
103 117 36
85 90 6
40 44 23
18 51 13
54 59 30
75 107 22
60 121 44
24 119 33
9 110 27
39 67 0
78 93 56
85 105 18
73 73 7
66 105 5
48 88 35
9 127 44
37 69 33
4 122 12
31 46 32
112 128 33
89 120 8
56 57 5
42 90 35
1 122 7
91 94 42
73 114 35
86 88 35
11 34 51
100 124 12
58 85 31
57 88 34
116 121 50
71 92 0
20 31 8
68 77 45
9 86 32
58 129 35
78 104 24
29 86 16
14 93 59
83 127 6
11 38 30
25 50 36
29 124 28
11 106 9
31 71 6
19 129 52
33 65 30
113 118 16
84 88 39
98 118 43
85 116 31
41 72 48
43 118 1
74 88 6
15 124 53
52 97 57
50 104 14
40 88 36
36 118 21
27 59 42
62 127 55
103 119 10
35 99 19
89 104 10
81 103 45
70 74 41
80 106 32
87 116 26
31 72 28
3 69 24
13 75 53
50 103 9
20 74 59
56 100 32
4 75 9
55 128 18
113 115 43
77 105 46
6 68 6
122 126 48
2 59 14
67 113 11
52 60 21
30 99 32
50 126 38
101 120 10
82 110 2
61 100 26
107 128 49
75 106 33
64 122 0
29 129 60
74 92 26
14 67 16
42 54 7
26 79 56
70 99 59
68 80 25
54 106 39
17 112 2
60 107 31
6 77 24
6 98 8
1 104 45
76 108 1
20 59 44
0 55 24
20 101 53
107 127 40
40 124 3
62 123 29
69 90 54
64 118 22
48 106 28
86 94 31
62 110 55
38 79 13
21 70 2
19 103 10
31 115 47
17 122 30
67 83 1
66 69 8
59 121 11
36 77 33
70 117 51
42 55 44
49 108 2
86 95 31
61 119 49
29 99 1
92 102 6
45 50 53
88 103 12
31 101 57
84 86 57
43 49 48
34 72 14
12 48 6
57 115 53
102 107 11
35 97 30
54 55 7
22 125 33
121 128 9
63 113 37
104 109 57
32 65 17
63 66 11
102 129 48
104 117 19
49 94 12
13 100 39
80 91 5
31 67 4
106 123 7
39 44 57
30 114 8
41 64 1
63 94 7
81 111 23
26 129 56
70 122 49
101 108 34
77 128 36
14 88 16
73 81 52
38 81 23
47 110 52
45 62 56
112 115 1
65 122 38
35 116 47
114 119 18
86 93 11
37 127 34
98 125 4
3 53 9
24 77 42
49 126 25
17 80 8
48 55 56
57 118 26
28 71 44
17 54 13
73 110 49
54 88 10
65 100 12
109 122 0
77 87 44
79 117 56
109 123 7
101 112 1
36 83 15
41 44 23
76 95 58
16 53 30
73 77 22
48 100 5
51 120 59
109 114 1
30 55 39
7 28 14
21 32 50
72 124 6
88 121 50
93 105 44
55 83 34
89 115 55
68 79 14
93 129 16
33 103 56
32 32 7
112 126 30
74 103 25
94 117 48
69 95 48
32 66 0
31 93 4
19 54 7
110 113 21
6 6 53
4 18 56
45 76 42
76 83 7
103 114 43
67 120 11
66 93 24
107 107 38
41 60 33
36 110 6
45 59 56
5 41 26
8 124 20
79 121 8
79 91 57
87 108 13
21 120 14
47 108 51
59 76 53
57 105 7
100 118 14
31 33 10
12 80 10
59 126 41
58 93 40
8 72 52
65 79 49
1 110 30
12 34 36
88 102 5
27 73 32
102 114 36
94 112 40
22 26 44
89 117 48
64 102 22
74 89 12
98 114 55
70 82 38
33 93 34
57 129 12
27 113 20
20 62 58
10 19 8
32 113 2
41 74 49
63 124 27
61 72 54
18 122 23
5 11 15
74 119 36
8 74 35
84 103 54
16 27 13
90 92 6
59 90 37
107 115 40
74 80 41
15 97 45
53 109 28
83 88 2
101 106 7
27 79 13
29 123 23
73 93 34
11 13 46
77 117 51
2 39 36
61 64 5
9 101 4
56 92 23
33 74 20
56 107 15
106 114 19
30 39 1
116 119 26
104 126 6
19 57 47
55 117 50
29 63 51
92 92 22
60 126 43
59 78 29
57 57 46
37 45 0
104 107 5
75 101 27
0 74 57
29 85 48
96 97 5
117 127 33
53 116 12
112 122 47
94 94 44
67 100 34
36 55 2
78 91 25
43 59 24
36 123 30
19 92 46
88 120 54
58 118 19
31 83 24
29 81 0
28 118 10
53 54 55
34 45 29
37 123 16
72 105 4
38 129 32
28 62 42
48 89 22
0 27 22
46 115 6
42 73 3
121 125 13
13 126 15
88 92 43
29 83 24
38 105 42
92 117 19
101 113 5
60 103 8
69 116 17
87 109 23
53 93 32
45 97 48
51 125 27
80 118 13
27 35 30
6 118 51
63 102 40
46 51 52
21 27 21
56 87 30
73 104 20
35 114 60
61 128 33
72 113 60
27 107 45
83 86 35
60 115 53
102 119 24
32 103 31
11 101 38
29 53 2
2 27 39
90 117 55
52 101 0
15 107 1
19 76 29
107 121 3
7 39 10
59 87 29
25 98 37
47 84 50
2 98 50
33 42 30
47 61 48
44 55 5
34 91 45
51 122 1
111 119 55
94 107 12
81 113 55
66 84 8
13 50 34
17 73 13
25 73 8
58 72 39
80 92 27
9 40 34
104 127 53
32 89 7
2 56 14
25 43 25
14 54 39
51 62 53
0 106 50
49 61 24
87 92 40
51 96 58
26 76 30
81 91 33
19 117 45
47 106 45
81 108 52
59 112 31
70 128 47
45 129 21
31 86 34
82 114 13
31 36 31
80 129 55
1 57 21
119 127 49
8 19 38
58 119 26
62 77 38
101 104 21
45 64 9
84 98 19
21 100 19
9 29 14
106 117 24
51 103 39
27 61 53
67 119 32
21 55 15
8 119 11
93 108 58
9 78 47
18 30 52
3 18 20
68 117 6
10 120 0
2 74 45
55 102 1
84 108 12
76 81 45
18 98 38
23 109 36
35 55 25
109 118 25
26 88 9
53 68 29
76 117 15
109 121 18
83 105 4
74 84 58
84 89 22
59 129 15
38 59 7
30 46 4
111 120 0
95 99 45
108 117 36
18 111 60
59 109 11
31 54 35
98 100 10
49 60 18
16 96 38
16 25 52
0 50 1
91 126 35
51 91 54
63 63 24
42 66 10
75 128 20
101 105 1
81 122 15
35 85 45
1 109 57
83 118 12
47 125 7
99 126 42
85 98 13
94 103 23
83 85 24
21 46 42
80 112 21
21 63 2
55 105 23
79 96 50
29 40 20
1 8 40
20 110 7
71 106 48
50 93 3
82 101 49
35 117 42
52 115 1
74 97 13
85 119 1
75 89 6
71 93 52
92 128 41
59 65 39
23 34 57
88 124 28
29 92 59
107 124 37
21 38 25
30 108 45
83 129 60
116 116 45
17 76 51
32 111 53
37 82 35
98 101 57
101 126 53
55 111 0
97 116 52
32 50 8
95 97 56
16 20 18
28 125 46
82 125 29
22 118 55
7 106 27
105 109 58
54 77 41
38 117 17
83 114 34
1 105 32
51 100 21
91 102 46
35 56 39
64 81 60
77 91 29
112 127 37
31 95 45
108 124 57
89 110 0
59 125 21
105 126 5
106 121 7
27 122 36
13 27 41
113 124 49
43 119 37
9 64 19
56 104 20
73 102 19
46 73 51
2 77 32
34 125 38
11 11 13
110 111 51
100 107 42
60 74 21
5 92 60
71 113 3
40 113 29
72 94 4
52 128 21
59 62 30
58 59 58
4 82 22
87 106 39
24 51 24
68 85 32
25 107 20
113 129 21
76 123 46
93 104 56
30 52 49
38 46 12
14 117 38
119 121 8
59 105 33
84 129 32
21 53 51
91 122 4
87 112 10
89 125 4
19 98 45
51 111 48
70 98 54
0 102 43
90 93 33
105 124 4
39 64 21
6 72 43
88 101 4
31 120 49
80 105 46
0 75 14
69 87 4
105 117 33
35 113 16
74 101 56
6 127 28
109 120 16
99 122 15
66 91 55
70 125 5
35 49 54
76 116 28
71 79 29
90 115 29
22 45 40
79 80 34
22 82 3
39 129 57
116 122 49
76 79 56
111 113 57
101 127 49
39 108 58
20 121 43
17 53 28
35 44 28
79 109 1
85 109 50
71 99 48
49 87 45
33 48 31
9 107 14
4 4 40
33 52 50
80 82 46
47 75 48
102 113 24
110 125 23
53 92 7
40 103 45
85 115 52
6 115 28
12 123 55
77 116 52
45 70 13
57 58 54
109 110 51
82 127 36
88 125 55
1 64 36
50 62 48
93 120 54
37 64 52
63 104 0
28 115 1
1 30 52
102 105 12
76 82 55
52 86 21
75 103 39
15 20 27
109 115 59
98 108 1
108 110 53
50 106 36
73 103 14
83 100 13
24 124 14
113 122 38
40 81 39
22 71 53
32 60 31
4 37 1
95 117 2
81 127 28
35 108 16
80 108 19
57 67 23
80 90 21
9 62 36
53 119 24
107 117 8
1 40 48
108 114 53
56 127 29
45 72 38
30 117 55
89 105 13
7 86 4
80 117 34
5 6 53
108 109 21
118 123 4
36 39 6
41 129 58
13 111 31
57 120 25
78 128 12
84 114 27
89 124 29
98 99 28
108 116 26
116 124 1
18 38 28
67 93 51
17 66 56
19 68 12
83 101 21
93 97 14
16 38 33
19 100 25
86 86 6
97 119 38
20 23 19
49 57 51
96 99 25
90 109 14
118 121 26
93 110 8
105 120 55
21 21 32
45 115 17
14 120 24
84 128 58
63 122 0
7 63 26
58 103 17
109 116 57
95 106 9
0 44 51
24 58 14
41 105 47
93 98 19
65 112 40
72 125 8
37 75 47
22 38 0
8 122 29
36 88 22
21 48 28
44 96 21
69 70 11
34 97 22
0 14 56
20 107 13
18 103 41
33 89 36
46 120 47
43 64 25
91 128 12
59 113 42
95 125 57
76 97 44
107 122 11
16 126 42
52 54 44
91 106 26
55 67 51
28 96 5
71 77 21
12 32 1
60 102 4
78 123 38
72 97 33
81 107 58
43 95 11
70 86 55
17 19 32
90 103 29
18 67 9
16 118 20
49 77 52
78 85 57
86 129 19
78 101 26
105 105 29
108 123 3
59 71 32
46 78 14
115 124 33
20 80 29
67 110 38
20 78 33
71 90 42
90 102 16
62 107 6
62 84 39
65 81 29
67 91 28
40 102 27
43 96 6
36 126 16
3 78 37
12 46 57
64 92 33
78 83 22
113 113 7
5 87 26
14 86 50
77 111 60
42 82 43
84 119 26
32 42 37
77 88 38
55 75 30
49 91 5
86 102 45
30 35 51
100 112 9
110 127 20
29 48 54
43 106 19
30 60 38
106 128 41
98 112 56
73 107 3
34 129 12
55 119 39
93 127 6
89 101 32
29 126 38
12 115 41
60 76 26
36 94 5
36 42 3
68 115 49
54 80 42
54 124 37
16 37 28
100 116 0
2 52 15
114 129 33
68 124 1
8 17 36
45 118 40
55 121 3
39 56 47
16 76 33
4 11 54
87 122 9
58 109 9
98 123 26
69 85 35
43 101 34
80 111 13
48 90 15
28 87 20
42 79 30
21 92 9
55 68 41
59 122 22
79 110 7
66 115 20
48 62 10
16 23 20
44 100 45
38 74 45
72 128 49
31 125 24
55 98 17
54 70 17
95 112 1
37 44 22
63 97 59
82 95 55
43 120 46
32 126 32
1 119 8
18 60 45
36 48 8
12 93 3
15 43 27
38 38 0
15 78 0
25 89 43
94 106 22
109 126 58
47 59 14
110 123 45
22 78 20
79 95 34
73 88 60
54 57 18
96 118 4
113 117 18
51 73 7
59 69 47
1 25 17
103 108 26
83 120 21
42 83 38
68 111 30
8 24 10
86 128 3
110 112 56
62 99 5
8 32 4
90 121 9
34 70 54
59 106 46
69 77 2
3 23 1
1 69 20
63 99 9
72 120 35
27 70 20
10 94 30
4 42 43
79 86 13
49 75 11
47 71 16
48 70 3
1 43 14
1 73 5
59 60 59
68 97 48
120 129 18
75 118 2
28 94 3
18 44 56
1 97 5
29 108 46
84 115 60
77 79 29
62 71 52
81 118 5
19 35 22
41 110 10
23 98 32
28 59 35
63 125 12
37 58 23
114 120 0
20 65 23
9 55 15
45 113 6
104 123 45
111 129 19
80 100 7
58 73 39
22 49 33
70 116 34
32 105 58
82 118 52
19 82 54
18 116 28
42 96 10
95 122 19
8 58 21
17 107 41
74 125 28
99 113 22
68 129 2
66 113 2
93 99 47
8 44 49
19 106 2
44 103 38
38 123 57
61 103 13
81 115 21
107 109 15
118 124 35
58 86 23
15 55 41
78 84 29
28 95 58
46 68 23
52 56 13
13 106 35
59 88 57
14 89 29
26 62 49
37 124 34
40 114 15
54 99 45
8 35 32
11 16 60
82 83 3
45 105 24
5 107 31
37 95 32
74 128 33
11 117 2
109 119 36
19 108 39
30 68 5
48 74 4
9 26 45
105 116 22
17 22 34
94 100 31
87 101 32
34 110 24
29 36 31
4 76 20
20 104 47
81 106 33
62 122 13
37 84 11
56 82 12
97 100 23
80 96 19
51 110 49
91 129 21
85 101 37
44 105 52
0 4 31
28 86 45
31 87 25
43 87 18
51 89 56
18 109 37
67 97 4
89 119 47
101 109 27
71 75 57
62 90 8
66 111 16
13 67 50
38 96 1
47 51 25
80 88 13
52 109 2
60 94 32
91 115 27
12 43 26
103 124 45
51 74 30
66 79 6
19 19 43
62 95 39
1 33 24
6 60 19
7 103 54
9 49 19
44 50 28
65 71 42
82 115 15
112 114 11
86 99 18
110 118 2
71 85 42
1 51 4
82 119 50
16 45 44
113 126 40
87 87 38
21 51 24
54 62 4
104 122 59
58 79 48
38 83 54
29 39 16
93 121 30
15 47 60
5 57 15
84 84 38
57 109 20
60 111 50
70 70 0
10 82 40
14 64 44
73 118 13
66 114 59
3 121 27
47 90 60
95 96 27
29 52 59
0 123 44
14 23 50
65 109 43
68 120 15
45 123 18
112 119 24
50 117 49
92 104 24
50 95 26
29 107 37
64 80 22
86 92 22
64 76 51
82 122 26
2 20 33
25 30 24
9 124 45
0 17 35
55 126 4
73 129 13
49 67 25
54 104 49
108 122 40
2 17 33
17 108 4
50 54 35
27 69 22
6 86 10
11 21 11
8 68 5
1 48 51
82 99 30
44 78 12
92 97 16
70 101 58
88 113 49
7 117 5
41 108 45
95 104 15
54 105 35
38 50 10
36 97 43
108 119 1
62 102 41
20 72 13
84 113 35
43 107 47
43 84 13
80 125 26
18 95 17
7 124 60
8 111 30
30 127 24
27 100 2
107 111 15
13 109 17
77 121 46
66 72 14
7 96 28
23 96 48
68 81 16
97 107 45
55 70 18
97 98 12
80 121 7
5 81 41
1 95 10
4 61 18
26 47 28
33 81 15
98 106 25
26 41 18
106 112 3
69 108 2
6 125 33
59 101 26
92 106 32
75 87 16
87 91 54
103 110 23
106 120 6
23 107 39
50 61 41
87 126 26
50 90 5
11 57 33
62 62 31
54 97 46
31 92 26
67 76 35
109 112 0
30 122 19
67 128 27
27 56 52
17 23 7
71 94 51
25 124 35
78 107 24
52 105 4
106 125 2
27 128 34
52 76 35
55 116 22
62 79 59
43 125 7
5 28 0
36 84 24
85 129 24
12 99 23
61 124 17
14 81 2
51 77 38
26 78 47
0 73 28
22 95 33
5 22 34
60 67 30
10 122 51
90 91 1
8 114 41
45 90 3
42 57 7
8 129 26
0 45 2
98 120 48
60 87 23
43 62 48
57 81 48
5 29 11
67 89 10
103 103 38
4 29 16
33 66 26
30 82 32
45 89 9
10 92 20
55 114 51
79 97 41
6 35 32
5 54 57
51 108 57
4 38 33
47 114 32
37 107 40
19 126 36
88 114 38
51 90 19
15 126 55
63 121 44
50 51 5
96 102 2
13 31 14
37 89 9
52 69 36
13 55 21
35 40 6
32 62 20
102 123 4
30 59 23
8 101 11
88 88 9
28 70 55
43 89 13
27 108 42
65 92 17
68 100 53
24 27 7
38 82 14
19 79 56
78 81 47
89 111 26
41 65 36
48 107 30
2 129 46
114 117 7
92 107 27
54 60 22
21 65 13
84 123 7
104 104 49
13 44 35
56 74 33
58 71 49
94 115 51
97 118 30
104 113 25
17 29 46
99 119 15
36 98 19
22 24 48
63 65 28
8 10 54
48 60 30
24 97 24
9 104 51
49 49 6
28 31 52
85 96 3
78 109 24
64 128 28
24 121 0
67 85 50
82 108 55
78 121 54
25 102 33
34 104 14
89 108 39
58 104 13
5 31 46
31 124 23
26 57 10
61 111 37
89 103 51
13 70 44
23 58 48
21 124 51
21 98 38
68 123 1
19 78 49
43 73 40
19 122 6
78 87 50
16 107 30
50 60 16
60 108 31
84 90 43
90 125 21
104 110 17
78 120 13
5 19 50
40 69 31
32 93 45
106 127 20
7 115 19
13 84 4
103 104 9
17 88 25
88 95 35
97 117 55
83 106 57
80 123 2
97 111 39
2 75 50
108 113 52
15 61 39
6 46 37
39 69 46
70 121 19
75 115 5
59 119 39
60 75 36
22 63 46
36 114 1
41 118 6
15 83 55
90 104 39
103 118 24
47 94 30
10 18 38
41 83 19
15 27 51
80 122 13
64 101 44
2 93 56
71 126 40
15 29 24
66 75 44
75 112 4
92 108 50
95 127 40
2 65 56
75 113 55
24 118 2
30 72 58
9 34 40
67 92 25
42 129 36
42 125 41
15 32 37
37 48 51
102 112 33
32 94 39
44 64 45
48 127 22
100 127 58
70 127 17
95 121 2
25 36 51
68 74 46
47 103 54
62 88 24
74 109 5
74 129 6
78 95 41
76 80 7
79 124 39
69 74 49
3 19 26
64 87 36
80 107 10
35 126 29
108 125 14
29 29 30
52 83 47
44 53 42
75 102 16
46 128 50
17 85 6
2 118 30
39 50 30
16 69 46
76 99 9
96 129 57
75 91 27
46 103 54
111 117 8
48 53 25
41 106 36
87 105 29
40 100 5
72 100 10
80 119 50
32 123 52
15 122 42
58 125 14
103 129 0
57 124 13
24 116 39
103 127 2
47 66 26
4 74 37
93 128 33
21 101 9
62 109 42
30 89 18
88 96 39
89 118 14
10 26 23
91 119 16
65 78 50
105 113 12
61 75 55
5 98 22
72 123 28
99 112 56
26 97 45
86 122 4
13 90 18
53 61 57
93 125 38
100 123 58
14 68 60
59 66 8
27 75 16
75 127 23
27 87 33
75 119 34
62 124 0
88 108 4
4 103 21
85 85 2
72 126 45
31 94 50
91 99 52
68 99 41
39 72 35
62 118 2
70 118 31
56 91 3
56 71 5
45 84 47
6 31 15
69 75 20
11 118 0
59 72 34
48 108 35
37 108 9
109 117 53
82 106 41
10 58 47
32 68 11
4 109 13
39 106 27
91 96 16
29 96 38
103 123 48
36 116 45
64 73 21
0 76 31
21 61 29
18 21 21
28 52 15
61 68 10
2 111 6
26 65 43
115 115 46
14 111 58
29 42 59
43 68 22
15 71 10
7 80 23
39 49 54
17 24 19
71 74 49
92 93 7
42 69 51
40 46 38
8 75 29
103 109 32
79 128 30
5 80 52
19 46 3
96 100 36
54 90 2
78 114 31
70 89 27
19 73 22
42 75 17
86 103 48
41 70 60
73 86 42
91 117 44
34 111 3
54 111 33
35 88 43
6 106 59
79 79 35
75 79 59
74 82 60
16 103 49
8 40 3
70 90 50
27 31 47
54 92 10
22 27 34
11 65 23
15 96 59
15 62 42
42 62 14
8 107 7
90 94 4
42 114 54
74 87 46
2 97 7
105 108 12
25 72 27
101 116 42
29 32 47
37 106 12
46 76 60
51 102 54
44 117 34
44 56 38
32 67 39
82 102 31
35 66 40
43 83 39
49 68 58
2 7 42
53 125 19
79 118 55
24 115 59
25 42 46
11 72 8
90 99 34
21 97 30
12 62 38
24 33 11
95 124 36
46 110 19
16 84 57
28 56 10
86 87 33
40 78 26
14 25 33
8 96 17
10 33 59
14 60 8
60 116 24
36 46 21
16 98 19
43 86 42
4 72 57
3 57 0
69 88 56
32 81 36
87 121 53
13 28 45
31 73 22
39 115 51
13 88 58
7 38 16
40 56 43
57 87 3
32 83 20
9 72 28
81 94 53
50 101 33
80 104 45
10 78 7
53 101 38
116 118 32
29 127 47
5 7 0
20 35 0
62 86 14
60 60 34
3 108 22
86 109 2
37 117 45
96 110 24
89 102 50
24 87 30
78 100 51
71 128 2
36 76 23
24 86 27
66 116 1
12 71 9
73 108 1
50 125 56
81 123 29
46 60 58
28 66 56
19 70 12
51 55 37
44 98 30
9 79 8
53 121 11
49 86 24
15 95 21
34 101 8
68 86 52
18 99 30
89 106 44
49 80 16
2 24 2
45 125 47
44 82 18
47 82 25
25 67 34
102 118 5
45 71 17
21 105 29
71 88 19
1 21 32
30 37 40
7 91 4
25 44 2
27 121 14
75 81 5
31 66 52
31 85 58
94 105 53
77 109 47
18 66 17
91 116 59
69 73 38
24 102 24
100 100 3
10 62 34
3 64 48
18 106 14
93 113 48
28 74 21
98 102 59
80 128 14
101 111 16
14 17 28
10 95 54
62 105 18
72 81 11
9 116 56
71 112 56
33 90 24
13 71 48
44 116 11
0 71 5
4 49 23
38 73 39
72 86 13
60 118 9
39 96 51
99 104 47
44 71 19
13 97 27
46 114 10
31 35 25
62 119 60
53 96 54
77 115 57
81 128 38
19 62 42
60 129 60
89 93 13
74 120 18
8 127 30
9 32 12
55 110 34
1 55 0
24 72 29
54 114 30
72 115 22
102 116 17
47 119 60
68 84 39
89 123 34
83 109 40
20 50 16
39 95 37
11 77 8
48 81 58
74 116 19
94 128 59
12 74 44
53 126 43
103 116 35
26 56 4
66 125 39
3 48 36
104 125 19
61 80 28
52 78 44
50 128 42
84 112 3
91 111 18
81 82 32
54 79 17
56 81 1
23 37 45
68 76 11
29 115 27
87 93 15
38 54 25
101 125 30
77 90 23
0 99 10
8 82 38
36 125 49
23 118 2
96 123 53
88 116 55
29 49 48
55 103 6
34 63 2
10 14 15
21 56 27
67 114 49
80 89 25
20 127 50
24 48 18
83 84 14
113 119 48
50 55 31
80 103 34
2 8 16
18 78 29
12 47 54
32 115 3
13 77 33
64 91 7
91 114 53
39 80 12
23 115 56
16 19 48
30 96 43
11 67 24
67 73 22
1 52 8
10 48 26
5 93 1
11 91 2
85 100 44
84 122 50
82 113 6
62 81 6
50 111 11
5 24 49
56 67 40
54 68 22
14 22 35
20 118 26
32 102 11
58 61 26
68 68 55
31 76 59
64 127 56
7 59 0
56 111 45
41 68 60
18 79 11
84 93 42
78 106 15
56 80 4
37 102 58
19 97 43
88 93 5
18 101 50
35 102 51
38 104 38
84 107 27
66 102 12
62 117 49
102 125 47
63 64 23
4 83 20
52 119 3
61 70 58
61 102 2
50 80 32
88 112 49
93 115 3
55 99 25
53 60 21
76 114 13
64 72 32
4 19 13
104 129 46
57 119 40
19 21 42
74 75 34
12 82 42
49 103 14
17 94 6
27 67 51
27 102 22
0 39 20
73 123 56
3 61 0
44 95 29
12 117 56
108 121 6
46 112 0
48 124 3
85 121 52
9 103 3
36 73 39
73 121 32
39 81 23
7 116 0
26 98 17
19 125 4
71 97 3
55 69 52
26 108 6
49 124 44
5 42 54
63 79 25
25 31 53
79 99 46
81 96 12
93 116 43
77 108 27
61 97 12
45 73 12
24 94 32
76 94 17
25 100 39
28 55 49
61 129 14
13 69 47
72 74 49
47 74 39
40 66 52
56 123 16
22 69 58
40 105 9
24 61 55
15 110 47
34 128 57
16 79 51
101 124 12
77 127 11
43 126 42
61 83 9
15 69 44
63 77 16
48 63 44
6 75 3
43 81 35
63 96 19
18 18 38
58 66 48
84 105 7
19 85 17
34 118 4
56 125 59
1 42 18
96 128 50
35 67 46
3 124 33
52 123 53
43 55 9
82 96 54
40 74 47
33 70 16
13 61 56
1 49 3
2 36 60
47 72 19
27 39 54
37 66 21
57 103 6
0 54 17
111 114 50
75 99 19
36 81 58
66 109 32
25 116 39
79 115 34
92 116 50
37 86 56
48 77 43
75 117 26
108 128 59
51 119 3
83 126 50
40 89 38
75 92 32
39 70 9
37 43 60
14 57 7
58 88 59
93 123 9
89 126 32
59 111 23
102 127 30
51 93 35
63 81 14
59 77 13
5 50 11
50 119 40
38 55 59
27 104 32
7 110 37
18 119 30
19 49 0
98 98 31
47 104 13
47 69 57
35 87 39
38 40 47
105 106 13
73 92 44
20 27 39
30 97 40
19 104 1
3 15 57
17 50 7
3 29 42
38 60 12
21 93 36
53 86 21
78 122 19
18 73 9
2 12 45
25 29 10
4 36 21
70 73 48
33 58 1
46 117 49
20 92 8
35 46 23
69 119 22
39 128 55
40 106 24
69 82 35
10 43 13
36 111 27
54 126 31
11 32 26
80 86 45
29 72 29
25 91 1
41 63 41
12 45 0
8 52 59
8 94 51
46 77 49
41 116 13
68 110 6
94 104 60
7 61 20
38 72 52
77 98 41
81 99 44
9 38 42
29 97 53
38 41 14
13 29 3
17 109 0
11 74 36
19 20 54
32 78 8
64 74 3
52 95 31
60 82 47
71 121 3
31 55 46
33 67 47
31 60 60
42 101 59
45 96 34
4 114 7
90 128 23
72 109 30
95 128 12
36 82 34
37 61 59
51 127 59
36 70 57
80 93 42
77 126 43
35 101 52
63 68 31
48 67 45
102 108 48
24 127 23
48 114 44
5 56 31
10 46 59
2 14 24
94 113 55
35 61 18
32 72 15
62 66 23
2 62 10
86 90 7
33 128 57
30 84 38
44 122 1
45 51 15
73 83 45
33 49 43
56 66 52
58 121 47
92 120 59
64 95 45
33 54 25
46 118 9
2 84 32
49 127 49
74 108 48
33 37 47
6 53 60
83 115 55
98 111 27
40 63 22
115 121 37
73 99 32
55 112 15
93 117 57
24 31 11
10 79 60
2 30 56
50 124 46
10 73 19
15 127 47
47 127 58
58 82 9
65 118 8
29 77 41
34 85 60
48 126 18
47 55 44
10 105 37
89 97 25
1 16 3
104 128 40
56 97 37
61 126 18
79 113 2
5 90 55
38 71 8
72 103 37
5 123 40
29 78 30
11 93 4
24 41 43
40 73 24
55 62 1
49 55 40
72 91 55
5 47 10
4 66 56
48 49 56
30 50 1
18 36 12
31 107 6
56 76 35
60 95 30
64 119 8
35 53 9
86 115 6
83 99 54
44 75 1
79 90 12
81 109 5
88 98 20
1 124 38
43 109 1
63 128 25
18 128 16
39 122 4
7 102 45
40 125 23
85 125 9
52 53 33
12 44 49
26 26 18
49 92 24
7 14 59
50 96 47
85 88 8
58 114 17
45 81 20
9 22 40
40 67 55
8 126 17
40 76 34
18 27 2
45 98 42
32 117 9
40 128 50
83 102 0
28 76 44
52 112 26
14 96 52
47 97 28
15 125 55
79 81 47
63 127 9
64 113 42
19 113 9
52 106 14
103 105 19
55 90 58
16 39 20
34 35 24
14 72 47
104 105 24
37 110 5
53 100 8
72 122 46
94 118 20
92 100 17
38 49 41
27 62 23
18 70 7
15 118 5
43 85 53
0 86 12
21 78 36
4 5 46
51 83 59
55 95 20
56 116 19
32 38 12
25 27 38
47 47 33
42 120 5
94 111 60
34 36 28
10 113 28
109 124 35
34 92 26
79 100 46
40 54 23
59 98 21
4 89 39
80 113 25
74 112 19
12 116 19
48 94 0
93 102 6
4 68 36
29 105 52
78 88 22
46 67 22
6 117 36
39 118 50
41 97 24
71 71 55
81 121 27
73 97 50
4 46 60
40 94 5
28 64 16
42 71 6
34 66 42
27 129 26
45 87 54
15 112 59
61 120 20
54 75 14
19 53 59
87 129 30
72 90 35
30 93 22
103 113 8
33 97 7
12 84 31
56 84 36
16 110 42
93 100 7
76 86 19
36 95 24
61 123 40
21 117 36
15 99 51
36 115 15
3 95 26
37 114 3
38 78 1
28 91 49
28 73 58
23 105 29
33 109 56
93 94 8
64 88 31
25 47 48
2 108 22
22 87 57
41 78 32
98 122 51
27 81 20
22 116 15
10 21 26
106 110 5
43 127 51
58 105 3
33 106 24
35 103 0
34 95 39
50 82 5
5 116 57
21 79 53
59 93 7
25 57 16
30 45 40
76 77 56
5 66 38
38 70 55
76 110 57
10 85 27
13 68 8
77 89 51
77 123 30
23 101 50
12 111 20
36 56 29
32 37 18
111 124 58
60 66 30
92 114 52
12 14 10
32 77 20
42 45 10
19 84 30
61 92 5
53 71 53
61 78 17
40 71 39
60 98 11
67 71 15
13 30 58
27 93 22
46 111 1
0 31 43
10 97 32
22 79 28
20 54 25
13 95 43
97 115 39
73 100 40
63 117 48
69 83 49
18 25 10
16 95 59
46 123 54
90 100 35
80 81 45
6 79 17
73 80 49
9 60 51
45 46 36
96 113 16
12 20 60
11 107 26
71 123 44
19 24 58
62 68 48
58 77 39
81 104 12
60 114 56
32 121 38
36 78 32
108 127 29
58 128 18
101 101 18
23 43 17
32 36 6
11 43 31
25 78 21
32 40 0
15 72 27
14 31 28
24 62 8
28 85 26
51 51 1
20 98 1
42 92 49
41 49 36
40 85 46
30 95 18
13 73 18
61 98 35
57 101 45
7 108 42
49 109 14
51 69 42
92 109 2
20 33 45
49 122 30
35 86 27
63 85 60
38 127 34
47 88 33
20 57 8
67 111 4
49 118 13
0 122 51
28 107 11
54 98 47
54 127 55
95 115 37
94 129 5
39 100 58
71 73 41
26 102 31
4 12 2
47 124 1
10 23 37
116 129 40
62 74 49
48 112 32
68 94 34
17 44 48
92 96 2
89 114 34
68 78 9
39 55 20
95 113 32
67 107 0
0 95 22
5 114 51
0 124 41
59 74 16
31 43 10
65 94 30
77 92 19
79 92 17
29 35 12
43 114 41
26 89 13
34 75 24
3 82 56
42 86 48
51 76 52
14 73 26
39 87 16
34 106 55
29 58 50
74 77 31
53 78 11
42 84 45
11 12 52
69 84 19
26 128 34
92 125 42
71 110 7
0 63 52
82 93 51
2 10 10
24 34 43
13 14 46
10 80 29
18 96 29
62 104 39
20 45 36
21 108 38
43 102 16
14 75 57
7 23 24
41 95 1
94 116 48
3 55 31
9 83 5
35 68 13
83 107 44
88 126 21
67 108 34
48 65 21
29 89 17
51 92 20
43 66 55
60 64 23
74 127 24
94 120 47
42 48 5
15 115 47
4 62 30
26 63 37
7 36 51
49 66 2
84 106 1
110 114 14
64 108 7
64 75 21
25 121 18
5 101 13
45 117 46
99 107 32
42 53 60
53 114 19
21 37 7
36 43 53
72 93 55
6 38 29
50 92 46
9 51 13
68 98 43
24 38 23
22 57 48
39 77 49
55 125 58
97 104 20
5 9 16
30 64 58
97 123 3
58 75 36
11 95 30
3 42 50
2 53 42
2 64 40
3 8 43
57 69 7
47 77 31
58 102 15
46 47 23
78 119 46
46 116 8
47 98 27
74 121 19
70 71 2
26 66 39
62 129 31
39 125 41
86 100 6
58 107 0
6 23 29
13 51 44
38 103 21
98 117 20
27 114 21
1 92 56
41 123 9
52 104 3
85 91 1
7 100 50
71 105 6
37 54 23
10 67 50
100 126 28
8 39 20
11 68 30
30 53 52
64 106 23
10 45 24
68 91 23
19 27 16
63 74 24
34 86 25
32 106 26
33 118 19
39 116 41
33 105 30
92 129 14
7 57 50
62 89 10
67 101 35
12 68 18
63 86 34
68 89 47
0 56 18
6 47 15
42 42 1
42 119 36
43 48 44
7 52 7
58 80 7
58 83 19
58 101 10
10 72 20
28 97 12
34 78 43
14 108 39
45 80 28
64 86 27
20 52 24
24 66 52
25 101 45
9 89 35
57 106 39
34 126 13
4 6 10
15 45 7
75 104 45
45 63 2
26 82 46
12 21 18
19 41 13
72 89 50
36 69 49
30 70 6
85 127 43
41 51 28
31 37 22
23 125 20
76 76 4
0 114 4
47 53 57
11 66 1
70 106 37
8 38 60
34 64 25
23 61 41
2 94 30
38 110 46
18 46 17
25 118 18
18 48 45
37 109 51
35 47 23
22 70 24
7 16 17
5 27 39
56 69 18
48 58 13
46 59 38
19 51 29
30 44 0
53 89 16
22 112 36
90 116 49
10 71 6
30 125 59
111 122 14
9 126 28
5 44 2
24 122 14
33 127 23
1 82 30
6 56 27
52 61 6
39 54 58
23 111 9
81 119 3
65 124 32
27 46 29
69 127 11
8 53 9
106 113 52
10 121 24
23 53 18
27 52 14
17 28 23
9 129 20
14 15 39
57 111 34
38 116 28
58 122 37
70 75 41
81 93 48
74 115 18
64 125 28
24 103 54
33 71 39
37 41 53
4 69 54
12 29 25
24 68 43
3 36 37
22 73 57
29 125 26
15 33 39
51 129 40
16 111 5
59 117 46
87 114 7
61 127 23
100 106 15
33 62 25
1 26 59
12 121 21
53 91 10
28 38 26
5 67 7
54 119 59
94 96 3
18 65 48
100 105 43
9 95 5
43 111 52
55 115 44
56 61 59
28 28 5
44 110 7
20 128 4
14 27 9
4 126 3
23 27 36
99 120 31
34 55 25
59 89 56
76 107 44
78 86 59
2 23 44
6 95 7
105 122 48
0 10 5
97 108 37
41 42 23
22 117 45
38 43 22
12 52 59
66 112 52
15 109 48
75 80 28
33 82 53
12 101 22
96 115 32
9 102 18
5 62 3
45 127 32
80 110 55
49 107 32
105 112 59
25 71 56
16 127 15
24 99 26
30 88 31
34 81 53
24 128 27
68 114 49
100 111 31
3 26 26
72 88 38
51 95 1
40 57 10
23 92 60
57 64 9
51 52 30
13 15 33
4 52 57
57 86 5
36 59 16
66 117 41
63 111 50
64 97 18
33 45 47
9 85 12
41 80 11
32 49 10
12 89 49
20 48 10
38 98 58
42 88 4
55 92 50
95 126 57
100 119 57
37 37 58
34 107 55
99 128 31
17 65 31
49 64 0
57 95 9
26 86 52
14 66 55
83 90 31
73 105 11
51 124 56
16 115 55
71 116 48
110 121 16
64 71 5
19 31 38
4 24 56
17 52 20
37 80 29
16 125 39
43 63 31
31 41 60
17 103 11
11 51 40
14 35 19
20 105 51
35 75 46
68 128 45
66 70 50
81 101 18
108 108 12
31 51 10
20 117 44
55 80 2
30 77 48
57 91 55
16 73 5
73 106 48
2 42 53
1 91 57
23 33 10
21 127 27
88 127 13
74 83 8
17 77 1
60 100 47
50 79 9
32 61 57
54 121 37
48 86 33
74 122 15
57 117 13
32 124 13
12 96 9
34 67 12
72 106 46
52 68 35
52 127 38
30 87 26
10 116 19
1 39 4
15 68 25
57 89 18
31 34 7
56 83 1
80 94 13
53 84 23
86 123 36
44 61 10
38 92 22
36 66 22
41 59 53
1 38 52
44 87 47
13 80 19
112 123 40
67 125 36
20 83 53
35 78 13
68 118 51
86 96 58
15 92 42
26 106 7
90 113 57
25 123 10
107 126 32
70 91 44
103 121 9
85 123 47
14 34 17
49 119 13
69 99 31
27 111 11
79 102 44
40 116 54
57 65 19
74 105 47
86 104 45
10 127 21
87 119 23
59 100 10
21 106 32
59 70 60
99 108 16
75 88 13
47 70 23
68 107 19
52 103 54
9 50 6
110 120 45
2 107 47
82 87 4
29 44 47
92 105 44
10 109 52
4 97 46
43 108 17
85 94 36
33 60 54
63 123 27
64 114 51
4 17 30
40 118 52
38 91 30
21 114 17
27 89 16
7 48 46
37 52 14
16 80 4
44 57 1
98 128 37
2 99 36
26 112 15
58 111 2
11 127 8
26 120 48
85 87 7
16 41 25
41 71 60
28 40 38
48 104 44
14 44 22
7 107 30
13 57 50
76 121 60
47 116 9
67 95 50
17 30 2
35 72 46
6 69 21
52 120 22
7 127 22
112 129 13
69 100 1
7 84 7
43 67 51
3 128 34
18 104 12
16 92 40
92 119 38
52 91 4
79 89 26
24 57 12
88 128 58
65 99 55
51 54 23
33 119 30
106 107 22
54 109 12
23 123 16
39 73 35
92 115 60
92 95 29
2 4 10
15 90 21
32 71 37
86 126 19
0 5 55
72 92 51
68 101 55
1 108 38
7 85 23
68 113 55
46 96 7
24 49 47
18 47 52
42 68 20
42 51 52
35 94 17
18 110 48
90 120 3
32 59 31
59 123 58
9 12 22
37 62 38
37 113 33
18 57 54
4 10 1
44 118 33
36 51 17
49 95 53
75 120 43
2 72 41
22 35 4
28 57 60
59 102 26
81 116 27
7 104 33
4 106 7
18 29 60
18 126 47
73 116 29
18 61 42
83 95 48
42 60 24
80 115 48
16 64 39
61 87 22
14 42 53
3 114 24
2 120 53
26 69 20
50 78 46
11 103 18
5 73 4
18 120 25
87 94 24
25 85 8
17 123 49
47 92 13
43 51 60
51 105 3
2 79 40
53 70 23
72 78 47
57 127 40
13 113 49
11 30 2
1 9 56
8 47 44
65 111 57
106 118 9
14 59 54
26 99 32
26 118 13
94 119 27
77 96 43
34 80 52
78 116 16
29 65 38
51 101 33
54 69 34
2 16 38
18 24 8
66 110 6
107 129 0
1 1 1
81 126 51
63 73 31
10 88 14
50 59 44
34 115 55
20 82 29
63 80 9
20 103 16
13 32 25
63 93 18
8 56 52
105 118 13
27 28 14
18 72 17
36 72 0
28 72 60
104 124 0
4 27 59
52 65 11
35 36 59
0 15 17
40 82 33
36 86 32
1 79 58
7 112 58
51 106 33
37 120 11
60 89 0
35 64 20
6 85 29
74 95 51
57 59 4
40 108 8
31 42 18
3 109 3
56 64 14
89 127 12
12 66 56
18 54 47
52 81 60
46 86 58
9 9 6
95 129 17
24 88 48
26 35 55
54 67 20
74 114 5
60 97 1
105 127 19
73 117 27
18 50 22
104 118 7
22 110 31
26 105 15
7 87 8
66 87 27
22 129 0
12 92 50
78 92 24
39 98 56
29 100 55
38 75 29
8 85 29
87 123 35
49 105 12
70 124 50
8 97 27
75 76 21
101 121 31
90 108 17
39 51 18
3 117 26
44 102 45
22 48 35
7 66 14
37 57 20
6 64 18
44 81 32
76 115 8
35 107 5
1 54 16
25 32 3
69 104 13
38 84 59
1 74 47
26 90 52
31 65 50
4 125 10
53 120 49
36 58 51
9 82 1
66 108 4
27 109 50
39 92 46
47 68 49
56 128 16
20 102 20
63 108 27
60 123 50
27 30 2
53 127 44
13 43 18
33 47 51
70 103 36
62 106 47
97 114 13
51 116 46
80 80 58
2 68 16
41 127 29
41 92 38
27 80 35
54 107 44
60 128 28
96 101 15
14 28 41
30 94 58
40 109 9
46 107 14
104 114 29
79 85 9
90 127 19
32 33 21
13 25 25
33 57 1
95 116 8
37 53 11
53 77 25
49 98 59
85 128 29
42 102 3
60 125 14
39 40 22
38 119 51
44 107 19
1 118 30
71 76 8
87 95 37
52 66 6
59 124 24
70 113 39
89 98 44
47 57 35
4 64 10
13 23 5
0 72 43
81 110 9
27 117 28
97 129 59
18 129 1
60 78 56
41 56 25
44 90 16
3 103 29
82 111 35
69 122 15
92 98 41
38 51 34
76 102 12
38 44 18
6 114 7
11 116 52
19 26 56
21 52 8
54 74 39
55 57 55
21 23 22
1 24 28
13 103 42
25 97 24
35 93 51
11 82 11
2 102 19
52 90 26
9 28 14
31 44 30
106 115 52
49 115 26
15 30 41
64 93 40
72 110 18
59 79 14
11 97 43
55 61 39
33 116 51
37 83 54
77 77 6
31 40 18
64 66 48
26 51 58
48 64 38
22 91 50
72 117 47
23 55 13
80 99 30
77 93 16
113 127 17
35 111 12
37 101 5
27 88 30
76 98 53
45 108 13
38 106 40
17 111 53
70 107 41
23 47 58
58 97 58
14 107 58
99 109 29
82 98 29
0 100 42
13 116 46
20 63 3
76 101 49
9 14 24
23 85 53
10 56 43
72 77 4
15 37 1
15 51 37
51 75 7
14 115 27
96 96 32
28 120 44
4 71 52
28 122 21
83 83 36
86 107 9
44 54 58
1 129 55
66 68 14
114 126 24
51 71 26
32 79 13
26 42 3
30 34 11
25 76 21
71 118 54
10 32 1
21 99 51
8 62 33
14 19 2
77 104 10
20 126 39
64 67 55
29 37 22
49 56 8
61 69 14
56 56 18
94 114 42
53 118 55
26 93 20
32 70 55
11 128 43
73 78 11
12 109 50
26 75 8
12 73 47
3 99 13
41 104 44
0 53 49
5 97 13
49 79 54
76 91 16
7 33 14
5 12 9
65 103 8
12 106 35
42 110 43
84 96 36
67 68 42
62 83 37
25 64 0
72 83 39
0 9 42
76 111 9
35 105 46
80 120 3
22 101 3
43 110 52
52 59 32
19 43 7
4 105 42
52 102 56
63 103 54
81 100 23
72 99 3
93 114 51
28 84 14
35 58 8
5 10 11
88 107 44
60 96 25
92 113 36
14 70 6
36 121 47
93 101 28
33 51 32
105 121 43
34 94 29
60 122 29
27 40 17
29 68 2
29 95 20
71 119 17
46 121 34
6 84 28
42 72 35
0 66 27
41 69 50
7 88 8
22 42 18
77 118 52
71 122 58
73 119 0
11 23 31
69 91 24
39 46 17
0 82 25
20 86 13
14 30 21
1 101 40
80 83 23
9 20 52
50 65 56
24 75 17
14 29 28
85 95 48
12 31 37
23 108 9
25 26 35
28 68 13
6 17 36
15 93 54
40 117 1
35 119 9
89 121 20
65 93 48
16 26 12
84 117 42
26 73 58
96 117 39
38 39 40
20 20 53
17 116 32
39 104 38
4 86 29
5 89 56
34 90 2
15 15 22
22 32 40
18 63 59
34 119 2
31 38 21
81 87 11
51 66 23
49 111 60
77 129 43
45 112 28
47 109 3
12 64 9
9 61 32
73 76 7
15 102 27
13 64 18
5 109 42
56 79 11
43 76 60
47 102 5
8 15 14
31 81 18
42 81 45
38 48 33
0 57 38
17 25 0
15 82 53
52 116 50
45 120 1
58 65 24
61 105 56
92 122 30
30 109 46
28 36 13
7 76 45
4 101 24
61 116 25
84 111 42
100 121 53
90 96 40
0 61 55
13 49 1
56 99 48
12 86 36
22 115 56
23 68 23
8 57 17
103 120 36
62 108 41
31 31 15
76 120 51
60 104 14
53 74 49
74 74 41
23 80 41
10 102 28
38 76 36
65 90 12
46 74 5
68 96 3
58 81 46
3 73 19
38 65 49
66 90 30
85 102 8
69 79 51
50 109 35
45 79 20
27 127 38
7 81 35
34 42 39
62 73 40
70 83 27
28 100 56
19 66 36
31 126 59
46 127 56
37 115 51
10 104 53
75 83 59
56 58 31
70 104 15
58 99 4
56 114 32
75 114 3
12 119 27
39 43 20
36 50 49
94 121 24
69 96 9
74 110 31
66 119 14
9 91 12
89 100 33
48 110 49
31 80 40
56 94 9
46 70 35
78 90 36
91 105 53
44 65 53
72 127 49
24 64 3
37 94 36
20 70 60
4 98 54
10 16 32
21 74 16
54 100 42
35 63 21
67 121 58
49 76 35
1 127 46
33 44 24
39 127 24
48 69 39
84 126 37
23 129 26
43 117 27
68 126 47
78 102 41
2 126 17
73 91 48
27 105 60
1 13 35
15 104 12
31 90 15
92 94 1
41 119 47
15 23 8
63 83 21
85 112 55
41 109 33
31 119 59
1 120 40
67 79 43
16 104 31
17 127 2
4 44 48
58 78 11
85 97 28
84 127 30
95 123 14
19 88 40
20 53 24
67 109 3
48 101 45
78 112 55
16 102 40
65 82 42
17 114 25
21 121 52
52 67 58
7 34 53
84 100 16
31 121 58
33 120 39
17 117 7
45 56 49
62 64 54
18 107 18
24 40 56
43 65 55
75 78 41
77 122 36
66 82 24
35 41 8
30 79 53
37 112 56
87 103 36
5 38 7
23 56 26
28 46 38
21 129 59
15 57 38
6 48 42
3 59 16
54 117 5
3 41 16
70 102 27
6 20 47
17 18 10
45 60 26
66 81 6
49 120 24
48 85 20
12 124 16
84 99 17
40 65 35
38 122 22
48 117 48
25 25 2
41 115 53
57 116 8
2 70 27
18 102 50
41 84 43
63 71 60
38 42 16
35 76 7
79 122 11
1 77 36
91 98 31
15 105 1
52 94 15
4 116 30
17 42 45
23 119 40
54 66 10
0 67 14
28 109 19
33 79 27
57 85 51
47 50 8
78 98 7
23 76 22
8 99 14
42 118 55
35 110 20
34 93 28
86 110 42
14 91 29
64 112 42
14 98 37
16 112 16
26 28 15
53 69 27
17 92 17
13 45 27
2 109 17
21 88 6
7 46 51
13 35 25
32 116 5
30 120 30
76 104 43
43 99 25
37 39 18
80 98 40
77 97 6
11 56 53
0 105 14
7 92 2
33 115 6
22 122 16
63 106 41
14 114 2
58 127 39
47 81 47
43 128 42
43 122 20
4 31 43
22 88 41
82 120 30
21 110 38
19 40 2
29 76 47
32 51 38
15 79 37
13 104 9
58 91 24
30 112 42
26 52 13
15 18 12
77 103 55
35 98 29
36 44 44
3 86 15
39 62 10
59 108 10
31 45 42
21 28 18
34 122 49
56 68 30
13 105 19
42 44 41
15 101 42
34 48 15
70 87 4
56 105 37
31 103 56
64 96 30
78 125 20
43 113 23
6 109 40
31 118 58
26 80 28
22 46 47
43 112 19
3 123 14
27 76 6
52 125 58
71 111 16
34 50 9
60 83 15
67 103 5
85 114 34
12 98 6
84 109 11
21 128 18
3 14 3
40 96 41
51 64 42
46 87 24
10 77 48
55 71 55
32 101 35
2 63 22
42 103 3
1 50 3
61 86 28
0 21 21
64 110 6
86 91 5
49 53 44
41 107 20
10 98 15
52 118 39
6 57 23
72 87 32
29 121 1
22 83 33
82 103 0
47 93 40
54 64 22
23 102 3
30 66 37
49 85 50
60 85 25
23 60 35
7 19 31
24 32 16
21 116 22
75 124 44
33 53 8
39 42 59
17 49 17
25 111 49
24 96 25
7 17 45
82 112 43
3 92 48
29 110 50
7 30 22
94 123 26
38 64 38
13 56 27
17 90 16
12 57 21
67 87 9
22 65 47
18 34 51
57 128 14
24 105 60
7 65 0
88 99 37
17 79 55
38 128 21
11 120 20
0 0 28
77 110 46
38 121 17
42 128 3
97 113 1
32 53 45
48 76 41
48 115 9
25 95 26
59 92 36
98 124 4
21 67 8
31 78 50
39 126 38
15 65 29
69 120 5
33 34 19
92 101 19
75 82 42
58 89 54
12 110 48
67 122 37
53 65 58
5 49 14
17 21 58
58 67 9
13 24 51
27 54 36
19 56 59
33 98 26
14 41 27
63 114 26
70 114 11
42 89 49
81 89 29
21 104 60
51 65 41
26 92 2
1 61 47
77 100 32
13 127 39
52 77 44
32 91 12
4 113 59
27 36 6
19 36 1
39 85 7
76 128 22
18 86 56
40 87 54
60 69 40
50 122 60
88 115 37
0 119 37
25 128 14
6 58 20
18 108 23
58 60 24
50 87 25
49 88 30
47 54 7
55 104 46
14 100 54
68 90 34
63 84 24
23 95 12
44 111 54
102 115 11
2 82 26
75 77 12
53 124 18
49 71 13
18 82 10
48 56 42
13 66 48
66 94 16
51 80 45
19 94 4
16 33 60
62 63 0
23 83 35
41 96 30
24 84 55
58 115 21
50 85 7
31 88 48
53 110 17
28 39 54
33 126 28
53 81 59
2 104 12
15 67 4
13 94 35
27 43 48
67 94 48
23 110 51
61 104 36
0 35 34
6 36 19
75 96 18
31 116 58
62 103 3
69 101 56
67 80 5
65 69 6
96 119 59
19 75 26
96 104 35
60 93 26
52 122 25
16 128 22
108 120 44
71 114 4
58 70 31
45 103 2
28 90 43
6 82 43
12 60 39
74 90 54
30 51 36
6 67 32
35 73 38
12 69 31
66 83 5
19 105 31
8 27 47
34 49 0
49 123 54
17 125 23
16 81 30
49 90 38
49 99 47
47 105 29
89 109 18
85 118 29
22 100 20
20 32 15
9 71 57
48 111 25
5 78 4
25 94 36
61 61 26
71 91 0
45 100 36
38 58 4
27 125 40
17 35 24
6 76 47
42 65 15
10 50 13
49 110 20
46 66 15
30 126 16
17 121 42
20 90 41
0 46 59
26 50 42
9 122 55
16 85 9
63 82 1
61 91 47
1 36 59
64 116 60
13 20 49
32 120 46
6 105 32
78 80 46
9 112 29
21 125 28
78 94 20
36 90 53
59 97 17
69 114 0
23 116 10
90 101 17
4 70 5
11 52 1
51 94 30
9 97 14
73 112 20
9 21 24
36 79 20
54 122 26
15 75 26
67 116 55
15 98 39
58 62 58
54 89 3
88 104 29
15 56 41
37 46 51
9 118 55
19 109 1
27 38 27
66 92 12
31 123 6
54 84 23
83 121 25
75 98 7
41 61 12
100 120 3
54 78 45
54 71 55
17 26 1
13 41 35
24 120 12
64 94 32
19 102 23
70 126 11
16 29 28
63 95 31
24 44 27
51 79 32
87 104 3
20 26 8
23 81 60
9 88 35
75 93 50
102 126 56
52 121 17
53 107 11
5 82 2
46 119 52
90 105 60
9 31 36
26 77 25
105 111 35
60 120 39
27 57 38
7 90 3
46 122 1
5 75 46
81 81 49
56 63 39
10 29 12
24 55 13
48 96 3
67 123 52
13 110 32
55 74 29
45 128 43
10 51 15
54 95 8
33 68 24
47 126 33
13 18 60
59 80 42
21 72 37
26 44 16
27 47 41
16 49 14
90 123 2
30 61 16
5 126 32
46 125 42
59 68 56
26 38 46
43 103 43
67 115 22
84 97 28
42 77 29
63 126 14
79 101 35
22 121 39
87 124 1
11 76 5
29 69 48
42 76 23
1 47 41
93 122 35
23 23 43
3 97 31
27 84 35
33 114 56
29 116 2
6 44 54
21 49 45
24 92 39
14 55 44
35 95 5
12 19 56
91 91 5
59 91 14
51 85 14
16 94 55
3 62 10
43 78 43
18 42 59
55 85 15
41 103 1
32 80 30
44 68 56
80 102 58
46 100 39
11 125 44
10 103 59
71 81 30
45 99 0
22 124 47
20 124 52
19 60 53
56 95 9
8 73 22
46 113 22
70 108 47
34 62 32
31 111 52
8 103 0
77 114 54
92 124 8
1 123 13
53 102 25
26 84 24
9 39 21
53 123 56
47 111 8
46 92 14
17 57 47
91 112 6
21 115 22
41 48 26
0 20 31
35 59 9
26 91 27
44 48 34
59 115 60
12 37 50
84 94 43
1 35 34
65 129 10
75 129 28
15 26 20
1 10 58
50 77 60
38 114 21
17 41 57
43 72 52
100 117 52
14 106 36
10 11 5
55 123 2
8 70 46
4 87 8
20 36 49
0 121 49
35 70 15
20 24 10
42 123 2
64 120 15
60 80 24
55 100 14
50 50 49
71 72 24
76 106 46
20 25 59
75 126 43
40 126 33
68 112 21
2 31 33
8 21 56
29 87 45
25 120 24
71 82 44
46 69 11
41 114 34
85 120 15
53 80 2
37 122 42
96 98 51
21 103 30
19 114 29
67 102 51
9 90 50
0 93 0
40 112 37
96 109 3
15 129 27
69 98 19
22 128 13
39 82 33
34 76 40
7 53 1
63 89 14
15 38 44
41 77 46
45 47 49
33 87 24
32 47 6
24 107 36
0 81 27
7 97 4
20 55 20
26 122 49
38 66 38
24 24 8
59 84 5
42 95 23
79 105 32
16 50 3
62 128 2
34 105 42
40 122 19
24 78 37
48 129 35
20 34 8
39 109 44
35 106 48
17 99 7
39 102 16
58 100 7
65 125 25
5 30 27
47 128 46
67 99 43
36 54 44
47 67 27
19 112 49
73 75 52
29 117 31
60 73 54
50 129 15
11 18 22
54 118 37
18 91 39
87 98 32
12 91 56
2 55 56
48 123 27
22 44 45
49 101 35
17 43 39
22 72 4
23 97 37
2 128 23
50 102 0
16 21 21
83 108 44
50 110 27
25 113 25
5 79 58
51 114 19
25 104 30
14 94 4
11 36 42
30 31 12
28 51 17
24 91 18
57 99 19
2 80 32
17 68 0
44 67 60
11 29 13
11 109 20
9 65 21
77 119 53
80 114 5
24 47 19
77 81 44
40 62 56
34 34 50
71 101 60
47 129 24
43 44 40
58 84 55
100 115 36
12 54 22
13 108 14
33 117 2
0 38 4
50 75 6
48 92 60
36 64 26
10 42 40
99 127 3
43 47 40
31 96 1
27 120 13
15 86 0
5 37 51
14 121 54
102 121 44
94 122 31
68 103 27
30 48 6
81 92 53
67 84 16
59 83 15
75 97 22
32 114 31
11 100 34
12 42 12
20 29 0
21 118 3
7 42 17
37 72 0
63 115 24
10 125 21
45 116 43
8 115 8
7 72 58
5 119 30
7 41 3
4 57 1
24 65 36
34 124 12
17 110 54
34 37 22
32 64 9
34 57 41
19 29 42
3 56 37
39 58 45
16 47 5
12 102 36
37 91 53
79 82 7
11 54 9
16 32 44
37 129 56
39 53 53
29 91 23
87 118 39
72 129 21
0 117 24
55 124 8
22 75 17
50 118 48
12 95 29
14 101 18
47 100 20
59 99 25
9 13 4
11 33 3
27 41 47
16 67 28
23 122 23
19 55 23
34 123 9
4 55 8
40 72 33
86 106 7
49 113 14
46 101 50
26 100 36
49 116 10
18 22 33
17 55 55
34 117 46
26 59 32
81 83 59
25 108 34
47 113 49
21 90 6
24 28 16
22 123 43
19 38 33
0 127 4
97 126 28
49 70 57
33 124 43
42 49 32
12 61 39
28 119 3
32 128 50
30 56 15
8 83 6
41 121 10
3 46 57
6 87 17
43 98 32
34 46 9
64 77 53
32 76 39
56 109 46
9 77 35
7 121 3
93 119 30
4 43 28
84 121 13
30 111 22
28 88 19
39 97 54
18 87 2
77 80 33
19 42 11
27 91 39
23 88 58
32 125 11
12 55 58
44 124 54
27 33 34
35 127 53
54 94 11
8 29 11
21 24 11
59 116 20
3 72 25
77 78 17
0 37 33
15 100 45
80 109 44
41 124 38
0 78 45
77 125 10
67 90 55
3 80 1
22 41 51
9 99 47
76 113 5
20 51 15
55 113 47
9 43 56
56 60 52
33 102 18
12 104 19
37 97 44
70 79 23
2 101 58
67 112 15
34 96 48
18 43 35
38 77 50
13 119 30
37 88 45
43 58 36
26 104 22
82 109 24
19 45 57
33 39 2
21 40 38
71 100 17
76 112 36
28 43 43
6 10 22
53 58 47
57 68 26
78 105 46
1 90 6
37 111 35
64 124 34
0 19 54
37 105 35
24 108 10
20 96 58
9 93 49
55 86 34
26 125 27
1 71 26
30 86 8
54 113 56
30 100 9
13 93 31
28 116 43
23 62 56
74 91 56
38 90 60
12 129 35
20 87 35
35 115 43
25 79 4
16 90 31
5 13 57
43 50 21
69 109 0
61 93 30
34 44 35
20 58 29
57 71 56
2 105 3
82 91 22
33 95 1
15 128 42
65 105 35
48 50 3
2 49 4
56 118 48
12 127 4
29 88 43
20 43 55
78 82 18
32 56 30
76 92 36
21 34 28
8 65 8
3 65 39
72 82 39
10 54 60
26 31 0
13 112 39
21 119 34
45 101 55
32 45 22
49 97 23
0 80 53
69 107 3
65 73 20
42 97 29
10 123 48
69 86 44
40 98 19
44 91 36
79 114 18
9 115 21
20 112 58
43 53 52
2 127 20
20 77 31
61 81 47
12 27 49
75 111 50
61 114 13
38 102 39
29 31 0
98 113 58
28 126 56
62 76 17
44 77 27
6 100 15
21 80 19
80 95 4
40 127 15
1 89 53
54 108 53
79 103 6
37 99 31
26 29 40
100 104 43
65 108 28
17 45 36
25 92 56
63 98 52
45 88 59
26 27 48
18 84 45
14 116 15
10 81 39
40 83 11
52 87 15
21 35 19
69 123 54
13 91 26
38 120 7
57 77 40
45 83 45
72 107 46
49 121 17
52 93 3
33 76 52
7 89 53
20 93 35
55 78 31
50 71 51
72 95 58
61 99 43
61 117 19
21 26 47
67 106 0
32 43 29
5 108 27
25 114 23
69 110 40
14 118 28
65 87 47
14 80 42
66 128 30
24 123 19
58 92 5
14 123 5
10 101 12
23 44 15
41 43 50
63 90 59
10 110 53
46 129 58
51 68 6
66 123 28
50 67 28
0 59 38
23 25 17
17 17 15
19 118 9
34 84 27
37 51 54
25 66 24
4 45 7
56 88 31
28 127 10
22 67 20
60 119 37
32 35 53
4 53 19
25 83 19
4 30 43
42 80 60
68 75 6
43 123 47
62 126 46
20 69 41
44 74 0
49 83 39
7 22 22
28 80 60
83 104 14
76 122 46
69 113 29
30 91 34
76 78 54
9 63 9
53 56 14
14 36 39
30 102 9
42 109 39
56 93 57
18 89 7
28 82 23
68 93 22
25 59 0
96 127 59
12 94 24
52 57 59
82 124 24
27 29 11
24 70 6
7 109 32
0 3 15
19 33 33
52 71 51
1 112 6
14 37 16
19 61 2
79 106 52
30 118 46
78 99 32
78 126 38
14 62 29
19 23 10
47 79 27
50 63 35
4 110 13
4 100 7
35 91 48
2 71 42
17 97 55
47 60 42
30 54 6
34 99 16
16 34 48
42 50 39
24 129 20
7 43 32
26 68 44
62 97 23
2 51 36
29 120 24
57 79 16
7 29 27
58 87 9
56 77 16
83 128 27
17 124 58
52 111 24
37 63 20
5 5 54
66 95 60
41 76 4
0 85 59
56 70 56
62 82 54
65 88 9
63 107 50
67 77 7
59 81 3
71 102 36
22 50 31
29 74 42
7 123 27
72 104 34
39 63 37
6 112 24
48 75 46
24 100 55
31 110 9
8 67 32
41 85 30
93 124 2
18 35 6
34 103 8
5 59 51
10 57 1
28 108 19
57 100 21
88 90 57
44 125 54
31 75 23
84 95 27
2 81 21
5 125 12
51 88 33
2 44 38
57 90 41
2 38 22
62 113 52
12 90 12
29 59 14
30 81 58
1 83 54
7 56 48
73 109 25
65 127 60
60 81 31
23 26 23
16 35 19
1 115 4
15 85 53
47 120 31
2 28 5
22 81 53
53 55 1
14 77 57
61 82 22
42 105 11
16 57 13
25 99 22
64 78 13
61 106 55
49 117 15
68 125 55
23 93 57
56 117 11
64 70 37
24 36 1
22 104 20
34 61 54
32 74 19
49 62 7
22 23 44
21 95 39
101 119 24
26 61 20
24 26 36
10 44 55
18 81 9
34 109 29
27 82 36
88 117 11
17 78 6
51 123 33
15 81 18
7 11 41
1 2 24
52 89 28
22 106 15
24 43 20
13 39 49
50 113 30
55 59 0
38 85 26
6 40 28
53 67 1
3 76 18
47 58 39
27 83 55
13 82 22
28 69 49
15 59 9
1 102 15
27 64 37
12 12 60
26 109 30
51 109 60
85 106 60
60 71 60
21 71 1
53 88 36
11 35 13
55 96 34
61 63 58
22 61 53
67 117 40
51 58 19
12 81 28
7 15 23
62 114 5
18 75 7
7 54 15
23 103 45
40 50 33
37 121 6
50 91 39
97 122 19
52 124 16
53 115 28
63 88 19
47 76 17
24 63 28
22 60 49
16 54 56
26 60 21
40 77 49
60 63 21
9 25 45
11 114 36
60 110 7
29 103 25
27 110 24
53 59 7
12 63 6
59 94 53
74 104 40
15 53 11
38 108 7
11 27 40
6 70 6
18 76 60
59 103 6
27 106 56
0 42 55
22 22 49
70 129 2
54 83 48
53 79 12
46 56 55
61 89 42
2 86 5
82 100 8
48 97 0
21 59 30
37 59 3
6 49 11
87 100 44
10 47 24
13 102 29
20 119 57
56 96 19
48 93 6
47 48 53
9 75 32
39 124 51
35 124 19
42 113 12
33 33 14
36 99 26
56 62 17
83 112 40
42 58 47
10 63 3
47 86 25
48 122 49
37 116 28
17 120 56
11 87 50
37 90 22
44 62 8
78 89 41
10 68 0
53 108 20
83 91 27
19 86 43
12 51 9
8 80 35
7 98 31
66 126 28
2 13 9
45 121 34
39 112 30
40 51 29
13 79 19
29 45 32
75 90 2
12 40 9
52 96 49
27 86 53
38 87 26
90 112 25
55 101 2
44 63 20
41 100 33
20 46 23
81 84 3
47 91 13
10 107 47
21 47 6
4 28 57
14 14 52
80 85 30
16 114 54
87 111 51
22 25 10
31 48 47
39 103 25
3 125 41
10 70 43
37 55 30
60 70 30
38 88 31
43 104 58
59 82 24
3 49 25
15 34 23
44 114 58
41 55 38
34 100 37
3 70 44
1 44 23
69 118 5
6 59 39
32 86 6
56 98 55
23 31 32
42 107 59
4 111 58
30 75 15
89 112 42
23 65 33
30 67 34
15 121 12
30 43 27
24 93 34
22 93 33
13 89 36
38 125 27
41 66 26
5 106 9
21 54 8
52 80 46
35 69 13
83 119 7
95 100 39
69 117 7
38 126 13
10 118 22
80 87 21
24 29 46
17 58 16
43 52 29
54 96 6
43 45 19
3 101 36
65 84 33
65 68 38
25 74 37
80 116 46
46 106 38
30 32 10
64 79 47
67 104 24
72 84 3
6 74 28
22 30 13
19 121 32
1 7 51
40 47 21
67 126 6
18 62 12
15 74 17
16 63 10
3 43 41
7 73 41
28 48 15
23 63 58
36 112 57
20 108 18
41 128 38
87 117 50
4 104 41
2 41 5
68 104 27
14 38 3
18 32 41
57 70 14
61 67 36
73 120 12
4 56 42
46 126 18
66 129 60
50 72 16
74 85 37
50 127 60
52 82 8
36 101 15
91 101 8
54 116 35
18 28 44
82 105 41
20 68 32
53 122 46
72 112 46
21 60 48
80 101 13
25 103 7
14 50 5
47 65 20
66 106 16
8 49 56
69 128 52
6 73 37
8 14 30
11 86 37
1 113 28
10 86 27
88 100 38
3 31 46
81 95 52
35 38 57
37 79 26
39 60 58
21 122 30
6 22 24
32 118 29
6 119 32
35 128 56
22 103 54
5 76 2
39 76 20
78 129 51
19 80 31
1 56 0
75 105 37
13 124 45
42 106 53
88 122 55
7 47 4
48 87 20
3 87 1
36 103 33
27 34 35
81 117 26
87 125 29
19 95 54
23 87 57
27 32 52
20 37 58
69 78 49
22 126 51
16 65 1
10 34 41
9 53 30
34 79 55
60 92 59
65 91 26
57 112 19
35 74 11
44 115 28
0 34 23
20 49 4
4 48 58
8 41 13
16 113 39
6 120 39
9 70 7
61 122 53
39 119 27
16 87 34
22 102 50
61 76 52
34 69 38
70 105 52
50 73 8
2 50 43
24 60 16
33 112 3
36 40 56
43 77 58
46 75 13
44 101 40
77 99 39
48 51 14
57 63 50
21 83 43
33 46 6
27 99 16
14 24 38
6 12 59
71 87 6
25 110 47
33 80 2
32 85 38
22 92 23
9 30 33
11 63 58
2 32 56
96 126 4
82 92 39
16 55 28
3 102 48
14 84 38
83 116 58
74 98 18
8 84 29
75 75 22
71 95 21
22 96 37
20 79 25
32 119 15
55 64 26
7 20 8
41 120 56
17 59 54
3 28 29
8 92 23
10 96 52
23 89 40
63 101 59
20 97 39
46 95 59
12 53 48
2 117 58
25 122 4
73 96 14
41 91 56
74 96 11
6 32 14
5 122 31
48 128 43
50 86 51
8 121 7
0 6 5
8 66 52
23 42 12
5 35 6
11 119 13
42 112 56
29 71 41
27 97 36
35 123 54
69 72 25
20 81 34
66 101 0
21 44 56
27 118 11
55 60 29
1 99 37
23 32 53
51 81 24
35 39 11
19 124 33
22 34 52
22 31 51
28 41 21
61 108 28
54 87 4
3 85 28
13 99 56
72 76 45
29 43 22
5 23 31
11 90 34
42 94 26
18 85 42
23 114 47
50 114 28
6 11 44
76 93 48
24 54 38
16 66 54
53 129 2
52 72 17
27 65 24
83 92 18
28 113 46
9 114 56
26 126 38
61 109 53
27 27 34
30 124 40
51 113 22
23 86 10
45 107 46
16 100 25
8 86 36
52 98 39
39 113 29
11 59 27
63 69 17
63 91 32
10 112 47
23 39 31
6 63 0
25 40 8
41 54 36
68 119 9
13 74 15
25 69 7
11 124 35
28 103 22
36 119 42
48 119 5
41 90 43
7 24 51
87 107 7
36 124 0
18 125 53
47 63 6
27 98 19
5 88 7
5 84 49
66 77 27
66 127 15
19 48 0
18 69 45
24 35 18
20 22 26
63 112 23
28 44 43
0 98 43
81 97 28
20 67 34
29 84 57
14 119 27
4 129 11
3 24 9
61 65 48
11 39 38
52 88 35
28 60 46
10 52 48
32 112 52
32 63 29
35 65 30
49 74 50
45 110 23
1 128 55
16 22 0
28 105 46
24 76 7
2 90 7
37 49 36
49 69 57
62 125 45
59 85 17
69 89 17
52 117 7
28 114 30
39 57 47
29 106 26
31 82 32
33 104 11
33 113 34
76 100 24
22 58 34
75 86 9
19 74 56
40 101 40
37 77 44
54 85 45
76 105 20
58 58 18
47 123 45
27 42 2
42 85 46
26 37 1
25 129 58
10 38 31
43 61 52
50 83 38
31 58 40
25 82 18
8 50 60
30 104 31
47 95 20
38 57 58
38 100 32
17 47 18
62 75 12
8 106 36
27 49 54
48 121 8
8 13 49
28 33 42
46 83 57
9 96 2
90 126 51
40 48 55
36 96 57
25 38 16
30 121 47
46 54 22
7 122 40
60 68 8
55 89 3
36 38 7
8 95 22
55 73 33
53 105 7
47 101 15
77 86 58
60 105 33
60 86 4
23 69 10
5 85 40
34 127 50
12 35 43
11 45 50
26 124 52
24 52 11
50 105 38
26 116 47
56 78 38
1 65 45
25 93 60
41 111 33
58 120 22
15 54 39
52 73 4
40 115 15
10 35 2
23 126 31
8 48 55
48 72 44
67 69 32
8 81 19
37 60 27
9 54 21
40 75 0
5 111 13
26 74 5
39 41 48
6 97 15
78 127 5
51 118 24
33 91 20
19 83 2
28 102 13
41 81 58
1 28 53
0 126 5
31 97 30
67 86 32
14 26 4
18 45 41
3 66 29
56 112 22
55 129 47
29 47 5
3 126 37
7 114 9
5 46 44
38 101 22
81 105 47
33 129 42
33 123 20
16 74 13
49 52 50
4 21 39
31 63 48
34 43 50
26 72 21
45 122 31
4 7 19
28 49 21
46 98 18
48 61 59
15 87 1
24 67 47
69 121 34
18 31 35
27 103 31
38 56 2
56 65 55
0 65 19
3 129 28
0 60 50
5 115 47
19 44 57
26 114 55
35 84 41
28 98 39
31 109 57
26 96 31
8 46 35
16 122 44
58 95 33
82 128 14
55 93 22
23 84 48
17 81 12
40 119 26
26 94 42
72 118 56
2 26 13
47 85 15
44 126 35
30 98 42
52 108 58
15 70 17
13 96 13
46 48 4
9 94 35
20 85 10
4 80 4
54 120 40
34 73 49
8 118 21
7 58 26
61 101 41
82 117 9
54 61 30
0 101 41
29 80 23
23 99 31
10 20 55
24 53 44
44 109 57
53 57 49
0 113 7
35 79 26
1 59 29
22 98 13
67 98 51
63 76 11
62 96 45
32 73 42
3 38 60
31 117 11
6 108 11
29 67 13
27 123 10
28 89 14
37 81 1
33 92 3
41 101 40
11 92 20
46 58 28
17 61 54
64 111 22
62 101 3
79 84 22
22 74 53
0 88 23
40 91 23
71 120 54
15 31 8
60 99 37
54 101 40
13 125 51
16 123 22
34 120 12
12 97 10
60 101 19
5 17 57
79 127 55
36 93 14
68 83 51
12 78 38
5 100 19
22 36 2
46 46 59
40 92 35
0 103 18
0 77 48
3 100 29
7 129 41
70 119 19
55 72 41
63 92 16
19 128 8
62 70 20
67 105 16
2 113 39
58 108 53
65 107 56
31 113 53
2 6 36
23 28 57
18 71 15
68 73 9
17 36 34
52 107 35
44 94 34
49 93 36
10 25 29
51 117 43
33 69 54
44 88 7
8 69 39
53 76 6
71 129 13
15 35 16
19 101 33
71 96 35
35 50 57
50 108 10
8 16 18
44 46 59
45 104 50
62 85 13
33 108 50
32 84 42
81 129 0
41 88 53
11 78 18
17 34 10
42 91 45
57 113 55
4 92 3
31 32 10
87 97 40
12 65 5
99 121 35
36 100 35
17 32 15
8 9 47
0 11 21
36 75 2
57 92 48
14 92 44
44 79 17
56 124 16
10 108 54
4 39 45
53 62 48
15 80 36
97 101 55
34 108 55
40 41 42
39 84 32
15 116 31
37 56 15
55 118 1
25 53 0
0 97 57
64 126 9
8 59 1
48 80 14
33 43 2
51 56 31
32 99 44
3 6 2
34 98 44
29 56 39
51 99 21
85 111 57
20 125 27
17 33 15
68 70 6
6 28 50
47 122 21
45 68 59
50 99 1
66 67 13
19 72 7
28 65 13
25 63 27
83 93 40
45 94 5
3 52 30
35 45 35
3 104 3
11 79 8
13 26 39
25 68 0
53 128 7
51 107 32
41 122 3
14 21 8
42 87 24
70 81 9
3 110 49
23 67 22
64 117 23
7 113 16
46 97 26
0 120 43
56 108 23
35 52 11
9 18 23
11 60 23
31 74 53
4 123 1
7 75 15
65 97 23
32 34 6
66 104 17
6 52 21
42 64 25
54 102 29
16 62 25
17 86 2
33 56 15
56 110 16
61 66 47
35 42 18
43 80 5
25 119 59
4 22 14
53 103 20
60 109 26
72 108 22
18 59 51
44 69 3
73 94 35
52 110 18
64 89 46
27 124 56
7 125 10
42 111 59
71 115 38
32 75 39
58 124 24
55 58 39
10 37 4
14 43 16
16 78 23
7 79 49
25 62 48
47 62 39
8 23 3
27 119 24
57 80 21
23 106 23
6 93 58
39 83 2
2 29 4
26 30 29
6 71 18
29 61 48
54 76 3
73 74 57
64 85 59
23 59 30
12 18 9
30 116 59
26 46 10
10 39 27
39 75 5
65 106 23
40 70 15
25 77 1
83 89 6
49 100 54
33 107 34
13 92 46
9 42 2
17 74 0
32 88 4
6 121 51
55 76 1
26 36 25
15 22 38
3 113 54
40 90 51
5 104 9
28 58 10
11 113 49
71 98 43
79 108 20
30 42 24
0 58 10
27 116 58
65 114 55
21 81 39
1 3 5
73 127 14
3 98 22
30 123 59
11 115 5
52 85 51
9 117 19
9 15 45
18 58 23
3 115 31
4 50 31
8 100 39
11 104 29
16 121 53
29 102 39
13 52 8
58 90 46
4 96 41
7 94 44
60 106 55
13 129 0
68 127 56
8 55 53
1 81 49
10 124 23
34 113 20
37 67 34
4 81 48
51 82 12
4 117 57
52 114 44
37 125 23
75 121 35
44 120 21
27 53 17
22 114 10
13 101 28
31 62 15
12 33 58
13 46 2
14 61 37
23 127 19
1 106 21
43 60 52
2 85 37
37 98 13
42 115 3
11 19 23
10 27 16
26 67 36
4 35 10
16 120 6
59 75 2
45 114 59
25 90 56
20 75 56
47 80 20
28 35 10
8 60 37
27 77 24
7 18 24
19 99 42
22 89 52
20 71 24
25 115 24
29 94 0
61 73 13
62 69 25
21 68 21
55 120 19
4 102 28
40 49 21
41 87 24
10 31 47
53 53 45
28 124 51
7 64 56
30 63 41
32 46 45
49 114 25
4 60 0
9 119 30
70 78 5
65 126 57
25 70 32
35 121 9
98 116 35
57 123 33
19 50 38
61 107 54
63 119 5
85 108 0
0 84 14
20 73 23
22 52 51
5 110 42
29 79 7
83 103 5
9 109 27
11 44 7
1 60 35
6 61 31
1 17 24
25 34 52
71 124 31
23 90 11
21 33 4
5 51 39
10 99 46
61 125 51
77 112 1
2 33 8
11 75 7
39 52 38
37 87 44
0 32 22
9 46 32
67 78 5
46 105 17
9 80 0
23 51 41
62 111 22
44 89 1
26 45 56
15 60 43
53 111 59
8 112 49
11 73 6
25 54 33
25 58 2
31 68 23
59 120 51
11 47 57
14 74 30
13 128 16
4 90 18
25 41 49
21 102 32
81 112 12
19 65 54
2 22 56
38 68 1
33 86 38
33 38 4
7 95 58
23 45 52
71 84 6
57 76 45
28 79 18
15 88 28
12 100 38
21 31 45
39 121 27
19 77 10
51 87 30
54 93 50
48 84 54
69 106 54
3 90 35
43 82 39
72 111 32
66 78 56
12 114 20
34 47 34
34 116 22
8 78 56
21 91 31
51 72 3
5 128 33
0 83 11
38 95 24
11 102 45
69 124 58
28 53 24
1 53 59
53 63 13
14 113 36
44 128 47
57 108 49
41 75 59
30 30 55
7 120 50
14 76 45
10 66 2
1 80 34
55 65 58
65 96 21
28 93 44
57 74 25
54 81 54
10 126 57
1 34 22
34 59 48
73 128 55
17 56 59
46 89 31
21 22 54
58 117 9
15 16 15
37 119 60
7 126 48
59 63 20
32 122 21
23 71 4
0 91 24
21 126 44
18 112 18
97 102 43
27 101 24
38 47 19
23 104 5
24 30 50
27 112 2
3 91 45
36 60 6
8 8 31
25 105 56
2 2 49
46 49 3
4 15 17
22 39 47
10 15 23
15 113 9
26 115 27
1 70 56
32 52 28
22 94 48
5 124 24
20 123 52
37 128 56
14 102 26
16 71 19
29 30 4
27 50 43
28 29 57
49 128 36
30 69 27
11 108 45
15 123 54
37 50 5
7 77 57
31 100 55
53 94 17
25 125 27
31 69 1
18 123 18
0 28 20
43 71 57
18 68 34
1 116 14
17 46 40
0 118 39
7 105 3
4 67 15
3 39 4
59 67 16
31 91 28
21 87 4
53 113 2
40 120 31
30 83 6
1 107 1
31 39 23
58 110 25
12 126 9
9 69 20
30 58 59
7 25 4
7 8 8
14 104 2
12 50 59
35 89 60
4 124 51
6 51 18
3 5 60
67 75 32
30 71 34
81 88 36
16 75 29
34 39 57
7 74 24
5 64 32
6 50 32
37 118 29
43 46 18
25 117 24
31 84 32
1 125 50
65 83 58
6 15 14
70 115 2
35 129 33
8 108 7
42 63 8
0 24 56
46 93 3
2 25 36
8 71 57
49 78 9
16 51 58
43 93 11
17 113 27
36 49 29
6 88 36
72 98 45
12 24 15
10 119 28
11 126 55
21 73 57
34 65 14
25 88 5
19 107 15
74 79 19
3 17 26
9 98 3
37 71 44
61 112 54
35 37 36
16 48 8
14 47 8
51 57 59
5 94 36
60 62 20
15 66 49
49 112 36
22 120 34
11 122 43
65 98 13
2 87 19
59 59 35
29 62 58
79 111 43
9 56 51
65 85 26
19 64 56
8 37 54
38 45 30
77 102 47
19 81 49
3 122 3
49 102 45
61 94 49
64 107 23
7 50 43
26 55 30
9 66 52
83 94 36
69 69 35
75 94 60
91 100 53
26 81 16
17 64 53
62 100 10
1 20 0
33 72 23
69 103 20
7 69 42
25 45 39
15 77 49
44 83 34
27 63 18
62 72 49
33 125 51
9 105 31
26 32 52
45 77 58
3 16 8
65 120 31
13 40 29
37 40 45
11 85 1
52 75 59
29 93 42
32 54 50
26 48 56
31 112 24
46 102 55
20 109 60
40 53 8
25 61 10
21 96 58
35 71 11
91 95 28
76 126 41
32 48 18
9 48 9
43 100 18
12 77 9
65 65 8
6 62 17
55 108 2
0 94 30
69 71 51
33 35 2
53 98 51
3 12 34
11 61 28
18 20 36
13 60 56
23 120 13
36 113 2
22 62 10
40 111 51
35 35 59
55 91 26
3 27 24
29 33 57
19 96 46
15 76 1
10 65 23
16 129 54
50 112 7
13 58 2
39 66 45
2 76 11
4 47 30
12 88 56
28 47 28
21 111 41
63 129 24
3 79 29
13 107 20
41 47 28
41 50 36
12 72 53
18 40 1
11 99 11
11 105 31
44 85 25
26 110 49
29 55 35
28 45 13
40 99 23
64 104 2
22 119 18
47 52 50
6 81 28
31 108 41
77 85 36
39 74 21
64 109 34
84 104 5
56 59 54
38 89 39
42 124 27
72 80 18
55 55 50
33 63 23
6 65 24
40 121 52
11 84 44
52 126 16
29 54 18
1 126 38
53 83 52
12 25 20
33 96 12
42 47 26
9 121 55
17 102 16
12 13 24
43 54 32
64 99 20
9 106 27
10 91 17
16 108 0
7 62 23
9 111 12
13 13 58
31 122 15
50 94 31
31 79 32
9 52 19
23 117 4
9 76 39
30 57 28
44 51 45
40 95 30
23 70 19
54 86 51
14 56 16
36 122 48
8 113 8
9 67 23
5 91 16
37 96 39
8 88 10
30 92 36
36 37 38
14 85 51
19 120 56
2 116 22
14 51 55
61 113 57
64 121 4
57 104 36
30 76 6
3 68 21
18 100 47
54 91 31
48 82 0
15 40 1
18 33 2
58 126 46
22 51 26
3 94 48
70 97 41
22 99 4
66 86 47
0 8 30
68 72 23
29 114 8
15 17 57
0 111 56
25 84 26
35 80 12
14 39 55
30 49 57
25 109 39
15 44 0
53 99 57
20 94 48
2 66 20
13 22 46
13 62 24
78 117 52
18 93 18
36 92 3
12 28 23
19 28 47
45 109 6
6 102 29
7 7 22
17 75 14
9 45 29
76 85 22
0 7 31
20 30 21
12 120 23
43 116 38
41 73 13
24 73 21
55 106 14
46 64 11
39 48 14
12 113 47
74 102 50
1 18 36
18 117 54
42 127 51
14 46 34
38 118 5
35 100 46
75 84 16
11 110 38
38 93 38
6 110 53
31 64 52
24 46 26
2 9 3
17 67 8
15 106 24
89 96 29
30 113 34
5 32 39
25 46 17
49 129 45
0 116 57
14 63 6
34 40 34
8 77 5
73 85 6
16 44 27
2 125 54
25 75 5
55 109 29
59 73 29
87 127 35
26 85 51
7 101 40
4 58 15
5 26 36
26 103 20
60 84 45
10 111 30
45 48 13
8 105 28
12 17 45
16 68 25
3 71 19
5 58 52
48 48 53
37 104 20
24 125 25
16 28 3
33 99 16
85 99 14
33 88 58
20 99 7
6 91 44
46 108 53
32 129 13
84 102 30
6 41 45
20 39 29
49 51 13
7 118 13
12 39 1
38 111 58
0 22 30
35 81 7
50 97 1
20 120 5
34 83 47
11 48 31
2 110 3
42 67 50
11 22 46
26 113 50
50 88 22
55 84 52
15 48 18
0 29 11
