150 10425
180
143
176
158
156
175
154
128
161
185
189
142
166
196
189
199
175
160
100
174
198
198
138
199
159
110
111
176
107
198
164
143
174
136
143
138
170
183
122
114
154
194
145
129
111
139
168
101
174
181
104
133
111
112
181
184
148
156
123
113
180
116
158
105
119
121
106
135
116
144
130
169
124
140
121
112
196
134
190
189
179
117
144
162
168
122
159
183
143
119
132
156
138
145
178
109
181
118
143
100
128
129
139
200
188
197
127
148
103
184
184
195
190
176
160
148
172
144
171
150
191
120
118
172
198
138
106
159
106
199
188
172
187
104
176
179
170
197
156
196
131
192
191
179
140
199
199
169
181
118
0 1 11
1 2 20
0 3 21
2 4 59
1 5 7
1 6 7
3 7 44
0 8 59
8 9 30
5 10 33
5 11 33
8 12 15
6 13 17
8 14 0
6 15 1
14 16 18
4 17 47
4 18 5
4 19 57
8 20 39
7 21 13
18 22 32
4 23 31
4 24 5
5 25 14
8 26 33
15 27 26
19 28 6
26 29 56
7 30 18
16 31 40
24 32 39
16 33 10
12 34 26
1 35 36
24 36 42
29 37 32
20 38 53
14 39 23
1 40 36
14 41 32
12 42 54
41 43 33
20 44 24
17 45 28
24 46 25
29 47 26
43 48 11
15 49 44
43 50 26
7 51 6
26 52 24
0 53 37
14 54 48
42 55 26
48 56 15
53 57 60
46 58 54
38 59 4
40 60 1
53 61 52
53 62 33
2 63 52
57 64 13
42 65 7
41 66 56
65 67 47
28 68 56
3 69 43
39 70 44
68 71 0
10 72 9
72 73 0
55 74 9
16 75 33
71 76 26
76 77 44
62 78 48
19 79 8
68 80 25
45 81 9
7 82 34
22 83 51
8 84 13
14 85 10
11 86 22
41 87 37
6 88 52
60 89 27
89 90 59
33 91 8
30 92 7
71 93 36
82 94 33
71 95 26
39 96 10
48 97 31
32 98 57
58 99 46
29 100 42
7 101 2
98 102 21
70 103 48
58 104 16
61 105 25
84 106 10
74 107 50
93 108 13
34 109 15
67 110 28
64 111 32
104 112 27
20 113 2
51 114 37
31 115 34
33 116 60
34 117 8
43 118 54
82 119 25
48 120 58
73 121 14
61 122 35
36 123 55
107 124 43
109 125 39
21 126 5
52 127 6
83 128 3
56 129 13
50 130 0
97 131 39
21 132 46
20 133 13
122 134 0
102 135 55
38 136 47
22 137 31
56 138 31
109 139 38
55 140 58
97 141 33
64 142 35
125 143 59
92 144 42
68 145 36
130 146 1
29 147 27
96 148 25
145 149 37
53 54 28
67 117 19
117 118 54
52 112 4
56 91 43
86 106 28
118 142 10
9 23 59
86 86 22
102 114 58
55 108 28
19 65 30
13 124 56
89 145 28
35 76 33
148 148 12
15 53 39
90 99 0
101 113 21
74 109 39
52 136 53
141 145 58
117 142 7
4 94 28
144 148 5
102 108 20
63 116 5
115 119 40
64 87 4
126 130 52
67 73 40
24 61 22
47 62 4
0 87 27
43 138 49
75 129 30
121 139 10
55 92 0
68 72 41
122 124 16
28 148 52
109 141 54
79 114 26
12 114 30
110 125 13
93 144 9
85 144 43
37 51 57
143 143 44
129 135 20
119 145 28
60 146 55
110 134 20
38 57 56
8 118 59
17 66 30
26 135 21
25 32 60
138 142 29
88 123 9
19 120 31
22 57 43
130 133 6
128 132 4
94 104 53
121 129 51
70 127 45
108 132 4
128 130 37
46 94 26
120 127 38
138 138 15
27 91 38
66 129 33
8 31 1
35 109 41
24 139 47
145 148 12
84 140 10
139 147 54
7 85 55
121 142 25
147 149 41
122 140 33
97 104 4
140 149 45
140 141 4
107 135 43
98 128 17
98 130 2
30 149 2
66 98 0
12 131 42
121 121 52
99 104 58
29 58 31
148 149 43
124 141 11
12 108 52
14 149 24
73 126 57
140 148 45
120 122 37
37 98 40
73 79 58
56 88 3
58 69 8
133 133 15
86 90 47
119 135 55
37 70 46
132 136 13
25 122 2
133 146 41
55 143 42
47 58 35
28 111 9
12 101 1
78 118 40
8 100 8
12 83 0
65 130 55
27 59 48
47 74 34
80 144 53
12 81 44
11 51 53
66 145 7
52 106 9
103 131 55
145 147 40
147 148 60
119 128 26
35 103 24
89 113 43
35 113 5
5 29 60
116 122 51
57 84 16
70 119 19
140 140 29
5 34 28
13 33 57
1 98 58
39 79 13
45 118 44
107 141 9
39 104 5
51 130 16
142 144 41
80 85 9
64 128 5
125 128 58
46 60 32
36 125 45
56 82 15
138 146 1
7 47 52
73 83 12
140 144 48
9 130 24
144 149 14
42 99 55
0 60 15
126 131 24
92 122 42
103 136 44
114 136 15
77 96 10
55 117 14
95 133 41
138 147 29
105 125 1
134 144 18
138 141 52
127 144 0
120 145 9
44 73 50
32 86 6
94 147 57
16 25 14
60 127 10
30 45 30
98 126 54
37 149 58
111 135 60
32 68 54
28 60 21
136 143 56
118 130 11
57 118 42
25 130 58
104 107 57
91 99 14
40 134 1
114 132 21
44 117 16
126 146 45
11 77 59
72 145 35
108 124 23
39 121 32
7 136 44
12 62 20
0 19 24
93 132 11
24 109 33
7 64 19
79 141 11
95 100 26
91 137 54
126 134 2
65 122 1
107 118 11
47 129 43
133 141 23
19 147 31
25 87 49
107 129 29
145 145 45
132 140 10
131 141 60
55 128 30
131 142 22
41 142 35
9 124 23
82 104 54
106 143 6
41 110 32
132 144 55
124 124 40
34 113 8
118 132 15
67 121 4
108 131 31
21 116 46
77 138 25
44 135 13
123 123 33
69 128 44
8 76 42
11 16 38
108 134 16
90 98 18
69 115 41
72 139 41
102 130 39
59 112 19
114 141 54
91 140 33
3 77 32
79 106 37
81 141 11
141 146 53
105 109 51
134 139 29
120 141 59
119 134 36
47 49 53
66 120 39
24 100 19
2 69 7
0 9 46
102 146 45
94 116 29
25 85 27
38 91 57
6 105 38
99 120 54
26 113 6
18 41 49
108 125 2
116 134 18
84 84 49
44 92 21
120 124 36
69 105 55
23 120 36
65 123 3
19 97 14
28 134 5
54 123 16
72 132 15
19 125 9
73 116 1
19 93 35
87 99 39
73 97 18
133 145 15
27 139 16
6 144 23
44 125 33
56 97 49
110 117 35
133 142 52
102 111 14
127 140 16
11 63 24
3 101 7
4 103 23
95 145 18
50 82 1
77 83 36
143 146 25
25 66 46
14 93 28
107 113 18
8 145 14
27 112 4
95 149 6
7 122 20
75 97 50
102 127 40
7 11 48
11 105 34
91 98 50
84 119 3
27 115 37
1 86 22
96 143 10
37 148 39
135 147 52
78 119 31
92 123 35
7 109 53
138 143 40
54 76 60
36 37 52
147 147 17
107 126 16
70 120 55
83 147 35
75 96 12
70 71 1
105 107 25
132 148 16
95 148 6
33 90 14
73 109 18
106 147 37
102 145 44
115 147 18
44 130 1
77 136 23
97 123 18
73 74 33
82 116 50
93 129 46
105 122 28
95 124 38
107 122 33
10 79 26
109 137 4
134 143 1
120 147 25
93 147 16
12 26 11
91 111 35
132 133 44
106 107 55
57 103 55
104 116 47
134 142 57
82 86 3
74 116 17
104 120 11
17 129 1
35 59 37
88 126 42
26 77 22
25 50 46
103 141 45
13 76 12
100 113 0
48 145 38
65 81 16
70 124 1
42 143 22
123 124 58
15 88 10
46 79 30
144 145 42
124 134 24
59 123 44
4 143 2
140 143 28
70 129 43
10 87 18
129 134 59
36 75 25
64 76 19
12 91 56
3 88 51
132 147 10
27 111 42
98 121 41
96 124 9
49 70 13
8 93 42
45 84 8
74 105 46
118 125 54
74 79 59
105 142 58
131 131 48
121 148 6
92 109 46
58 129 46
122 127 57
106 117 53
8 28 53
100 128 1
64 70 7
113 136 58
132 141 3
0 134 29
0 74 57
6 17 44
55 107 24
59 76 27
91 105 8
91 103 29
24 28 34
18 113 33
86 98 0
91 127 31
106 109 40
53 135 35
127 134 32
17 140 34
104 139 35
51 139 16
112 145 39
140 147 53
72 115 15
25 54 17
22 107 2
45 54 18
39 134 52
128 145 49
144 144 22
66 124 39
96 146 22
86 103 26
9 27 9
44 63 33
116 147 7
118 137 48
38 94 55
26 148 4
8 116 36
68 100 16
43 114 1
33 52 58
136 147 45
100 149 12
111 129 19
64 85 59
102 142 21
93 125 13
18 99 32
90 95 24
116 120 47
56 94 7
116 132 34
7 103 44
111 132 19
133 136 5
76 92 48
103 113 42
55 91 30
103 111 33
84 146 33
125 133 49
39 91 49
137 141 27
57 90 7
132 135 60
61 101 50
135 135 5
97 110 3
114 128 29
90 92 22
124 148 18
89 108 14
32 117 37
25 44 51
65 139 23
33 107 51
139 140 34
31 90 57
109 121 2
45 148 47
67 83 27
125 126 25
146 147 44
1 33 8
5 14 28
64 94 18
32 147 26
101 115 2
112 144 34
13 130 14
136 138 30
118 136 34
117 123 55
77 147 14
41 74 1
135 136 17
115 148 57
96 115 25
91 112 25
113 125 46
49 68 16
78 115 26
71 71 12
12 103 42
13 125 33
106 145 8
139 143 53
6 147 36
30 95 8
34 47 53
101 148 21
123 140 22
87 139 58
0 114 16
101 120 5
98 120 26
8 102 50
38 79 48
106 113 39
11 41 49
94 108 16
75 149 25
57 125 9
86 145 5
78 143 51
122 133 12
45 110 40
24 143 1
102 149 46
142 149 19
95 98 10
17 116 32
139 148 27
44 111 51
84 113 52
129 139 39
116 119 8
60 69 35
40 79 59
142 148 7
52 78 36
55 66 25
146 149 48
80 135 15
17 47 41
114 146 52
36 110 3
23 44 28
113 126 34
29 46 9
61 76 30
68 119 14
20 109 17
14 19 8
127 141 21
98 115 37
5 127 43
2 49 32
27 37 29
135 141 29
94 134 30
122 137 19
87 89 27
104 146 57
105 110 48
40 140 14
108 108 32
9 64 15
20 117 58
67 93 24
50 68 37
66 86 8
65 145 17
48 72 16
5 69 3
60 64 7
67 80 32
112 121 24
106 112 16
126 135 47
40 104 11
76 111 47
119 126 0
137 142 3
31 46 55
71 75 17
40 129 5
95 97 12
31 74 55
71 145 23
34 36 3
136 137 60
66 107 15
103 130 31
18 146 43
93 116 55
107 107 47
81 113 17
108 113 5
100 144 36
11 141 35
6 94 21
13 129 46
89 118 31
119 139 35
81 143 47
49 99 4
98 111 48
92 95 20
4 106 9
58 94 33
71 137 44
108 127 23
73 96 23
27 123 20
107 146 39
2 65 34
49 76 17
74 130 53
35 123 58
100 107 14
81 100 10
134 138 3
89 100 49
20 43 40
21 105 45
47 70 19
6 103 53
93 131 8
59 124 4
105 116 40
111 147 23
108 138 17
2 143 52
45 133 12
55 71 22
58 124 23
76 100 10
132 134 4
12 84 55
134 145 9
132 137 17
108 118 14
37 107 23
51 106 40
76 114 28
101 104 45
110 120 15
58 71 11
56 146 17
135 138 60
44 90 56
107 148 44
110 136 52
121 145 45
7 28 42
19 80 16
83 102 10
133 144 21
62 113 48
101 138 47
68 85 51
84 138 26
37 86 37
65 94 13
85 102 38
29 101 13
96 133 35
88 120 28
50 88 18
14 22 25
129 130 44
63 145 33
109 133 34
138 144 43
94 129 10
23 113 27
24 27 49
0 59 48
99 118 50
61 119 26
25 57 31
62 128 52
65 126 35
14 148 0
37 56 35
134 134 29
13 23 49
50 51 43
4 31 43
112 128 59
123 145 59
59 119 42
113 121 35
142 142 33
68 110 46
36 86 55
101 149 29
99 147 34
88 92 10
46 100 11
41 118 5
124 147 16
97 132 18
98 135 16
89 109 16
139 142 19
70 106 30
31 32 36
128 139 4
134 146 8
87 109 34
133 137 11
114 139 7
129 146 16
29 137 11
116 133 26
121 132 60
87 123 29
33 39 19
55 135 34
82 106 12
106 110 47
5 22 57
97 101 16
71 134 30
112 146 27
34 126 5
130 136 20
63 70 1
23 65 14
124 137 38
71 129 58
31 113 32
105 117 32
95 118 16
78 105 56
99 145 58
82 133 28
41 45 41
114 145 38
117 134 31
69 92 2
128 129 1
28 135 55
88 137 44
120 143 43
134 136 32
87 97 21
9 44 57
87 127 32
136 145 37
119 148 18
8 85 31
37 146 31
25 41 15
90 100 52
36 50 25
1 57 50
18 141 25
11 31 54
118 135 25
131 143 28
117 141 32
101 143 25
68 112 45
111 130 39
17 119 56
92 98 31
103 103 11
82 137 52
124 131 40
102 137 16
127 129 57
47 53 7
130 135 51
95 121 18
146 146 47
51 121 37
3 89 6
49 135 1
140 145 18
58 78 37
19 140 27
123 146 25
52 105 19
48 136 44
66 130 19
48 54 39
94 120 21
75 111 18
89 116 3
2 27 39
115 142 52
125 136 27
90 116 54
73 93 19
53 148 21
23 79 33
8 94 38
24 77 0
92 125 29
96 139 25
61 65 19
5 136 53
80 80 39
58 117 0
77 121 13
115 135 59
130 141 12
64 90 60
72 123 4
90 132 31
67 135 51
48 107 14
133 149 4
9 67 3
27 120 42
9 148 55
42 125 21
43 61 23
99 115 11
50 113 21
23 92 50
87 132 44
62 139 23
94 122 17
49 72 36
50 108 10
130 134 53
129 142 5
134 149 33
102 138 58
132 138 42
137 143 11
15 71 28
50 129 52
45 51 58
136 146 60
92 149 53
117 146 57
33 78 21
22 145 33
109 118 57
18 97 22
63 132 23
43 111 9
70 144 31
36 120 20
10 144 43
74 141 58
137 145 33
44 137 35
61 99 23
38 130 9
114 134 12
108 115 8
21 129 52
114 140 28
104 135 9
109 130 17
47 111 3
39 60 5
26 78 22
25 77 15
119 129 39
87 142 32
75 122 35
48 94 48
29 31 21
73 130 50
50 112 3
141 149 15
43 63 39
112 132 24
76 148 38
8 55 55
28 61 49
78 83 47
123 130 26
29 91 34
49 96 26
70 92 9
90 124 5
35 65 19
81 135 57
93 122 13
25 125 31
28 127 46
98 98 47
89 127 44
65 93 8
91 141 33
58 98 48
44 56 53
90 112 9
29 133 19
136 149 54
21 50 51
37 40 27
66 66 32
116 130 58
14 75 11
7 73 33
112 138 7
61 91 9
143 145 54
29 146 6
52 129 57
22 140 12
81 91 38
94 128 44
47 126 28
20 91 21
43 46 42
6 140 40
70 130 25
81 112 0
83 95 31
84 102 31
41 98 55
74 121 29
39 139 26
20 68 14
34 98 10
94 115 16
120 126 2
73 106 20
111 136 42
54 143 0
87 107 49
8 138 22
64 89 15
4 99 5
0 79 37
85 124 29
12 25 3
118 148 40
102 107 19
27 96 35
139 144 7
3 49 43
30 66 46
97 98 54
99 127 21
113 122 21
43 84 14
1 92 23
22 60 39
14 134 9
75 86 1
124 140 6
50 67 42
119 149 42
62 107 52
13 63 59
128 136 28
144 146 50
16 51 31
59 102 57
89 91 47
135 144 24
59 87 21
6 80 58
71 144 59
117 144 18
44 139 5
22 28 16
21 141 21
3 16 8
100 127 28
57 106 59
81 103 8
117 149 48
60 76 5
17 143 52
23 104 40
6 20 31
22 64 46
77 148 47
74 133 5
76 101 3
11 20 50
51 90 38
4 22 11
72 102 50
15 41 39
104 105 0
10 34 40
55 59 32
18 127 36
114 121 18
54 59 21
95 105 42
86 120 54
10 128 13
40 73 25
130 131 37
105 134 16
88 127 8
55 69 0
124 127 20
106 136 40
49 78 48
87 146 19
36 36 24
98 113 33
5 76 11
116 127 17
99 149 47
66 106 0
15 106 15
115 118 31
58 122 8
50 94 24
42 101 3
6 61 48
47 48 52
145 146 23
69 144 18
47 88 24
139 141 8
49 143 60
29 43 56
24 133 60
21 93 47
114 117 15
98 149 29
28 93 45
61 95 57
125 135 51
112 112 41
20 101 60
13 58 19
46 105 50
75 99 7
103 135 46
11 122 3
52 145 52
93 127 43
70 111 15
24 135 13
116 136 31
14 141 50
3 74 57
14 120 31
13 45 34
97 126 47
74 120 33
16 137 33
7 111 46
74 144 10
61 136 24
3 131 40
126 139 33
86 149 18
129 147 60
109 134 25
9 59 13
92 102 22
83 115 43
55 126 54
90 146 57
65 77 37
31 93 27
1 80 25
84 116 49
84 94 47
34 51 5
78 133 30
47 99 14
33 139 45
95 96 1
124 126 33
7 29 49
40 87 15
23 51 10
17 120 27
20 123 51
111 120 35
99 126 2
60 90 46
21 72 52
43 115 50
69 120 23
25 33 17
72 120 20
128 148 53
12 90 21
38 58 43
34 102 52
112 143 1
27 141 18
63 148 53
23 148 2
28 92 30
10 108 25
59 105 14
79 113 16
17 50 33
71 111 4
61 115 51
27 125 10
16 119 8
98 137 46
3 90 31
1 72 60
85 129 54
70 115 58
79 128 18
63 92 21
101 102 25
8 114 53
71 146 11
17 21 58
15 146 14
0 120 35
42 144 56
56 64 37
9 142 12
24 118 14
115 116 6
123 147 8
92 148 56
30 50 6
75 90 15
42 57 42
110 119 6
102 129 12
58 134 51
0 103 57
113 133 52
63 93 15
64 77 40
73 140 43
117 124 34
89 105 44
102 104 18
109 117 43
71 142 39
82 108 15
15 132 26
127 139 0
92 104 57
50 136 52
50 95 28
100 104 25
104 104 11
23 80 30
120 139 9
126 138 49
70 84 48
69 74 4
32 114 56
123 131 10
76 91 23
88 145 4
3 46 1
27 100 11
93 133 49
128 144 38
7 41 35
61 66 43
124 138 38
5 131 42
26 45 5
31 38 9
27 140 11
45 70 4
34 49 48
98 144 28
121 135 30
3 21 33
35 44 60
26 103 59
77 87 48
109 109 33
94 133 1
36 132 49
59 98 57
100 134 2
24 99 27
126 140 46
2 58 49
95 128 11
68 94 24
24 49 18
85 141 25
125 134 44
96 102 37
81 85 23
75 137 34
11 54 12
118 123 7
112 139 5
13 93 22
50 149 16
5 149 3
89 149 18
34 101 0
42 61 52
112 141 31
92 127 35
69 90 50
23 66 46
113 124 58
14 47 4
50 53 54
73 133 56
37 143 32
121 138 52
83 149 41
89 96 33
17 105 51
46 118 5
128 138 25
68 97 16
68 91 20
37 88 57
66 103 42
4 114 24
57 57 19
113 116 15
80 83 3
75 120 35
35 52 16
52 107 30
62 66 35
37 46 42
8 60 31
81 146 43
20 104 2
68 99 32
64 66 33
38 140 52
13 98 29
28 77 56
96 104 32
78 92 10
22 35 22
133 148 48
18 46 11
101 107 0
93 107 23
90 122 24
72 109 48
37 97 6
34 96 8
51 112 20
114 148 54
37 126 18
94 149 7
105 140 34
76 146 43
56 126 38
96 107 53
112 116 44
121 124 20
98 125 41
1 49 54
134 135 46
92 96 24
102 124 48
34 80 3
13 38 38
14 73 11
103 107 58
126 133 19
15 141 5
137 147 30
126 137 1
35 119 28
59 68 7
2 104 60
66 137 29
94 130 54
96 117 37
83 110 22
24 129 59
53 126 24
86 147 31
78 109 24
43 126 11
45 130 20
6 26 8
112 130 46
0 123 37
120 148 0
19 145 8
5 60 44
15 57 1
94 141 31
98 133 15
48 139 59
80 86 43
46 128 49
37 81 44
17 65 27
48 77 4
64 118 24
40 75 57
83 105 44
77 86 53
101 112 58
5 147 1
119 131 48
141 147 21
39 138 52
2 19 21
80 88 43
23 146 14
64 68 30
74 149 53
114 142 0
108 123 48
89 143 10
120 142 33
25 128 54
43 55 47
30 133 56
91 114 23
17 40 27
9 62 55
61 72 35
142 145 33
23 60 11
67 91 35
43 47 11
72 142 0
28 59 46
96 127 16
23 136 27
22 39 51
127 142 45
97 129 26
7 40 20
63 95 43
60 108 36
8 147 41
46 119 53
65 107 22
122 125 16
121 141 29
8 57 42
57 74 49
2 149 3
69 81 23
64 112 36
57 108 47
46 106 22
79 148 54
2 127 16
65 69 4
3 72 6
62 127 9
94 103 36
20 92 60
47 138 50
65 129 9
52 58 15
91 115 1
1 50 59
22 96 36
12 112 9
76 94 34
87 130 25
112 123 31
64 72 16
4 131 12
16 80 37
67 101 54
53 92 1
71 115 22
125 149 45
67 144 51
68 114 35
68 93 3
98 136 34
63 68 5
41 109 49
54 88 16
38 144 14
126 145 26
94 145 15
119 142 43
66 71 37
109 148 7
100 120 34
115 132 50
9 83 10
51 73 24
90 93 11
38 113 32
77 90 55
99 129 8
66 136 20
101 132 14
122 130 52
4 74 8
14 104 30
93 118 3
104 128 57
27 84 27
104 121 47
83 136 10
26 50 47
4 6 53
109 129 10
137 137 47
96 114 26
37 79 19
105 106 18
112 136 23
12 43 3
141 141 45
60 68 6
33 121 29
33 145 34
24 101 5
39 56 12
49 118 3
47 121 13
114 116 58
23 106 32
28 97 0
75 133 0
69 98 55
31 109 29
120 135 47
6 90 40
72 78 1
129 129 12
58 59 39
88 122 1
83 106 26
84 127 39
141 143 2
9 104 44
61 109 2
3 39 27
96 100 30
105 131 20
7 49 58
39 78 0
101 105 53
47 123 0
50 91 50
51 95 44
77 129 44
77 126 13
8 63 36
132 132 4
9 92 12
26 97 50
80 136 29
1 114 7
129 145 35
89 125 8
30 85 56
107 110 19
68 118 7
39 129 25
32 33 18
8 70 4
27 97 28
29 120 11
78 117 28
2 9 51
112 149 56
105 108 9
69 85 37
22 135 14
27 42 44
42 138 57
37 60 49
124 125 31
108 111 27
127 149 30
59 94 36
26 34 46
98 110 15
1 118 48
91 125 38
75 76 26
38 69 4
123 129 38
2 7 27
123 133 54
53 59 22
51 52 42
14 53 31
103 120 46
32 144 40
117 143 35
56 89 53
32 96 14
0 42 25
59 63 18
108 114 21
56 100 43
109 127 19
48 112 59
78 93 29
115 121 54
144 147 41
40 147 52
86 93 60
137 146 56
33 67 58
19 68 54
107 130 27
54 90 49
16 55 11
126 143 43
116 143 16
117 138 56
50 93 40
18 86 23
95 115 13
89 123 9
87 104 23
88 128 59
135 148 27
87 87 29
20 28 31
96 109 0
1 136 43
108 135 12
77 133 14
40 141 59
9 56 42
34 64 1
130 130 28
27 57 49
41 41 21
2 70 48
108 148 19
59 104 40
75 94 51
86 109 26
33 143 22
135 140 6
146 148 23
37 76 13
110 127 30
53 132 22
96 101 44
25 143 33
56 132 0
100 135 0
80 101 56
119 120 19
5 130 18
31 72 5
0 52 35
124 139 44
113 132 41
64 86 33
72 94 12
102 147 32
1 67 33
1 25 8
41 149 0
69 99 5
48 76 35
85 122 7
18 29 37
5 36 42
102 119 35
109 119 35
90 97 51
1 16 12
105 105 31
19 123 34
37 132 50
40 62 0
25 121 8
46 95 45
103 140 32
68 111 9
112 135 35
104 114 24
126 147 41
8 134 56
127 146 36
62 138 30
7 24 36
138 139 28
19 89 60
26 75 9
36 58 6
135 142 6
4 88 52
58 97 30
53 121 13
141 142 19
113 135 23
126 132 23
78 95 16
3 66 39
0 111 2
54 79 25
47 130 43
100 126 10
22 90 13
104 149 30
112 122 48
117 117 1
54 116 6
111 134 53
67 77 57
4 112 14
134 148 36
19 138 21
96 121 42
20 115 55
60 124 40
125 139 19
24 76 41
68 98 26
50 97 12
13 132 28
6 27 32
43 127 53
143 144 24
28 37 9
34 45 20
8 72 59
20 25 12
129 133 18
116 139 44
47 83 46
126 144 6
42 122 48
39 59 14
31 63 11
97 147 21
2 46 38
57 144 25
79 86 10
66 142 2
126 141 26
6 16 56
11 49 33
38 142 0
14 72 26
8 130 32
60 145 16
44 71 8
50 59 59
19 59 25
51 91 39
73 77 2
92 103 31
39 89 24
104 134 8
63 76 45
98 129 35
14 40 1
31 102 44
53 102 24
79 83 53
84 136 23
23 37 40
102 131 32
12 64 19
35 124 54
12 30 22
55 90 28
35 49 31
65 79 55
52 89 38
75 119 13
92 113 10
66 84 47
34 142 30
91 113 8
62 63 11
116 123 33
29 107 51
127 131 44
1 29 2
62 71 31
123 125 9
27 48 1
47 136 6
126 128 30
114 143 56
69 69 1
72 111 53
90 109 54
57 127 57
85 149 60
91 122 48
103 125 16
19 112 30
122 135 7
119 144 38
67 89 33
107 140 16
48 75 11
102 118 37
86 119 52
61 140 57
14 69 17
8 99 11
66 78 12
41 60 5
67 131 4
18 35 7
41 80 57
63 124 8
9 79 40
4 29 1
132 149 7
23 100 45
7 53 0
13 49 23
78 125 46
71 110 56
21 28 24
16 108 49
15 83 34
13 95 16
83 148 52
100 133 23
65 120 52
46 110 23
33 115 26
78 106 56
118 147 46
56 73 38
135 145 30
18 53 25
28 122 1
85 112 18
78 132 34
0 46 35
99 142 7
95 101 9
56 117 42
114 144 52
83 141 56
98 119 26
65 142 47
3 136 44
141 148 34
75 100 13
71 116 49
74 108 10
64 100 12
126 129 42
11 46 1
46 85 15
64 103 50
80 93 23
105 136 58
92 133 58
88 147 30
31 128 24
87 121 22
103 112 5
12 52 59
37 61 58
69 113 1
118 139 60
36 53 39
128 137 14
101 116 6
26 130 44
81 139 55
111 117 14
69 104 56
42 146 30
71 147 24
98 131 25
74 100 32
116 128 48
133 143 33
94 110 4
23 39 21
109 144 53
14 106 56
64 82 50
31 97 52
104 111 42
52 119 7
3 26 43
25 42 11
47 149 53
74 89 38
91 95 6
61 81 26
132 139 52
42 81 8
55 100 7
51 75 57
95 137 13
90 136 52
28 125 14
54 117 51
50 142 53
16 126 7
111 127 28
82 96 10
8 146 41
136 141 3
101 145 30
2 86 36
11 145 30
68 75 5
24 122 5
30 37 32
106 142 36
46 144 52
86 108 40
30 114 35
5 21 44
72 110 48
123 144 38
43 104 22
104 137 12
44 114 55
93 137 34
139 139 20
28 34 58
124 142 0
88 143 8
8 39 2
20 81 57
64 132 27
72 130 58
106 125 15
59 92 35
51 55 54
95 139 13
64 73 37
105 146 60
69 110 41
14 50 55
65 115 25
81 107 36
117 120 11
66 113 4
48 86 22
135 146 7
9 95 23
24 45 15
39 110 34
41 65 46
23 87 36
6 12 4
68 121 45
59 89 23
126 142 20
45 86 31
43 102 15
65 99 1
11 60 26
19 58 53
109 140 26
123 128 47
21 140 50
103 134 51
55 93 22
131 140 43
52 57 46
104 145 0
7 10 5
76 136 45
99 112 57
33 128 23
39 57 48
13 85 12
84 148 47
118 118 32
74 125 2
39 122 25
131 133 24
83 124 30
130 142 19
36 121 4
79 143 24
2 137 0
8 17 14
23 69 12
3 129 40
75 134 16
7 126 4
31 105 19
91 130 54
126 126 52
99 133 42
79 137 22
6 97 28
26 37 3
6 106 43
39 92 24
143 147 16
131 135 5
8 15 8
91 91 17
130 145 23
5 102 32
35 102 48
66 92 27
119 125 50
31 142 32
109 126 13
82 107 10
84 112 9
18 23 24
17 115 14
35 64 51
35 141 40
89 136 52
49 61 20
96 120 60
125 140 60
68 79 40
88 111 60
38 55 24
85 89 31
98 112 38
52 79 38
14 95 39
54 145 0
96 103 51
16 21 8
1 90 1
52 128 26
87 137 3
76 112 57
115 127 56
96 132 42
106 149 37
100 122 50
50 87 38
66 139 30
32 99 52
58 139 1
57 111 48
73 120 6
5 77 56
62 104 42
13 40 1
82 146 52
74 95 12
1 48 55
73 102 45
139 145 25
91 104 34
28 75 13
33 86 16
25 118 8
54 80 27
90 103 53
47 142 17
117 139 7
118 145 39
86 140 14
34 37 17
48 138 25
121 149 18
123 143 39
25 62 53
119 132 24
10 120 40
29 85 58
70 95 8
50 106 33
20 121 45
69 88 52
140 142 52
91 145 54
90 115 7
12 122 31
47 96 47
47 131 38
61 113 28
9 20 31
10 47 15
118 133 58
10 33 38
87 94 26
82 120 35
15 138 6
54 73 38
136 142 21
19 49 9
2 22 19
69 122 37
94 144 14
62 129 24
105 143 42
115 146 39
29 136 28
41 131 20
77 97 10
98 107 11
38 146 60
54 133 30
62 85 60
7 146 20
15 50 0
18 125 11
70 126 45
77 117 1
12 36 12
78 86 38
97 99 38
51 54 36
61 129 47
78 121 36
106 108 9
23 133 29
44 53 15
131 138 18
76 137 4
28 83 55
62 96 58
7 91 32
0 66 15
121 136 10
82 135 7
80 108 46
81 98 45
52 99 23
42 75 36
0 149 60
130 144 10
131 136 46
37 74 18
115 139 52
72 96 1
19 43 54
99 110 20
96 96 1
29 52 15
112 124 45
83 113 57
3 121 12
121 131 7
16 89 56
20 127 21
27 103 29
125 148 42
67 84 13
45 69 23
13 145 19
40 114 42
41 143 21
51 94 44
83 99 23
14 99 55
55 75 24
72 140 50
111 123 20
40 102 24
3 149 44
46 82 7
93 113 48
55 73 40
57 65 3
73 117 36
99 123 30
101 114 49
67 99 42
89 122 50
55 136 13
118 146 1
93 130 33
2 38 12
83 133 6
48 128 41
1 123 53
96 141 57
105 141 28
111 115 59
140 146 25
77 99 48
82 114 18
78 104 45
98 142 60
26 90 45
22 130 51
6 96 8
51 81 53
24 71 21
6 60 35
48 83 57
71 106 55
7 100 11
4 92 53
0 72 28
109 116 37
86 124 56
118 122 52
83 138 8
17 133 23
41 92 54
3 68 16
20 132 18
72 97 46
32 141 29
40 88 55
41 86 27
48 64 11
93 143 58
0 67 41
39 39 48
24 145 17
13 27 21
19 62 46
59 66 53
60 118 8
47 132 29
25 104 4
92 101 37
107 114 45
88 129 56
120 123 21
42 43 5
111 122 36
42 110 41
70 145 37
107 108 19
31 76 19
115 123 59
138 145 59
63 69 54
75 125 19
29 70 32
11 89 26
23 93 9
36 49 38
56 71 42
42 148 21
70 147 60
9 42 3
30 110 57
56 58 30
39 115 58
123 138 22
74 102 39
84 131 32
18 124 28
73 113 20
15 20 21
83 129 56
85 128 24
12 20 12
89 138 53
43 143 22
74 103 5
97 146 38
7 26 32
53 142 51
90 127 7
86 133 4
54 72 12
50 81 10
26 54 52
130 148 22
20 36 4
40 58 45
95 123 54
93 134 43
26 33 0
53 130 40
133 139 4
125 129 1
70 136 21
100 136 48
101 137 51
14 113 3
98 127 4
97 100 10
123 137 47
72 79 46
99 122 4
76 143 16
65 96 6
26 60 16
66 134 15
46 143 55
64 139 34
77 77 28
74 81 29
128 149 29
110 121 40
85 107 34
69 130 57
3 124 20
88 149 48
23 121 1
6 38 49
10 105 56
84 90 57
95 114 58
89 97 32
0 24 28
92 134 1
10 126 50
17 75 18
75 132 54
131 145 15
33 38 52
105 114 18
47 120 50
56 118 21
112 129 48
53 73 40
69 100 4
89 117 11
59 91 48
1 146 23
84 145 7
81 126 45
89 94 35
4 139 8
10 85 52
27 62 30
87 93 28
8 37 55
58 81 25
65 66 52
119 141 58
63 88 13
44 51 35
30 79 51
54 108 36
13 34 25
14 66 48
50 63 54
82 117 0
98 100 46
76 126 29
7 98 55
24 110 52
102 117 12
136 144 0
53 119 42
77 81 43
0 30 55
56 56 55
59 80 21
39 119 49
6 39 27
56 139 26
116 124 48
86 110 49
118 149 17
13 59 20
114 114 53
94 142 36
23 127 13
19 54 14
66 81 38
81 86 39
96 135 15
87 113 16
72 106 31
21 51 1
97 127 7
78 96 28
70 102 5
69 109 27
5 58 16
92 106 48
30 148 19
5 45 21
103 137 51
97 145 24
62 149 25
61 78 35
133 135 8
87 115 49
36 47 26
114 123 48
68 106 53
109 115 55
24 57 29
74 74 38
76 131 17
7 78 4
115 137 34
49 79 53
32 111 21
99 119 4
39 46 6
17 60 58
0 137 31
50 109 25
69 142 36
100 132 25
53 76 4
85 147 27
1 26 29
24 127 28
7 16 38
64 116 26
86 131 51
134 147 56
124 132 56
103 104 12
50 137 25
83 98 21
47 113 25
23 139 39
111 140 37
43 66 6
22 121 38
133 134 19
24 86 51
103 114 2
51 62 25
112 115 14
121 128 8
1 129 55
134 141 17
76 106 24
31 121 1
69 89 26
4 97 59
99 106 57
114 135 55
127 135 9
89 106 51
64 144 14
139 149 43
21 134 8
75 124 19
53 96 33
36 87 17
2 125 8
65 119 47
143 149 44
86 100 22
12 63 27
68 96 21
1 73 11
68 129 22
95 127 13
54 103 48
56 59 41
2 8 33
60 126 5
115 126 35
122 141 42
96 122 46
89 146 29
51 141 25
70 91 42
90 145 57
66 105 44
17 125 41
17 29 44
91 118 5
38 86 26
11 53 51
37 65 5
21 113 1
113 141 38
44 131 33
47 122 58
100 100 11
5 26 55
25 105 32
64 147 29
56 133 9
34 39 41
39 73 52
17 111 12
81 140 57
45 59 19
107 138 26
59 108 29
30 65 42
42 49 3
71 74 33
47 54 51
109 114 29
69 121 38
86 102 10
47 128 16
56 78 11
50 64 56
12 54 28
118 134 27
79 127 16
17 117 37
104 144 57
10 94 33
25 74 22
76 140 7
51 133 48
20 102 26
4 48 35
132 142 50
82 98 60
57 82 29
1 20 43
93 128 44
28 41 26
80 132 37
115 136 38
96 125 20
131 149 45
127 145 9
13 17 20
74 86 54
67 106 19
7 72 24
118 144 53
38 118 17
5 107 17
82 105 21
32 130 7
88 109 3
64 125 6
52 67 36
98 105 11
27 39 32
29 40 38
25 141 26
74 138 5
17 73 29
10 86 16
35 136 56
55 104 3
99 103 49
17 138 42
135 149 37
107 136 28
95 122 28
62 114 0
61 132 3
19 31 44
119 127 15
88 131 33
65 138 40
15 52 47
97 117 54
75 114 9
94 126 35
9 76 13
19 24 14
46 108 45
16 102 15
40 59 20
37 49 33
6 83 30
105 115 9
80 105 22
123 127 7
1 22 2
129 144 20
96 123 17
113 147 10
135 139 20
26 43 21
114 130 55
37 96 43
23 95 24
39 112 30
28 120 49
59 85 7
27 90 50
104 140 10
47 64 17
61 146 17
6 76 46
7 125 8
111 119 46
14 38 54
75 109 32
112 127 8
46 122 35
21 109 45
21 45 58
21 44 7
22 93 27
61 71 0
74 137 0
118 131 22
63 111 22
62 122 58
89 92 25
78 89 14
87 122 6
86 101 18
14 42 59
44 89 18
19 127 7
84 128 47
19 32 17
17 149 26
92 136 21
118 143 38
107 131 10
26 40 3
52 53 31
69 138 56
38 75 5
88 138 4
109 132 53
102 148 38
95 141 53
38 74 54
10 28 2
65 70 1
107 128 20
119 147 30
72 98 43
56 108 3
28 90 37
7 142 5
44 96 0
30 63 59
110 140 31
108 141 48
86 129 18
14 64 0
57 80 30
82 136 25
108 144 48
108 136 35
142 143 12
42 102 59
74 92 22
1 39 56
14 128 5
16 112 15
97 148 60
72 82 38
90 126 29
99 111 14
105 120 19
44 65 52
47 104 5
97 139 22
111 146 48
111 118 10
55 77 26
100 121 32
46 139 45
23 62 35
9 96 5
62 110 23
11 34 0
28 79 23
32 148 15
8 67 50
4 115 45
118 127 19
84 88 7
116 135 33
60 77 58
4 20 52
103 144 54
94 137 42
45 73 28
113 145 19
81 124 56
110 123 17
48 129 35
117 135 41
26 133 22
58 105 2
12 15 2
56 66 47
52 116 49
73 125 2
131 134 38
36 111 38
57 101 59
17 51 57
10 80 35
30 58 23
88 110 17
5 55 29
55 99 23
30 76 13
90 125 31
56 145 35
49 116 57
59 117 20
1 64 59
88 89 43
4 42 34
42 51 51
115 145 45
53 56 32
94 101 19
4 120 20
113 149 3
75 143 8
137 138 24
8 127 31
94 114 32
34 108 43
94 97 36
90 102 32
66 96 11
21 79 38
95 110 41
52 101 39
16 74 20
129 140 5
13 18 9
111 143 30
92 128 45
39 87 31
100 118 32
97 142 31
60 103 19
55 139 47
55 133 33
44 106 37
95 112 35
68 117 6
102 113 30
57 95 51
38 76 11
41 116 39
7 93 19
69 73 49
91 128 56
92 99 24
79 104 21
70 81 37
60 101 15
139 146 52
120 128 8
62 106 45
0 113 25
58 68 27
95 130 18
23 89 12
35 143 27
11 104 8
114 131 56
58 145 7
54 97 37
17 74 20
80 103 4
14 45 17
123 134 47
46 68 50
5 100 27
65 85 0
46 51 57
53 71 15
70 114 8
129 132 16
34 99 46
118 129 9
8 10 38
59 139 1
4 95 25
80 141 13
55 87 26
71 108 46
77 139 31
90 120 45
105 129 30
65 106 43
20 93 21
71 94 24
36 94 19
81 110 23
61 68 28
21 22 31
65 147 19
3 137 59
97 135 28
121 137 42
21 131 11
5 116 18
11 120 2
86 121 9
137 149 14
81 105 42
18 134 4
117 125 44
56 86 38
83 139 40
44 93 3
49 60 24
110 124 2
66 147 48
29 142 54
14 83 16
37 69 30
36 113 60
27 78 15
109 146 20
101 117 50
71 140 40
4 122 44
68 68 54
97 138 13
41 126 59
42 58 27
57 135 7
37 82 59
4 71 50
3 138 47
71 80 17
110 126 44
84 132 48
94 119 17
40 103 18
102 115 24
119 121 24
81 106 17
43 131 8
64 81 37
34 120 22
4 53 48
67 96 22
6 46 26
127 137 33
107 120 48
55 146 32
52 59 4
30 68 7
18 90 7
26 35 60
33 33 25
33 37 49
12 40 40
59 137 15
31 79 4
32 84 35
26 122 22
119 137 10
48 134 12
30 33 14
72 74 28
9 140 11
46 140 43
38 112 59
32 143 27
78 124 5
136 148 3
4 32 31
0 20 12
8 61 16
71 79 58
74 75 49
14 109 35
80 146 10
34 135 43
7 117 1
32 66 45
111 112 35
115 131 24
53 82 24
81 136 47
22 124 13
28 113 26
22 44 14
24 138 60
34 139 23
47 135 37
68 124 17
135 143 46
47 63 14
36 128 28
9 63 48
113 137 18
108 130 12
29 103 7
28 141 41
61 63 28
50 120 33
12 39 18
28 136 3
48 87 2
77 104 27
4 57 33
90 106 32
60 97 16
52 68 44
43 68 23
116 146 6
78 138 39
30 87 28
52 141 41
70 99 26
32 134 50
26 32 3
52 65 39
1 131 5
54 102 33
67 82 22
80 91 46
31 82 35
87 90 0
20 147 46
10 82 19
85 142 3
61 137 49
65 149 25
117 130 40
116 121 27
35 116 19
39 116 35
2 60 52
38 82 55
76 129 24
86 111 4
40 82 1
111 141 0
24 115 2
18 100 34
38 70 35
116 131 22
143 148 56
22 139 40
109 131 59
10 130 7
59 113 10
112 142 24
34 85 23
9 118 53
12 111 2
129 148 52
113 118 13
63 112 57
45 102 38
26 144 54
18 122 47
65 76 12
46 103 33
102 143 1
115 124 7
29 35 4
21 52 12
70 105 2
69 91 48
45 72 23
99 128 11
100 106 10
84 137 2
58 72 38
119 138 16
22 102 32
57 132 9
89 110 20
94 109 1
10 10 41
60 66 60
132 143 28
58 87 57
96 118 33
19 143 33
108 110 40
54 58 40
78 110 38
128 142 19
57 66 55
70 128 21
35 55 44
60 120 19
110 132 2
100 129 8
68 95 47
67 146 2
63 86 4
37 55 9
64 79 36
32 126 21
69 111 16
68 136 20
85 139 4
61 93 23
81 130 11
92 142 55
86 127 59
26 38 17
41 90 53
38 42 14
35 56 39
87 103 54
9 12 56
41 77 36
30 69 47
68 90 26
92 126 28
82 91 36
12 57 30
81 132 46
137 139 27
37 113 22
80 149 30
7 59 49
54 137 28
45 47 33
63 120 51
39 147 23
120 149 25
32 139 13
79 133 48
8 140 28
19 88 54
106 120 30
68 109 11
121 123 17
76 78 51
46 93 21
33 82 13
97 122 6
13 137 5
39 135 52
74 90 7
121 143 51
23 135 3
33 51 24
80 89 0
38 96 55
87 96 54
20 122 33
23 76 14
122 145 39
35 82 13
9 107 54
15 131 51
78 82 18
69 101 15
95 120 44
12 139 48
24 146 51
6 72 38
65 112 1
39 124 25
83 101 49
47 80 52
41 56 6
70 131 43
43 147 31
23 149 43
59 149 21
42 112 17
45 99 50
23 116 31
44 86 30
22 79 25
55 79 32
12 105 20
35 126 19
62 86 4
122 147 37
95 104 45
112 125 17
113 128 7
0 63 57
3 30 2
76 115 16
138 140 23
10 71 50
0 0 54
128 146 16
63 126 52
10 134 58
123 142 51
79 111 56
13 37 25
10 141 39
16 60 37
62 74 41
33 114 19
111 142 8
6 142 5
26 139 51
24 70 28
41 79 39
81 92 46
3 105 29
76 123 11
27 122 1
107 112 43
76 135 55
30 99 38
64 80 24
122 126 21
106 138 24
27 126 19
130 132 51
73 91 51
12 41 7
7 8 13
58 137 29
96 129 56
3 102 40
41 147 35
91 144 4
54 95 44
52 132 4
24 117 43
122 142 50
35 92 40
31 75 24
56 99 27
90 113 15
46 130 40
43 137 40
113 144 24
63 122 55
127 130 56
116 149 25
68 107 36
57 88 6
86 112 31
112 117 41
48 146 51
10 147 4
50 77 37
35 67 36
87 92 32
115 122 43
84 110 51
75 142 33
21 92 3
44 140 34
104 131 22
54 64 40
83 145 2
35 62 3
4 126 46
96 126 48
127 128 57
60 84 58
36 95 34
137 140 57
97 130 7
36 41 6
6 117 52
57 70 7
55 88 39
24 64 49
15 29 12
119 136 59
92 110 6
42 85 44
72 143 26
62 119 47
123 139 16
0 124 50
5 75 6
130 138 30
77 116 11
37 89 26
15 65 30
105 118 48
8 136 32
42 53 46
114 119 9
124 135 57
59 145 21
34 147 54
25 60 8
101 141 25
71 139 16
125 125 36
8 40 29
9 33 5
12 82 10
65 103 52
16 113 42
32 77 3
25 79 14
78 84 28
106 116 49
110 135 31
4 144 14
34 110 39
83 87 2
1 13 26
63 104 56
73 92 9
136 140 53
85 109 36
27 116 51
19 20 18
81 120 36
125 146 39
127 148 14
93 124 23
108 146 58
43 122 14
21 41 50
61 90 6
7 130 34
51 140 1
42 133 28
31 78 28
33 146 5
65 131 45
131 146 4
93 104 18
9 94 43
23 142 60
42 60 38
9 111 45
103 148 58
2 64 60
63 71 8
48 110 16
120 144 32
91 92 53
0 10 0
71 86 15
132 146 40
63 146 45
65 124 41
78 113 35
21 67 2
78 122 37
67 67 3
45 121 5
41 88 22
24 44 20
105 124 47
17 39 43
63 97 0
27 88 43
68 134 25
75 130 39
120 140 35
108 126 9
62 133 53
65 100 41
52 80 41
39 84 47
52 118 5
43 136 36
106 124 52
13 50 15
59 118 38
115 143 21
85 99 26
43 135 57
91 108 15
68 148 50
136 139 5
68 83 55
30 64 10
84 117 6
48 132 22
54 78 46
46 83 58
98 108 10
66 73 23
142 147 54
84 96 19
25 127 49
33 118 52
16 144 47
63 91 28
12 59 7
128 133 51
22 63 29
69 126 30
2 14 38
53 144 34
119 119 32
119 123 3
51 116 44
71 99 34
31 149 3
70 104 47
37 120 22
37 68 26
110 111 17
18 123 48
110 122 44
75 135 47
84 107 52
49 119 0
58 111 33
96 113 43
2 62 59
54 134 60
42 126 47
64 148 10
15 93 10
127 127 1
124 129 23
50 114 24
35 93 39
125 145 18
76 86 59
21 69 8
32 65 60
82 128 39
42 136 42
117 128 2
88 103 34
40 113 5
62 64 55
31 84 59
70 74 21
6 121 7
37 62 46
52 85 10
53 81 3
109 111 16
109 124 4
25 56 18
37 140 47
79 90 5
121 127 34
14 27 39
110 130 60
86 117 32
72 119 40
23 59 15
43 98 58
109 142 54
101 129 42
116 141 19
100 112 16
87 114 6
78 112 17
90 147 40
42 137 59
18 131 46
124 130 8
13 89 23
97 107 34
113 115 38
35 86 11
22 114 28
15 61 6
60 125 58
6 70 23
58 140 10
48 80 26
50 85 33
128 134 17
69 86 39
112 120 24
9 113 21
0 21 6
80 128 19
113 114 40
91 135 57
88 107 11
1 112 40
116 148 30
17 64 26
50 56 1
38 135 0
60 129 56
37 91 36
51 103 53
45 141 6
20 100 45
90 91 52
56 92 22
119 124 15
29 77 51
28 123 58
48 142 43
136 136 3
51 89 22
72 113 8
38 116 28
80 109 9
30 80 0
86 97 7
5 104 42
82 101 33
99 114 38
41 71 17
15 51 10
101 123 18
39 49 32
63 138 26
17 88 47
25 140 43
32 55 34
59 146 0
41 70 14
30 132 2
39 80 34
102 109 31
89 121 22
73 118 2
18 142 28
54 84 16
72 144 28
88 106 45
78 142 24
18 81 60
105 137 50
115 133 30
113 138 2
30 46 23
97 106 27
46 136 1
56 113 9
2 44 6
38 71 1
67 130 56
124 144 53
40 131 41
25 40 40
44 74 54
112 140 37
30 97 27
19 98 60
102 120 11
43 74 39
44 107 47
31 148 17
30 116 31
52 121 51
5 78 4
93 103 30
83 90 13
128 128 44
81 133 41
96 134 2
129 149 47
42 56 12
33 106 18
63 115 45
21 78 5
34 53 17
24 111 33
41 125 29
128 131 58
77 134 40
121 125 37
10 99 2
93 145 14
81 115 28
1 120 36
56 62 58
8 36 54
59 116 53
41 89 34
3 13 45
46 129 30
79 101 11
68 142 38
72 92 24
20 90 11
28 44 3
26 128 20
113 143 14
131 139 43
17 128 53
3 145 21
2 45 49
13 14 59
0 98 14
2 123 16
34 125 7
58 61 18
53 65 58
4 58 56
73 76 13
46 91 48
28 116 1
1 107 10
72 91 41
8 124 11
44 47 5
50 60 22
42 123 23
73 81 10
39 133 39
40 138 13
79 125 53
104 147 35
72 147 44
34 34 41
47 75 9
75 144 47
8 47 35
15 78 57
39 137 10
84 121 25
67 122 60
26 26 10
100 117 28
32 63 1
5 84 38
49 73 54
47 60 42
60 128 13
23 43 7
78 126 54
14 89 0
62 140 12
49 89 34
14 112 50
60 119 25
44 78 45
21 74 20
129 136 29
137 148 47
56 80 30
111 139 22
51 92 17
15 81 54
48 147 20
82 147 8
71 114 14
11 72 39
100 142 6
40 84 34
78 114 9
56 135 15
80 97 11
51 107 46
13 135 37
93 117 43
88 125 53
79 120 35
102 141 2
49 67 59
7 15 36
88 113 46
73 85 28
16 148 28
8 68 19
42 98 38
100 130 32
117 140 37
21 110 17
1 53 45
124 149 15
30 42 25
42 70 30
56 136 34
84 105 18
23 84 43
29 39 10
106 131 49
108 117 2
110 133 53
78 145 14
107 121 33
88 132 22
70 90 44
55 121 18
117 145 22
11 48 48
27 68 45
28 147 31
15 18 36
50 132 16
7 133 29
30 105 54
48 66 10
55 96 3
99 141 7
120 133 42
25 97 53
12 77 12
20 119 48
13 139 60
50 90 5
21 130 4
20 88 26
41 83 1
34 118 2
15 135 39
52 134 44
38 141 53
115 138 15
7 124 50
8 111 6
20 39 32
74 77 6
74 83 49
32 78 58
9 30 37
108 122 46
92 111 7
46 115 40
13 68 22
7 89 35
85 113 26
37 105 47
27 145 11
10 98 52
80 121 26
17 80 11
68 132 44
24 141 59
33 87 56
2 59 0
31 42 45
83 116 54
11 149 42
107 142 26
22 50 15
53 103 56
58 127 27
25 69 12
80 125 49
23 91 15
100 131 47
88 118 36
9 9 26
28 124 23
91 117 20
103 108 3
80 110 25
14 24 21
32 106 31
26 39 42
76 84 32
59 148 51
29 80 21
106 130 13
120 134 32
79 147 13
64 69 46
56 105 42
35 88 28
51 109 42
113 117 39
73 135 14
24 131 6
27 93 27
43 100 51
12 45 30
35 111 34
134 140 56
23 81 0
34 48 12
17 22 29
72 77 42
77 110 3
62 76 52
101 127 3
36 73 18
12 134 12
79 139 5
94 111 39
48 123 23
8 90 17
0 84 13
84 109 4
122 132 59
61 111 0
43 70 28
66 99 36
131 144 44
45 112 54
118 138 13
16 117 3
134 137 9
69 80 31
12 117 25
61 94 53
75 139 8
59 71 46
80 123 12
7 140 53
60 105 2
43 51 36
27 144 12
123 135 32
22 92 17
32 34 3
34 140 42
80 120 39
91 134 9
6 99 49
29 71 51
38 128 47
71 130 49
116 140 37
83 107 39
52 69 22
6 122 52
75 83 16
115 149 58
73 104 9
45 55 47
19 35 57
114 147 51
16 38 46
77 145 12
31 33 24
86 139 28
110 110 11
46 120 16
101 101 41
61 147 16
18 47 42
101 126 24
34 46 48
104 138 38
21 59 48
35 79 7
71 91 17
95 146 7
113 139 37
68 140 23
38 106 4
48 122 9
59 144 50
125 130 24
106 111 12
87 118 34
127 143 9
26 84 54
26 132 40
105 139 47
60 96 3
76 133 14
104 119 56
43 87 15
114 124 60
32 112 16
69 118 13
71 122 16
36 69 19
88 116 54
106 128 9
106 126 21
86 143 26
24 67 6
102 144 55
16 49 50
114 125 13
66 69 58
73 110 32
76 118 50
55 58 42
83 100 2
108 120 34
138 148 50
114 118 56
109 138 43
10 135 0
78 79 26
20 86 59
61 139 9
36 61 3
7 68 37
37 125 50
110 139 38
38 104 32
111 113 56
51 72 60
22 105 32
55 125 9
95 132 23
110 129 50
142 146 29
59 96 56
36 79 46
9 31 31
82 148 14
28 121 5
32 59 40
33 69 59
107 149 29
137 144 35
98 132 43
110 114 50
39 132 22
63 140 31
47 97 13
40 110 43
16 104 57
30 137 32
31 108 39
6 125 27
104 106 47
5 6 6
13 143 46
85 140 52
8 23 44
54 114 20
0 17 5
47 57 5
130 147 25
75 117 40
87 100 1
82 88 37
36 83 42
106 148 12
31 120 42
32 146 36
95 117 21
75 127 2
25 120 10
36 98 19
88 124 45
63 82 10
13 97 21
17 110 1
85 146 36
41 58 26
17 91 22
41 64 55
116 126 11
24 90 24
2 132 35
53 134 13
13 112 27
56 114 55
54 96 26
16 124 29
76 102 1
44 79 0
36 48 59
54 54 49
102 128 34
43 103 3
73 75 2
12 129 51
18 28 52
4 90 44
12 135 42
22 65 14
103 139 3
75 85 23
57 112 36
122 144 54
70 146 55
27 77 8
98 140 44
122 149 33
100 101 37
109 122 46
72 125 60
91 93 34
69 145 3
79 96 42
36 68 53
33 57 30
86 91 26
6 24 34
81 129 43
25 112 49
102 134 26
89 131 3
13 87 59
25 138 42
79 79 43
87 141 31
90 143 4
67 95 17
38 145 23
125 147 12
68 76 6
79 116 44
91 107 31
53 88 24
125 142 55
7 81 42
41 44 18
28 67 10
31 59 33
34 146 23
19 56 10
100 139 28
17 71 46
97 118 40
86 126 7
121 130 1
70 148 32
30 86 57
99 139 25
61 108 44
11 140 45
84 134 15
31 107 43
47 84 52
2 81 47
77 118 41
77 98 0
78 116 39
71 73 1
53 74 25
53 114 33
67 85 47
9 48 32
105 138 49
77 103 4
72 100 21
7 7 48
43 119 36
48 125 52
60 106 28
86 128 30
50 102 55
72 84 0
36 77 22
92 141 13
3 110 31
47 137 32
42 87 15
9 81 46
82 124 57
25 126 34
32 115 11
95 95 43
95 144 46
59 78 38
72 76 58
15 17 20
103 119 11
14 14 26
67 124 8
48 78 41
119 140 35
61 84 30
103 127 1
91 97 4
58 121 60
74 127 9
101 125 44
71 113 4
121 133 6
105 112 25
120 137 41
2 24 59
94 123 41
33 138 5
37 145 18
52 110 2
9 41 55
46 50 40
92 114 30
18 49 18
32 45 54
27 30 53
89 107 43
119 130 1
26 64 54
50 75 56
0 100 58
84 143 35
81 109 35
23 57 27
22 86 35
94 125 27
54 68 29
19 27 8
72 149 38
34 137 39
50 123 3
75 78 17
11 30 1
33 53 12
40 112 5
42 69 38
37 50 41
2 96 44
118 141 57
71 81 1
91 148 40
63 81 23
18 95 31
43 117 40
17 78 16
25 80 4
46 99 41
48 100 9
56 115 33
23 40 8
13 53 55
49 142 9
122 122 24
71 131 8
34 86 43
28 88 18
23 53 8
125 131 47
29 110 55
5 41 17
110 146 34
130 143 2
96 116 45
24 43 2
72 136 1
80 131 53
28 114 48
31 95 9
15 59 23
80 148 50
92 107 7
20 136 1
87 117 29
11 33 36
20 149 10
49 149 44
21 102 26
47 90 28
50 69 31
60 83 47
42 124 9
86 113 40
52 97 42
29 38 22
92 147 50
40 69 19
120 125 20
65 92 53
68 92 48
78 135 8
131 132 22
5 106 8
83 131 15
44 64 20
63 64 17
41 134 28
112 114 31
104 142 23
58 110 7
62 147 3
58 70 2
48 68 47
8 107 35
10 91 27
5 143 58
0 86 12
123 136 36
56 60 48
79 107 27
82 121 59
33 127 20
74 91 18
83 120 19
47 98 38
105 144 33
65 117 26
96 145 51
107 147 11
3 92 25
53 133 8
10 139 37
34 95 60
12 21 53
100 114 5
62 93 35
72 103 52
40 72 26
67 119 38
141 144 43
45 149 23
20 130 52
127 147 32
1 89 39
46 46 57
112 147 13
120 129 20
40 57 27
41 119 48
121 140 26
16 133 56
19 52 26
47 82 19
29 102 48
80 102 7
110 128 15
35 120 14
38 102 25
84 149 37
78 107 52
44 57 58
60 133 1
52 142 18
47 114 19
6 131 45
119 133 24
20 138 50
122 136 24
101 118 31
9 141 2
35 115 5
68 144 48
46 52 32
51 105 16
49 88 6
57 114 0
72 105 27
88 90 21
26 87 54
29 41 6
100 147 59
48 69 14
2 43 9
51 74 1
44 115 59
84 85 34
107 123 6
16 19 22
22 132 7
1 62 31
8 27 48
11 116 10
29 56 13
77 80 7
65 87 8
40 144 36
38 125 15
52 133 55
61 145 37
1 61 3
107 143 7
8 120 48
29 57 8
73 124 32
20 48 18
43 105 22
92 100 2
47 119 32
111 125 56
55 101 50
18 93 48
1 11 41
24 69 5
113 146 45
94 140 30
59 100 37
45 103 53
22 97 5
49 141 26
45 101 13
117 136 45
78 137 32
20 148 21
77 141 28
74 80 6
4 138 56
88 108 5
55 111 57
50 138 51
86 137 7
60 132 33
11 43 56
27 80 31
117 119 46
67 94 40
3 60 49
32 110 57
116 117 27
8 86 12
63 103 30
26 53 50
109 110 10
27 130 58
9 36 20
111 124 46
8 54 20
3 47 17
47 127 28
88 101 36
47 133 29
74 142 41
73 111 46
93 121 41
61 97 48
10 13 7
88 102 58
98 116 38
29 95 52
83 140 10
116 137 27
94 105 10
104 148 30
77 120 5
8 79 53
37 128 54
51 148 24
85 123 16
52 138 17
132 145 39
90 123 43
67 76 0
121 146 27
23 103 51
76 93 58
54 141 11
33 142 43
3 144 32
116 118 58
9 105 25
40 41 1
74 78 39
30 74 8
2 122 24
90 96 48
19 47 58
40 123 54
102 102 49
100 111 10
22 87 59
7 60 54
42 91 49
41 146 6
99 132 19
16 134 34
93 110 45
35 83 49
60 131 15
25 36 36
43 57 16
22 66 36
89 111 0
45 143 9
41 72 40
69 147 48
57 102 23
111 138 38
57 121 27
31 36 38
75 136 31
82 132 32
47 56 31
28 33 29
15 34 12
51 84 1
35 80 23
61 104 18
110 131 31
82 113 35
2 136 21
86 130 7
86 115 43
2 144 7
29 114 17
38 44 8
40 89 26
111 114 1
125 137 9
28 42 45
75 105 21
101 108 1
37 78 18
91 129 18
61 88 45
1 119 42
100 110 12
3 62 47
42 66 42
88 139 21
129 143 45
7 58 40
4 10 48
17 96 15
28 109 9
67 143 51
102 126 33
55 147 8
28 85 18
86 114 4
75 147 51
57 149 10
4 146 43
107 117 2
80 116 47
8 106 58
19 51 45
10 102 2
38 110 1
5 148 37
24 149 40
87 91 34
72 124 2
60 85 8
69 114 34
67 148 53
41 120 20
67 120 52
21 94 32
20 71 0
45 105 23
86 92 32
98 141 22
88 141 25
79 149 51
27 55 29
42 109 39
117 131 16
125 138 56
82 90 37
8 96 5
54 121 27
39 58 19
33 46 17
73 149 12
55 80 58
58 89 41
10 61 4
21 138 58
95 102 24
3 48 56
59 127 16
104 113 18
102 122 48
38 53 52
72 95 55
20 141 58
41 93 50
77 108 45
74 111 48
32 94 19
124 136 40
30 117 26
6 74 33
67 115 34
18 68 26
28 86 40
19 142 41
81 118 42
81 116 49
50 122 10
36 116 58
78 141 13
16 136 14
27 51 43
13 72 46
93 96 29
21 54 60
1 78 1
50 143 57
12 106 21
99 107 1
17 107 0
56 81 31
85 133 24
42 111 46
27 104 13
44 59 30
12 141 58
43 59 21
10 93 21
16 146 17
92 146 53
33 136 47
118 128 55
82 112 23
26 123 24
7 97 31
18 50 33
20 64 51
117 126 51
131 147 10
38 40 30
128 143 4
31 124 2
2 146 1
19 114 1
61 75 7
42 52 7
49 62 20
75 79 1
16 29 2
32 73 18
13 31 60
39 48 13
98 118 37
39 144 60
40 100 7
75 148 11
17 41 53
108 128 15
57 130 29
78 99 59
76 107 35
67 109 12
19 50 13
80 100 43
20 20 59
26 129 25
108 143 48
23 41 49
3 20 24
116 138 22
84 130 58
0 107 23
82 93 41
33 74 1
33 56 20
15 116 51
108 116 3
23 31 36
32 123 39
11 87 42
85 86 43
68 77 9
65 102 35
58 101 7
31 98 33
55 129 0
15 140 15
28 40 43
72 135 59
52 62 27
40 51 19
101 135 2
102 110 39
27 67 12
45 124 41
52 74 6
89 133 17
23 115 44
133 140 26
20 105 11
14 58 31
92 143 50
2 57 20
61 86 15
51 127 21
62 98 8
93 112 56
24 125 23
11 19 9
28 65 18
7 127 22
18 34 35
117 133 33
91 147 40
105 148 3
2 108 38
61 64 2
11 67 1
74 104 50
39 111 6
39 99 50
24 128 28
106 115 41
54 98 30
21 122 52
58 144 23
20 80 39
15 144 23
64 121 37
14 130 54
9 16 25
74 96 26
103 122 29
8 56 16
45 98 36
57 128 40
67 139 30
77 122 55
76 95 14
4 62 11
36 109 36
84 133 59
9 46 18
37 43 46
26 83 3
9 93 33
113 131 33
60 63 15
103 132 54
76 96 1
12 28 17
56 68 22
2 32 7
24 147 12
124 146 43
84 124 52
41 63 39
94 146 13
0 29 45
97 119 2
8 25 58
73 134 36
31 65 33
10 112 37
19 30 18
50 119 29
15 115 50
74 115 59
5 18 7
56 142 6
66 123 43
44 70 10
99 140 25
27 45 22
72 126 4
15 137 48
107 115 53
62 130 46
77 149 14
8 48 57
9 143 1
77 130 22
33 63 49
81 81 37
111 144 18
93 111 4
23 38 2
74 146 55
78 146 30
54 60 59
54 135 51
23 75 23
26 46 22
11 103 27
88 88 60
60 115 38
51 53 40
33 85 6
36 56 0
70 79 16
67 127 36
0 76 49
50 107 28
86 96 30
10 110 43
72 90 30
41 123 19
24 94 27
43 49 6
53 90 58
117 137 3
25 90 50
130 140 29
59 110 11
54 92 43
87 125 15
58 135 40
47 93 9
23 82 26
63 135 32
93 93 24
86 94 18
28 126 14
113 129 23
6 139 14
35 40 21
9 129 39
19 42 46
68 89 34
40 42 28
41 137 28
8 125 31
66 88 23
68 84 22
4 101 41
55 68 48
5 71 2
76 85 18
15 58 53
20 145 23
76 110 24
126 127 28
2 29 57
36 134 7
2 37 21
37 131 14
18 83 5
29 113 17
0 97 46
46 74 18
97 143 15
92 112 30
22 27 7
88 130 15
91 132 18
94 98 23
14 102 15
6 79 13
81 142 50
59 69 6
81 131 10
34 57 48
14 59 54
90 108 24
46 92 26
56 121 59
46 148 7
41 105 35
18 60 39
2 74 56
73 86 2
93 136 47
23 98 26
21 95 52
99 137 31
0 132 47
73 80 34
49 105 44
91 101 59
30 102 5
78 98 7
85 111 17
43 60 19
34 81 53
12 94 41
94 118 3
31 136 31
52 115 25
8 80 35
79 144 14
121 134 45
117 127 44
106 139 53
85 132 59
18 39 44
21 89 7
11 126 15
6 22 5
2 76 37
105 111 8
2 107 60
33 92 45
122 143 22
112 133 22
10 131 1
130 139 41
51 64 38
9 88 32
72 121 43
24 98 18
104 124 26
54 126 36
70 77 30
125 132 3
36 104 3
62 136 55
19 57 30
42 46 32
29 126 7
6 67 59
73 148 48
103 129 15
49 80 0
111 149 26
126 136 13
117 132 43
84 86 27
61 61 3
36 40 49
53 68 31
57 81 37
97 109 26
1 85 38
19 37 16
96 131 10
79 102 33
47 68 46
65 101 11
103 116 57
29 93 5
32 76 26
74 139 50
50 115 16
28 103 12
127 138 11
82 141 49
62 68 40
36 72 28
39 103 41
53 91 28
92 130 60
21 143 58
108 147 0
99 117 4
46 61 58
69 112 51
75 140 3
100 102 53
5 96 12
43 141 43
97 120 23
55 141 58
74 122 7
24 104 57
3 80 32
35 149 57
43 82 55
25 49 17
51 66 31
82 85 41
61 87 31
14 21 1
29 65 11
8 91 12
24 60 34
56 141 35
14 46 18
16 32 8
76 121 7
30 122 7
94 139 38
22 75 41
75 106 29
8 78 12
51 144 26
107 127 6
0 80 11
35 37 1
78 149 40
105 145 51
67 79 47
4 119 46
74 88 45
69 149 52
94 148 42
47 102 44
40 74 55
48 104 25
66 68 41
106 135 39
12 61 44
21 88 32
18 94 24
130 137 21
12 56 35
2 11 46
73 123 25
72 75 8
16 87 55
100 115 50
28 117 1
26 131 9
48 144 15
69 133 37
75 141 50
2 78 15
73 114 7
127 132 49
46 90 13
56 84 9
68 73 24
76 113 31
16 57 6
113 127 35
19 111 52
42 139 22
9 87 11
19 104 26
39 98 52
33 94 19
64 64 14
31 43 20
48 90 16
124 145 7
52 83 1
22 126 13
37 64 38
19 109 10
31 140 22
43 69 5
29 82 47
43 90 4
21 39 27
117 121 52
70 89 47
73 115 24
103 146 36
5 117 49
71 104 22
79 136 55
44 84 34
80 140 19
31 60 42
44 142 10
21 103 35
70 93 9
3 119 47
57 129 0
58 115 57
10 137 34
9 136 40
18 63 31
120 130 17
5 12 39
0 102 58
129 141 53
44 134 54
64 117 19
42 97 25
19 108 45
56 101 6
37 117 21
45 80 23
88 148 35
31 101 10
73 108 14
30 67 60
10 23 16
6 77 13
33 144 11
97 114 49
12 46 40
1 106 16
44 145 16
9 35 45
22 62 6
66 115 40
41 54 27
27 29 46
11 125 4
40 68 47
86 142 14
49 100 0
38 122 1
38 97 22
27 54 19
44 121 27
7 90 51
28 55 30
83 125 22
124 143 22
80 124 4
14 117 37
6 63 8
38 67 14
90 105 37
25 78 47
73 88 42
58 84 4
67 103 1
61 123 23
94 135 36
16 58 3
36 45 26
51 129 21
62 144 33
70 75 46
8 143 7
17 121 41
29 68 25
76 124 60
6 40 22
35 35 17
5 118 50
98 124 39
118 126 37
128 147 9
47 143 26
131 148 25
22 125 56
23 131 38
23 30 50
51 77 46
69 87 22
83 103 1
101 110 54
51 87 17
109 145 7
97 112 51
40 92 24
36 112 40
50 116 49
82 111 36
13 22 36
43 43 26
2 98 18
93 99 46
52 94 14
58 74 47
42 72 45
26 41 36
54 142 58
80 129 55
12 13 23
73 137 29
33 103 12
45 108 24
6 116 16
11 119 32
9 17 60
46 70 19
40 85 55
22 76 47
39 102 53
15 75 41
109 136 53
85 120 55
0 81 60
94 102 23
111 116 48
44 138 10
58 108 39
103 123 46
27 86 47
98 99 37
65 111 44
39 83 48
35 130 3
16 27 31
25 61 28
75 108 51
21 133 44
9 91 50
25 34 38
100 109 32
96 137 49
32 133 0
0 96 1
58 106 5
0 36 33
121 122 25
2 112 53
14 52 37
87 131 11
103 145 18
95 111 5
79 108 55
110 148 19
138 149 17
92 132 48
32 109 4
34 93 19
46 147 60
42 135 26
40 124 16
80 115 27
8 53 33
77 119 37
88 96 20
3 106 27
32 125 1
49 115 60
14 82 58
39 130 29
74 129 44
53 55 51
95 131 39
10 146 29
55 63 24
28 98 19
20 75 48
102 125 28
1 91 53
83 142 41
106 144 17
15 45 56
68 101 4
30 93 44
92 145 52
65 83 60
72 117 8
102 116 56
72 83 17
52 87 13
68 86 54
90 117 3
106 132 13
30 34 1
85 130 29
92 131 23
74 94 31
9 66 58
73 87 47
115 140 3
99 124 49
51 125 55
114 149 16
104 123 59
75 112 27
56 128 48
22 144 26
67 75 58
37 47 16
98 146 50
48 98 38
17 118 51
3 5 33
7 14 44
93 105 53
71 78 19
62 124 29
60 121 45
4 102 49
87 148 34
32 79 18
57 62 38
57 96 18
23 97 48
1 93 47
88 99 13
63 77 59
71 105 24
47 76 17
27 132 0
64 119 56
74 123 24
13 106 11
106 137 35
33 76 27
123 141 5
67 126 17
52 64 47
16 73 38
53 67 27
56 70 58
34 103 27
82 103 33
17 28 26
76 90 45
9 70 17
35 66 59
27 71 29
57 140 51
60 117 48
37 142 51
80 134 5
57 148 15
3 17 18
66 72 7
73 127 44
66 116 12
12 48 19
22 84 36
44 62 57
107 144 58
64 104 12
39 42 48
34 130 31
21 139 5
54 75 19
53 125 27
102 136 57
3 81 16
32 50 2
114 126 19
40 97 45
8 75 27
54 118 58
51 101 29
14 25 2
39 143 16
69 127 5
53 107 50
24 75 21
15 77 41
58 131 16
38 39 19
48 53 60
83 94 8
43 79 31
17 113 1
80 138 17
95 136 6
95 138 45
126 148 24
13 69 20
94 112 49
46 107 14
113 148 8
45 92 12
38 54 5
1 58 32
53 141 34
80 137 44
12 68 44
12 58 59
51 134 46
67 81 52
54 112 50
78 111 59
31 91 46
17 54 10
17 83 41
10 133 49
75 123 48
27 147 51
100 137 58
123 126 4
37 84 50
13 149 50
28 53 16
87 101 35
59 143 38
50 54 53
35 73 4
38 45 50
55 62 14
65 95 18
94 113 11
9 145 44
76 128 13
100 143 46
12 118 58
13 90 16
1 31 32
110 144 38
2 116 50
71 112 35
78 100 28
110 149 48
92 108 58
77 131 40
117 129 17
49 144 9
5 42 34
94 100 29
65 88 9
98 117 10
43 110 38
29 74 24
18 80 14
111 131 31
3 63 46
84 147 33
67 138 38
7 69 27
11 121 60
41 91 48
20 116 8
58 109 29
116 129 11
24 78 53
56 127 54
19 55 52
35 132 3
41 49 22
56 137 54
51 108 6
95 134 52
119 143 19
3 29 37
59 122 24
33 105 44
58 91 31
2 12 4
31 62 37
35 140 3
46 87 35
58 95 26
88 144 9
7 20 37
52 122 55
40 66 45
13 16 59
5 133 56
86 99 25
32 128 29
51 147 32
17 94 16
35 70 1
3 94 41
101 134 55
128 141 34
60 67 20
33 95 12
114 129 39
73 142 49
29 139 21
50 76 18
18 110 2
42 42 7
60 86 38
3 114 6
66 76 56
78 88 51
8 126 20
54 129 16
99 130 41
100 140 47
94 107 5
76 134 42
40 94 3
33 61 51
26 88 23
63 83 44
37 144 11
81 127 12
94 138 19
56 144 27
39 47 21
50 96 26
107 111 2
27 61 30
54 82 6
44 91 13
9 115 41
59 86 40
31 118 18
91 123 25
25 131 39
103 149 20
15 33 1
10 83 30
1 134 18
0 71 51
37 114 51
60 130 13
54 66 60
25 99 16
37 133 45
45 87 37
90 149 13
67 107 38
26 73 52
9 112 7
87 126 16
62 109 17
109 120 2
73 90 55
17 127 5
75 91 39
45 94 6
16 138 53
15 56 40
13 74 20
23 70 26
22 38 56
17 31 4
15 102 47
73 78 58
22 120 19
65 127 0
95 147 58
36 65 55
27 81 1
60 71 60
12 19 3
61 92 59
42 114 51
22 85 32
124 128 1
113 119 37
36 133 37
61 114 52
40 142 7
97 115 19
10 115 27
70 109 46
83 85 40
20 124 57
34 41 30
42 113 58
69 71 55
37 72 59
17 100 42
67 116 25
50 148 3
63 113 14
115 120 8
31 86 26
93 126 45
16 92 11
61 117 29
46 117 54
114 120 37
112 134 27
53 89 18
38 47 55
29 75 22
46 47 5
9 50 14
3 103 21
38 124 32
108 145 55
54 81 20
50 100 11
53 85 43
83 91 50
123 149 8
93 101 43
97 103 45
33 124 48
12 71 1
66 127 16
89 141 0
107 137 46
32 142 18
85 98 32
86 141 56
8 41 8
82 87 55
91 120 43
75 95 45
45 79 45
17 81 42
34 35 54
18 144 4
85 100 39
129 131 59
4 7 47
28 66 2
35 134 42
101 147 9
60 80 3
130 149 48
26 134 58
70 112 50
79 122 7
58 107 32
29 32 50
52 63 52
9 72 7
75 80 20
93 115 48
67 129 37
123 132 24
45 139 22
43 85 54
49 131 34
14 119 11
55 81 10
53 75 30
77 115 43
3 125 4
58 120 18
28 140 51
37 109 20
71 118 60
71 96 11
18 76 22
1 94 20
40 91 42
61 77 15
66 83 22
8 117 32
28 102 58
114 127 40
53 66 30
79 121 10
104 133 17
98 147 0
30 38 60
65 82 2
110 143 59
45 78 57
35 45 36
11 24 28
55 122 48
33 110 57
0 48 35
22 34 11
39 53 27
53 146 23
64 101 16
84 108 44
68 130 40
64 113 59
35 138 17
75 81 39
79 118 23
65 75 58
35 101 0
52 66 19
92 118 24
85 118 17
36 140 29
101 131 18
6 148 38
65 144 32
4 117 40
112 118 21
26 58 50
9 137 56
23 128 21
73 105 42
36 46 48
121 147 17
76 105 29
73 141 19
125 141 44
64 67 27
101 133 9
18 105 25
0 106 13
66 104 34
90 140 54
36 118 31
135 137 1
67 141 12
64 123 16
22 45 42
23 105 40
80 114 10
9 71 60
71 133 45
32 103 59
29 92 51
19 102 16
77 144 22
133 147 2
37 73 22
7 96 39
95 126 36
100 124 25
65 65 59
31 144 28
9 53 40
81 138 37
122 123 23
104 130 43
74 128 28
25 63 25
13 60 32
115 130 18
84 111 37
12 47 42
20 58 19
29 111 47
77 113 9
120 120 59
106 122 43
59 126 21
44 146 48
27 119 0
36 85 0
63 128 24
59 97 53
83 126 50
53 94 41
100 125 4
73 73 40
92 105 24
94 96 50
82 140 30
20 51 52
26 120 59
66 111 42
8 62 35
34 52 40
29 42 35
125 127 48
15 113 53
31 94 36
22 68 29
25 146 28
81 83 40
31 48 3
3 11 36
51 82 48
30 126 10
50 52 41
97 149 21
1 65 51
52 82 34
73 138 14
0 133 55
75 146 49
82 131 3
30 139 27
2 2 24
111 121 41
67 142 19
3 34 12
102 106 5
57 72 6
13 118 41
35 39 5
35 43 46
49 51 25
112 131 14
72 146 30
35 104 27
89 104 21
46 138 36
5 103 6
47 72 21
54 113 57
27 64 2
19 23 50
14 107 42
2 90 34
79 135 59
83 119 29
28 30 0
80 117 32
48 74 37
88 98 41
50 126 58
3 56 36
6 123 54
91 102 60
8 45 10
128 140 35
26 80 48
12 14 44
47 106 53
26 66 59
66 112 15
7 56 32
45 56 27
44 75 10
108 112 9
22 100 12
56 77 53
85 114 37
128 135 45
63 63 17
51 118 49
72 80 9
3 41 18
30 115 37
27 66 54
24 82 42
74 97 19
60 139 53
6 51 49
28 100 23
118 120 3
40 48 44
65 105 51
106 114 26
14 143 36
10 107 10
119 122 60
30 51 59
106 134 54
74 147 49
81 114 7
100 123 58
15 107 17
54 55 25
85 92 9
2 114 16
110 118 21
76 108 48
76 103 58
70 78 35
69 70 0
85 117 54
22 91 51
110 115 46
0 56 24
93 106 37
18 65 26
90 133 39
34 145 30
50 70 17
12 67 12
33 96 53
51 83 5
100 146 48
18 33 46
5 87 41
46 132 33
20 83 10
44 108 44
15 119 25
11 64 1
45 107 15
23 141 29
10 57 18
89 119 10
40 52 51
4 73 60
64 126 47
18 21 53
39 126 12
71 84 48
28 84 34
39 76 31
38 52 2
39 117 57
94 132 5
16 30 48
68 82 53
20 78 14
3 57 40
104 125 24
110 137 11
61 85 39
83 97 55
93 141 15
68 87 42
30 136 35
42 73 1
30 144 53
40 63 15
8 11 50
81 147 50
31 100 58
39 51 53
93 97 1
8 74 54
58 146 13
104 141 18
13 120 55
30 143 50
4 68 49
43 146 3
40 55 3
3 109 1
3 4 28
12 143 24
57 110 52
8 83 49
30 141 34
49 137 13
8 89 21
110 116 41
13 77 55
100 116 38
76 122 42
30 112 6
15 118 42
17 93 55
7 95 1
4 46 40
59 131 44
85 85 16
57 98 27
85 91 23
59 121 35
53 138 26
91 139 33
81 97 13
5 109 53
77 100 26
102 139 19
77 125 54
51 117 26
85 125 56
29 129 24
97 140 41
22 129 0
41 115 13
61 118 49
74 93 48
75 87 17
38 84 54
55 103 57
82 123 4
45 61 2
109 147 16
68 139 7
99 100 36
29 138 60
76 116 31
43 95 57
35 144 11
38 72 42
27 118 40
50 125 47
69 141 10
105 113 41
70 135 22
32 93 19
0 144 44
3 40 8
63 96 35
31 137 20
5 123 33
15 55 57
56 103 15
99 116 7
43 96 22
32 85 0
101 103 58
1 12 20
20 65 23
77 78 42
55 113 16
97 108 27
29 134 10
66 119 45
62 97 27
14 31 27
15 54 19
105 132 42
81 82 7
23 64 37
17 84 54
47 116 6
51 132 51
120 121 47
38 120 31
22 103 55
15 97 43
10 32 50
13 138 29
74 135 54
5 17 18
55 65 19
18 138 21
18 42 40
105 123 6
29 97 22
30 73 53
54 91 14
15 42 56
34 131 2
67 72 39
95 109 25
72 148 57
15 16 17
3 98 0
14 142 2
34 77 56
106 141 18
113 142 49
61 89 42
63 142 20
24 79 27
68 131 43
105 119 36
28 110 30
23 29 15
39 94 16
68 115 20
58 73 2
96 105 6
56 63 47
16 135 37
79 80 13
85 90 48
82 110 59
49 75 15
46 77 33
43 44 58
107 125 22
21 58 28
51 100 6
18 139 59
0 118 1
57 134 19
78 85 37
62 108 15
10 67 60
20 108 18
34 134 56
18 59 8
2 35 29
96 130 46
0 148 23
13 44 29
0 117 2
69 83 14
27 79 16
46 57 40
54 62 52
19 135 58
34 88 39
6 68 28
90 90 47
2 15 40
37 67 27
24 92 2
25 29 6
18 85 58
19 46 34
2 80 16
54 111 10
48 60 44
106 140 49
101 136 9
78 144 17
59 74 34
90 130 17
17 68 43
125 144 11
45 111 47
10 143 10
76 139 38
37 93 7
63 117 40
39 90 28
48 63 48
10 132 3
25 26 41
25 145 42
9 128 12
71 135 55
91 94 7
96 108 45
52 73 3
80 133 52
63 108 5
13 148 0
112 119 20
57 61 15
28 47 1
108 133 23
55 57 1
65 113 33
29 145 0
98 104 40
27 102 12
65 146 28
69 135 41
86 104 1
25 109 28
26 147 5
127 133 35
77 93 31
28 149 30
37 127 56
89 134 8
77 109 59
27 27 17
83 143 49
45 83 6
21 125 48
102 121 50
77 124 22
28 36 58
52 117 44
61 100 48
42 105 27
5 39 46
41 67 16
74 134 50
92 119 21
28 106 16
39 72 51
29 104 23
30 62 16
92 97 11
45 122 47
10 106 51
21 120 34
3 147 30
2 84 1
18 104 53
22 61 40
61 141 38
45 132 46
8 104 22
79 132 50
17 104 12
72 112 45
55 115 21
70 76 3
4 37 1
97 121 45
35 146 10
98 138 51
48 65 3
64 102 4
16 52 37
93 95 22
48 73 5
39 114 1
69 140 19
83 121 42
48 103 36
2 126 51
23 67 15
4 84 58
71 128 31
13 64 8
2 138 30
32 44 45
38 80 58
17 90 9
106 133 19
105 135 11
42 127 42
34 97 54
42 89 19
24 142 37
69 136 17
96 144 6
26 109 13
26 149 10
35 71 37
23 61 28
80 81 40
11 40 43
48 52 23
63 125 3
97 113 40
15 95 26
42 140 40
44 147 8
83 130 31
19 105 56
103 110 32
47 118 49
50 50 18
93 140 29
16 98 60
48 115 55
39 64 31
28 138 17
66 141 52
84 141 12
83 108 26
14 80 6
66 75 34
11 143 29
29 44 59
75 89 12
39 88 22
89 148 21
57 91 56
73 139 41
48 105 37
64 143 7
54 94 26
106 127 37
29 135 14
11 106 20
5 142 59
18 129 38
30 40 3
3 18 19
101 111 31
45 75 34
20 55 24
56 124 58
25 45 54
98 143 11
27 43 32
41 48 45
19 39 0
26 49 12
33 126 10
4 82 12
15 139 34
15 25 10
31 55 42
7 134 32
70 82 16
43 106 23
53 128 9
44 49 7
105 147 27
121 144 10
66 91 17
16 56 56
23 132 26
31 106 35
0 22 1
72 87 11
79 84 30
6 28 8
97 133 36
24 84 12
27 82 44
29 60 18
42 50 10
55 112 24
18 54 35
16 59 45
71 89 48
64 124 21
9 82 34
22 23 60
27 56 60
39 44 44
46 114 50
78 94 32
5 82 32
87 112 51
0 127 31
85 108 5
89 114 9
1 104 6
55 109 7
61 143 35
18 73 6
44 58 25
21 82 43
10 26 22
21 57 57
115 125 49
14 126 52
43 133 43
0 101 4
30 90 31
66 109 24
66 144 11
30 111 36
24 112 43
105 126 0
28 130 53
88 119 12
32 43 32
50 84 23
87 135 35
62 101 28
68 113 5
87 119 2
68 120 54
10 124 23
6 19 8
56 112 38
21 77 29
48 51 51
1 36 41
68 88 18
41 95 40
87 102 36
25 55 11
15 143 4
38 93 36
49 147 26
100 119 25
133 138 6
48 126 12
78 140 0
122 148 24
80 118 47
111 133 42
60 94 33
61 103 13
48 84 48
42 84 18
67 114 42
2 68 16
10 42 55
30 123 9
34 116 22
22 72 6
20 144 19
16 84 60
44 124 40
42 145 44
77 106 57
41 145 29
29 96 46
81 102 28
85 104 5
11 136 59
57 136 20
10 92 53
30 134 0
61 80 54
53 129 48
20 35 51
13 115 10
13 73 15
76 76 54
40 76 54
18 128 0
52 113 2
98 123 19
36 102 5
60 122 1
59 84 3
17 145 25
11 124 30
81 94 27
8 34 23
18 121 8
25 39 20
70 149 53
9 45 49
88 95 20
31 88 26
102 112 7
13 75 31
58 86 1
12 95 9
31 143 2
28 108 23
16 94 0
4 50 58
58 130 58
75 138 37
91 121 3
29 144 34
0 27 15
40 44 10
90 128 45
72 118 45
5 7 14
74 132 1
8 123 19
36 129 41
63 118 8
26 30 6
76 83 33
84 114 3
40 132 37
22 80 23
37 111 51
50 118 52
15 103 54
120 146 39
63 139 51
90 141 26
59 140 58
59 90 7
106 129 18
4 91 18
72 85 52
41 81 51
84 135 17
81 137 37
76 88 48
112 148 13
18 91 52
3 70 43
14 44 42
11 61 15
49 93 58
83 134 6
82 125 34
71 90 31
69 117 28
105 149 23
113 123 22
31 81 19
42 147 31
104 136 44
36 149 44
62 81 18
35 91 31
103 117 3
34 71 37
86 95 8
19 118 56
1 70 8
75 113 15
86 134 14
71 143 35
94 143 17
91 109 24
43 58 7
77 137 10
92 120 11
60 141 6
57 89 47
95 129 25
18 145 40
63 147 55
42 68 7
49 122 50
11 78 27
65 110 17
22 25 32
49 106 48
6 23 4
47 73 46
75 103 9
100 105 19
9 89 36
32 107 15
52 140 15
21 75 59
20 98 33
71 102 16
61 62 1
29 112 18
76 97 30
45 135 42
43 145 48
54 125 60
84 89 2
12 17 47
64 140 55
29 55 42
102 123 53
24 62 58
58 90 27
52 126 55
97 124 35
66 67 12
17 87 26
48 148 29
51 88 60
30 142 44
92 94 43
29 132 28
89 102 10
108 142 47
69 125 16
29 140 59
40 80 27
25 43 29
4 25 32
42 149 46
7 46 24
5 56 27
4 54 45
15 129 46
32 62 6
65 116 10
39 146 5
93 139 48
78 78 41
127 136 43
50 124 49
62 103 57
60 74 56
105 133 35
26 138 45
66 122 25
65 143 23
41 68 56
35 57 5
75 121 58
42 63 14
107 116 55
47 67 10
98 114 59
64 129 29
68 149 56
8 16 44
2 85 28
69 116 30
58 149 46
120 136 50
15 110 39
29 66 41
19 45 30
36 124 52
1 51 22
109 135 1
6 14 0
12 147 54
49 109 52
52 135 54
9 108 54
55 118 52
0 125 43
69 95 13
29 87 60
14 137 14
22 74 27
37 75 44
45 128 21
33 111 43
34 78 32
106 118 40
77 94 20
24 29 18
27 46 22
73 89 38
8 42 41
81 95 31
54 144 36
95 142 38
80 82 14
56 109 27
52 92 47
32 122 17
60 147 60
5 5 2
103 133 38
95 103 52
51 86 31
49 124 21
60 75 35
3 37 48
2 120 24
49 114 58
70 142 32
52 91 60
95 140 4
49 130 57
92 92 52
48 131 49
33 47 3
68 108 36
73 101 50
63 114 58
18 72 36
24 88 40
17 124 52
49 64 23
69 77 14
40 98 21
2 95 34
8 30 29
89 137 49
1 96 15
44 148 19
61 120 58
2 50 45
74 85 38
16 105 40
6 98 15
63 79 23
21 36 26
21 99 19
32 74 10
7 31 46
74 101 14
97 134 36
43 112 21
47 141 25
1 135 55
108 119 24
49 85 11
25 107 22
18 136 8
90 107 36
12 138 44
94 131 20
19 110 47
94 94 16
32 80 29
19 82 20
44 61 51
22 56 42
29 122 29
28 45 3
53 101 54
91 116 0
61 107 33
68 104 12
91 106 42
32 89 14
31 119 41
16 123 37
56 107 18
33 113 59
45 76 3
61 144 25
28 35 50
35 98 11
15 38 59
9 57 8
110 147 18
3 107 44
84 101 33
68 122 46
49 127 49
57 77 30
107 119 24
38 107 54
63 66 41
97 144 26
5 31 12
10 142 36
84 129 60
60 81 4
54 139 21
15 130 54
25 65 20
10 136 34
88 134 56
6 62 4
22 94 14
60 98 38
55 105 3
79 97 53
12 92 25
29 89 41
14 121 29
103 106 56
41 111 7
86 144 48
78 102 49
47 92 19
61 131 8
69 75 26
75 110 22
72 138 5
17 97 26
2 100 0
81 125 37
35 122 24
15 43 2
85 110 38
3 3 32
45 120 21
15 111 36
91 133 37
12 120 55
110 112 59
5 145 33
15 96 16
70 118 13
32 100 32
36 103 56
67 111 58
69 143 26
3 85 53
111 137 6
105 121 48
32 70 54
6 78 3
120 132 35
24 102 7
51 76 45
40 109 10
83 144 5
37 52 60
5 59 1
61 112 39
61 148 46
36 67 56
115 144 39
5 129 4
55 67 43
2 83 27
66 101 19
57 119 41
93 120 49
26 94 35
27 47 6
87 120 9
85 135 21
123 148 26
122 138 51
78 91 49
52 84 30
67 132 1
8 65 16
106 119 43
50 55 10
55 94 5
81 93 9
7 45 25
1 147 59
10 40 30
43 89 50
33 123 43
37 106 20
6 113 54
0 37 47
18 67 43
92 117 22
33 84 44
11 62 37
18 31 40
27 44 11
27 99 12
18 149 18
27 106 27
29 30 30
36 136 25
38 149 58
57 104 7
58 125 33
88 100 30
34 72 37
63 90 18
35 129 32
27 142 22
108 121 29
69 78 16
27 76 8
104 122 14
2 30 39
49 86 56
28 71 16
81 119 40
36 80 20
15 147 5
47 101 20
3 23 50
8 109 38
70 83 4
81 121 41
91 119 38
31 122 43
93 142 23
28 129 31
23 96 19
75 128 24
21 123 40
77 114 40
103 124 59
88 140 55
28 118 42
74 136 32
85 136 21
53 70 38
26 28 22
10 38 4
9 116 23
107 132 31
70 134 43
21 117 7
57 73 6
13 105 60
47 71 24
58 148 38
33 131 46
78 97 47
115 128 52
12 127 13
19 94 51
5 40 14
56 61 3
60 148 60
0 93 59
66 131 38
49 108 42
0 136 2
14 18 31
32 52 7
32 87 6
55 114 42
4 27 7
49 136 55
55 84 28
55 123 35
32 46 31
51 61 31
37 48 37
18 115 0
76 109 2
27 72 40
41 103 18
96 97 22
82 115 28
24 72 28
73 119 22
78 130 23
54 99 12
45 89 25
66 70 21
35 75 21
65 136 43
100 141 34
113 130 2
12 23 52
29 53 58
73 131 11
74 113 14
40 135 29
83 135 3
83 96 48
5 97 36
45 116 30
29 141 55
13 26 47
52 60 12
5 80 33
41 106 54
13 102 13
35 118 36
25 98 52
57 116 3
86 87 43
58 77 22
19 41 47
7 35 1
47 52 7
3 122 41
104 127 20
80 113 1
48 111 48
60 138 16
44 116 60
90 135 17
48 89 3
82 127 40
32 71 26
61 69 47
101 121 44
9 39 23
87 133 30
5 144 4
25 114 56
36 92 27
27 49 18
26 68 8
62 84 60
44 144 48
37 139 18
38 56 5
49 104 5
45 115 19
16 81 25
31 57 30
93 119 26
1 38 37
50 58 27
30 120 8
35 117 36
19 53 2
35 41 33
48 58 27
107 133 46
54 109 0
24 81 47
13 21 44
20 40 19
15 149 6
84 87 0
33 93 6
33 43 28
14 90 46
98 145 19
60 142 42
109 113 4
3 146 33
11 26 10
37 45 54
29 94 4
96 136 49
16 46 36
47 65 27
63 129 3
33 141 54
13 55 59
91 142 12
22 67 26
16 77 4
0 6 33
29 118 55
6 41 46
11 21 23
14 147 51
41 47 22
54 120 36
48 48 13
6 127 43
53 124 32
32 61 45
21 145 47
97 102 40
4 145 37
18 27 7
67 137 0
12 12 15
32 92 53
34 73 30
54 138 21
66 133 28
19 63 15
43 88 7
40 122 3
28 101 43
110 138 56
52 104 4
26 117 46
58 63 59
40 81 35
45 145 56
20 60 29
34 136 43
10 31 52
56 75 0
29 124 14
16 139 13
16 71 1
33 64 18
6 34 27
40 111 27
16 47 57
16 22 39
119 146 11
19 107 58
46 134 54
64 114 38
71 101 59
17 89 20
32 49 24
18 38 17
59 115 43
97 125 48
92 129 45
44 85 42
61 79 25
47 147 17
4 116 4
23 52 3
23 145 21
57 76 27
23 35 13
36 57 38
29 34 36
29 149 24
108 137 46
17 27 44
19 77 4
120 131 53
45 126 30
55 134 34
7 115 45
13 25 15
62 70 20
58 112 50
8 112 31
0 99 9
47 89 31
80 112 47
4 13 47
55 89 34
71 141 5
49 101 52
44 80 18
81 108 12
30 82 54
44 133 23
37 99 1
101 124 0
75 101 56
21 148 30
16 103 32
31 99 0
24 30 22
69 96 13
69 131 37
87 106 44
109 149 28
15 47 43
59 134 36
20 111 43
21 121 22
0 61 47
20 146 18
24 113 46
93 123 0
36 70 58
8 95 16
6 89 35
85 119 46
80 104 10
82 89 30
60 116 58
43 86 17
57 85 56
66 80 9
54 124 43
71 103 56
17 62 56
18 101 15
9 74 6
89 103 3
49 87 8
45 144 55
44 128 31
69 123 46
43 77 48
1 77 21
66 149 60
45 119 15
38 117 45
11 57 29
25 96 22
103 115 56
14 103 22
17 102 1
46 62 52
15 23 33
20 95 2
24 132 33
82 109 4
50 66 40
99 143 28
110 141 4
13 67 19
83 109 55
3 135 26
66 94 46
98 122 30
74 106 30
58 118 14
57 124 59
25 25 39
68 143 25
28 139 22
31 117 26
92 121 23
37 90 23
77 82 39
17 42 34
40 56 55
78 134 32
70 138 3
14 20 26
47 59 29
65 108 23
56 119 25
27 148 3
65 104 37
63 131 3
11 123 25
67 123 25
27 32 6
12 149 11
10 149 42
114 122 20
111 148 29
14 87 48
23 33 59
11 85 42
3 83 44
61 74 5
60 143 31
14 71 14
1 42 5
7 42 53
42 120 16
42 76 15
79 115 3
3 55 46
0 143 47
4 11 22
10 122 18
104 115 36
85 87 0
11 113 44
19 100 17
42 142 58
88 135 10
95 106 9
18 18 48
29 106 19
38 147 4
27 149 5
43 109 24
1 19 9
2 129 38
35 121 38
36 119 30
6 9 40
87 147 15
87 145 58
22 70 6
17 52 8
40 143 11
39 97 54
10 63 14
8 131 27
12 85 7
98 148 38
86 125 10
28 104 3
9 73 18
76 127 32
81 149 15
67 71 13
68 70 0
50 57 11
68 123 14
10 16 50
52 100 16
94 127 5
15 94 23
24 58 26
13 47 5
51 128 39
17 79 58
121 126 51
74 124 53
62 88 48
13 128 43
92 137 17
10 121 37
40 133 53
51 65 42
29 143 36
53 116 24
75 126 12
25 31 39
20 103 59
21 101 31
67 98 43
91 124 49
111 128 48
65 141 49
86 135 41
91 136 55
67 78 7
18 77 18
4 109 40
32 119 2
71 107 30
62 105 37
35 131 12
25 115 42
17 126 15
71 125 50
21 136 41
81 99 59
94 95 43
77 132 39
40 96 14
81 101 6
37 71 0
22 37 38
48 85 16
11 42 38
8 88 26
77 102 24
38 48 13
33 77 54
82 149 3
21 91 38
61 106 10
14 135 16
93 102 20
74 118 42
42 86 26
68 127 53
95 143 43
79 142 58
5 128 51
9 14 37
90 118 49
28 54 12
24 50 46
3 134 26
64 106 37
76 80 0
11 144 8
7 86 23
80 98 60
49 81 23
46 48 9
45 117 8
103 147 30
86 107 6
4 49 44
21 76 23
131 137 39
42 103 57
32 140 57
14 37 59
98 109 36
90 101 7
33 120 23
15 73 42
18 37 0
120 138 29
99 109 53
46 146 28
13 136 59
59 132 45
51 145 48
70 98 11
117 148 9
4 60 16
11 59 1
13 142 24
31 45 45
51 104 11
107 139 6
15 104 7
72 81 30
45 137 33
28 95 40
80 143 34
43 120 4
90 104 4
78 123 52
129 138 44
89 132 50
93 135 37
24 116 17
50 104 53
3 73 31
74 117 51
39 113 51
124 133 60
116 145 38
50 128 28
78 147 36
5 20 26
3 141 16
1 105 2
40 137 21
7 107 38
67 113 38
24 42 13
62 94 42
60 149 12
7 23 50
15 22 15
65 68 16
110 145 56
16 70 48
45 146 42
99 146 4
114 138 30
63 75 55
66 74 39
42 121 20
62 82 29
26 92 44
4 72 7
31 52 19
78 131 29
65 74 50
23 23 17
35 36 40
55 106 11
34 143 23
31 70 27
16 54 34
30 44 40
70 117 27
89 95 23
51 51 4
116 144 6
80 90 22
34 68 33
79 109 40
14 48 28
20 62 16
5 88 25
10 66 30
48 92 9
98 139 3
89 147 20
53 63 36
44 103 14
0 146 42
48 117 48
24 66 34
38 43 24
65 132 37
115 117 49
92 116 55
26 72 50
79 94 32
101 119 14
14 100 8
31 146 2
5 73 6
35 46 24
20 87 8
90 139 19
41 53 20
14 124 34
53 113 18
14 49 33
5 37 43
23 99 52
50 135 47
87 134 2
27 128 19
26 63 54
76 130 24
24 93 42
41 52 21
113 113 49
1 140 57
1 138 3
89 89 28
40 77 27
56 85 60
21 149 16
5 9 43
56 148 31
89 128 56
53 111 12
13 65 33
78 87 18
64 146 22
52 75 43
54 57 28
83 117 7
62 87 31
113 134 51
39 40 54
77 92 26
38 88 25
28 146 5
80 127 12
56 76 45
38 77 19
106 121 4
82 138 39
77 79 26
73 145 53
46 137 29
54 136 42
81 87 23
60 114 42
118 119 14
76 141 33
53 58 11
99 113 49
42 62 60
42 44 56
18 98 13
18 120 33
41 133 53
0 89 34
22 108 32
36 63 51
17 53 49
13 71 58
99 138 16
118 124 20
74 98 44
91 138 44
20 54 7
92 140 32
3 38 60
69 76 9
12 93 46
49 56 36
88 146 45
93 146 54
29 90 13
77 135 15
14 17 19
7 120 2
41 117 1
36 99 23
59 83 15
90 137 56
43 64 28
84 144 14
93 138 0
46 56 8
77 140 9
25 103 52
82 97 4
13 78 34
62 80 49
126 149 30
87 143 0
45 96 15
66 148 0
36 93 41
25 75 28
44 126 45
62 118 40
96 138 1
25 117 18
52 96 25
54 71 48
26 69 25
25 139 28
1 84 35
5 138 35
65 86 43
12 116 4
19 36 10
46 109 3
97 97 53
49 57 22
89 140 49
69 102 50
51 69 8
55 76 3
9 99 15
102 103 49
51 136 47
2 61 56
66 108 2
106 123 21
11 132 25
31 96 16
18 75 60
38 148 22
115 115 20
65 133 42
82 130 36
12 80 7
60 107 44
9 69 10
70 97 56
78 90 58
35 108 52
24 123 44
16 145 10
10 14 13
35 112 41
53 137 40
12 115 27
69 93 59
46 64 34
24 95 55
17 34 8
13 86 59
96 119 58
42 71 12
31 147 42
52 109 40
60 87 4
104 126 34
19 126 28
47 100 17
17 134 3
36 59 54
33 134 2
16 66 35
56 125 15
3 139 37
83 127 37
38 132 4
6 66 11
34 115 42
108 149 7
20 134 59
2 6 33
104 117 11
11 71 57
80 126 43
85 105 1
19 19 18
1 74 19
40 45 38
90 121 18
4 21 40
116 125 6
18 130 14
57 92 39
76 144 49
49 139 0
43 125 7
6 134 7
90 131 43
72 116 4
55 110 29
33 108 39
20 42 2
61 124 49
64 130 42
112 126 21
87 88 4
46 111 9
21 127 16
42 108 8
42 131 57
49 125 7
6 87 26
1 142 2
39 100 6
41 140 19
0 13 19
73 94 40
21 26 14
93 109 25
14 136 60
86 88 6
4 96 53
100 108 24
49 111 57
11 14 49
17 19 17
75 116 22
76 104 38
85 126 45
104 143 39
1 121 2
22 101 51
85 148 55
34 84 44
41 94 42
62 134 47
8 97 55
9 21 56
1 69 46
72 107 30
88 104 10
41 57 0
16 115 49
9 134 50
21 118 53
44 129 34
5 61 37
56 134 43
7 57 24
38 98 39
88 94 17
46 101 39
52 88 4
5 89 34
2 118 39
0 11 51
68 69 29
58 62 9
32 127 30
4 149 9
6 143 31
71 132 39
55 60 17
47 125 40
110 142 47
10 89 56
61 135 0
80 87 43
9 119 43
13 117 31
49 102 2
77 84 54
50 83 23
44 118 18
79 95 3
75 131 14
51 124 0
51 138 34
51 56 43
16 122 30
41 122 34
28 128 6
41 128 49
38 62 15
50 101 52
86 132 50
1 95 38
37 112 13
45 142 20
6 108 37
23 24 47
23 134 29
99 131 25
79 88 30
57 93 57
73 103 49
16 130 8
56 69 44
94 121 59
12 99 53
73 122 51
54 119 47
41 78 10
25 27 10
81 123 56
28 51 47
81 128 41
11 88 30
30 57 40
56 96 30
18 89 32
38 108 13
42 64 4
96 106 6
5 19 23
25 132 11
30 32 58
85 97 13
85 95 38
42 96 37
87 124 23
39 54 13
76 82 45
5 51 16
80 107 55
3 128 41
47 47 42
38 60 25
64 134 46
16 61 12
45 131 48
19 71 18
56 140 9
50 133 32
4 67 58
45 127 44
85 88 59
57 68 35
81 104 12
64 97 20
63 87 44
11 139 42
58 82 57
41 141 37
1 99 35
80 94 9
34 87 30
115 141 20
63 107 33
10 95 28
7 32 21
70 73 25
12 37 56
9 146 16
1 30 11
15 134 3
73 107 15
83 83 35
23 32 25
33 109 60
81 144 58
83 89 2
32 81 44
59 128 18
16 36 39
9 125 27
61 83 36
12 113 50
0 51 18
17 95 30
55 132 4
37 63 49
52 76 3
109 143 21
25 100 25
3 86 56
48 102 16
3 31 6
34 60 20
36 74 49
82 118 23
74 140 36
17 82 33
30 84 4
35 84 5
87 138 4
80 84 38
14 63 58
44 97 28
9 26 8
39 142 12
82 126 28
107 145 15
32 90 7
53 78 32
36 135 42
21 66 24
13 56 24
17 56 28
55 119 46
54 65 6
122 128 17
9 103 31
88 97 34
22 54 36
35 128 23
30 78 28
16 121 37
34 66 47
27 41 45
44 81 7
48 59 32
99 135 5
54 77 25
78 80 38
30 107 5
33 48 27
18 111 22
45 60 3
55 95 32
45 129 28
7 84 0
64 141 28
14 34 21
89 129 43
78 139 4
0 68 59
9 55 8
62 77 55
2 141 27
2 10 51
37 37 8
21 128 34
38 38 43
35 81 33
22 99 55
93 114 1
3 61 32
1 45 43
15 108 8
30 54 38
44 76 19
9 24 14
46 89 21
15 21 2
61 82 37
62 126 37
53 72 52
16 107 23
67 70 16
6 84 0
103 143 37
3 76 13
98 103 47
55 83 36
10 84 26
65 128 30
63 136 37
69 139 1
23 107 27
74 148 55
42 47 25
6 81 44
50 105 46
73 95 43
103 138 32
52 108 29
53 77 41
31 134 24
59 109 37
69 84 57
81 134 51
91 126 57
20 69 26
2 99 20
15 79 43
87 129 18
4 93 4
45 100 53
114 133 38
1 59 42
53 108 58
6 8 58
0 55 20
25 89 31
2 13 31
35 47 2
82 139 24
9 60 16
45 82 9
104 110 28
103 109 29
54 107 21
24 34 56
94 136 44
70 96 56
32 138 3
58 67 20
64 135 40
45 113 32
11 138 45
14 144 54
2 47 33
43 123 1
31 89 8
12 55 57
44 45 6
11 15 33
110 113 16
66 95 11
96 128 46
1 143 49
75 118 43
6 65 48
61 130 37
85 106 1
40 145 4
34 40 0
99 102 22
69 106 25
44 132 14
58 103 34
67 90 4
15 39 40
62 99 55
64 108 44
28 69 1
93 100 26
59 135 27
56 72 11
21 86 40
21 87 4
13 61 58
37 41 25
12 97 39
55 116 19
39 45 23
28 57 44
37 42 41
105 128 34
5 86 5
60 65 47
32 82 22
2 139 11
72 141 12
58 93 10
9 110 29
25 30 40
49 84 50
19 48 59
58 142 52
26 137 38
9 25 7
23 77 36
27 105 36
80 96 33
27 127 58
8 122 32
28 132 58
99 125 19
7 99 55
54 63 47
34 127 19
83 114 58
24 35 36
84 97 25
13 99 47
101 144 16
59 142 4
81 90 38
41 129 13
31 56 59
21 98 4
65 80 47
3 44 24
52 61 0
5 47 38
25 142 43
86 122 51
62 132 23
27 63 8
106 106 58
25 135 60
53 110 39
73 146 28
93 148 38
25 119 49
79 117 42
6 44 37
24 106 42
58 100 52
83 123 21
45 93 50
31 104 7
6 31 7
65 109 26
30 81 25
21 106 52
0 4 8
89 124 46
30 89 9
23 78 52
20 79 14
77 91 26
57 60 59
103 121 5
65 91 9
23 55 50
40 136 59
15 112 4
24 89 35
36 62 55
4 43 14
44 149 5
9 15 56
72 114 11
9 13 59
21 47 3
16 40 43
69 137 24
82 144 12
30 39 26
3 133 51
32 40 17
55 127 35
63 94 14
69 108 15
20 34 14
2 147 12
28 89 0
97 137 58
84 91 0
27 98 12
21 35 7
27 108 1
28 94 28
90 144 56
103 105 25
32 95 25
33 102 45
34 114 38
32 131 34
35 95 17
98 134 56
30 140 49
6 114 24
14 65 19
37 38 34
26 104 45
56 87 6
38 85 45
64 98 49
79 105 55
39 43 6
59 114 52
129 137 13
103 142 2
25 76 40
16 149 47
61 149 4
3 54 60
37 130 33
49 59 51
92 138 56
82 100 12
16 41 23
1 71 51
87 116 55
7 119 44
27 75 55
75 93 31
38 129 27
17 99 48
36 55 59
22 69 15
54 67 19
32 69 58
75 82 44
4 141 47
34 76 54
4 107 60
34 83 19
3 116 16
40 64 51
55 102 24
20 30 13
7 62 16
46 53 55
65 148 6
77 112 19
35 127 9
44 104 34
39 148 5
76 81 24
2 40 24
38 63 58
35 147 39
5 35 44
19 103 36
5 48 13
27 36 41
97 116 3
18 30 59
22 111 4
23 108 16
1 115 33
15 127 2
29 67 59
40 148 48
77 89 16
15 148 44
10 39 15
19 130 42
10 46 36
101 106 10
79 82 2
0 128 22
54 104 3
23 110 25
56 93 16
37 138 50
62 116 45
18 102 5
32 56 47
45 71 13
118 121 28
75 145 21
23 72 60
4 148 38
34 111 48
3 95 32
59 72 6
29 125 25
7 80 60
4 124 8
112 113 15
64 65 56
115 129 22
36 88 51
94 117 10
58 132 1
43 78 56
48 133 26
99 148 43
9 61 57
23 47 47
11 91 25
65 71 40
34 61 53
68 116 23
29 63 16
4 65 43
30 36 19
50 92 6
11 96 43
57 83 12
25 82 21
7 9 1
12 35 16
104 109 29
7 18 48
24 119 44
90 119 51
83 122 26
122 139 0
9 86 45
44 95 47
5 46 13
56 122 27
31 141 19
33 133 14
71 148 27
27 40 14
88 114 37
72 134 49
48 121 27
81 96 27
81 89 19
53 99 53
70 107 47
56 90 0
67 133 15
6 130 0
10 20 9
114 137 39
83 118 22
86 116 15
102 133 21
11 45 24
19 70 36
28 133 44
90 142 33
37 118 41
19 136 58
50 134 18
32 36 23
23 117 46
4 100 30
18 26 0
1 9 48
70 123 36
44 66 47
38 66 11
15 30 14
47 94 55
6 112 8
56 130 0
42 59 12
33 59 36
99 108 24
48 106 34
33 62 20
21 49 31
32 32 28
78 120 28
47 115 45
48 93 52
44 102 0
6 126 3
53 105 53
30 59 23
31 130 23
46 81 50
54 106 20
70 143 42
13 51 44
46 65 12
82 102 56
4 26 5
54 56 59
90 134 3
40 126 17
4 66 31
26 101 44
109 128 14
31 80 51
19 86 40
48 99 1
29 29 6
61 110 31
23 126 38
23 49 48
51 68 29
9 120 11
58 143 44
27 114 27
63 134 42
48 82 29
37 119 38
14 60 48
11 83 47
36 141 46
7 132 49
46 124 29
6 45 45
75 115 41
47 55 55
68 105 49
35 54 35
9 52 21
39 67 46
39 123 49
5 141 27
58 65 22
37 87 24
10 96 29
111 111 32
5 54 2
80 139 10
27 137 30
35 148 5
51 126 25
106 146 31
30 130 27
35 72 23
46 84 55
63 78 22
39 108 47
55 86 22
95 125 13
73 99 47
50 99 21
30 91 40
62 91 56
45 85 16
16 16 52
29 72 0
31 110 5
46 76 48
46 63 24
16 111 22
22 138 3
32 67 30
21 27 32
77 146 7
12 16 49
35 69 58
30 43 31
24 148 15
32 149 51
49 58 50
71 98 54
58 80 32
4 104 47
71 120 1
82 129 47
26 136 11
26 81 7
80 147 60
41 138 43
70 122 45
34 56 57
28 32 25
38 139 40
18 140 0
104 132 43
25 124 21
23 129 30
108 139 8
22 52 44
0 23 60
57 143 4
59 138 39
105 127 58
41 59 35
76 145 4
42 80 45
40 65 15
58 64 5
14 33 8
48 149 40
67 125 41
65 72 58
67 149 26
41 104 19
79 87 10
11 102 53
10 19 28
50 117 42
13 39 10
79 131 27
72 128 35
52 102 23
34 112 58
101 122 13
21 115 34
58 141 3
19 92 51
84 115 15
21 65 59
1 37 28
14 51 20
14 138 5
42 78 25
52 56 22
2 82 47
24 53 36
79 134 25
19 139 33
31 54 25
40 67 18
20 139 32
31 31 41
51 142 24
66 93 41
10 52 38
48 81 22
51 131 33
46 127 24
37 66 40
31 83 17
72 89 1
40 117 13
77 111 33
96 142 48
22 141 42
91 146 44
44 141 52
77 105 47
66 97 48
6 10 41
59 75 43
12 38 9
6 54 25
61 116 53
108 140 31
64 78 11
86 148 51
11 148 22
49 50 46
4 121 48
10 78 20
43 52 11
46 96 15
104 108 13
14 62 17
21 63 50
48 95 39
8 24 11
64 136 29
36 78 55
95 116 48
6 25 12
34 59 44
22 31 13
58 66 34
3 27 19
78 127 58
24 33 46
34 149 15
89 126 60
34 119 16
59 79 32
31 66 40
74 99 55
69 148 19
10 17 42
64 138 28
33 40 56
57 109 43
87 110 22
52 131 9
53 109 56
104 129 23
25 84 14
40 86 42
33 101 60
35 107 59
8 92 50
59 65 7
74 119 28
31 135 59
16 17 52
41 82 5
39 85 33
70 88 2
88 133 35
22 78 29
54 61 29
57 120 42
24 73 40
6 69 38
71 126 46
19 38 49
74 126 13
31 125 60
87 144 51
56 98 38
29 128 39
33 89 57
48 71 19
15 136 8
47 77 11
85 138 34
57 59 8
28 58 59
42 132 28
32 83 5
24 144 35
52 123 6
20 126 55
17 69 30
54 128 11
26 44 4
45 88 40
62 145 22
21 48 59
39 125 49
62 115 33
95 107 20
4 147 53
80 111 26
30 30 39
8 81 59
0 90 53
1 117 9
1 102 33
44 83 49
20 137 53
52 70 14
26 79 44
0 65 57
99 134 41
55 82 1
27 28 14
72 72 46
45 57 60
5 98 52
65 90 22
111 126 5
79 123 22
4 51 24
28 46 28
81 111 32
29 148 50
39 131 14
85 134 41
32 136 23
34 106 26
27 136 29
13 62 21
29 131 28
65 121 37
58 92 11
1 88 17
13 113 39
12 132 21
6 82 25
48 118 45
7 17 51
87 105 56
0 47 55
4 123 45
31 44 21
80 145 50
57 79 1
0 35 31
34 94 16
28 131 15
33 54 24
5 43 1
48 57 32
18 106 3
5 113 23
63 100 54
8 149 28
58 133 22
25 147 45
40 106 40
10 77 46
16 53 24
89 98 23
44 98 31
64 127 46
37 103 46
1 144 46
4 130 15
65 134 54
101 139 8
94 99 32
11 134 30
38 137 40
26 119 22
59 130 5
13 127 40
37 39 22
17 44 8
45 50 1
96 98 28
18 118 18
19 119 0
20 131 7
28 91 50
10 117 7
92 124 33
10 69 1
68 146 50
6 11 18
26 112 4
3 42 42
13 140 30
23 130 37
46 121 15
32 108 16
27 89 48
17 55 41
100 103 34
13 108 14
79 130 40
29 36 45
53 97 1
19 22 27
10 59 2
19 60 9
16 35 25
74 143 43
21 100 21
9 34 41
85 96 3
16 129 7
25 35 28
89 99 40
48 70 43
58 123 10
19 66 10
2 134 35
51 58 4
72 93 18
17 147 1
72 86 39
33 65 30
86 138 59
76 98 30
0 32 38
37 59 15
13 144 44
22 115 0
65 140 18
13 133 42
7 19 32
23 118 10
30 47 11
63 119 53
17 30 17
25 71 37
101 140 24
101 146 33
34 54 30
91 96 9
61 73 56
22 89 8
16 50 36
11 80 29
70 116 33
72 122 33
30 125 1
91 110 41
16 91 54
1 28 2
1 46 40
43 65 42
3 9 18
46 69 28
29 61 44
24 63 36
4 79 3
10 65 41
55 72 7
22 136 48
16 23 49
63 73 17
63 89 52
89 101 55
68 137 32
26 96 31
60 136 8
57 141 6
1 24 14
29 62 27
21 70 42
30 56 59
19 96 60
35 142 58
18 61 40
8 129 57
73 82 20
3 123 19
13 91 36
73 143 17
55 70 8
77 95 47
68 133 48
33 119 45
43 128 14
41 107 2
47 50 17
1 122 40
9 28 8
14 114 31
26 93 44
7 39 2
54 105 1
50 78 24
17 37 44
94 124 48
64 145 53
16 97 56
23 48 27
19 122 59
32 75 35
21 55 38
67 128 42
57 69 33
76 119 31
75 92 34
4 125 33
24 97 51
13 19 13
24 51 35
45 109 20
72 127 13
73 129 38
6 111 25
21 73 5
5 125 42
89 130 27
8 77 23
23 122 54
29 127 28
3 24 20
41 127 27
13 30 2
62 100 30
21 64 0
60 111 52
4 89 7
20 59 3
17 103 8
97 111 37
1 101 13
76 138 56
78 101 14
96 111 14
22 104 39
69 82 45
9 127 18
24 47 20
58 60 55
77 107 26
68 103 50
67 88 16
0 105 41
39 41 44
57 113 7
46 66 11
62 142 44
118 140 23
31 35 28
58 79 11
10 104 23
64 99 60
20 21 8
86 89 10
1 60 33
30 70 3
116 116 47
20 128 51
40 54 29
63 74 33
76 142 6
40 119 22
52 54 2
50 79 48
55 97 29
67 92 22
59 73 27
1 63 36
41 101 14
64 149 31
4 134 9
85 131 59
98 101 9
36 60 1
21 142 16
73 84 5
109 112 10
62 120 18
76 117 18
22 119 18
32 42 18
32 41 14
1 4 59
29 109 23
11 65 35
89 144 49
7 12 26
77 143 47
50 86 60
57 94 48
107 109 20
36 131 53
51 79 37
9 97 11
13 70 2
65 78 17
92 93 46
43 72 56
65 118 44
38 115 35
40 115 60
84 125 21
83 84 0
48 67 60
13 52 53
0 92 10
75 75 17
84 142 18
57 99 21
73 128 37
56 120 39
67 118 49
84 123 57
40 125 20
0 83 43
22 122 54
25 37 53
57 123 47
53 60 27
38 143 46
57 67 2
31 68 36
53 147 5
57 117 42
90 138 12
103 118 49
72 88 28
52 55 22
50 141 52
39 77 6
12 75 10
37 116 12
31 133 58
15 86 20
18 64 31
7 113 20
23 114 4
11 22 7
36 51 40
39 69 15
72 101 2
14 15 28
30 31 4
17 57 48
85 93 57
96 112 11
23 119 34
7 116 48
49 117 60
25 102 36
74 110 37
10 56 9
66 121 2
18 40 59
9 117 37
50 139 7
60 92 42
67 104 4
67 147 36
11 142 10
79 99 11
69 79 48
44 127 42
46 49 26
41 99 32
0 31 0
30 106 5
41 100 48
36 122 5
43 148 25
34 63 60
35 145 36
24 25 35
100 138 10
23 26 2
5 8 31
1 66 36
74 131 46
58 58 16
33 41 57
30 77 10
1 127 51
11 68 15
37 54 42
30 101 51
64 133 34
20 27 59
5 119 9
1 133 45
1 76 2
20 31 24
14 98 60
17 36 49
9 100 8
2 128 29
9 131 30
23 144 21
78 103 35
24 105 58
40 61 48
82 95 38
22 128 14
15 48 18
46 78 18
74 76 11
15 68 58
50 73 53
56 110 29
42 130 19
15 99 48
89 120 6
55 61 23
1 34 6
44 123 29
42 67 43
49 52 35
40 93 42
31 111 4
34 144 34
26 126 53
13 41 29
73 147 54
24 136 14
36 82 60
10 116 55
14 139 24
4 142 12
87 111 23
76 147 35
44 94 53
1 3 58
81 145 19
70 100 46
14 110 55
36 42 58
79 92 55
7 33 55
32 105 2
15 44 58
14 43 0
102 105 44
36 115 26
24 137 49
54 130 23
55 145 56
59 133 46
63 130 17
56 111 41
84 92 9
11 75 50
29 88 60
4 69 17
17 63 56
5 101 44
37 124 3
62 117 26
15 123 15
32 102 15
23 111 14
96 99 56
2 31 7
16 132 27
22 77 6
32 88 7
44 100 59
28 29 52
57 138 30
15 76 5
54 83 4
92 115 55
44 122 13
25 134 33
70 72 2
15 128 8
44 105 5
90 114 26
14 108 58
49 49 54
53 112 37
65 89 20
2 77 2
15 62 21
65 125 15
39 50 33
4 15 55
18 148 10
62 112 34
36 54 18
63 106 10
12 130 42
17 72 41
93 98 60
9 121 2
7 131 16
25 91 38
67 136 36
24 65 36
6 7 60
28 70 31
89 142 31
35 60 29
42 79 51
7 94 32
42 104 22
1 10 10
41 121 37
91 143 15
82 92 20
14 74 42
107 134 3
11 74 50
34 132 19
31 49 35
57 100 39
8 46 46
16 39 17
1 44 14
16 24 13
99 136 18
29 117 35
5 67 24
14 36 34
27 35 38
27 52 33
53 127 32
42 82 48
11 11 0
59 107 7
31 116 43
34 107 8
38 61 59
12 70 3
26 95 5
40 95 17
101 130 25
19 84 16
28 52 0
56 116 37
89 135 5
12 126 7
102 140 57
5 108 5
2 54 51
70 140 9
29 51 27
62 143 33
79 129 14
17 148 47
50 74 42
13 100 52
49 92 17
83 146 30
45 140 29
64 74 30
45 65 43
0 38 13
26 85 8
63 84 51
31 58 42
10 48 12
33 88 26
19 117 38
12 140 7
10 111 10
45 91 26
29 84 21
16 44 33
31 131 41
8 18 33
32 135 32
38 114 40
33 135 39
15 69 57
27 31 28
0 5 54
72 108 42
36 97 56
113 120 30
10 25 24
4 64 10
41 108 18
40 47 29
115 134 15
53 100 31
89 112 41
1 148 14
11 111 27
42 94 41
50 72 55
24 31 40
6 37 37
41 51 27
63 85 35
35 51 60
74 114 6
46 98 50
66 89 22
9 47 3
87 95 16
79 126 35
19 74 36
16 48 40
62 102 5
18 117 53
18 19 50
24 83 17
11 101 35
23 63 29
34 91 5
3 14 40
0 126 45
27 60 27
71 138 59
51 119 54
10 51 41
0 58 43
53 145 10
45 49 39
17 137 13
44 143 0
25 86 28
7 65 10
22 53 10
34 67 0
55 124 42
7 83 16
42 128 18
29 45 41
43 149 14
39 55 5
12 145 2
82 145 16
21 21 28
79 119 23
52 124 59
60 88 45
3 112 15
28 62 42
53 80 7
13 107 10
60 79 25
17 122 30
18 62 20
17 38 2
79 138 41
13 92 4
27 38 43
68 74 58
47 110 40
19 134 6
0 44 32
62 72 28
88 136 30
71 82 22
25 46 27
51 102 6
2 115 50
73 98 10
6 48 29
41 112 45
41 96 16
0 16 46
11 69 46
38 50 16
8 121 32
69 129 36
17 61 17
10 118 45
39 74 14
22 113 22
65 137 16
79 103 56
6 119 5
21 33 31
26 107 22
25 101 28
38 131 35
49 65 10
85 137 15
94 106 45
20 85 57
85 103 25
28 80 51
26 102 22
28 137 19
17 58 40
100 148 37
11 135 16
20 41 56
89 93 25
101 109 59
26 115 55
45 53 15
24 55 12
6 86 2
59 99 58
57 86 60
2 26 23
79 85 0
78 108 21
27 121 55
15 67 59
22 149 31
70 137 9
108 109 26
78 81 14
15 122 25
6 18 18
19 146 13
35 78 21
27 134 60
33 35 25
61 127 9
8 58 6
8 87 19
62 125 22
17 76 4
49 54 26
24 121 10
15 24 22
3 59 15
48 61 13
29 108 48
71 127 30
13 83 54
22 142 44
6 52 17
24 124 56
11 117 45
55 120 20
4 70 2
14 125 35
47 107 20
7 22 5
31 71 23
48 130 9
6 75 24
58 102 33
113 140 53
122 131 39
93 149 12
11 12 12
21 83 50
5 24 18
18 82 40
37 57 16
18 48 24
21 37 3
11 55 11
27 73 32
28 74 15
35 106 31
37 44 2
17 142 27
61 102 50
35 77 1
26 42 13
63 143 16
47 109 1
15 32 52
14 88 54
12 142 19
52 98 45
42 45 22
1 7 22
13 43 47
2 110 16
4 30 6
1 103 52
75 102 28
51 93 0
53 64 40
51 146 16
40 90 13
42 106 18
66 79 56
6 49 5
20 135 3
28 96 22
59 77 37
45 97 57
63 123 59
27 133 50
50 145 35
16 72 27
2 71 6
7 44 9
69 107 4
63 133 54
83 92 15
37 77 44
47 148 0
32 104 17
62 89 39
15 36 12
77 85 15
24 91 18
30 55 43
24 108 43
36 147 13
19 75 4
33 147 54
74 112 3
60 73 48
60 61 8
48 127 51
50 144 60
35 85 42
50 61 50
16 120 21
60 95 60
26 98 18
25 111 12
57 142 5
56 131 21
68 81 46
19 137 44
96 140 8
40 130 3
11 147 2
2 33 33
69 97 12
48 119 55
5 27 59
53 87 48
52 137 54
20 82 50
11 128 50
16 20 24
28 43 26
18 84 23
49 69 3
0 104 40
33 148 54
2 101 35
38 83 42
3 8 15
44 82 13
50 62 45
14 96 30
4 98 13
85 101 40
5 62 17
12 144 15
78 129 26
37 121 3
2 79 16
31 69 41
35 114 22
9 102 49
5 90 29
36 90 38
52 120 11
20 96 46
79 146 58
20 140 53
7 77 59
66 114 55
47 117 46
23 45 56
1 21 18
5 85 31
16 28 60
51 111 38
15 121 36
18 25 48
18 109 26
40 121 57
6 115 14
117 122 42
31 85 3
30 100 44
41 76 23
68 78 58
58 138 50
38 87 49
67 105 54
44 60 17
60 113 22
55 149 23
2 52 43
58 116 23
41 84 1
73 136 13
10 30 4
63 144 8
79 145 35
26 27 20
18 74 4
18 36 49
43 124 0
43 108 54
72 99 41
79 91 3
67 68 48
52 90 15
23 73 17
32 97 13
42 134 58
79 89 33
83 93 21
65 73 47
22 110 49
71 117 55
59 61 3
6 120 30
54 101 45
27 83 29
18 70 7
82 84 38
48 114 33
29 64 27
52 114 35
5 92 1
67 102 42
43 134 2
40 50 46
49 110 6
51 149 6
84 126 57
27 87 8
13 66 36
1 124 19
17 146 35
49 63 24
101 128 11
39 52 46
66 85 47
4 140 48
17 131 50
17 92 44
45 63 24
39 82 4
11 58 46
15 35 33
35 42 52
51 78 6
57 131 11
1 145 57
91 100 34
30 60 43
6 55 16
7 37 47
103 126 21
25 123 27
64 84 3
76 89 41
77 88 24
34 123 21
49 128 48
63 109 23
22 71 11
8 108 52
43 75 44
38 134 47
21 31 46
6 56 11
6 43 1
86 123 32
8 105 41
81 88 18
6 47 16
17 24 26
11 130 49
3 36 20
62 121 43
26 116 24
3 64 39
4 38 21
16 82 55
0 141 39
6 6 31
76 125 8
56 104 8
14 86 8
4 75 22
40 83 45
57 58 7
48 101 40
45 95 30
29 121 3
10 11 26
44 55 26
83 104 10
49 146 0
92 139 52
12 22 57
8 66 39
15 19 57
90 129 60
26 62 40
40 107 4
47 69 44
24 103 28
20 53 31
5 91 30
0 78 52
0 112 30
15 40 31
64 92 0
31 126 17
44 112 52
70 125 32
67 69 58
44 109 42
62 92 51
79 110 49
46 67 40
12 18 34
1 108 46
8 21 1
30 52 29
3 75 12
48 116 22
7 128 24
27 131 46
21 46 51
19 33 34
51 135 31
14 61 51
44 52 32
54 87 37
39 120 26
6 21 44
47 105 23
32 121 42
38 133 53
60 134 37
3 45 36
78 136 19
95 113 43
55 85 41
16 109 16
9 147 1
37 101 28
20 94 2
33 58 30
38 119 54
44 101 3
30 127 44
31 114 24
84 99 3
88 105 13
10 37 24
15 85 33
7 76 8
50 140 55
35 105 24
17 136 41
74 82 39
6 128 3
1 32 57
2 91 42
75 88 49
31 77 35
9 32 21
17 85 57
99 144 34
18 116 60
85 94 49
8 13 28
11 97 5
33 130 16
45 62 41
40 116 21
10 43 32
58 126 14
30 138 14
1 27 24
86 118 9
11 93 45
13 15 55
7 66 11
99 121 15
31 67 31
47 134 33
8 52 43
41 132 12
51 113 8
41 69 25
12 123 22
25 81 41
44 46 54
47 144 40
15 91 39
20 50 17
49 103 31
76 87 1
47 86 23
1 8 45
26 51 1
34 129 51
65 84 13
5 112 56
27 95 14
39 65 0
75 104 33
68 147 13
24 134 2
30 96 23
9 135 7
84 104 12
55 64 60
25 136 50
6 64 15
4 44 40
22 48 46
22 146 20
99 99 7
53 69 31
52 72 23
22 73 31
10 73 56
25 47 56
21 104 41
43 81 11
59 147 24
63 98 19
62 123 58
83 112 17
29 54 10
39 71 20
85 143 16
80 119 16
6 58 3
45 136 23
60 135 53
21 23 34
20 37 26
47 91 7
41 97 57
25 73 29
83 132 29
34 148 18
36 66 37
12 100 6
11 29 60
30 75 6
57 107 4
71 87 4
59 95 37
29 98 3
11 32 33
81 117 1
40 105 4
87 136 38
19 91 36
71 124 57
79 100 36
18 44 7
21 85 46
12 148 8
66 100 45
100 145 47
60 144 5
6 71 49
37 136 1
3 50 1
26 76 2
18 69 36
71 92 1
52 93 37
36 143 23
55 144 51
16 68 57
83 137 52
31 39 34
76 132 37
26 121 19
64 93 8
25 88 47
18 52 50
95 108 11
77 101 1
36 114 47
3 117 4
15 70 2
68 135 26
55 142 35
54 85 33
52 111 0
90 148 15
22 59 14
61 134 16
20 70 28
71 121 40
57 97 51
62 65 3
43 97 22
39 62 20
8 43 9
21 97 25
29 115 21
53 104 41
17 98 49
18 43 33
50 111 55
59 88 44
9 68 27
45 58 42
46 116 33
35 96 0
40 108 47
34 74 54
23 88 21
5 15 11
1 100 34
36 107 56
0 45 56
71 119 36
122 146 47
13 80 51
25 64 49
8 29 23
26 91 38
19 124 9
25 68 3
85 121 0
101 142 34
16 79 14
5 68 8
71 149 16
32 53 38
17 135 12
14 94 16
52 77 41
80 122 26
9 19 29
58 136 15
52 146 32
6 33 15
53 136 7
45 77 12
97 136 6
8 142 12
34 44 50
17 32 45
9 139 52
34 122 30
5 140 15
23 36 53
9 114 25
7 79 42
8 132 6
12 78 44
4 16 40
55 130 13
51 80 31
40 128 38
90 110 13
87 149 13
25 52 10
10 35 4
2 119 47
79 112 39
18 56 41
62 83 32
14 30 19
63 110 50
50 65 14
74 145 52
64 115 54
16 116 47
34 104 41
66 110 37
3 91 22
11 70 58
71 109 58
83 88 57
20 63 21
2 55 17
39 101 24
43 71 40
96 149 12
47 81 0
0 73 8
6 138 9
30 146 22
48 109 31
33 80 59
2 145 32
56 74 1
54 70 30
34 100 18
7 110 40
4 86 20
26 59 39
56 143 41
11 39 42
0 139 39
60 140 49
31 139 13
91 149 50
38 138 15
44 120 41
69 119 46
12 133 15
40 40 55
43 140 57
4 4 9
93 94 45
18 32 18
43 113 22
4 111 38
65 98 9
14 145 23
20 143 18
8 38 52
10 125 54
51 71 54
122 129 10
18 96 33
45 74 27
25 133 29
53 123 25
31 53 60
7 71 38
84 103 44
12 89 40
55 131 57
30 49 18
16 99 13
33 112 38
26 100 18
7 75 20
37 53 36
32 118 18
39 140 58
66 140 45
56 65 2
43 116 3
10 55 51
2 94 51
60 110 33
18 119 46
57 63 16
59 81 40
23 42 15
83 86 12
48 124 52
30 98 42
59 70 47
59 136 25
34 70 48
87 98 33
6 129 0
1 113 54
18 135 23
4 61 24
54 132 29
75 98 58
34 55 17
66 126 52
41 73 3
69 132 54
49 77 57
81 122 6
80 130 24
69 94 55
80 95 0
13 111 38
33 100 17
105 130 27
32 129 2
2 72 57
26 56 44
60 72 32
43 129 35
3 87 29
15 98 16
18 45 48
78 128 14
0 88 58
56 102 53
5 95 18
3 120 48
28 28 12
32 39 31
9 122 44
95 119 14
62 73 46
26 141 52
7 114 51
19 128 45
10 140 21
8 22 19
37 58 59
20 77 8
35 137 2
38 73 33
32 120 54
11 37 18
88 112 32
8 19 60
79 93 3
26 99 58
40 43 44
24 40 30
31 40 60
14 67 19
21 32 21
37 104 18
85 127 47
111 145 45
57 71 27
33 55 54
35 50 24
23 54 54
25 116 43
76 79 31
74 87 47
13 29 36
51 63 59
13 28 29
22 81 9
24 41 55
33 140 33
16 42 55
5 64 28
5 23 5
14 115 58
68 102 48
43 76 32
42 117 55
88 142 47
37 80 27
41 75 57
65 97 8
31 73 2
54 146 52
29 123 20
22 133 3
33 83 9
30 124 56
48 79 48
40 149 40
72 133 11
48 140 50
2 28 38
24 114 41
21 114 43
6 110 40
19 69 41
33 45 9
47 61 27
59 106 23
21 62 14
9 49 21
22 109 32
36 108 3
22 29 22
22 47 54
49 98 36
61 70 37
61 121 58
26 106 57
26 67 10
67 112 27
57 115 22
36 137 28
2 67 1
116 142 31
12 29 53
30 118 41
10 29 60
23 71 35
26 82 60
82 142 51
27 85 41
66 90 29
24 68 4
48 143 52
33 36 57
66 117 20
8 33 49
59 62 28
17 48 20
60 78 30
45 46 55
0 28 50
4 87 13
17 86 8
2 16 7
13 147 12
30 83 32
77 127 13
61 126 57
30 41 19
13 122 25
70 87 51
27 101 44
60 109 5
48 113 52
29 86 29
17 46 0
66 135 25
3 111 15
21 71 41
38 49 11
14 78 20
44 50 31
52 95 37
46 126 60
66 82 35
35 61 0
21 29 28
10 53 11
34 133 33
7 87 40
76 120 6
23 86 50
23 124 25
18 78 33
21 42 17
13 81 17
7 105 22
59 93 22
0 57 49
52 81 2
10 123 22
3 143 36
0 39 44
11 127 34
16 34 52
4 47 54
2 117 12
31 34 12
14 77 0
2 73 33
46 97 49
114 115 37
23 25 9
23 101 33
34 89 0
49 138 11
61 67 42
15 89 28
21 96 6
48 137 3
89 139 27
12 24 13
4 52 45
20 52 3
84 98 51
27 74 43
10 113 51
7 149 19
1 125 6
67 145 57
4 133 29
19 64 11
22 42 31
47 87 43
22 22 12
57 75 19
57 139 26
23 140 14
41 139 18
49 126 37
103 128 0
34 121 7
4 132 50
29 33 33
1 18 38
37 137 40
43 139 46
20 110 25
10 148 4
10 127 12
5 146 22
10 101 34
5 135 5
96 147 44
43 73 27
7 104 29
9 75 18
61 133 58
54 127 5
45 90 54
57 147 57
62 75 41
4 63 35
47 145 15
70 139 23
0 50 18
49 148 41
71 97 36
35 133 54
22 30 50
8 32 3
1 149 39
44 54 13
3 126 32
76 99 26
25 51 54
27 50 27
49 120 37
61 142 50
4 80 33
2 111 5
26 110 50
13 103 23
0 135 44
50 71 10
26 89 45
3 100 42
19 67 57
21 38 31
39 149 40
50 89 29
14 55 8
19 141 29
11 84 25
10 119 42
51 60 49
46 104 16
28 38 41
95 99 14
30 131 0
5 53 49
49 95 8
26 31 23
57 145 55
43 93 47
22 127 2
52 143 22
35 53 2
10 75 5
51 57 33
20 120 11
20 23 48
33 68 22
77 123 19
14 57 43
7 43 48
30 119 28
71 123 45
44 110 31
17 123 29
70 110 52
23 68 18
15 26 35
22 58 16
37 92 16
33 50 5
9 144 54
12 27 60
49 97 18
71 72 18
49 121 8
29 59 18
63 127 12
28 76 48
12 124 53
0 119 8
5 70 40
5 94 1
25 70 5
14 29 54
117 147 47
3 43 23
21 68 56
11 35 36
6 53 41
43 99 4
96 110 58
5 93 29
67 134 2
34 90 16
4 41 46
10 41 35
66 77 5
47 108 25
5 126 54
64 75 46
26 36 36
58 76 30
11 28 10
41 55 30
35 89 1
15 133 14
47 51 24
15 92 23
23 143 32
6 102 13
53 95 28
7 118 18
12 49 13
26 114 7
53 106 16
77 142 35
13 32 53
33 42 39
15 101 23
0 15 58
9 40 44
41 124 1
8 148 39
42 88 10
21 84 60
41 42 11
8 82 31
23 85 48
67 140 59
40 53 23
54 86 7
19 81 8
22 123 56
31 127 50
7 63 40
0 91 22
80 106 5
51 67 37
9 10 41
33 34 32
95 135 30
2 93 39
59 67 14
13 48 60
28 82 4
37 115 42
59 103 19
41 148 55
69 103 44
62 141 58
36 39 6
66 102 22
85 116 48
38 126 31
42 74 6
4 39 42
58 113 35
33 71 41
51 99 34
20 97 13
31 41 24
0 2 45
1 141 43
23 137 24
57 105 7
0 69 57
36 117 48
62 67 32
4 77 44
62 69 38
3 82 4
43 67 25
11 118 7
99 105 19
54 131 50
16 88 1
10 44 14
52 71 40
20 125 44
44 119 60
43 144 2
8 139 33
19 21 59
20 129 19
37 135 7
32 101 36
59 101 10
30 71 59
73 112 12
24 56 30
64 122 3
47 66 6
112 137 26
33 72 11
12 98 50
45 68 60
0 43 36
2 105 31
79 98 35
13 13 51
60 91 38
49 66 16
0 145 60
7 123 46
86 105 49
16 85 18
47 85 54
84 118 6
68 141 9
49 71 32
24 39 53
36 44 36
0 121 12
12 53 12
53 118 14
6 35 16
10 12 42
23 28 11
57 78 11
34 69 0
3 140 22
5 114 26
36 71 42
9 133 32
62 90 39
28 105 58
30 108 18
36 64 60
61 128 13
10 54 34
30 135 51
20 61 10
31 50 10
84 122 26
56 67 48
17 114 42
5 72 26
90 111 52
10 109 26
109 123 9
71 77 51
24 59 17
22 134 17
75 77 20
2 142 49
58 147 5
19 73 56
28 50 13
13 94 4
42 100 28
88 93 14
62 79 28
20 142 47
41 114 10
59 82 24
60 99 46
69 124 24
79 124 42
35 139 56
5 32 38
63 99 41
25 95 0
28 99 10
49 129 42
40 146 48
82 83 23
17 43 36
63 105 50
69 72 19
70 121 51
48 88 4
47 79 17
27 117 16
36 84 52
62 148 56
40 46 21
9 78 48
2 148 16
42 48 36
16 63 59
6 36 25
3 97 60
10 45 54
74 84 45
30 72 21
1 126 33
30 94 6
79 81 21
36 96 36
42 115 18
8 110 4
31 47 1
7 74 46
0 62 51
10 15 34
15 142 7
38 89 18
3 115 55
38 100 3
60 137 0
54 148 29
29 99 38
56 123 32
51 96 33
28 63 59
36 52 18
18 66 6
5 33 53
52 148 5
46 149 47
0 18 36
9 58 5
49 53 48
62 111 12
22 24 31
37 83 3
24 52 6
35 58 5
40 78 60
37 134 48
25 149 5
35 63 11
45 134 59
22 32 38
63 101 38
34 62 58
21 112 42
16 128 48
46 142 43
62 137 53
14 140 38
12 110 47
19 85 29
28 143 45
38 111 27
1 14 18
68 126 14
1 128 49
19 113 32
43 94 34
13 24 5
35 97 43
75 107 53
27 129 50
82 143 40
38 123 13
12 125 8
21 111 16
19 99 3
47 78 8
2 25 35
77 128 8
12 44 53
6 124 40
52 125 1
88 91 2
62 135 52
31 61 10
8 119 8
80 142 48
6 141 20
29 105 40
20 114 1
82 99 54
15 66 29
53 117 41
51 120 36
13 88 0
11 98 50
22 117 31
41 102 9
67 108 38
18 133 35
1 139 47
14 133 40
60 100 3
47 140 5
48 91 6
21 61 23
28 87 36
65 114 7
44 136 52
20 49 39
27 69 34
16 64 9
82 134 14
71 88 51
7 137 55
11 109 54
41 46 26
16 127 20
53 115 20
57 87 34
18 87 36
53 149 29
90 94 10
80 92 16
98 106 3
11 95 0
53 84 45
48 141 15
62 62 49
62 146 4
13 57 23
70 132 5
6 93 4
0 40 36
38 46 4
36 81 42
42 92 19
51 137 47
13 123 50
7 121 37
41 62 13
32 113 3
51 70 15
66 143 21
56 149 47
36 139 32
24 54 0
49 140 49
17 106 31
0 147 2
46 123 35
29 50 7
64 91 44
3 99 7
40 70 60
26 55 41
39 68 48
38 121 44
27 70 35
34 79 22
5 121 24
12 109 41
9 22 31
70 133 57
12 65 24
14 101 0
1 52 34
30 88 38
55 56 33
67 87 30
84 95 6
53 140 39
15 60 39
56 95 55
8 128 35
60 60 16
0 85 33
85 115 6
15 31 51
0 94 38
29 73 58
64 110 4
39 127 58
57 137 41
29 76 22
38 92 52
11 90 50
16 93 58
9 84 59
33 98 30
18 71 52
47 103 14
39 86 32
67 74 58
43 130 58
39 128 44
42 90 12
18 126 13
87 128 42
16 65 3
31 145 54
2 87 59
49 90 5
28 115 46
36 144 16
28 78 23
45 48 11
36 101 53
8 69 46
18 143 23
78 148 28
49 107 7
47 146 43
15 109 11
6 29 35
51 143 52
28 56 35
34 43 54
56 106 28
23 123 0
81 84 42
17 59 22
13 35 36
36 130 7
28 39 50
44 113 27
71 83 59
38 99 18
0 7 2
88 121 11
5 63 27
59 129 57
44 72 30
42 141 31
64 96 24
71 100 55
97 105 41
9 43 41
71 136 5
12 66 43
108 129 26
14 118 21
32 116 48
46 59 42
21 107 31
38 41 27
1 87 28
14 127 41
14 35 51
6 109 33
59 60 58
63 149 8
43 101 6
2 3 12
7 102 47
2 17 23
21 81 53
11 56 27
64 107 17
15 28 28
0 77 13
25 93 1
4 137 43
0 25 16
31 103 17
44 69 42
27 109 43
9 98 36
13 141 53
33 75 20
60 93 59
34 75 12
16 125 11
14 28 24
8 98 12
61 125 48
32 57 42
45 64 49
57 122 44
64 71 48
88 115 46
25 113 18
72 129 13
49 74 7
37 102 19
10 58 22
0 116 22
5 79 35
19 101 60
73 144 10
58 128 44
59 64 31
55 55 16
6 107 54
7 112 13
54 122 6
52 139 16
65 135 32
91 131 30
7 50 15
63 102 16
11 13 37
27 92 42
39 118 7
16 90 48
66 146 15
46 125 28
0 95 16
24 107 0
21 147 23
8 64 52
12 60 50
48 135 23
16 106 56
2 130 35
60 102 38
4 81 46
20 74 26
18 112 56
64 120 57
17 20 55
3 32 44
6 118 20
9 132 0
63 72 28
70 70 45
33 129 54
16 76 36
53 120 16
35 100 58
11 82 46
32 91 56
5 28 53
1 111 41
5 120 2
51 98 25
24 126 19
16 110 12
16 83 20
14 97 24
41 135 17
25 28 5
38 95 44
3 65 45
6 100 20
41 144 36
16 141 9
49 123 19
12 31 23
13 46 8
2 89 56
3 108 50
43 91 11
0 108 37
42 116 54
36 38 57
11 133 6
23 109 2
4 128 39
19 87 48
81 148 39
3 127 36
25 137 32
14 116 28
62 95 23
55 148 55
9 85 19
35 90 54
48 49 40
56 57 17
66 128 35
15 145 38
19 115 1
39 63 2
2 133 59
64 83 15
29 81 56
2 92 0
12 69 38
30 128 42
13 101 27
39 106 1
21 108 57
25 67 52
3 113 37
0 122 44
70 108 42
47 112 11
25 110 2
11 17 33
9 65 9
10 129 42
75 84 59
31 92 35
51 59 18
69 146 9
5 134 29
39 107 55
5 105 27
2 97 8
37 141 35
2 102 38
17 26 38
64 137 59
39 109 1
34 58 9
43 142 58
7 147 34
13 109 23
33 79 14
25 108 9
10 22 55
22 46 57
10 70 25
1 41 7
6 101 57
25 92 26
56 83 38
4 14 51
37 85 53
21 124 21
84 93 25
34 128 11
4 59 53
5 115 18
5 137 11
29 49 52
70 94 22
30 147 31
11 131 16
44 77 44
45 52 57
17 25 60
19 132 27
89 115 27
14 32 35
71 85 1
58 88 34
58 114 9
34 65 1
14 56 44
11 115 48
34 138 59
10 68 53
25 83 57
41 113 27
20 22 21
45 67 0
31 132 2
66 132 51
19 78 47
28 142 20
35 125 2
53 83 21
