25 275
111
150
183
120
138
132
168
109
167
126
127
187
187
148
124
137
162
184
183
178
113
139
114
199
144
0 1 20
0 2 13
0 3 55
0 4 32
2 5 42
2 6 60
3 7 60
6 8 21
7 9 56
6 10 45
3 11 20
9 12 50
1 13 29
10 14 32
8 15 3
8 16 29
10 17 11
0 18 6
10 19 7
13 20 37
6 21 8
15 22 41
20 23 34
11 24 19
7 13 47
19 20 58
22 24 25
18 20 1
14 18 48
3 8 5
16 24 31
19 21 55
23 24 15
22 22 59
16 21 23
12 20 40
15 20 28
14 14 38
18 23 53
2 11 9
10 13 46
10 10 34
1 5 19
16 22 7
5 16 46
10 18 56
10 23 10
18 24 24
19 19 58
22 23 4
7 8 30
5 19 46
23 23 49
7 23 2
12 14 45
4 11 32
2 21 17
0 12 53
11 21 15
11 15 28
5 22 37
12 12 3
3 6 19
4 21 46
3 19 56
12 17 44
0 14 33
5 21 33
13 23 30
6 20 41
7 19 4
9 13 47
20 20 33
5 15 38
2 8 35
4 24 52
18 18 34
6 9 50
3 20 2
18 19 44
12 23 39
10 24 38
0 21 44
9 9 5
5 24 52
11 19 22
8 19 0
7 17 22
15 16 14
9 22 22
17 21 38
6 14 46
14 20 5
1 24 50
8 9 10
13 14 48
12 21 46
10 20 35
21 22 6
13 18 59
8 17 19
17 17 34
6 19 42
1 12 23
2 3 56
4 18 51
5 8 55
6 11 47
7 20 23
1 1 29
15 18 54
0 0 35
8 23 40
11 12 25
17 22 49
1 17 8
14 17 19
2 14 7
1 8 41
20 24 32
9 23 27
2 17 56
1 18 54
9 14 53
5 23 33
12 19 29
14 19 18
4 7 59
9 19 6
17 19 14
1 6 44
16 16 46
19 23 47
6 6 58
17 23 6
1 20 27
12 16 27
9 11 9
9 15 0
5 17 14
4 23 54
15 17 23
2 9 4
12 24 25
7 11 47
20 22 4
16 17 15
1 19 0
5 5 57
10 21 56
16 23 13
11 17 16
0 8 47
21 24 59
20 21 1
7 15 35
12 22 55
3 14 1
3 3 34
2 24 14
6 13 40
0 6 31
15 21 12
3 5 11
11 20 9
0 17 38
0 15 16
0 22 49
13 16 1
2 13 0
3 4 53
21 21 49
7 22 60
3 22 17
15 23 50
6 16 9
10 11 54
1 15 27
5 11 7
6 15 48
7 21 0
15 15 35
8 11 6
14 21 2
12 15 25
15 24 24
2 20 59
3 15 14
1 2 29
5 7 8
6 18 46
4 9 12
3 12 44
7 7 40
13 17 57
18 21 45
2 19 34
15 19 40
4 17 20
4 22 36
11 14 15
14 16 51
7 18 19
13 22 59
8 14 16
19 22 29
16 19 51
14 23 24
2 18 29
17 18 59
7 24 55
11 13 2
14 22 42
9 16 4
11 11 31
14 24 31
1 22 40
10 16 11
11 16 52
8 21 29
9 21 55
4 20 14
3 23 55
9 10 48
13 19 21
6 12 25
4 5 47
0 20 35
8 24 1
0 10 23
3 13 14
13 21 29
2 22 16
18 22 53
21 23 53
14 15 0
2 10 22
9 17 37
19 24 46
2 16 30
0 23 17
16 20 36
5 13 30
17 20 50
9 18 31
10 15 16
10 12 16
3 17 37
0 9 30
1 11 43
2 12 53
13 15 8
7 16 11
8 22 50
0 24 32
8 10 32
1 16 29
17 24 14
0 16 48
8 12 41
3 16 56
12 13 33
4 14 46
2 23 51
3 18 25
7 12 39
8 20 50
0 11 20
5 6 57
6 7 17
4 8 25
4 12 13
5 12 49
8 8 0
4 6 15
