15 90
144
198
165
180
103
146
128
136
146
108
170
177
161
188
196
0 1 3
0 2 15
2 3 57
1 4 20
2 5 21
4 6 3
4 7 9
4 8 16
8 9 44
5 10 25
4 11 40
2 12 59
3 13 5
13 14 27
12 13 26
1 13 41
0 0 44
11 13 39
12 12 59
3 5 42
1 10 36
10 13 47
0 8 59
0 5 60
6 9 35
6 6 46
3 4 55
1 9 29
4 10 51
2 11 39
9 10 42
10 14 54
5 12 6
12 14 47
3 8 6
6 14 10
4 4 39
4 13 33
4 12 25
0 11 18
2 2 30
13 13 19
2 13 6
11 11 53
9 11 44
4 5 43
0 13 42
7 10 29
7 11 28
9 13 46
3 14 58
10 11 20
10 12 53
7 13 9
2 14 9
5 13 56
1 8 58
11 12 52
7 8 59
3 9 28
6 11 28
9 12 44
6 13 58
2 9 39
9 9 15
9 14 25
7 9 49
1 7 52
8 10 48
6 12 20
0 4 39
5 11 5
2 7 38
3 3 44
0 3 43
8 14 44
5 5 38
0 6 60
2 8 48
3 12 2
0 12 20
11 14 23
4 9 22
5 14 57
6 7 51
5 7 0
3 10 26
1 6 25
10 10 56
1 12 46
