100 4450
178
189
100
100
186
120
121
186
170
189
160
113
123
172
186
173
155
184
162
130
105
172
147
188
156
181
159
189
145
174
142
130
146
159
182
155
166
170
193
190
145
124
133
178
122
176
117
115
119
157
187
110
147
104
111
117
153
171
133
102
185
154
174
120
166
123
158
199
108
111
182
140
179
155
171
165
186
199
195
185
170
118
114
165
119
191
157
110
158
108
123
132
124
191
134
174
175
186
141
142
0 1 28
0 2 45
0 3 42
0 4 60
1 5 21
0 6 32
1 7 18
7 8 32
5 9 26
5 10 25
3 11 58
5 12 49
8 13 31
8 14 49
14 15 52
14 16 30
2 17 33
3 18 36
14 19 47
2 20 27
18 21 36
19 22 0
0 23 37
0 24 40
6 25 30
17 26 19
26 27 38
11 28 12
3 29 27
28 30 54
9 31 58
27 32 51
22 33 26
12 34 19
0 35 11
15 36 60
29 37 56
9 38 11
35 39 17
28 40 3
28 41 54
40 42 33
36 43 29
1 44 39
3 45 52
10 46 56
30 47 4
22 48 35
42 49 12
28 50 0
13 51 43
8 52 51
24 53 48
44 54 12
10 55 27
12 56 54
46 57 15
44 58 24
31 59 22
52 60 47
52 61 52
27 62 35
6 63 49
39 64 18
11 65 18
30 66 10
62 67 25
56 68 57
48 69 5
37 70 30
47 71 22
37 72 19
8 73 38
14 74 24
24 75 17
23 76 34
11 77 39
40 78 0
1 79 44
25 80 33
36 81 15
7 82 38
6 83 23
37 84 27
16 85 13
37 86 6
25 87 43
38 88 9
35 89 58
35 90 35
35 91 30
49 92 50
68 93 27
58 94 20
39 95 24
65 96 54
80 97 36
84 98 18
68 99 32
14 52 46
71 76 13
78 80 1
42 65 14
82 83 0
33 82 41
13 61 50
27 70 54
1 77 56
50 63 56
23 43 18
13 97 37
62 82 10
76 93 52
89 96 25
8 26 39
66 72 12
89 97 49
20 84 17
34 89 24
12 12 39
37 49 35
26 39 34
26 57 55
69 72 38
97 98 33
56 96 39
28 88 1
92 98 30
66 77 25
94 99 2
37 39 16
14 34 18
36 67 48
4 78 24
1 67 58
57 79 48
46 72 19
87 89 4
46 87 34
85 97 9
69 73 56
37 37 8
20 51 58
89 91 53
2 21 53
98 98 33
60 97 56
5 34 12
72 88 29
91 95 59
35 57 36
80 93 56
29 33 37
43 82 9
40 48 31
59 90 0
57 78 59
34 76 47
34 66 2
35 48 57
39 96 37
40 43 0
5 40 14
94 94 16
87 92 3
20 80 35
21 81 43
20 25 1
77 87 19
19 50 25
23 42 31
55 94 42
2 72 34
4 48 47
64 97 50
32 32 28
20 97 17
42 74 35
78 95 1
96 96 11
66 82 4
83 92 59
3 84 54
27 41 59
29 58 60
53 98 56
76 86 1
59 93 45
60 90 28
44 51 43
85 96 49
44 57 33
28 57 60
24 36 56
69 78 35
71 73 35
22 74 57
68 92 20
58 68 48
0 53 59
94 97 37
20 43 9
61 96 9
94 95 24
50 67 23
58 87 46
50 66 57
91 96 22
50 59 6
98 99 9
49 93 4
53 96 27
19 66 14
26 67 32
53 55 20
70 94 36
35 99 19
26 69 59
0 45 55
93 94 45
14 31 59
78 87 31
14 42 56
9 21 46
19 94 52
31 55 33
48 97 37
40 90 54
79 82 23
20 52 47
13 89 29
74 93 43
43 80 59
54 76 19
49 53 60
22 32 14
26 64 18
88 97 54
59 86 56
82 85 40
81 87 45
83 87 44
82 99 40
67 82 3
25 94 14
12 94 56
83 96 37
62 72 2
42 47 1
82 87 50
0 67 18
37 51 28
74 76 52
60 91 22
2 49 57
9 14 10
10 33 35
3 51 43
57 70 27
10 61 21
56 86 40
35 94 35
6 12 46
74 77 27
23 95 10
46 63 29
6 99 18
51 54 42
73 79 53
0 47 3
41 77 1
53 57 9
12 38 16
84 99 30
47 56 4
6 49 10
1 2 3
63 90 8
15 82 25
3 83 7
54 58 14
63 83 28
44 48 57
7 65 45
82 88 42
6 34 14
53 78 5
75 87 29
61 67 1
21 25 11
12 90 16
3 86 13
96 98 52
51 85 19
6 20 18
34 36 32
59 85 50
61 61 53
23 44 51
27 96 51
23 75 55
66 99 46
23 49 46
20 83 52
4 47 25
37 44 27
72 81 55
45 85 14
58 60 40
21 30 13
63 98 28
67 96 6
13 27 52
93 97 1
20 46 33
14 59 45
15 80 39
73 99 31
54 82 27
25 44 13
79 99 20
17 28 26
95 99 56
81 84 52
31 70 32
40 85 14
42 44 27
16 31 20
85 88 29
53 83 46
5 95 3
41 69 51
37 94 23
57 76 4
32 95 42
51 55 23
8 35 21
72 98 5
12 47 22
29 65 50
47 55 48
44 49 39
80 82 26
62 93 39
15 73 12
38 72 30
47 72 47
83 99 11
64 78 8
40 64 48
73 87 34
2 34 26
67 94 36
60 60 57
18 98 56
55 91 58
4 36 34
21 97 24
48 76 19
65 93 42
65 90 8
19 77 42
22 67 41
6 13 2
82 86 35
72 74 48
44 52 5
24 33 24
44 77 55
9 93 16
13 38 57
5 69 10
38 83 58
60 88 56
2 50 43
29 46 40
35 93 55
94 98 53
80 95 10
7 57 38
78 98 28
72 94 28
46 59 8
41 78 10
96 97 0
83 86 50
46 55 54
90 93 0
71 83 27
46 70 28
53 85 43
97 97 41
90 95 48
87 94 17
22 55 54
77 83 28
56 71 33
43 77 58
44 85 39
48 96 23
39 60 18
36 58 28
70 74 54
46 81 33
51 82 10
19 78 39
18 73 20
75 85 54
15 87 13
28 38 41
55 95 34
19 46 45
54 88 44
77 77 43
59 99 7
49 55 30
50 92 10
19 84 45
1 70 58
51 71 43
24 73 6
47 54 22
69 85 59
52 58 4
73 84 43
0 90 28
53 99 13
13 57 52
91 94 39
4 50 12
95 96 51
56 93 40
48 80 39
49 66 1
8 51 59
33 97 16
39 58 53
87 97 8
89 94 47
71 87 18
93 95 26
86 89 42
91 93 20
74 88 5
55 90 9
70 86 17
11 60 37
47 98 32
76 78 42
9 69 49
4 91 58
97 99 39
49 86 57
29 55 50
46 84 3
70 92 6
47 78 28
17 73 20
24 46 60
47 63 7
6 98 48
17 86 42
92 94 41
18 55 9
56 84 58
10 18 32
12 29 23
53 87 31
64 74 13
28 89 49
33 99 44
91 91 41
52 65 6
53 72 51
57 88 43
8 20 52
40 72 15
22 89 21
63 79 25
36 42 20
59 62 0
80 89 47
1 15 55
25 53 0
4 77 59
87 87 56
92 97 59
40 62 14
12 88 10
39 65 2
15 27 56
86 88 32
79 92 50
54 98 9
37 54 58
27 54 5
18 24 19
19 35 20
91 98 22
46 66 44
11 44 19
65 77 47
37 61 12
81 98 12
20 68 24
5 33 40
22 28 27
62 64 11
86 97 39
29 78 24
52 83 56
43 79 6
40 93 42
70 90 52
32 62 37
67 69 13
83 89 50
77 95 40
57 98 19
53 92 32
52 99 34
73 93 35
28 75 25
28 37 58
74 85 54
82 96 48
68 88 37
0 82 16
60 81 13
31 42 6
49 62 60
0 29 15
67 70 24
62 98 38
10 24 6
5 49 33
80 83 6
47 95 49
80 94 59
6 46 1
26 60 49
79 91 6
36 39 51
47 82 55
78 94 4
24 40 35
85 90 59
18 64 5
57 73 0
6 88 58
84 97 31
4 28 23
45 96 60
31 46 52
11 27 21
51 66 57
79 93 33
64 69 35
19 81 38
13 35 50
75 92 24
33 83 29
22 47 59
56 85 23
41 42 16
23 39 52
17 77 13
34 38 23
23 40 57
55 57 43
54 87 31
16 47 10
18 63 28
51 68 5
10 54 54
14 93 3
84 91 0
16 70 55
85 93 60
12 28 31
85 91 7
76 88 38
53 75 17
17 41 43
80 85 1
23 70 53
24 87 19
71 95 9
28 71 31
87 90 19
14 60 10
20 87 53
79 96 58
17 17 3
67 77 7
79 80 43
84 87 57
23 38 33
3 92 36
66 67 31
88 94 34
5 72 51
38 69 8
3 16 13
62 83 36
49 76 32
4 86 60
54 79 43
41 74 55
9 26 51
27 43 15
33 95 24
33 88 16
24 37 58
82 93 37
57 87 29
48 74 36
11 47 29
56 80 37
0 79 8
27 75 22
73 85 17
27 83 25
79 94 19
0 9 13
66 79 41
42 89 51
16 35 14
74 75 38
23 24 2
87 96 59
88 98 35
17 97 26
24 42 55
50 75 5
42 46 12
17 61 7
90 97 15
5 8 58
32 93 10
41 79 12
95 95 19
31 35 56
74 74 44
49 65 25
78 93 58
2 94 27
54 61 11
24 99 34
35 79 52
55 84 38
68 80 53
90 94 60
53 97 26
32 67 34
96 99 33
94 96 2
82 89 11
45 81 26
48 89 34
19 76 14
65 79 35
51 94 50
37 74 10
24 32 22
24 77 40
92 93 46
38 54 36
62 66 20
37 45 49
23 78 56
17 43 49
63 73 17
42 84 2
64 86 7
20 42 27
61 78 20
63 66 33
81 99 53
1 51 8
52 82 19
22 84 31
89 95 25
8 90 49
3 15 1
58 63 27
66 78 50
13 92 22
8 57 20
52 52 56
65 88 14
86 87 25
1 88 44
3 28 0
14 21 20
77 91 5
56 69 4
62 79 29
79 86 19
82 97 45
0 91 49
66 80 29
53 59 28
90 91 31
69 95 0
58 65 45
42 58 50
62 77 22
68 91 50
87 93 38
1 60 21
70 77 32
1 38 55
1 53 35
26 58 6
5 68 22
25 68 20
52 71 43
65 83 45
86 95 22
25 88 29
91 97 0
26 66 58
35 40 42
58 78 38
65 75 7
76 91 4
58 92 55
10 35 13
19 74 32
73 74 24
10 58 19
42 70 58
44 53 49
9 36 44
2 71 26
3 70 51
18 86 46
5 80 13
46 76 52
86 90 13
88 90 19
39 69 24
86 96 2
13 83 26
53 56 15
42 77 60
26 42 6
33 58 26
59 97 48
6 64 55
76 82 13
78 78 17
72 82 50
67 71 8
49 97 56
81 95 44
51 70 20
64 68 37
41 76 58
65 67 9
64 66 29
68 96 12
14 51 35
26 92 20
57 86 1
77 98 51
67 87 15
12 59 7
70 79 30
54 89 21
3 24 34
68 86 57
77 90 34
38 39 13
41 44 49
45 45 25
5 16 21
31 81 59
14 38 7
56 83 45
86 98 53
71 78 23
64 64 8
38 86 60
59 75 32
27 61 9
72 87 23
12 51 22
31 72 14
80 81 18
8 39 34
12 39 32
65 80 16
65 72 48
36 86 14
13 98 54
17 52 35
48 87 59
10 52 29
28 74 21
81 88 32
46 52 49
51 92 54
65 94 1
18 39 45
77 93 48
6 81 48
6 78 49
85 92 25
63 93 58
58 77 47
23 91 56
35 87 57
30 39 8
10 25 2
62 62 40
44 81 16
65 69 39
78 89 14
35 50 4
48 91 38
30 97 40
27 51 38
59 72 20
64 82 41
32 73 50
54 83 3
52 70 1
95 97 5
21 70 49
8 94 50
12 78 23
22 82 17
69 86 42
83 90 25
3 37 28
60 74 35
84 88 14
28 66 23
75 88 29
29 42 56
13 78 5
60 87 2
53 71 28
2 46 10
52 81 52
46 67 0
31 78 11
30 30 47
61 81 35
5 99 44
30 69 54
27 50 2
35 51 38
66 85 8
79 87 45
42 54 28
22 83 56
0 21 15
28 32 30
70 91 18
50 70 29
92 99 1
78 83 7
31 95 25
30 90 22
23 48 0
13 70 9
26 85 36
73 80 34
89 90 59
10 92 8
26 43 10
37 68 60
16 33 49
8 86 25
62 76 26
69 82 36
54 91 60
5 48 33
75 75 24
63 96 17
80 84 36
19 97 6
56 98 15
6 69 13
40 71 56
91 99 4
39 99 17
22 29 5
4 26 2
66 69 15
42 99 31
49 80 14
26 82 19
54 95 14
51 99 22
18 61 19
18 51 7
41 50 29
2 86 59
65 87 37
72 83 41
49 57 35
49 49 3
63 80 53
61 89 24
67 74 29
14 27 56
7 64 31
47 57 7
0 16 40
25 73 6
30 61 32
65 82 13
4 65 56
14 90 17
10 16 43
77 84 32
80 87 15
36 72 31
52 69 46
17 64 44
69 98 41
49 90 40
0 51 42
23 25 47
68 74 44
70 78 23
28 39 2
41 45 29
20 22 15
57 91 14
84 90 32
46 46 26
19 41 31
87 91 45
47 83 22
1 58 49
61 93 14
66 88 50
52 55 17
40 46 51
31 65 53
2 28 56
7 27 50
80 80 27
38 51 19
74 86 2
69 99 25
28 28 56
6 79 57
47 99 22
15 90 23
44 67 26
10 83 59
5 36 40
88 92 12
64 77 27
5 41 0
6 57 32
5 85 54
61 77 14
34 94 46
73 94 6
42 95 25
50 90 44
85 98 25
19 87 30
59 67 13
86 92 39
72 80 38
30 34 4
8 70 5
46 83 14
20 56 13
64 71 36
60 86 6
32 71 28
53 95 60
60 72 8
15 34 1
34 48 37
72 77 35
27 46 59
37 65 27
30 33 1
42 52 15
1 8 18
12 25 40
76 83 1
67 76 56
42 63 12
71 90 41
46 80 53
93 93 5
9 72 31
27 87 55
51 69 14
37 92 23
82 82 15
39 84 36
15 56 43
88 88 6
49 83 18
15 78 3
78 79 22
23 94 52
35 95 27
60 63 35
3 97 40
26 26 34
58 67 20
47 89 43
54 78 51
73 77 53
45 88 22
2 58 60
37 66 57
3 48 5
55 88 28
79 97 21
82 95 26
4 64 58
7 81 20
71 72 12
75 84 59
38 43 8
63 94 60
79 85 20
38 87 7
74 98 18
30 40 30
11 21 53
35 65 31
43 43 37
60 62 38
18 83 19
37 91 22
63 64 30
45 82 3
42 80 3
37 97 13
40 56 56
67 68 49
2 64 49
35 72 45
46 74 33
42 72 54
79 98 42
27 85 11
56 64 25
64 72 2
30 57 49
73 86 17
27 69 0
67 81 18
44 62 57
26 55 48
2 85 6
45 79 9
9 60 19
49 59 48
42 56 8
74 99 54
32 76 35
71 93 12
29 63 47
29 31 45
25 59 47
39 63 14
73 81 28
85 99 30
54 60 36
26 71 33
87 98 7
69 83 38
17 51 3
41 96 38
3 96 10
69 71 15
3 82 17
62 91 20
70 88 5
23 27 28
71 75 6
83 88 39
62 73 21
68 72 0
88 89 21
17 92 9
50 64 3
4 33 4
68 97 60
68 83 43
34 99 1
67 97 55
46 54 6
92 95 54
89 93 28
26 33 49
47 47 21
23 81 29
86 94 53
59 69 49
83 85 27
4 14 3
60 85 53
13 44 11
3 75 50
41 88 26
76 95 42
7 83 52
43 90 23
45 71 17
51 96 45
17 57 55
58 91 11
58 58 26
6 21 45
22 25 44
64 73 42
65 89 11
11 13 24
62 84 6
50 85 5
1 63 23
19 61 34
62 68 22
58 83 44
56 72 3
40 59 17
28 31 42
3 64 45
89 98 17
60 77 54
30 36 11
40 57 28
61 98 20
38 85 6
13 64 46
41 93 4
41 80 4
15 52 1
41 47 58
24 41 1
53 73 47
39 88 12
24 97 17
37 59 13
58 93 25
73 90 54
28 79 26
76 89 22
43 78 6
54 70 22
7 90 2
14 23 32
44 82 34
36 83 24
31 73 48
30 56 19
24 78 44
37 48 9
67 99 29
36 53 43
79 83 7
55 79 4
29 87 58
77 85 23
21 39 47
51 97 26
61 73 37
22 85 16
48 93 57
18 76 3
3 89 14
62 69 19
8 59 33
63 84 32
67 78 17
14 20 53
69 76 28
45 72 9
44 71 15
10 79 6
77 97 50
80 88 54
5 55 16
66 94 49
34 46 39
56 62 59
45 92 22
67 98 50
43 86 5
0 78 51
19 32 41
24 80 24
30 59 33
10 37 16
83 98 9
78 86 1
13 84 55
47 81 21
15 54 6
31 75 47
72 93 25
1 11 58
32 41 36
61 65 9
53 66 57
30 38 6
23 66 12
55 65 44
68 94 47
30 73 21
12 48 40
60 61 20
7 78 39
37 81 46
40 54 23
31 79 45
44 91 48
22 61 60
45 58 2
28 58 40
5 47 58
30 44 60
26 84 40
63 87 14
67 91 57
56 91 21
57 93 45
85 89 39
61 86 32
55 63 52
48 99 49
85 86 42
15 60 45
5 54 33
62 74 11
35 53 27
35 52 49
4 74 11
61 71 3
39 80 10
46 47 38
44 90 36
69 97 43
35 82 60
64 84 1
40 44 44
4 38 30
1 94 51
70 96 22
31 84 41
0 18 26
72 92 54
43 94 42
37 71 18
41 91 43
64 92 31
57 58 27
35 92 5
29 44 52
52 77 55
81 89 58
24 49 39
14 98 11
15 29 53
6 22 5
29 75 53
78 82 35
31 51 8
30 67 24
51 51 49
39 91 26
76 81 3
17 63 1
93 98 38
20 26 50
23 57 24
41 41 22
11 55 34
67 80 3
42 75 16
63 63 0
0 65 17
32 81 39
18 47 37
22 66 14
72 99 21
50 50 9
27 64 48
8 83 10
13 76 43
59 76 51
4 19 32
55 61 53
60 95 4
70 80 48
72 75 13
8 9 60
84 93 6
58 98 21
21 88 5
77 82 38
63 92 38
69 80 17
59 88 22
25 32 48
48 59 39
39 56 4
49 70 11
30 81 30
16 18 60
28 63 24
63 70 36
26 94 25
93 96 6
4 88 22
49 58 25
22 23 49
5 19 50
14 50 44
10 75 25
13 66 1
13 67 54
55 74 27
61 90 39
66 90 9
10 50 5
37 90 0
27 33 7
67 84 7
40 83 5
30 85 30
34 35 43
61 94 8
3 31 38
43 75 19
27 55 12
6 91 29
24 66 16
85 94 45
32 99 45
64 76 1
9 56 4
12 15 46
74 92 58
22 49 7
42 76 46
70 93 16
38 67 24
81 91 15
19 86 52
40 55 2
65 91 43
83 84 29
21 66 7
26 53 1
46 94 33
42 59 16
71 98 41
71 91 16
2 77 32
29 56 57
69 94 55
28 42 36
2 27 33
35 74 48
21 43 28
39 81 19
64 96 60
0 54 56
25 50 58
15 92 43
50 84 13
69 89 24
16 29 43
26 75 54
16 73 52
51 52 8
30 43 26
5 64 58
21 67 28
76 99 48
75 83 4
58 85 57
47 69 33
0 73 26
44 61 44
30 49 44
74 79 6
83 93 56
30 96 2
15 86 13
24 55 0
40 95 35
24 72 56
67 73 44
81 83 55
77 79 38
25 25 20
87 95 46
18 88 29
86 93 27
42 91 14
66 92 58
69 77 40
19 36 24
44 97 58
12 52 24
9 74 10
87 88 18
75 95 30
56 76 21
81 92 22
58 75 43
56 75 57
32 77 3
0 64 44
30 31 30
43 81 56
72 84 46
12 92 9
35 35 52
19 52 37
78 99 9
13 81 56
11 17 56
16 92 19
60 98 22
21 53 38
28 45 19
27 78 53
39 40 36
39 92 39
22 57 40
76 84 34
84 94 36
11 88 30
13 75 39
14 25 0
18 80 26
6 96 6
56 59 28
25 82 32
14 84 30
27 82 2
86 99 44
86 91 0
78 92 10
42 67 19
59 82 49
59 59 46
71 82 46
91 92 2
24 62 45
18 49 30
73 96 9
11 54 32
33 77 21
41 46 23
83 97 26
54 73 50
36 57 18
38 44 47
72 91 12
54 54 40
89 89 36
2 10 58
28 43 34
33 96 24
88 96 48
14 55 0
59 74 40
10 88 37
50 61 23
11 36 36
11 52 15
19 53 24
73 76 23
1 29 7
2 83 42
0 61 38
12 58 30
53 94 40
7 77 11
70 75 29
22 54 46
10 57 12
56 57 51
18 58 9
35 85 4
38 97 38
48 66 50
60 69 1
60 93 1
68 87 1
51 75 32
48 52 37
88 95 24
2 87 5
19 54 10
23 54 52
32 88 0
42 42 7
50 91 28
17 40 28
55 78 43
36 37 10
6 71 49
16 22 54
17 37 51
3 30 24
14 48 50
1 91 25
38 77 27
59 79 5
48 60 3
14 40 55
83 83 54
60 99 27
71 79 15
92 96 13
10 86 26
35 38 5
45 78 20
74 90 10
92 92 46
47 59 4
31 83 44
64 98 58
20 29 31
10 38 18
31 86 27
0 5 35
34 79 40
25 52 8
54 72 52
14 30 17
70 95 38
20 69 31
2 57 27
24 28 3
1 39 30
0 37 6
26 59 9
43 57 17
71 77 46
11 61 21
11 43 42
61 74 2
9 25 12
45 75 53
48 95 31
4 20 12
33 42 10
12 73 20
15 50 21
62 86 44
69 74 33
40 91 6
4 37 38
31 38 10
19 88 16
42 57 34
16 36 57
79 89 5
29 76 28
6 73 57
55 76 49
75 86 56
57 84 40
54 59 8
23 69 38
37 85 56
3 33 55
12 69 38
28 87 59
35 78 54
42 90 18
51 77 36
51 60 56
18 91 9
4 83 30
8 71 29
49 71 51
53 60 23
0 11 0
53 90 58
90 92 54
7 43 50
35 45 14
31 54 4
0 12 45
65 65 8
63 69 54
23 26 31
72 86 30
44 59 12
30 78 27
77 92 51
13 33 20
55 56 45
10 73 0
53 77 8
27 99 37
44 84 43
42 86 5
3 99 3
34 71 36
34 61 13
71 94 42
33 50 37
72 78 8
40 97 19
41 84 27
1 57 43
27 29 2
21 50 59
16 77 1
5 18 42
22 56 6
0 15 32
61 97 48
9 53 15
61 87 21
28 44 51
76 76 20
3 77 16
48 70 0
5 58 8
39 97 30
34 95 14
40 76 54
19 28 60
22 70 57
53 82 18
62 87 39
9 49 15
55 73 2
27 31 45
16 40 28
61 75 13
67 92 39
20 21 29
93 99 11
81 97 43
21 34 1
30 79 11
36 41 1
57 67 44
66 93 46
85 85 4
8 37 9
1 37 21
38 64 57
90 90 45
39 45 28
6 31 46
84 95 14
21 74 2
71 81 5
11 94 20
41 57 18
55 85 59
24 39 46
22 37 13
85 87 52
64 85 8
38 75 20
79 79 38
12 61 37
4 22 4
45 93 23
24 48 23
25 58 57
46 86 51
15 76 24
6 47 57
62 95 32
26 50 58
6 23 14
5 81 13
54 57 6
60 67 44
5 17 60
54 94 53
44 86 56
49 95 2
80 91 44
11 76 45
82 94 21
31 47 21
71 85 7
60 65 47
31 91 48
55 93 53
41 82 3
43 55 38
9 70 40
23 67 4
49 85 7
50 55 15
30 55 30
72 73 30
63 68 28
88 99 13
81 86 58
17 69 39
44 95 4
8 95 14
17 31 44
30 63 39
13 19 39
25 65 33
69 92 25
34 56 7
48 57 2
5 93 19
54 71 16
56 74 35
74 97 32
16 80 28
31 85 27
44 94 54
25 62 14
69 69 59
65 78 56
33 63 15
40 98 36
21 40 12
29 94 45
38 62 9
49 82 16
3 68 32
26 99 22
27 58 41
54 67 1
47 60 4
29 85 48
27 81 39
46 92 20
18 71 46
38 68 39
11 34 6
12 20 30
6 19 38
75 93 43
9 28 26
33 62 51
26 98 56
34 91 20
50 83 20
57 83 21
16 75 35
25 41 49
24 68 17
50 81 8
32 45 12
80 86 29
68 70 48
26 28 39
38 47 45
44 83 14
6 26 46
65 74 54
25 92 0
47 84 42
22 31 35
74 95 10
0 28 20
52 96 55
49 67 20
43 98 16
46 53 5
75 82 49
68 90 60
45 84 39
33 92 52
4 66 44
38 58 13
21 31 48
14 62 27
17 21 41
64 70 26
42 66 24
15 81 57
15 30 19
20 92 16
0 86 40
15 42 13
32 96 38
7 98 8
33 60 8
2 70 40
48 53 47
56 87 38
44 63 50
56 92 26
3 72 1
29 53 30
36 74 48
2 81 56
30 37 37
51 56 50
65 70 12
71 86 57
31 36 6
84 89 4
30 62 36
44 92 1
50 93 51
61 70 15
29 92 51
19 47 8
26 79 28
10 67 31
7 7 50
18 44 57
65 73 59
19 55 50
9 75 15
14 58 28
16 30 49
79 88 44
10 87 27
22 27 35
38 92 14
11 30 25
0 76 37
32 83 38
40 50 17
34 51 56
17 96 39
64 91 49
30 86 37
1 33 5
82 92 57
50 74 6
15 43 54
13 86 3
25 26 4
21 52 17
58 86 45
35 64 58
9 32 21
78 91 55
25 83 20
46 75 43
10 70 17
8 23 58
58 61 2
0 74 30
4 34 39
58 81 24
63 82 32
28 77 46
10 12 55
1 10 10
68 79 29
56 58 20
1 34 11
76 92 42
33 49 17
5 75 42
57 96 36
4 12 32
24 56 36
3 56 18
36 77 31
17 29 4
70 89 39
17 66 32
40 60 36
35 71 54
24 54 44
32 70 50
26 68 2
32 86 51
69 84 47
45 49 4
54 74 13
2 48 22
67 86 14
50 58 53
13 59 32
16 71 25
40 49 50
71 80 10
38 80 57
46 51 16
27 30 10
24 29 16
29 30 7
27 90 26
15 79 59
65 99 10
43 53 15
56 67 9
22 81 14
24 47 51
47 80 50
7 35 26
56 79 10
20 88 8
20 73 51
33 71 31
34 97 7
7 14 24
57 95 18
32 46 36
58 95 54
63 76 43
1 49 11
33 68 46
40 61 37
40 63 28
38 38 53
11 45 40
32 82 52
79 81 38
29 72 57
13 23 57
26 38 16
68 81 22
17 67 30
52 63 48
49 72 37
47 75 16
14 41 22
49 61 10
78 85 31
76 79 32
90 99 41
28 91 47
66 74 56
27 88 51
20 91 36
8 21 21
44 76 19
27 67 4
14 22 59
63 97 1
42 53 5
20 58 2
24 26 27
66 96 0
15 46 15
15 85 44
56 70 2
66 89 43
70 73 37
13 34 21
3 34 47
1 99 10
9 19 24
18 72 52
10 26 1
75 98 27
33 46 10
0 13 40
41 71 15
13 15 35
20 27 11
44 47 1
0 72 50
63 65 50
7 24 38
7 10 24
40 81 2
40 51 24
14 24 58
4 89 53
20 44 31
23 36 32
72 72 30
9 81 7
14 78 4
10 64 2
9 92 17
26 41 11
84 96 19
36 65 2
17 49 45
60 76 0
34 53 58
60 66 30
82 98 44
43 59 51
19 92 52
3 22 29
65 85 51
37 62 60
17 20 17
64 94 22
45 59 30
8 36 1
6 54 8
32 63 34
56 77 41
31 53 10
64 81 26
51 74 50
26 65 16
28 83 53
27 57 43
29 49 0
25 47 17
26 90 19
42 45 21
33 52 39
41 92 51
3 47 33
12 30 26
20 59 48
58 59 51
71 96 10
47 87 53
62 88 38
66 91 5
58 64 59
74 94 38
22 62 19
60 78 46
57 69 4
24 89 40
36 70 1
38 93 32
45 77 11
26 81 39
36 89 25
29 51 49
23 98 24
66 71 43
77 80 20
2 43 44
44 55 48
32 59 49
2 8 41
44 60 3
4 31 11
41 89 47
50 73 0
51 67 51
14 17 19
43 51 54
35 55 60
71 71 38
32 79 52
69 88 24
57 62 17
9 65 29
37 58 4
9 27 12
28 61 1
31 31 29
22 53 51
61 63 4
10 72 44
73 89 18
48 50 19
44 69 47
81 82 37
41 99 39
75 76 35
19 73 2
47 96 40
25 85 10
23 74 55
55 70 57
54 69 6
68 75 60
17 50 28
30 91 59
4 51 19
78 97 39
41 68 27
47 66 48
7 30 23
16 88 14
0 70 29
68 71 50
58 97 54
49 63 5
53 63 4
41 56 5
18 75 5
7 60 55
20 63 3
68 84 51
41 81 47
27 76 9
77 99 35
27 45 5
58 84 53
71 97 23
7 39 0
73 95 0
50 88 2
31 49 22
42 61 49
42 88 16
11 91 42
7 52 40
26 91 47
37 41 46
6 45 56
24 51 30
82 91 30
19 57 43
30 65 48
21 82 2
45 91 47
25 39 43
4 76 3
33 94 34
60 84 25
50 77 3
3 98 46
33 73 9
35 84 44
7 22 56
36 52 11
38 95 29
51 98 21
2 47 21
82 90 42
5 7 7
34 70 8
43 62 54
26 78 45
23 32 15
2 68 7
55 59 8
42 85 8
53 67 13
27 42 55
71 99 1
58 90 31
39 72 60
2 98 3
24 43 42
51 65 7
33 72 6
55 72 51
73 82 59
20 40 53
82 84 59
3 50 22
4 21 7
78 88 42
54 96 4
33 38 59
31 57 3
59 89 43
47 58 49
33 70 33
7 84 51
10 66 2
58 69 13
50 82 1
34 59 25
33 51 8
30 93 14
60 75 37
68 69 41
21 65 47
27 37 43
2 23 6
11 90 38
0 57 11
34 65 34
8 8 60
0 89 2
65 86 56
55 75 39
40 65 6
1 54 10
69 75 14
19 83 16
95 98 12
19 40 15
20 30 47
25 76 49
32 54 56
50 95 33
68 78 9
41 85 49
48 94 13
36 64 46
55 62 26
22 24 1
70 83 19
58 72 16
44 68 60
67 89 10
63 91 53
36 59 30
37 83 34
2 15 49
16 57 8
11 70 14
44 87 48
9 63 50
20 98 39
55 86 40
70 99 23
18 31 53
3 80 49
15 45 55
8 98 13
7 31 13
5 20 59
57 80 28
44 50 57
30 98 44
38 52 31
18 28 27
76 77 8
59 87 14
0 68 58
36 94 23
60 80 22
68 89 36
6 58 25
52 87 48
26 44 54
27 49 10
70 70 34
89 92 53
33 57 10
80 99 15
27 77 15
5 39 13
40 40 50
7 86 47
15 51 55
59 83 25
8 29 51
56 94 5
10 32 3
18 36 20
70 72 42
38 89 32
33 53 3
11 20 57
68 76 36
69 81 50
5 42 55
50 96 4
10 13 27
19 45 59
5 50 11
77 86 27
1 43 46
62 63 9
29 38 27
39 78 27
70 98 44
18 94 12
58 80 16
27 44 58
12 14 46
32 37 34
43 48 29
63 86 41
55 69 2
31 94 3
29 41 27
19 34 44
66 84 43
30 88 36
45 86 3
67 88 21
27 71 21
57 65 11
18 84 54
29 84 54
14 80 10
45 65 15
7 45 2
11 73 25
36 49 57
47 79 32
78 84 1
9 50 29
14 63 16
14 14 13
11 72 49
6 93 25
73 98 51
25 96 19
31 93 59
83 91 54
7 25 24
34 45 18
13 14 20
39 89 5
23 89 53
22 71 47
64 67 28
61 95 41
32 52 47
43 54 37
64 83 17
13 24 36
17 88 7
67 85 7
44 96 3
10 51 8
41 48 26
34 90 55
53 70 60
42 64 51
16 28 47
2 3 40
1 20 32
39 93 56
2 95 28
4 8 47
53 64 20
75 80 27
12 65 6
53 81 52
87 99 13
37 99 39
19 30 42
54 84 59
77 89 2
23 55 34
64 65 36
12 83 39
34 62 25
0 48 20
8 11 52
43 64 51
44 98 9
59 64 4
39 87 39
43 47 50
30 50 27
9 90 52
37 42 55
6 32 6
8 89 45
47 51 58
21 21 58
3 27 0
15 18 20
49 96 14
76 97 12
7 56 57
25 28 10
74 84 57
72 95 32
54 56 28
36 36 12
24 58 6
20 99 33
21 26 23
61 69 18
24 35 30
23 77 34
14 57 14
59 68 49
69 79 3
81 81 17
34 87 47
7 13 44
64 99 30
56 95 21
40 66 59
74 89 19
8 40 10
7 70 14
53 88 59
39 74 15
25 60 29
3 63 38
27 68 27
11 41 52
50 53 9
6 61 15
46 48 9
51 87 52
4 73 18
15 84 37
7 46 21
18 26 23
33 59 6
0 62 46
74 96 20
23 56 23
58 96 25
31 88 23
23 41 30
11 48 19
58 70 55
32 91 9
31 89 22
83 94 54
61 85 5
60 94 2
84 84 22
81 93 60
21 46 38
20 57 41
28 54 31
9 61 47
20 74 34
59 94 57
21 63 37
48 75 57
9 68 32
47 90 15
13 60 16
47 91 2
41 90 13
2 56 50
6 10 1
20 36 16
66 87 52
51 58 17
22 60 21
17 68 23
20 41 37
39 42 38
21 55 38
79 90 37
13 42 9
1 46 24
31 34 18
20 20 38
39 54 8
20 39 54
24 30 27
64 90 43
24 69 44
57 72 14
67 67 6
38 53 43
62 89 49
2 38 46
36 50 8
55 64 28
6 60 28
39 41 48
12 35 16
50 98 17
16 48 14
29 95 16
54 92 20
32 51 4
31 62 14
36 80 16
42 60 59
66 83 13
57 85 1
14 44 4
25 70 56
52 64 20
61 64 52
24 79 55
40 47 56
53 84 24
37 77 8
27 34 21
15 24 45
50 62 4
31 45 30
4 98 20
63 81 37
70 87 35
28 29 10
7 23 24
28 47 17
31 60 17
49 88 7
31 40 11
46 50 54
2 6 51
14 83 59
35 46 9
23 86 17
20 65 23
24 82 2
69 87 60
4 9 34
35 66 5
0 17 1
28 67 57
59 78 37
22 93 30
11 19 50
17 25 2
6 14 12
48 72 20
74 80 44
34 60 9
32 55 0
23 80 9
12 26 57
10 34 6
18 87 37
34 86 9
42 83 53
1 61 24
75 94 13
9 51 20
22 68 31
18 46 15
6 52 5
12 86 45
66 75 52
18 18 35
70 85 38
38 60 40
40 88 47
27 80 12
33 74 14
21 36 46
83 95 7
36 76 54
52 66 44
39 98 18
0 88 59
19 56 55
88 91 16
7 49 51
48 79 53
86 86 6
22 78 0
42 51 17
17 72 11
23 51 7
21 96 58
5 84 31
59 95 56
8 44 0
40 74 26
4 72 2
25 27 51
51 63 51
3 4 40
89 99 39
2 16 23
47 92 58
25 55 2
22 99 48
18 82 38
20 54 3
62 99 31
49 74 28
50 51 56
46 98 16
6 89 23
57 57 58
45 55 5
14 73 48
13 85 8
41 95 33
69 90 18
73 88 5
53 91 9
24 59 6
38 65 53
13 71 58
62 94 5
33 39 18
10 31 57
7 79 48
6 27 47
35 97 14
11 84 41
29 62 27
1 35 17
14 47 55
40 92 5
66 98 3
62 90 19
0 71 41
9 29 41
84 92 54
9 62 56
57 66 23
23 84 3
4 67 48
61 88 7
43 87 59
10 14 39
9 58 49
66 76 12
0 92 38
5 26 0
35 68 52
15 72 55
57 90 43
43 99 56
66 81 57
51 57 28
31 41 1
61 99 15
18 22 32
40 86 44
28 82 52
10 74 3
74 81 29
25 63 49
15 57 51
65 76 57
21 59 24
50 79 39
62 70 14
56 81 29
25 66 8
3 41 11
18 60 35
33 43 3
33 37 27
68 77 24
54 65 34
57 71 53
23 45 23
4 96 58
19 31 50
11 63 8
21 75 18
33 65 53
16 96 0
20 50 27
48 85 47
27 92 22
25 34 21
31 37 40
54 63 60
39 79 53
23 79 51
12 97 13
40 45 17
31 50 51
32 92 7
36 66 20
20 35 7
11 83 39
56 61 52
46 91 45
18 56 18
8 45 42
10 45 32
47 85 31
22 77 31
14 99 13
12 96 16
74 87 30
68 82 27
38 59 51
4 13 7
60 83 46
25 72 23
73 83 13
30 76 3
22 91 35
3 65 9
64 88 38
80 96 21
41 49 54
12 93 47
47 52 42
28 81 12
4 7 55
17 36 7
22 59 43
14 35 47
68 85 56
21 24 12
31 61 2
59 66 8
38 81 16
2 18 32
52 89 15
37 95 54
9 23 55
84 85 43
40 69 10
37 88 41
52 91 52
44 75 39
29 48 29
1 80 42
26 36 41
47 64 0
54 81 55
33 89 47
54 99 56
67 79 53
15 65 0
9 89 23
25 86 38
75 90 12
10 89 47
6 84 16
63 89 50
20 85 54
69 96 23
54 64 51
67 72 15
71 88 42
38 96 21
76 96 7
34 43 43
37 78 36
49 75 59
12 18 1
41 70 3
45 56 8
43 88 28
1 55 4
32 61 4
81 90 32
17 59 19
44 46 33
8 53 54
46 89 25
1 47 24
15 99 45
61 62 52
46 69 37
15 32 45
33 48 45
4 40 15
65 97 20
27 98 27
43 83 47
21 77 11
14 86 46
75 97 20
29 97 12
32 69 37
31 80 16
79 95 42
52 80 52
52 57 57
25 89 40
36 61 41
14 87 7
3 42 47
37 93 34
65 68 31
72 90 22
16 68 28
9 12 3
29 57 0
6 9 12
61 91 17
29 66 56
40 75 15
53 69 42
15 33 43
14 76 39
63 88 22
3 13 23
14 61 12
19 93 5
16 23 52
3 59 40
4 85 49
39 77 16
22 65 42
20 28 13
2 42 15
16 66 6
1 18 31
11 78 34
11 82 48
60 92 24
11 26 44
16 67 39
35 70 17
1 72 18
13 13 48
55 82 20
29 45 41
7 15 24
33 80 29
10 97 54
60 64 16
73 97 16
57 77 10
15 70 36
59 65 2
16 72 11
13 37 9
58 79 56
9 52 23
62 80 30
32 58 58
21 33 37
14 39 52
68 73 6
9 66 10
66 66 31
40 82 29
3 10 2
26 72 16
18 90 51
64 95 3
8 69 29
19 23 38
21 87 50
13 55 57
15 37 56
34 67 24
16 89 20
0 40 3
35 36 41
60 79 56
55 58 45
49 60 57
7 18 49
44 78 37
7 11 33
51 53 41
9 67 15
52 56 47
59 80 49
6 55 3
9 82 30
5 87 43
22 94 45
12 42 59
35 86 39
13 30 57
36 79 60
28 56 46
19 91 19
64 75 35
7 87 19
5 92 50
90 96 48
46 77 12
50 94 11
16 95 24
16 45 44
33 41 48
81 85 16
23 64 7
55 77 29
48 71 13
15 68 13
77 78 49
27 35 22
2 60 12
24 50 51
27 53 30
35 44 38
4 75 0
15 55 0
28 73 55
21 92 5
58 88 16
81 94 17
62 65 20
9 9 38
76 85 58
21 84 2
90 98 21
59 73 27
40 52 42
9 76 11
7 28 35
42 50 12
56 56 32
55 66 37
70 82 59
1 9 12
67 95 1
4 10 50
19 49 47
28 98 22
33 45 37
36 63 60
38 74 37
63 85 20
33 76 36
14 33 1
23 96 10
42 81 37
6 56 42
2 89 47
26 87 17
81 96 53
35 75 40
8 17 17
31 97 47
48 86 1
72 96 11
0 49 34
80 90 49
49 87 12
4 24 10
20 34 34
24 83 56
3 87 44
55 55 60
38 48 17
53 65 47
13 18 50
46 97 6
24 38 56
9 41 3
62 97 2
25 56 18
47 61 2
18 92 50
23 30 1
5 61 17
35 98 11
40 58 57
77 88 17
35 42 50
5 98 54
15 38 28
26 56 18
75 79 29
43 70 56
3 76 46
24 85 8
41 87 11
26 49 58
72 85 53
48 64 0
39 44 60
74 82 41
6 42 31
29 50 12
6 29 60
38 90 35
44 79 12
28 96 57
14 75 27
18 38 0
2 93 36
36 44 57
13 31 6
28 92 28
85 95 36
0 46 42
41 65 50
36 96 55
36 62 2
47 73 35
11 12 37
16 44 51
17 48 15
48 90 12
29 69 34
55 97 30
37 46 35
53 79 42
2 62 56
14 70 33
17 91 1
32 75 54
29 89 13
74 78 58
69 70 58
59 84 3
10 17 34
34 84 6
49 68 9
38 71 37
4 49 21
1 36 43
16 86 10
3 6 47
6 18 9
57 92 58
53 89 14
25 57 50
24 96 50
6 30 1
0 30 59
45 73 3
65 81 37
65 71 18
6 50 37
17 45 41
31 33 54
50 89 14
10 42 54
5 37 38
37 52 59
72 79 26
16 24 34
47 86 36
13 95 40
72 97 57
1 82 3
44 74 42
4 70 3
9 86 56
42 87 52
72 76 40
21 86 17
55 60 12
27 39 18
46 79 48
24 92 17
46 78 41
2 5 54
9 33 28
66 73 25
12 99 28
28 60 21
26 54 59
16 61 25
61 68 42
3 66 33
10 49 52
10 53 0
19 79 49
15 67 27
32 98 0
8 96 1
21 62 58
63 71 46
19 64 15
6 82 45
17 62 35
80 92 4
26 52 40
9 30 55
22 88 17
54 97 20
13 88 35
25 81 31
8 60 43
34 69 50
6 87 26
9 85 55
65 66 44
2 84 2
25 95 13
63 95 15
19 68 5
16 51 26
43 61 20
8 55 26
31 96 50
26 61 39
55 68 3
48 84 44
11 15 44
5 86 28
62 96 39
50 56 12
29 80 22
33 44 23
28 95 48
51 83 16
61 92 45
39 62 0
3 40 29
9 43 46
20 77 0
43 76 54
19 80 44
13 82 38
45 50 14
1 76 53
30 32 26
13 32 47
6 33 30
57 61 23
4 82 3
1 48 7
3 35 49
42 93 52
3 69 35
45 74 54
51 64 7
52 98 60
31 39 59
44 93 56
32 65 3
45 99 49
3 88 13
17 47 55
29 54 1
48 62 57
13 54 48
31 92 14
49 99 47
50 54 51
55 81 25
24 44 41
6 94 21
75 89 33
57 64 6
34 93 30
9 44 42
62 85 36
49 94 18
84 86 44
52 53 46
25 84 5
33 56 9
13 22 49
56 88 28
0 59 1
9 94 29
57 59 9
48 51 13
56 66 53
30 70 7
48 92 22
32 34 24
43 67 0
27 27 13
44 65 53
13 65 48
31 66 9
39 75 6
3 73 57
22 72 21
14 77 40
20 72 32
28 85 9
24 71 18
28 69 30
45 67 13
34 55 12
49 50 27
14 18 38
18 41 10
61 82 47
67 83 2
3 81 4
52 79 44
17 99 17
23 71 32
2 11 43
18 57 18
10 28 35
13 53 2
43 73 8
3 36 30
30 77 5
1 78 53
40 84 11
1 25 52
15 93 56
70 71 27
37 69 16
36 71 49
38 91 36
39 52 35
45 94 49
16 94 28
16 37 2
9 48 45
14 54 34
28 78 44
20 95 26
39 48 21
20 38 22
45 64 11
34 41 29
39 67 11
88 93 45
33 87 43
10 82 19
45 95 33
8 82 28
45 83 12
9 22 30
11 81 7
8 63 34
13 96 4
6 24 53
63 99 6
30 68 44
22 63 58
9 46 57
10 94 52
14 46 49
41 83 40
23 97 13
38 57 45
5 59 27
23 31 32
4 97 32
71 74 42
37 43 37
4 79 20
9 54 7
18 70 48
30 54 21
32 97 30
34 40 43
18 77 30
5 96 2
16 79 15
9 64 15
8 54 44
68 68 5
1 45 23
11 46 31
77 81 36
3 67 19
71 89 56
24 81 56
43 97 25
15 47 3
7 20 17
37 82 14
5 71 5
17 34 15
16 46 59
62 71 25
43 91 9
44 70 15
55 83 16
1 27 56
78 96 35
32 39 37
22 40 35
50 69 12
9 10 29
6 75 29
23 58 49
67 93 18
6 6 35
32 78 22
18 42 30
9 98 1
49 51 29
48 83 52
57 68 11
12 82 11
48 67 37
7 71 36
56 89 25
55 98 12
17 42 34
80 98 21
11 69 7
40 77 23
1 86 35
3 71 15
1 93 38
30 95 20
51 80 4
56 90 56
70 84 34
3 93 52
26 74 28
5 46 54
29 91 3
39 46 27
41 72 56
16 27 2
18 81 17
36 75 7
25 42 23
33 54 25
61 80 35
9 78 9
15 96 60
63 78 38
17 39 55
29 64 6
8 49 11
58 76 0
2 82 60
43 49 49
61 66 22
2 91 33
36 45 49
41 63 10
9 59 49
64 89 20
18 23 37
59 91 50
37 60 47
40 94 26
46 71 31
56 65 60
33 35 3
20 32 34
4 68 5
40 68 20
22 95 2
47 49 59
78 90 50
1 19 16
18 29 49
6 65 4
31 67 9
50 97 45
6 53 58
0 84 39
70 97 33
33 61 7
15 61 50
24 76 44
22 98 52
56 63 41
63 74 31
8 50 2
53 86 1
73 73 43
39 82 59
50 72 43
13 77 22
1 13 53
75 91 4
38 63 46
24 93 59
11 16 5
34 92 25
52 62 27
46 64 7
15 64 3
14 96 47
24 98 28
21 93 3
73 92 17
4 95 16
8 46 21
2 76 14
6 11 50
15 63 21
31 68 33
2 59 18
45 62 54
2 66 7
18 35 42
10 48 12
9 77 28
28 59 6
19 90 53
33 85 30
5 91 40
25 51 15
46 58 37
5 65 0
14 97 59
23 60 38
7 95 1
12 72 50
56 99 59
50 80 27
41 61 22
26 29 51
6 66 22
45 57 32
10 62 5
36 85 3
6 36 30
63 77 46
55 71 42
36 90 50
57 60 41
17 19 8
14 64 0
27 74 54
38 70 19
19 24 56
45 70 36
24 45 51
30 51 53
5 23 58
43 96 4
39 66 4
29 74 41
7 40 32
43 85 41
12 68 35
38 40 12
26 88 51
17 85 22
28 86 13
26 93 56
1 62 11
34 44 18
58 82 49
18 99 47
35 59 11
17 79 42
21 64 16
25 46 22
12 84 49
4 87 60
39 47 0
0 97 3
0 99 22
74 83 2
4 32 56
38 41 3
24 24 3
45 60 4
20 96 7
7 26 37
20 53 51
2 44 14
21 45 48
52 94 22
18 40 3
38 46 13
35 54 35
5 52 1
57 75 41
63 75 1
17 95 5
4 23 10
2 65 1
11 23 14
9 15 31
41 52 20
22 42 32
28 55 53
9 99 52
74 91 0
36 92 8
18 53 31
75 99 31
21 41 3
79 84 22
19 33 20
27 93 23
10 98 23
12 22 11
25 29 44
68 98 0
76 94 42
33 91 22
25 30 0
39 50 20
76 87 41
0 27 37
61 84 20
26 80 34
15 88 24
40 67 7
14 29 3
15 25 19
67 75 53
51 86 42
47 53 41
1 40 9
21 23 29
37 67 15
14 26 50
54 93 18
76 80 52
4 11 26
17 89 60
21 78 60
1 31 15
13 58 14
12 44 8
30 53 7
2 51 31
7 59 17
8 62 18
43 74 27
71 84 32
7 21 9
2 92 18
66 95 59
70 81 56
1 52 30
59 70 37
6 15 32
3 23 56
22 69 19
17 84 5
29 68 35
13 49 25
26 35 55
45 66 25
20 66 1
55 67 51
7 72 46
52 68 59
54 75 58
17 35 33
25 49 9
42 73 57
52 75 49
19 29 9
43 44 41
45 46 34
55 92 7
13 91 32
10 15 27
1 87 26
18 54 6
0 36 11
1 74 14
34 57 20
67 90 54
34 82 3
49 91 49
29 88 22
20 70 0
46 88 0
21 69 31
16 93 31
66 68 23
16 69 40
18 74 38
25 93 23
19 20 6
42 82 12
21 51 28
12 55 44
16 43 1
27 65 57
10 23 40
75 81 58
17 30 33
16 25 9
12 53 5
71 92 48
13 68 56
10 63 1
11 96 36
54 80 26
29 81 17
9 40 30
30 99 8
60 70 35
65 84 39
49 79 51
16 98 36
17 70 3
60 82 43
47 67 54
22 58 1
53 68 19
9 18 13
48 81 46
43 56 34
17 93 8
57 97 33
7 32 37
21 58 8
63 67 13
26 73 57
28 84 11
47 76 55
2 80 15
17 60 1
15 31 27
15 94 60
43 84 38
41 66 5
55 96 49
37 57 50
45 52 32
23 52 19
47 48 51
12 62 52
31 32 5
12 46 18
22 35 1
4 45 50
15 35 1
2 33 20
37 53 15
2 2 59
44 56 13
23 90 28
43 68 23
33 69 23
23 83 16
31 63 6
1 97 36
9 55 7
20 86 56
36 46 25
29 73 8
5 6 57
6 44 35
27 79 12
11 39 7
1 22 52
1 42 56
54 90 27
27 40 35
11 49 46
16 87 21
21 60 37
3 7 47
4 57 56
23 28 22
41 43 33
26 63 9
6 41 18
17 71 56
59 96 48
18 27 1
38 61 31
13 56 48
38 56 18
50 76 38
36 54 20
22 43 14
1 50 9
41 64 2
16 60 24
21 83 43
34 54 39
26 77 50
11 11 36
11 87 29
7 85 18
20 55 23
10 68 55
1 84 59
5 31 21
58 74 23
6 77 13
58 66 55
22 41 7
20 75 47
38 50 8
76 90 0
15 23 58
8 84 44
68 95 42
44 66 25
17 98 3
50 52 37
24 67 56
2 73 13
5 51 14
10 77 12
39 86 60
20 93 9
30 92 29
17 82 17
30 60 56
48 58 7
47 65 21
18 25 6
20 49 6
19 51 17
43 69 25
26 86 26
37 98 42
34 47 56
22 46 54
27 28 33
16 16 19
56 78 55
78 81 13
9 71 58
10 95 4
16 74 35
39 61 8
19 39 54
49 84 9
44 45 35
25 35 16
33 90 29
4 27 35
17 76 30
48 56 47
38 49 39
25 64 2
44 44 30
57 82 51
2 37 21
12 67 20
8 87 7
9 96 51
35 76 41
28 49 43
49 81 56
57 94 15
57 99 55
30 58 57
5 83 25
8 33 30
18 67 5
54 68 38
7 48 20
21 94 37
28 68 6
16 62 39
30 75 60
38 55 47
24 84 44
2 4 37
10 21 58
0 50 58
7 89 56
25 77 27
34 37 7
35 60 1
7 38 20
2 74 51
32 72 26
8 32 27
11 79 46
48 68 16
14 79 50
2 61 4
8 22 37
3 57 44
22 52 55
66 97 22
15 41 48
11 71 24
31 58 47
23 61 31
51 72 44
29 83 46
47 77 51
30 71 49
15 40 5
59 98 17
45 68 2
3 32 2
18 66 47
23 99 32
15 58 14
30 64 30
37 96 23
32 43 4
25 78 26
7 34 54
21 73 55
43 93 15
15 74 27
25 67 11
24 64 19
40 96 49
66 70 26
6 28 9
15 20 52
45 53 55
5 74 31
10 10 12
10 60 58
3 8 6
29 86 38
52 95 23
38 73 9
12 70 21
44 80 13
29 67 23
12 31 31
25 99 26
6 97 36
51 59 11
46 99 34
11 80 31
47 88 31
11 92 24
7 63 7
26 97 50
20 82 50
45 54 1
5 43 12
34 34 48
33 84 32
18 78 19
11 50 60
13 87 0
17 90 12
8 88 8
27 95 36
34 52 19
5 82 49
38 99 8
53 61 46
24 34 30
70 76 35
43 45 49
5 90 13
31 90 37
6 8 11
37 50 3
9 11 51
60 96 0
29 96 36
8 65 59
7 41 23
7 69 28
39 85 52
34 72 32
25 48 9
32 84 44
64 80 12
36 78 13
16 26 55
12 81 58
49 77 11
4 5 9
27 89 6
18 62 35
60 71 42
1 23 55
54 86 40
33 81 29
37 47 6
1 95 33
16 91 25
57 81 45
77 96 54
69 91 40
10 36 43
38 84 13
12 50 50
25 69 45
39 39 38
19 89 19
13 28 56
24 65 23
19 67 5
3 14 17
6 40 44
18 30 4
33 66 5
2 63 22
25 54 24
3 61 49
12 32 22
42 43 49
11 53 59
12 95 27
13 16 47
32 50 22
13 79 51
29 35 45
60 89 10
62 81 0
48 63 2
48 88 27
38 76 14
60 68 46
34 98 27
50 78 2
6 51 34
73 75 26
22 76 10
20 31 12
9 37 20
12 41 13
64 93 1
18 69 17
46 95 26
28 64 60
46 62 35
7 16 51
22 92 42
25 38 57
11 66 7
17 53 49
41 75 59
20 24 27
19 71 22
6 76 37
15 95 7
20 47 31
20 78 20
1 92 26
33 47 39
19 75 53
30 80 32
0 95 55
5 88 47
34 83 6
19 27 54
10 76 45
33 64 46
8 91 26
24 63 59
59 63 53
19 98 6
69 93 51
17 87 50
8 72 33
32 66 36
47 94 44
66 86 16
29 70 23
13 47 38
51 91 37
4 30 45
10 71 23
47 70 29
19 85 36
20 71 39
40 99 8
43 72 51
43 50 48
3 20 6
77 94 22
73 91 33
12 71 7
50 71 32
5 78 36
60 73 31
16 84 44
28 36 13
16 53 13
27 38 52
2 55 57
7 53 31
35 69 40
30 82 57
35 49 35
47 68 34
73 78 43
18 79 35
23 93 34
15 69 27
22 38 7
37 79 21
8 19 43
45 89 31
22 90 20
26 70 31
75 96 58
2 53 2
4 80 36
45 98 56
4 42 54
21 38 28
54 66 4
16 90 21
26 83 12
45 48 56
17 22 35
7 91 25
46 61 21
32 33 20
21 44 15
17 54 51
31 77 30
40 53 3
38 42 8
46 73 12
21 98 27
48 61 47
44 73 1
0 19 21
41 62 21
65 92 50
12 23 42
52 90 8
59 61 30
17 55 6
15 19 12
45 97 34
75 77 48
2 75 44
37 87 27
7 88 44
42 71 6
21 57 23
50 60 13
4 99 51
10 11 44
24 60 34
75 78 30
29 34 36
21 80 3
3 62 42
4 15 40
14 37 28
47 62 60
35 58 46
52 88 12
53 54 43
47 97 4
46 68 14
30 48 18
10 81 28
7 74 32
16 19 16
44 89 11
36 84 41
61 72 55
20 67 16
54 77 8
50 57 58
9 42 19
13 80 52
0 44 59
1 69 49
30 42 21
9 39 1
34 88 29
31 76 0
30 41 21
7 68 22
23 47 44
30 74 4
45 51 51
31 69 42
0 81 50
29 29 25
57 89 48
12 33 20
4 43 39
42 68 1
23 53 31
21 32 34
27 63 40
35 96 21
12 21 34
34 42 21
11 40 15
18 97 13
11 98 58
31 44 58
0 14 40
2 40 2
7 36 42
7 17 49
23 29 3
45 61 12
47 50 10
9 24 41
14 85 54
53 93 16
58 62 9
49 98 44
59 71 4
2 19 54
10 78 27
20 89 48
48 54 29
2 32 55
18 37 57
25 71 36
22 64 41
11 24 56
7 92 6
6 72 43
23 92 19
12 77 18
6 59 3
10 69 6
5 25 52
52 59 19
24 70 50
15 22 52
21 49 10
2 9 48
39 70 15
19 69 5
21 42 56
13 72 38
36 69 7
6 17 11
28 35 49
10 59 10
16 20 49
56 97 20
12 49 16
0 96 58
28 48 16
10 47 48
8 18 7
64 79 53
8 28 36
37 40 40
26 45 48
28 65 15
26 37 38
7 61 8
5 97 26
28 97 15
6 90 6
15 15 56
16 63 47
49 52 40
30 84 35
1 1 4
19 26 38
13 17 41
21 72 31
22 73 0
27 47 6
34 96 60
5 11 4
62 78 35
19 21 23
3 9 58
4 6 48
76 98 42
32 94 46
2 96 12
32 42 47
18 48 12
11 37 55
33 33 41
8 38 60
32 35 25
15 26 49
1 17 31
14 82 56
39 53 36
13 93 12
10 96 22
65 95 35
23 88 22
40 80 11
27 56 28
4 54 0
13 41 19
31 87 48
27 59 32
41 97 27
35 80 15
3 95 39
25 40 8
26 76 15
38 98 49
34 74 3
34 49 58
18 68 56
20 33 54
30 46 46
13 63 37
16 99 21
30 83 24
2 79 12
16 21 26
12 40 31
3 85 35
21 85 54
17 38 22
13 90 5
45 47 28
7 76 21
14 56 12
8 74 32
36 93 46
35 88 31
39 59 12
21 95 42
7 55 53
18 33 14
38 66 46
9 16 18
55 80 36
46 93 41
12 79 12
48 98 44
8 99 30
18 93 27
25 33 1
54 62 19
57 63 33
37 89 50
46 56 2
21 99 0
39 73 51
33 34 20
2 35 58
13 43 57
42 69 6
52 86 4
49 89 49
2 99 42
29 99 26
16 81 51
30 87 37
0 83 9
43 95 35
58 71 59
13 73 12
35 56 14
34 50 29
8 66 60
5 21 60
32 80 16
32 57 14
19 42 14
39 51 48
2 26 12
35 41 2
27 86 20
3 39 0
50 99 54
3 25 22
23 73 44
52 85 50
56 60 58
7 54 12
15 49 35
19 65 42
19 19 3
32 49 30
9 88 46
4 62 34
29 32 57
16 59 50
58 89 34
22 30 49
0 85 6
28 53 36
12 75 27
11 85 25
0 31 54
22 45 7
34 81 60
11 99 7
15 83 0
49 73 40
19 44 24
23 34 59
0 20 2
6 85 18
18 20 5
17 94 20
41 67 7
18 19 35
25 75 55
26 48 3
48 73 30
6 16 52
19 95 60
29 93 35
25 91 17
12 57 13
22 79 4
58 73 17
38 79 32
22 26 47
46 90 51
16 58 56
46 96 15
52 54 11
62 75 2
41 94 23
50 87 52
19 59 58
41 86 9
59 77 38
11 62 14
43 89 9
63 72 27
17 83 31
4 35 56
34 63 16
53 53 5
24 25 41
5 67 24
0 98 44
33 36 59
23 82 32
33 67 3
15 97 48
13 62 13
53 74 4
9 91 9
49 69 38
45 87 23
9 83 22
47 74 5
23 62 24
35 77 41
11 93 51
2 69 22
19 48 55
13 69 5
28 72 26
35 47 44
8 42 19
48 55 10
11 22 33
21 47 21
57 74 0
24 52 11
5 44 13
20 90 9
10 44 7
0 60 6
42 62 13
32 44 20
11 75 10
14 92 54
51 90 47
33 98 50
3 52 39
20 62 18
36 38 12
11 64 33
29 82 12
12 98 43
35 81 53
20 64 50
27 48 33
23 46 8
15 59 52
26 34 57
35 61 13
25 37 24
51 81 46
9 57 26
7 47 5
15 16 18
32 89 13
38 94 38
3 3 7
4 52 2
15 48 58
42 97 12
3 21 6
14 68 10
3 46 2
40 70 48
28 46 53
50 65 33
11 32 52
51 95 43
32 36 43
25 98 55
16 52 21
11 56 57
5 14 7
51 76 52
29 52 49
8 78 48
20 60 11
7 73 49
24 86 22
11 58 22
16 34 48
10 84 12
12 45 24
17 65 56
7 66 16
59 92 24
17 24 46
7 37 60
59 81 48
39 90 0
26 89 24
22 80 4
28 51 57
32 53 2
42 79 5
27 84 0
15 75 46
15 66 7
28 94 7
2 13 36
0 75 19
45 90 35
41 55 16
26 46 57
3 38 14
17 23 12
18 85 60
8 92 36
30 72 0
41 60 28
27 72 18
5 76 46
26 51 29
49 64 31
46 85 14
2 29 54
36 48 17
42 78 6
4 71 45
50 68 14
4 46 17
36 98 4
14 95 5
6 74 46
16 82 21
27 60 17
20 94 57
11 67 10
7 33 10
52 93 36
44 72 25
38 82 43
37 55 43
34 78 14
7 99 17
31 82 10
16 49 3
20 48 42
12 66 0
14 67 47
24 95 50
11 18 35
41 59 43
22 34 54
36 91 23
25 79 40
2 41 34
41 53 58
56 73 19
1 28 21
8 16 60
20 81 29
11 25 0
29 36 51
44 88 12
19 99 25
16 38 42
4 61 49
43 65 36
3 79 54
1 59 54
34 73 22
10 56 17
10 80 55
11 68 3
11 35 2
0 56 45
48 48 6
30 94 53
19 96 16
23 35 56
42 96 19
12 85 30
13 25 11
65 98 16
7 97 55
35 62 36
0 22 33
37 75 44
3 94 26
13 40 38
7 12 41
22 97 17
12 74 14
9 17 30
4 90 36
51 61 16
30 35 57
13 52 48
