15 90
162
104
148
110
147
145
171
118
104
102
115
101
189
189
147
0 1 49
0 2 38
2 3 43
0 4 5
0 5 9
2 6 51
5 7 22
6 8 17
1 9 17
9 10 53
0 11 41
6 12 35
6 13 6
6 14 8
4 8 15
8 9 5
10 11 22
10 14 52
7 14 54
9 9 37
11 11 49
2 4 6
12 12 44
6 11 44
12 14 44
8 10 49
13 13 48
13 14 60
2 10 8
2 2 52
6 9 16
11 13 2
12 13 49
11 12 43
4 12 29
7 10 31
8 13 10
0 10 59
5 10 3
4 6 4
8 12 15
7 11 24
7 8 45
8 8 48
9 13 28
4 7 46
1 1 56
2 14 17
1 10 31
8 14 14
2 7 10
5 12 24
5 8 31
4 13 45
2 5 38
0 7 10
1 6 2
4 4 23
3 10 25
1 11 31
0 9 22
10 10 3
6 6 49
5 13 55
3 9 4
10 13 16
0 12 52
9 12 26
6 10 51
0 8 41
1 8 0
3 7 34
9 14 9
4 10 18
6 7 33
2 8 34
7 12 17
3 4 45
3 3 28
7 9 6
1 7 36
7 7 20
1 4 55
1 12 12
5 5 31
0 14 13
1 13 37
3 8 40
7 13 52
4 9 16
