30 405
179
168
145
179
139
184
148
178
186
166
180
179
162
180
179
122
160
145
116
153
158
111
118
121
199
148
122
130
148
159
0 1 36
0 2 30
2 3 49
2 4 55
3 5 5
0 6 40
3 7 43
3 8 44
8 9 19
0 10 52
10 11 12
4 12 50
12 13 12
13 14 41
12 15 5
14 16 15
15 17 9
0 18 12
1 19 27
3 20 29
5 21 3
7 22 27
7 23 30
14 24 19
24 25 58
3 26 52
9 27 24
17 28 53
28 29 36
9 17 44
12 19 17
5 14 49
6 28 28
15 28 54
4 5 11
17 21 45
25 27 55
28 28 30
26 29 25
27 29 11
12 22 3
1 27 16
13 20 38
27 27 52
10 27 28
3 17 15
5 6 6
2 29 10
6 29 44
9 15 33
5 20 42
12 18 31
10 23 28
20 24 43
27 28 27
8 15 54
19 21 32
0 28 59
6 15 12
21 22 50
20 25 6
25 26 0
26 28 32
6 27 56
13 24 7
5 17 4
16 24 13
16 18 36
21 27 11
11 27 55
4 29 0
6 22 46
13 21 8
10 22 27
2 24 8
15 24 6
22 25 29
2 22 16
21 23 41
26 27 55
7 18 11
10 21 50
3 13 24
26 26 36
19 27 1
11 18 34
19 29 51
10 10 33
25 25 15
21 24 28
4 14 1
1 2 33
10 13 16
7 11 54
19 26 29
19 24 37
11 14 39
1 3 51
22 27 55
8 27 6
3 12 42
13 23 48
4 6 6
19 20 59
16 20 15
6 25 10
8 18 49
3 28 31
23 23 7
23 25 55
6 23 14
4 7 25
11 29 6
15 22 29
17 27 18
5 26 8
23 28 14
1 6 10
22 28 28
5 8 54
7 14 11
21 21 18
22 22 9
23 26 10
4 24 38
3 25 6
17 17 60
0 3 6
0 22 36
3 27 1
1 12 50
4 26 57
4 17 58
16 23 27
21 25 46
3 6 29
13 29 9
18 22 30
7 25 11
13 22 32
18 25 49
24 28 13
8 16 7
19 22 18
4 4 5
16 27 37
2 7 49
12 27 30
17 25 9
11 26 8
24 27 33
18 26 26
7 27 12
17 18 42
14 26 29
25 28 21
24 24 32
9 29 28
15 27 39
14 19 28
5 22 42
5 18 24
11 20 13
6 11 24
15 19 29
4 13 21
2 10 25
6 10 49
8 10 40
5 27 47
22 29 41
8 19 56
18 29 6
20 22 3
11 19 1
18 21 17
7 24 34
8 14 19
23 27 58
14 27 26
11 11 25
2 15 15
15 15 28
1 9 40
6 7 24
18 19 2
12 17 15
7 19 52
20 23 22
6 17 9
15 18 6
4 21 34
0 14 31
4 20 11
19 25 58
2 13 6
14 20 36
16 22 17
21 26 33
20 29 43
7 28 44
9 18 24
0 9 50
13 16 12
17 22 22
11 23 6
20 28 18
16 19 59
12 24 0
8 11 54
7 21 42
2 25 42
7 9 46
14 25 19
7 13 53
3 15 23
20 26 19
5 5 8
1 26 38
17 19 57
10 26 29
6 18 2
6 26 6
14 23 56
16 16 22
16 21 15
0 21 49
17 26 27
0 12 47
9 25 47
11 28 45
18 27 36
8 8 35
16 29 7
12 14 54
6 12 35
13 27 4
21 29 11
16 25 42
0 16 10
3 24 13
8 24 9
4 27 58
5 11 21
5 25 40
1 14 17
20 21 57
23 24 46
4 23 16
14 22 29
5 7 32
17 29 8
19 28 16
19 23 0
17 20 43
0 19 43
3 10 54
6 24 59
18 20 15
22 26 47
9 21 17
9 9 2
22 24 4
5 24 49
9 24 46
5 16 31
16 28 4
7 17 27
12 23 46
2 20 39
9 19 14
1 28 44
8 28 50
10 25 8
5 28 47
9 20 56
8 17 42
2 2 32
11 22 7
2 26 40
1 17 12
15 29 7
3 14 21
8 12 22
2 16 34
2 14 54
8 13 41
22 23 16
13 25 34
23 29 60
18 18 20
14 18 24
12 26 26
4 19 56
1 16 2
0 4 48
12 12 60
20 20 45
18 24 58
1 15 42
9 11 55
10 28 12
19 19 26
11 21 15
11 15 10
15 25 36
6 20 3
5 10 15
15 23 3
12 29 12
8 29 27
4 25 41
7 10 14
8 20 28
17 23 40
10 18 14
24 26 51
11 24 11
6 19 18
20 27 9
21 28 56
2 8 34
9 10 42
7 16 23
0 5 26
10 29 8
13 19 59
4 28 18
2 5 51
6 21 58
8 25 38
6 13 11
24 29 45
16 26 13
0 27 14
1 4 10
10 20 22
3 29 43
5 19 60
1 23 26
3 22 17
11 25 56
1 7 36
0 24 29
9 14 40
14 29 42
4 16 45
11 17 21
5 29 60
0 17 8
3 21 55
12 20 6
14 14 26
7 12 14
13 26 56
18 28 59
15 21 2
1 1 20
25 29 7
4 15 34
14 28 22
2 27 12
13 17 31
9 28 44
13 18 31
2 28 44
15 16 13
8 26 23
7 7 49
10 12 42
10 16 16
10 17 42
8 23 24
17 24 20
14 17 12
3 23 16
4 8 34
12 25 56
9 23 25
3 4 7
2 9 12
14 21 41
9 12 4
18 23 11
2 19 19
1 5 56
2 12 25
10 19 29
2 18 25
14 15 17
9 26 3
10 14 29
15 26 27
1 24 43
2 6 14
15 20 1
1 10 38
3 9 58
4 11 59
5 15 33
6 9 3
12 16 4
2 17 51
10 24 39
6 14 17
