45 945
161
136
192
127
112
176
144
147
168
124
143
184
138
160
172
155
142
100
122
104
143
105
164
143
100
168
152
198
120
127
200
118
163
163
151
136
182
188
183
140
125
197
148
181
182
0 1 59
0 2 51
2 3 55
2 4 50
1 5 44
3 6 32
5 7 24
0 8 16
6 9 2
5 10 48
5 11 13
11 12 21
10 13 40
5 14 14
1 15 12
0 16 26
6 17 7
12 18 31
3 19 5
8 20 37
9 21 40
6 22 16
13 23 52
8 24 52
12 25 20
18 26 50
11 27 3
16 28 1
19 29 0
16 30 52
15 31 14
3 32 28
14 33 26
28 34 15
25 35 55
18 36 32
29 37 2
33 38 43
36 39 26
31 40 52
25 41 59
28 42 4
9 43 2
19 44 30
10 44 15
33 44 10
38 41 44
9 23 60
38 40 54
34 40 39
16 31 35
22 24 40
19 34 59
12 34 50
37 38 12
37 37 7
1 16 26
40 43 28
17 36 18
10 38 4
15 29 20
34 38 28
10 36 50
23 36 40
34 39 3
41 42 13
0 28 33
14 43 21
3 5 56
33 40 47
14 23 33
38 38 40
26 42 27
2 12 6
40 41 25
4 16 27
21 26 48
38 44 34
42 42 9
31 36 46
4 28 30
16 24 6
3 3 5
14 38 15
7 25 3
24 39 34
5 6 38
8 8 56
3 42 57
11 17 9
3 8 49
18 38 23
9 30 25
36 42 31
36 43 35
26 38 5
27 29 12
15 27 54
6 41 48
15 35 18
11 13 11
21 23 50
27 36 60
7 12 42
3 25 54
1 30 55
23 23 4
18 27 19
35 39 52
27 33 24
13 13 23
2 23 6
10 26 52
1 12 10
27 38 53
13 44 33
4 14 18
22 35 43
28 33 11
6 10 15
2 7 23
0 5 49
17 42 9
0 7 14
11 30 59
33 43 30
3 43 55
2 20 30
30 38 4
33 41 8
24 37 58
23 27 49
17 29 38
29 31 45
10 18 29
2 32 54
2 17 46
14 32 19
10 40 40
13 32 7
5 15 23
36 41 24
11 32 34
15 25 41
10 27 12
4 10 25
8 19 37
43 43 20
27 35 20
35 37 0
34 44 39
23 41 59
21 31 51
9 17 43
26 33 45
36 38 22
21 39 59
2 35 13
12 22 37
10 15 44
28 28 7
5 26 15
25 33 50
39 39 39
19 28 8
15 18 27
13 30 14
4 38 24
10 21 52
20 43 20
41 44 28
26 27 49
1 9 35
18 24 7
39 43 15
1 19 35
27 28 24
5 41 22
40 42 36
35 42 52
32 38 17
20 32 6
8 11 7
37 39 27
31 43 0
0 15 23
35 38 0
4 23 0
26 31 43
13 14 1
1 38 37
5 19 35
38 43 46
6 43 30
9 18 23
32 41 45
5 34 60
23 44 40
33 39 54
33 37 1
4 44 28
42 43 41
10 17 49
29 38 44
32 34 51
40 40 12
27 30 41
10 42 5
6 26 1
35 43 59
22 44 8
26 43 46
30 40 32
26 35 27
8 9 20
1 2 2
7 17 27
7 16 1
8 26 28
20 35 31
28 37 15
41 43 26
7 11 21
28 30 8
13 41 43
23 32 31
4 22 53
3 36 49
36 40 22
22 37 57
11 20 57
1 33 52
15 42 54
1 43 23
6 25 2
32 40 59
31 34 28
24 41 55
10 31 37
21 27 40
13 36 34
0 21 42
31 31 35
35 44 16
3 38 18
34 37 20
12 35 22
26 29 56
31 37 7
7 30 4
1 28 0
14 27 5
19 24 38
7 24 21
0 26 3
7 43 15
4 29 7
18 42 28
26 44 30
10 23 39
24 27 34
4 18 37
19 32 59
9 34 13
14 29 0
12 42 52
29 40 12
33 34 0
12 31 0
32 35 35
43 44 39
19 41 53
32 43 37
31 35 19
20 20 29
6 19 2
24 32 17
11 19 2
20 29 60
5 12 9
17 39 54
12 14 47
35 36 39
3 10 48
20 23 54
2 13 3
11 24 17
37 42 13
25 25 34
13 21 37
39 42 13
12 44 23
21 34 49
35 41 35
6 39 36
11 43 3
7 22 12
28 40 7
1 3 3
2 2 30
32 44 39
25 39 36
1 34 41
29 41 5
19 19 12
33 35 45
33 33 6
0 13 14
3 39 24
29 44 56
30 30 16
25 30 51
3 30 37
27 31 32
41 41 20
9 16 16
20 26 2
20 22 16
15 38 24
11 41 30
37 44 45
21 32 28
2 38 17
31 33 26
21 22 59
13 42 6
8 23 59
0 6 52
3 26 1
18 30 55
26 26 56
20 21 51
24 35 40
32 37 2
11 44 38
31 32 8
13 34 21
30 37 11
39 44 27
15 16 55
29 42 21
21 36 4
14 21 40
22 41 17
31 38 16
30 43 47
8 16 45
29 30 41
8 25 53
24 42 8
2 24 25
3 18 30
15 21 6
18 20 56
17 31 4
25 32 38
0 38 16
9 12 6
11 28 8
5 35 59
1 23 18
24 43 18
5 25 0
12 28 51
30 35 38
25 36 4
2 9 46
23 30 9
0 23 54
25 34 31
15 36 40
5 31 39
1 44 49
1 31 7
9 39 19
0 25 7
24 36 31
28 35 47
24 25 2
3 9 21
24 29 23
2 40 34
4 32 60
11 18 19
8 29 15
6 33 32
14 41 17
26 34 41
13 31 42
7 14 42
9 41 2
30 34 53
28 29 43
11 33 51
0 42 25
8 34 57
11 31 50
25 43 58
3 20 60
12 13 9
13 15 44
20 34 42
17 27 27
16 42 41
28 32 8
40 44 6
23 28 6
6 29 42
10 24 22
4 9 17
12 29 5
6 40 33
39 40 30
5 40 17
7 19 7
0 18 18
7 37 51
31 42 39
17 38 50
29 29 51
16 21 30
18 21 11
15 24 51
3 34 42
39 41 5
14 35 50
19 25 23
3 29 60
35 35 42
1 39 50
2 5 23
3 35 51
21 29 12
32 32 52
7 42 38
6 6 9
21 25 18
26 41 13
27 44 5
42 44 29
2 31 37
29 32 6
20 42 30
16 44 51
12 36 14
15 17 1
17 43 26
4 43 35
16 20 53
22 25 47
19 42 6
18 32 1
11 16 59
19 38 12
0 17 49
4 33 28
22 33 23
7 15 5
38 39 24
5 13 52
6 34 8
28 36 47
18 43 54
8 12 42
22 40 3
1 10 20
7 33 26
30 33 0
11 25 60
1 37 54
35 40 57
7 32 29
14 14 42
5 24 35
0 32 17
10 22 6
22 28 38
21 42 0
9 11 31
13 22 37
11 40 55
15 43 3
20 28 15
4 6 49
23 29 47
20 38 34
22 38 1
5 20 33
29 34 58
12 43 41
31 39 47
9 42 1
6 20 58
16 39 26
34 36 4
6 23 6
19 35 49
6 24 55
9 32 35
0 30 60
12 41 8
8 42 51
38 42 59
5 38 33
21 30 57
6 44 52
28 41 46
12 38 27
29 39 58
0 14 55
18 34 42
22 30 44
27 32 54
37 41 9
22 22 47
20 30 21
36 44 6
4 17 48
30 41 52
24 38 53
0 34 15
13 29 7
1 21 39
10 39 52
23 39 14
24 28 46
28 44 34
33 36 46
11 14 26
21 37 32
27 43 35
14 25 6
14 17 1
5 39 41
5 27 47
13 35 5
25 40 53
10 12 45
4 15 43
4 4 10
8 15 58
0 33 10
22 32 55
13 37 13
29 43 3
3 11 0
30 32 39
30 42 16
1 35 0
10 20 58
12 20 23
37 43 55
14 26 10
24 40 7
9 33 23
21 41 20
26 36 12
6 37 7
16 18 28
19 27 28
16 40 21
34 43 43
8 38 54
4 12 37
11 34 36
1 7 6
3 14 58
21 40 14
29 33 45
5 18 9
7 27 54
11 22 20
2 27 5
3 12 6
8 44 52
21 44 40
18 29 20
23 35 24
7 21 4
16 32 53
4 20 16
30 36 52
10 33 8
16 16 50
8 22 37
12 40 53
18 25 55
12 39 7
1 24 52
16 43 52
16 41 7
8 21 26
4 7 30
4 24 9
37 40 12
34 34 52
19 31 37
9 9 23
17 18 47
5 22 8
1 20 1
4 37 14
36 36 27
24 24 49
2 8 26
15 32 4
25 38 35
20 25 29
32 33 16
8 37 51
21 43 19
15 40 43
34 42 14
2 11 57
21 24 42
14 18 8
25 44 2
25 31 17
18 22 32
9 10 30
16 29 8
6 7 51
20 31 46
7 40 2
23 33 13
0 40 21
16 25 47
17 26 58
7 38 51
27 27 42
16 23 50
11 21 56
14 34 44
32 39 22
27 42 60
18 33 45
8 43 54
3 21 23
2 14 7
4 27 3
16 38 34
10 32 4
3 44 45
24 34 30
5 42 9
24 30 51
19 20 59
3 22 34
12 15 33
4 5 45
3 27 21
31 41 47
19 26 5
36 37 9
10 34 45
21 33 23
23 37 54
15 41 54
15 20 2
3 4 21
3 13 27
9 38 46
19 37 43
18 19 18
18 23 51
6 8 60
27 37 20
16 34 33
7 8 54
16 33 46
31 44 13
5 21 31
12 33 6
14 36 32
6 27 47
19 36 34
2 16 16
30 39 46
25 27 32
6 14 47
18 40 24
25 42 1
19 21 30
26 39 38
11 15 50
14 30 48
26 32 34
6 18 38
16 26 0
25 28 0
10 37 18
11 23 34
0 22 22
12 24 46
8 18 55
12 17 16
10 28 56
8 17 0
24 33 36
16 36 59
14 20 60
7 26 60
20 27 30
1 27 57
23 25 59
0 35 31
8 13 14
5 32 40
33 42 39
13 19 29
11 11 50
14 19 26
3 7 13
28 31 44
23 26 33
17 44 30
0 37 46
0 9 55
15 22 26
5 5 32
23 24 51
15 39 57
1 42 17
1 8 43
16 19 2
6 21 29
18 28 17
22 42 33
25 37 39
26 37 53
0 24 31
9 27 22
10 19 11
28 43 52
29 36 15
22 34 50
29 35 25
24 44 36
21 21 54
10 10 42
1 41 56
4 31 24
2 26 5
13 16 33
17 28 27
5 30 38
12 19 33
20 39 27
30 44 11
1 18 3
5 33 24
17 32 1
8 30 13
2 15 60
4 39 23
1 17 18
17 21 53
10 41 23
23 31 30
22 39 11
8 35 31
17 20 35
1 29 25
34 41 10
18 44 57
28 38 52
7 28 19
7 39 11
0 3 25
19 39 25
2 37 46
20 44 13
14 39 40
13 27 23
26 28 15
0 11 51
14 40 7
21 38 29
7 13 58
6 32 44
12 23 57
25 29 11
0 20 26
20 36 1
9 36 8
11 29 25
13 40 53
2 33 33
15 28 45
13 43 44
0 19 10
7 23 60
10 30 10
19 40 9
17 40 35
18 37 7
6 16 10
14 31 33
9 44 24
23 42 57
19 22 49
14 44 10
1 25 25
16 22 31
17 34 12
14 15 21
11 37 45
22 36 37
6 31 10
15 19 53
11 38 56
13 17 39
23 34 8
2 42 28
21 35 22
22 43 23
13 18 10
19 30 1
7 20 8
23 40 12
17 25 4
6 13 30
10 29 33
16 27 10
14 24 34
19 43 23
0 27 13
14 28 27
2 28 14
2 44 35
13 25 9
13 20 17
23 43 33
1 11 24
27 40 33
19 23 38
26 40 25
30 31 18
15 34 60
3 17 20
1 32 35
20 37 51
11 36 34
2 19 44
9 28 2
7 29 48
12 32 0
13 24 1
18 31 59
24 31 37
1 40 33
22 27 34
18 39 25
9 22 32
22 23 51
3 28 17
5 44 13
1 36 39
12 16 56
4 36 34
25 26 60
32 42 11
4 11 16
20 41 46
16 35 7
8 36 37
7 44 35
17 30 55
13 26 37
14 37 6
28 39 5
6 12 24
8 31 38
22 26 6
0 44 53
3 40 46
3 33 49
14 42 5
23 38 10
19 33 41
10 43 17
11 35 3
9 40 54
5 43 37
18 41 10
21 28 15
1 6 21
8 14 60
4 19 22
8 39 28
2 10 7
2 41 51
3 15 48
0 39 3
5 23 10
10 35 26
8 33 21
9 20 12
8 41 54
4 41 40
12 30 46
5 8 5
9 35 59
9 19 43
12 27 0
6 15 33
20 24 38
4 34 59
9 13 21
0 12 6
0 31 40
17 35 7
16 37 37
5 28 1
18 35 7
15 26 10
11 39 21
1 26 19
27 34 4
20 40 52
8 28 11
5 29 42
5 37 10
2 36 40
5 17 59
1 4 12
7 7 6
7 10 40
5 9 53
9 29 22
32 36 60
3 41 14
4 13 57
2 34 36
17 37 20
34 35 10
17 19 6
10 14 33
2 22 25
8 40 52
4 8 5
0 10 38
6 36 35
26 30 12
18 18 16
