45 945
145
175
152
141
121
106
161
158
124
106
117
124
149
132
114
196
147
170
199
190
174
154
195
121
151
125
190
161
102
142
155
104
136
165
125
199
108
157
191
172
144
173
134
135
162
0 1 32
1 2 50
1 3 10
2 4 55
4 5 59
3 6 56
4 7 51
6 8 1
5 9 22
3 10 40
0 11 8
4 12 35
7 13 35
4 14 0
5 15 35
15 16 7
6 17 30
17 18 49
2 19 10
16 20 50
20 21 4
10 22 55
17 23 52
11 24 4
15 25 53
12 26 23
23 27 9
17 28 28
20 29 19
11 30 19
26 31 38
21 32 12
8 33 31
8 34 50
34 35 54
19 36 31
9 37 14
15 38 0
34 39 21
9 40 56
29 41 48
12 42 56
14 43 59
20 44 56
31 32 20
8 15 44
43 44 19
2 12 52
38 43 14
5 37 52
24 32 29
41 43 33
21 28 38
9 9 46
42 43 55
9 19 13
23 25 33
11 22 2
25 27 57
5 22 34
16 40 1
30 43 28
8 36 58
36 44 57
34 34 21
7 21 7
20 24 22
2 15 12
38 42 22
43 43 48
1 33 49
13 33 52
10 40 58
21 35 17
24 41 29
35 43 16
8 16 43
31 36 30
32 32 24
2 28 48
38 44 3
28 34 32
18 18 18
27 39 12
7 31 29
0 43 0
17 29 22
38 40 51
2 30 6
41 41 37
14 35 24
0 30 1
39 39 24
28 30 36
7 26 8
3 39 22
0 13 60
10 34 38
0 0 42
27 37 21
13 31 9
12 37 23
2 43 14
0 41 53
23 33 19
32 40 49
18 20 36
30 30 52
17 25 19
29 42 18
3 34 11
24 36 56
35 44 21
22 36 45
30 35 34
40 41 37
3 18 20
24 29 39
30 37 48
37 43 14
2 2 34
27 31 5
7 36 20
39 42 0
40 43 49
12 34 7
10 41 17
22 40 35
31 38 7
11 33 35
7 11 39
14 32 40
36 43 29
29 44 33
26 42 45
13 24 57
38 41 56
12 25 31
36 40 56
24 27 45
24 30 10
4 33 40
20 37 53
4 29 41
2 34 31
35 42 26
18 23 5
9 38 57
16 35 4
20 22 1
28 37 51
40 42 37
10 33 52
0 25 18
3 44 23
3 27 29
26 30 25
20 38 7
22 25 50
5 32 47
18 38 15
4 23 35
7 37 44
39 44 13
25 31 1
6 23 56
3 40 30
12 36 4
34 43 15
29 34 40
40 44 10
3 36 7
31 44 32
40 40 39
0 26 14
13 34 48
1 6 16
2 8 31
14 19 25
11 40 20
13 14 16
10 14 25
38 38 20
24 33 24
26 38 47
8 26 12
31 35 14
8 39 58
21 29 9
16 37 26
11 15 37
34 44 4
1 25 47
4 44 29
33 44 43
22 41 59
30 31 17
21 42 45
1 5 40
17 21 18
22 28 32
12 12 55
13 44 28
29 31 37
19 31 10
0 14 9
21 30 28
1 38 56
17 32 4
22 27 31
17 37 18
37 41 58
26 32 5
35 37 21
12 29 24
41 42 19
6 25 39
27 43 31
30 34 10
2 10 32
19 42 23
9 18 0
39 41 10
1 26 8
1 17 9
11 27 3
22 34 0
42 44 27
6 31 24
6 35 53
30 44 24
11 20 38
34 40 6
28 40 38
4 17 27
8 28 40
8 17 59
22 38 10
1 13 25
4 19 17
25 29 17
4 24 13
15 32 21
34 37 5
4 41 0
24 24 60
28 31 7
14 36 20
1 39 50
7 15 8
30 41 39
25 41 55
24 44 45
37 44 46
24 25 29
33 43 59
13 38 27
19 34 40
2 38 33
27 38 39
12 19 6
32 36 44
31 33 39
38 39 6
29 38 48
34 42 19
20 35 58
8 29 38
16 26 54
26 40 22
7 43 8
37 39 4
36 37 7
32 33 19
6 18 2
19 43 19
24 42 49
25 36 56
26 37 21
42 42 24
10 15 42
19 44 34
24 43 24
0 3 40
28 33 42
33 33 8
7 35 18
6 28 10
39 43 52
20 31 26
18 25 22
3 22 52
10 30 60
0 6 58
19 26 5
21 36 59
13 19 28
7 27 17
3 9 12
36 36 6
15 35 13
9 28 42
18 36 42
11 42 6
27 28 21
1 22 25
21 37 54
15 37 13
11 25 14
33 39 17
7 39 38
12 14 5
8 21 32
15 34 47
3 25 8
22 23 7
11 39 57
27 27 2
0 42 43
26 41 40
25 39 35
2 26 45
27 34 23
6 44 5
2 40 15
6 21 25
21 39 19
5 28 26
14 29 60
15 17 48
26 33 53
18 22 3
5 42 2
13 39 53
32 44 9
5 20 21
19 21 31
3 16 58
27 30 26
4 21 44
26 44 30
1 30 44
6 26 43
28 36 38
26 26 41
20 23 43
22 24 27
8 31 46
29 30 26
23 41 42
21 43 31
4 15 31
8 23 9
5 10 30
10 20 33
8 20 25
8 24 26
26 27 45
3 14 23
10 42 29
1 42 43
28 44 60
1 18 43
7 41 8
9 31 6
29 43 12
20 25 26
18 32 54
1 40 47
28 42 60
7 29 43
19 35 19
36 41 25
20 20 33
27 44 2
2 13 43
15 18 60
29 36 10
19 38 29
1 27 3
26 34 3
5 6 25
0 37 28
35 35 15
9 36 52
32 38 58
35 38 19
34 36 31
7 14 53
13 29 16
6 14 60
9 22 14
30 40 0
32 42 33
1 24 57
3 8 50
15 39 7
31 31 3
36 38 42
39 40 9
8 22 33
7 22 41
25 32 2
11 37 16
35 39 35
4 10 40
8 30 51
21 41 10
6 39 29
29 32 48
22 26 13
17 40 17
10 24 50
23 30 14
25 28 38
18 28 44
2 7 59
33 38 9
37 37 4
10 11 5
15 44 5
35 36 32
32 39 55
4 8 57
15 20 6
0 21 10
23 38 30
21 31 54
19 28 16
6 22 33
15 42 48
31 42 60
23 26 8
5 27 57
5 21 56
5 39 32
10 25 44
9 11 49
34 41 34
17 33 18
7 28 27
7 24 43
14 20 44
4 6 12
21 33 40
1 35 58
0 28 40
4 4 59
17 20 9
22 37 0
2 20 20
7 38 42
34 38 31
30 38 0
23 29 36
25 42 11
20 39 16
2 3 36
5 25 56
15 40 2
7 20 10
33 35 1
31 40 25
27 41 56
29 33 1
0 24 19
3 43 49
17 44 53
28 38 52
31 37 54
20 30 2
5 34 50
30 36 22
37 42 40
31 39 39
25 34 27
33 40 11
12 24 31
16 41 17
25 37 10
0 23 58
10 36 24
6 43 25
23 39 43
9 42 48
32 37 10
27 36 39
1 16 17
12 38 52
6 13 17
13 13 4
16 31 30
1 12 6
24 39 38
15 24 9
31 43 46
18 40 2
14 42 17
4 30 6
6 19 25
20 34 0
37 40 26
22 32 7
3 13 34
2 14 58
18 19 46
6 42 42
8 42 40
13 32 34
14 23 51
7 12 27
5 8 12
9 29 56
16 16 22
22 43 19
9 15 31
33 37 47
23 43 27
6 38 10
20 26 35
13 20 41
12 32 9
5 29 11
27 40 51
0 7 11
25 38 28
2 41 18
32 41 20
15 43 40
4 13 5
3 4 49
9 44 36
13 18 20
1 28 42
23 36 59
9 17 39
3 32 60
18 29 20
14 37 41
18 42 30
1 44 19
11 34 59
21 23 52
16 21 55
13 42 4
36 42 19
19 32 4
12 33 22
9 34 48
13 25 17
3 33 32
11 13 9
21 38 21
12 27 17
0 18 36
9 27 36
17 19 43
2 31 39
35 40 16
10 13 31
6 37 8
6 11 56
14 18 29
19 22 43
8 11 29
26 28 26
16 33 20
0 33 49
21 21 25
23 34 58
17 39 59
28 28 43
21 22 21
0 16 9
19 19 17
24 31 59
25 26 55
3 41 7
11 36 44
14 31 5
22 22 49
1 14 35
37 38 27
19 39 16
41 44 45
6 29 28
19 40 24
19 41 22
12 35 58
12 41 43
26 39 16
23 35 22
10 17 32
0 9 47
13 41 51
11 23 44
26 43 54
4 22 13
4 43 14
5 40 52
4 9 59
18 31 60
0 38 41
3 31 51
12 18 1
33 34 45
22 30 58
5 43 21
5 30 56
22 44 38
8 43 59
16 42 32
4 20 17
12 16 37
7 40 23
28 29 42
29 35 39
24 28 48
18 26 34
1 21 38
27 29 59
24 37 46
3 24 56
12 30 8
3 30 58
21 25 29
29 29 14
5 7 40
24 35 17
3 12 15
16 32 7
27 32 17
0 32 28
16 29 49
11 32 6
9 41 53
0 34 54
3 7 30
5 5 56
9 35 54
10 18 36
15 28 0
0 20 60
9 30 14
10 26 6
30 32 56
2 17 41
2 29 33
2 42 36
16 18 59
30 39 47
12 15 44
11 11 40
23 32 32
10 21 5
5 44 52
5 14 53
6 20 11
17 17 13
1 34 25
29 37 17
6 6 28
20 36 39
29 39 4
7 34 29
7 17 8
32 35 7
23 42 11
6 30 26
12 44 1
14 44 59
20 40 47
13 26 21
4 35 30
2 9 6
0 31 43
3 5 31
8 12 36
2 16 44
21 44 36
15 27 52
0 17 19
18 24 20
30 33 44
23 44 50
6 24 42
25 25 37
9 26 24
11 41 55
15 23 41
5 31 50
11 12 39
4 18 1
17 41 32
9 16 38
25 35 23
28 35 10
21 26 34
6 34 7
2 35 36
16 19 34
15 19 28
11 18 49
1 4 40
4 39 54
19 20 30
26 35 59
1 7 2
7 33 54
25 33 10
16 39 30
18 39 39
3 3 34
12 31 22
17 42 57
1 29 35
18 37 20
15 29 41
16 23 46
0 39 33
25 44 50
35 41 8
5 17 28
19 23 59
10 10 17
6 33 12
5 19 34
13 37 20
6 12 22
2 24 14
23 31 5
17 24 47
1 36 25
24 40 4
28 43 5
33 41 58
14 28 36
5 11 3
18 41 3
21 27 27
33 42 59
30 42 16
33 36 18
12 13 48
19 30 38
31 41 7
28 32 36
16 22 43
14 38 46
14 25 39
13 36 22
12 23 47
14 27 45
22 42 51
19 25 44
19 27 23
18 44 21
9 39 32
14 40 1
0 35 41
17 38 23
8 41 33
15 15 45
2 27 42
15 31 10
13 35 53
5 23 31
1 10 29
32 34 7
2 23 47
8 40 56
22 33 47
36 39 0
1 37 25
15 21 41
17 36 24
9 23 19
10 31 56
1 11 53
11 31 32
9 10 3
8 13 26
14 33 45
4 42 51
3 35 12
11 26 49
7 8 26
8 19 15
23 28 16
18 27 48
13 17 11
25 40 1
16 17 39
28 41 20
19 33 4
11 43 20
8 8 18
18 35 31
25 43 53
12 39 22
26 36 1
4 32 14
4 28 58
7 18 24
17 30 0
0 4 50
6 32 25
13 43 34
14 14 25
12 40 47
0 8 5
28 39 24
4 16 57
2 25 21
11 19 38
10 27 38
11 21 0
7 23 60
14 16 39
4 25 34
21 24 1
17 34 43
6 40 29
23 24 9
2 5 49
1 15 55
24 34 59
9 13 47
16 38 36
32 43 1
24 26 6
0 12 20
8 25 54
6 41 20
13 16 7
22 35 53
12 22 48
11 14 56
11 16 17
13 27 25
0 19 20
10 32 18
7 9 21
14 30 47
5 16 23
1 20 14
0 29 31
0 15 19
20 27 32
15 36 46
9 12 46
1 9 32
22 39 13
10 23 35
18 33 17
4 27 17
9 14 29
16 27 2
2 39 59
20 43 29
4 37 49
7 25 36
20 42 53
13 28 54
23 23 17
8 37 35
11 29 51
2 36 43
25 30 31
13 40 35
15 41 34
7 32 35
18 34 52
1 23 15
12 28 9
17 26 34
21 40 6
3 15 23
9 25 46
7 7 10
10 28 37
2 21 22
22 31 53
8 10 46
10 16 4
16 30 15
8 27 60
12 21 18
20 33 10
10 43 53
10 35 46
19 24 58
19 37 38
16 25 57
16 24 52
5 33 12
22 29 46
31 34 59
19 29 48
13 22 6
10 39 10
5 18 24
3 28 53
9 33 38
3 19 12
10 38 40
3 26 42
10 19 39
2 37 39
14 17 11
5 36 0
12 43 53
4 31 20
1 43 58
11 44 2
27 42 15
17 35 44
23 40 11
14 39 28
1 19 2
0 36 17
12 17 54
27 33 23
13 23 9
7 10 53
18 30 19
9 21 22
6 36 12
17 22 0
26 29 56
27 35 16
7 44 27
20 41 40
9 32 16
6 10 41
8 9 9
9 43 37
3 17 43
6 15 10
14 24 2
21 34 4
20 28 38
8 18 41
17 27 9
7 16 42
