120 6540
177
180
169
122
102
195
114
134
127
169
184
150
186
156
176
130
139
170
111
143
167
186
127
177
196
185
171
143
118
134
140
196
170
159
186
170
108
121
109
103
151
194
105
129
143
187
192
127
131
185
172
145
141
131
192
111
177
196
111
108
108
198
185
115
127
147
103
192
124
151
110
110
181
140
162
160
161
192
138
124
149
108
161
105
131
184
100
136
167
157
169
123
123
162
143
178
151
145
148
157
136
151
172
178
164
164
154
154
172
164
158
126
148
122
163
120
159
172
158
128
0 1 46
0 2 54
2 3 8
1 4 59
4 5 42
1 6 22
6 7 29
0 8 9
3 9 7
3 10 15
0 11 25
5 12 42
0 13 4
10 14 55
3 15 49
15 16 14
10 17 45
14 18 11
3 19 5
0 20 4
15 21 19
4 22 53
4 23 10
15 24 6
5 25 22
19 26 32
0 27 36
20 28 40
7 29 42
29 30 21
13 31 33
24 32 24
9 33 15
16 34 24
22 35 36
3 36 47
7 37 26
9 38 16
14 39 20
33 40 17
2 41 32
6 42 3
12 43 51
9 44 26
10 45 11
39 46 20
25 47 56
11 48 31
3 49 29
7 50 23
8 51 17
27 52 12
41 53 17
26 54 0
18 55 17
7 56 7
31 57 17
23 58 58
37 59 52
2 60 55
56 61 53
48 62 24
59 63 54
6 64 42
36 65 9
47 66 32
2 67 22
66 68 46
46 69 25
20 70 17
31 71 51
44 72 16
37 73 2
0 74 35
13 75 44
15 76 45
22 77 44
53 78 10
28 79 26
66 80 1
4 81 8
35 82 14
52 83 12
53 84 5
18 85 5
2 86 21
80 87 28
38 88 21
81 89 58
73 90 56
61 91 54
47 92 51
48 93 24
88 94 27
36 95 50
22 96 3
12 97 8
96 98 17
33 99 38
78 100 5
83 101 50
81 102 10
26 103 25
28 104 3
12 105 57
20 106 43
103 107 5
40 108 19
77 109 31
13 110 24
20 111 27
52 112 31
40 113 28
82 114 11
33 115 22
90 116 39
45 117 21
116 118 38
4 119 4
65 106 11
30 48 34
16 70 23
49 114 57
74 77 52
51 111 13
19 49 27
89 113 41
108 112 52
62 119 5
56 93 37
14 90 48
49 75 60
111 117 25
38 71 21
24 97 59
2 69 5
103 114 10
91 102 48
54 64 28
116 117 39
44 118 24
81 111 21
112 119 36
48 64 56
71 91 15
79 100 46
3 112 36
56 60 44
53 80 2
2 63 43
16 39 48
45 87 12
91 112 58
31 46 60
0 118 51
62 110 20
55 87 10
113 114 48
117 117 7
59 102 40
42 54 44
41 113 37
80 89 8
85 110 8
87 108 10
86 117 48
114 118 33
60 63 26
104 114 57
47 98 28
89 119 35
114 119 0
96 110 58
66 97 41
88 117 27
20 107 25
31 37 57
65 89 37
41 47 38
92 107 57
111 118 11
115 118 55
53 111 51
48 103 17
9 97 7
7 104 47
23 71 16
3 103 23
1 102 27
101 111 56
34 84 39
58 111 3
39 62 5
52 111 54
62 71 24
96 112 1
102 109 58
111 113 36
38 76 12
62 77 18
7 117 5
60 117 20
118 118 10
43 53 60
77 90 0
62 97 7
66 72 56
37 100 21
90 119 6
103 105 5
112 116 43
33 89 34
49 100 36
79 92 49
27 107 30
14 96 41
23 74 4
106 112 18
92 102 10
47 69 22
30 107 4
62 101 57
108 111 43
12 26 11
80 114 22
62 109 25
67 92 58
15 98 28
99 100 23
74 88 8
11 102 29
115 117 60
62 81 4
28 34 25
94 114 17
91 111 14
53 117 2
68 99 15
95 108 4
28 98 54
104 104 46
2 2 17
46 72 34
56 84 27
107 112 40
79 79 1
86 86 51
82 115 21
76 104 36
80 86 2
35 108 13
107 109 33
58 77 24
103 110 0
96 114 39
118 119 21
71 118 31
114 116 11
91 110 31
105 106 16
99 101 4
43 43 50
17 79 30
86 106 0
55 84 5
56 79 1
98 113 49
82 109 51
33 69 58
53 63 6
96 117 12
91 115 0
15 109 17
21 93 10
33 80 8
90 115 42
60 78 17
10 21 51
78 83 45
95 104 12
10 53 20
71 74 52
90 109 2
7 19 53
25 60 40
11 73 35
101 118 9
15 87 10
25 80 60
84 90 0
1 115 35
85 117 24
97 99 6
89 100 49
92 94 44
93 111 39
0 66 50
45 103 3
84 115 51
70 116 50
104 108 1
28 105 34
7 111 40
29 34 43
66 77 18
33 101 58
20 47 29
67 110 33
37 64 22
108 113 49
61 92 33
117 118 57
22 57 26
32 106 58
53 118 19
58 61 31
26 79 0
8 31 12
36 99 54
104 113 26
86 89 16
19 106 20
13 115 24
89 115 37
32 91 55
40 114 0
104 111 37
27 102 35
49 52 59
97 114 43
55 119 39
54 115 13
21 21 57
29 50 33
77 80 34
7 58 36
65 73 6
64 70 51
26 66 31
80 93 27
45 94 36
46 47 39
58 76 39
101 104 58
58 95 41
88 113 22
31 83 43
1 36 5
27 66 21
26 86 56
9 107 32
68 73 41
92 113 43
27 72 53
66 99 45
34 107 42
68 82 34
10 83 27
104 109 45
20 90 52
12 40 50
114 117 45
44 69 41
101 105 15
54 87 40
102 106 27
91 106 58
74 105 53
62 89 10
105 117 47
78 110 59
110 117 39
90 113 42
10 114 41
96 104 36
61 99 6
98 110 27
110 113 50
98 109 9
99 103 3
60 116 1
67 116 0
108 108 6
47 74 35
22 36 39
7 35 46
73 93 21
52 55 36
92 112 25
44 87 23
61 89 46
43 52 24
51 95 42
113 116 10
59 61 26
72 114 39
30 71 9
5 37 60
30 79 13
66 103 8
105 113 45
95 119 24
9 66 16
11 94 44
18 94 30
94 101 49
78 84 44
50 51 40
71 89 45
2 89 16
105 107 4
33 81 11
72 92 45
61 96 8
64 96 35
33 41 42
67 79 25
9 115 41
81 113 30
94 100 11
69 100 52
29 29 20
66 110 7
48 112 59
19 33 14
75 86 56
6 43 46
37 108 33
52 57 9
57 79 43
31 62 11
7 107 28
1 45 23
7 112 37
28 110 27
42 92 7
51 117 32
113 115 44
76 112 16
108 119 23
64 107 18
29 62 55
100 103 25
41 69 21
91 116 3
78 97 3
69 113 31
38 44 43
9 98 19
37 87 22
2 30 33
54 94 58
84 86 41
62 108 34
90 95 21
20 112 39
86 91 39
96 115 7
106 113 47
59 72 12
95 98 27
51 94 8
46 76 2
64 72 44
70 97 36
23 106 11
45 96 55
56 64 8
110 119 21
45 100 21
97 118 13
25 108 10
117 119 59
110 118 40
97 117 54
75 84 55
83 90 13
24 118 53
91 99 0
67 71 43
34 97 60
100 102 16
92 105 30
33 34 11
56 110 14
63 75 6
48 108 32
45 65 26
40 90 17
89 103 49
39 54 31
101 109 17
78 116 40
88 109 14
33 48 8
94 99 38
105 112 4
31 31 29
65 85 13
51 51 9
86 94 0
91 96 29
55 77 11
19 34 27
18 103 41
4 32 60
50 67 28
29 89 0
46 112 31
72 77 32
52 113 36
80 119 58
41 59 36
94 107 8
22 60 34
58 102 54
44 57 35
63 111 41
104 118 47
100 115 14
109 112 40
14 97 31
17 35 55
60 80 1
0 76 3
108 116 18
8 119 32
31 39 33
94 103 38
21 98 2
69 91 37
56 56 33
64 114 35
73 111 50
115 116 35
61 83 59
0 9 7
112 118 37
61 93 15
18 113 60
69 114 51
24 34 22
64 110 54
115 115 56
3 93 46
98 108 56
59 66 23
3 70 2
116 116 24
66 69 14
58 92 57
72 111 10
20 64 17
88 104 23
99 105 14
14 65 58
100 118 24
91 93 41
18 30 13
77 96 17
24 94 7
2 40 45
111 115 3
71 102 47
45 97 26
78 87 23
35 41 60
100 100 30
50 106 17
49 98 34
72 119 48
1 27 28
106 110 49
97 100 40
20 31 13
78 112 1
52 73 0
45 70 29
5 17 28
52 84 31
31 66 40
41 42 28
41 105 1
6 70 43
66 112 50
40 62 60
30 39 50
32 57 12
60 88 44
47 49 48
51 68 50
39 81 49
94 110 46
6 82 46
47 107 13
22 66 14
10 60 24
34 77 49
13 30 50
101 101 40
34 116 18
20 100 0
1 1 55
14 69 13
86 118 30
11 56 46
70 77 2
49 72 40
4 97 0
81 86 29
29 114 39
32 112 53
5 35 7
94 109 1
23 115 20
89 110 47
29 57 35
85 100 55
35 48 45
97 107 49
15 110 60
46 70 36
23 84 49
45 71 50
86 92 33
62 104 26
103 115 10
12 25 44
25 79 57
28 62 31
66 115 15
70 90 53
61 67 7
33 77 22
105 105 1
56 88 4
26 38 42
31 93 2
112 115 57
33 38 41
74 90 20
99 116 24
62 94 28
109 118 47
11 114 28
112 117 52
33 67 49
49 115 30
44 94 59
13 79 48
96 103 48
9 52 22
64 84 37
77 78 9
11 87 41
83 104 24
46 64 58
58 71 57
41 118 20
5 95 23
27 65 21
106 119 51
28 113 43
64 95 54
66 101 46
35 62 39
41 115 23
85 98 2
32 74 26
55 57 2
91 104 59
26 40 30
85 107 6
16 59 49
82 97 53
103 113 12
81 105 26
50 113 30
92 115 39
20 119 31
93 105 13
82 102 39
19 107 53
25 37 22
107 113 52
48 89 56
12 81 45
52 115 21
87 112 60
45 51 16
47 106 42
10 118 54
99 119 1
87 94 2
67 74 50
53 90 18
2 37 0
76 109 30
0 30 52
19 47 28
80 108 51
16 72 31
109 110 12
23 94 22
81 85 13
8 113 35
77 106 17
6 29 28
65 111 19
43 75 35
15 77 31
15 97 24
112 114 49
63 99 40
81 114 25
6 97 40
75 92 7
53 87 28
61 111 55
109 117 14
9 119 17
11 75 47
14 24 32
21 119 28
104 105 9
107 115 28
69 78 53
63 71 25
16 44 15
70 86 16
44 52 7
57 98 21
94 113 42
69 73 12
9 31 37
59 76 59
107 114 35
35 35 34
68 94 20
62 118 55
21 27 52
25 101 54
1 32 41
59 93 13
87 106 38
62 85 37
54 82 10
62 68 33
39 51 15
82 98 21
25 45 18
68 81 5
76 86 28
12 42 9
17 76 26
112 113 43
75 76 20
45 62 48
63 105 13
67 75 30
105 115 40
45 102 45
50 116 30
109 115 29
47 65 37
2 61 47
54 106 48
97 119 17
23 73 21
35 77 1
25 40 32
5 89 18
58 80 31
95 112 45
19 44 57
74 92 52
98 98 36
32 59 3
63 66 25
60 82 36
87 103 52
59 115 31
50 53 20
32 89 28
21 87 55
13 71 39
45 111 50
68 79 3
15 90 27
95 106 42
57 111 6
40 41 44
23 90 25
22 55 37
3 26 36
32 67 19
88 88 34
47 91 23
93 103 56
110 116 52
36 119 19
63 81 11
27 32 55
87 115 19
79 104 59
93 112 30
82 103 58
58 59 4
104 112 24
104 107 36
25 26 43
22 45 32
11 111 28
108 115 48
113 118 41
18 104 59
64 68 52
108 110 19
1 111 59
43 97 39
86 99 52
33 49 4
22 106 48
37 41 0
98 114 57
88 96 57
5 55 36
86 108 31
26 84 28
116 119 21
93 113 7
111 112 59
53 119 3
109 113 36
94 104 13
111 111 12
36 80 45
18 91 48
4 62 17
51 52 9
12 58 13
98 105 17
81 84 26
34 44 29
73 113 27
34 76 41
72 113 14
84 109 54
22 59 13
8 43 45
83 115 57
3 96 32
46 82 56
6 48 9
19 48 30
58 112 41
53 64 9
67 95 50
52 95 14
84 87 21
83 106 8
97 115 31
82 111 57
22 37 32
10 16 47
98 103 59
59 79 3
11 14 6
60 62 44
14 54 59
46 53 28
71 117 31
11 81 14
1 112 30
90 91 59
89 117 32
24 27 13
43 47 59
10 97 60
5 110 28
23 49 1
35 67 50
93 96 53
63 100 55
5 6 9
33 102 44
87 89 17
58 108 48
91 118 5
61 109 47
38 119 4
65 69 16
11 98 39
35 81 52
39 66 51
17 103 50
88 90 43
49 76 11
13 118 42
23 25 16
46 81 35
45 77 32
45 81 44
66 93 37
42 42 39
63 88 22
28 93 39
46 62 44
92 96 53
41 90 5
108 118 38
46 65 54
107 111 23
31 73 13
87 119 24
104 115 16
64 83 33
1 49 11
78 99 35
88 119 26
102 115 5
30 91 31
80 117 39
59 78 53
22 108 38
22 31 52
11 18 4
67 109 1
2 110 44
7 47 0
98 116 5
44 56 5
61 118 4
85 106 39
8 64 38
2 117 52
78 91 24
84 106 9
91 117 27
114 114 20
6 8 34
71 98 54
68 118 13
30 45 49
35 96 21
30 42 58
15 42 31
13 37 53
12 89 36
25 30 32
41 78 21
89 105 52
29 97 49
8 97 45
67 86 58
31 79 1
115 119 40
76 87 46
44 103 23
83 85 51
65 90 50
7 99 11
53 98 6
7 61 0
33 113 10
91 94 58
25 98 36
29 75 38
100 109 49
105 118 15
51 114 17
73 95 24
16 48 39
8 20 20
42 99 17
55 118 41
64 78 15
43 67 13
109 111 56
110 114 28
73 78 25
26 74 51
79 80 49
30 61 20
63 113 53
79 82 46
37 71 22
82 94 21
7 85 31
11 80 11
48 55 20
57 82 22
8 89 36
44 73 23
95 117 55
67 96 30
16 27 17
42 64 23
102 104 3
63 118 16
65 103 15
69 116 54
61 87 11
0 61 27
40 71 4
82 95 36
33 100 60
63 110 8
82 116 37
80 100 38
67 102 5
48 69 39
82 107 18
34 60 8
30 98 0
3 38 59
75 109 23
25 90 23
19 65 23
59 100 53
33 112 21
92 111 36
41 79 8
63 90 8
106 116 35
25 54 41
93 98 28
73 112 5
105 119 60
77 112 7
42 90 10
50 76 42
11 103 23
31 47 13
0 111 24
14 100 52
65 114 46
11 83 8
0 29 11
50 92 9
36 45 49
60 74 40
20 75 33
44 105 20
70 78 30
62 105 23
94 115 22
99 112 26
94 98 40
80 85 36
96 113 53
22 89 37
59 59 36
103 118 56
69 77 13
14 29 5
90 107 28
83 109 13
33 42 10
40 69 18
41 108 0
9 63 13
18 18 44
87 97 52
55 92 54
39 102 60
57 96 48
40 82 21
47 78 22
89 92 27
59 65 37
99 106 33
74 82 18
54 104 21
17 19 1
36 76 49
20 41 24
0 32 22
62 88 49
63 92 54
15 43 11
86 101 36
24 47 11
73 88 6
14 80 46
68 77 28
89 95 48
47 50 17
97 113 17
81 90 29
6 86 42
14 117 2
78 92 19
51 63 7
12 70 13
39 96 26
6 104 43
24 44 39
5 83 26
41 85 15
49 88 6
8 111 35
12 64 12
73 74 21
12 21 43
58 69 18
68 88 31
83 108 45
88 116 58
41 44 46
31 43 14
92 101 11
34 41 19
75 115 41
19 70 20
54 91 48
19 24 48
1 113 12
56 101 55
92 109 31
42 100 1
30 82 13
36 51 53
98 107 24
5 106 17
68 110 25
1 33 60
93 94 11
18 92 17
24 74 25
15 74 2
50 91 37
79 93 3
45 52 34
99 113 59
14 31 27
66 90 18
32 118 53
91 95 36
52 61 20
46 86 34
33 36 50
105 109 19
4 49 47
78 96 31
14 17 10
2 17 49
5 108 20
22 80 55
52 98 24
4 109 1
26 61 48
87 98 20
101 112 10
3 63 42
1 5 57
20 65 12
88 102 36
40 92 25
34 73 39
95 113 60
92 92 18
52 93 44
92 119 32
81 92 59
61 98 21
92 108 56
70 96 32
60 95 52
7 26 44
86 103 57
10 88 37
50 97 23
63 97 52
36 81 39
51 103 10
44 97 43
29 90 50
32 75 11
0 104 58
19 105 59
79 84 14
102 116 54
80 94 58
17 33 27
22 97 31
11 119 46
28 106 2
70 111 33
56 116 27
18 56 27
92 100 19
5 21 28
66 74 25
20 95 50
31 56 10
94 102 39
68 100 11
75 105 60
72 89 8
106 118 55
56 97 19
31 99 17
9 80 37
5 18 21
14 110 34
8 36 47
3 52 22
49 84 8
61 84 10
25 55 8
34 50 16
71 81 16
93 118 2
2 112 3
9 18 33
109 116 55
76 115 28
36 105 59
33 51 15
12 101 2
42 106 2
3 62 28
67 114 34
64 89 16
107 116 9
77 116 27
24 53 5
27 71 16
25 83 29
32 35 29
11 20 52
64 118 10
26 102 15
0 90 13
90 117 30
12 56 25
17 102 48
39 92 21
88 92 26
91 113 42
35 94 2
16 108 44
73 117 12
71 112 52
53 61 53
67 113 14
3 107 54
17 65 53
66 102 52
47 76 6
88 114 49
82 110 48
70 84 29
2 33 29
53 93 39
6 36 60
42 71 29
64 119 13
110 111 35
84 108 23
19 39 15
58 99 6
59 95 1
20 88 13
89 97 55
55 67 36
60 66 32
35 52 24
29 38 19
12 96 43
30 33 17
11 100 28
5 93 46
35 43 3
90 93 24
102 103 2
4 29 1
8 8 35
63 112 48
42 79 51
26 63 13
87 99 26
63 83 55
26 78 7
63 91 5
0 107 12
45 45 42
71 97 0
86 95 57
45 114 14
52 74 50
49 91 14
53 114 15
86 111 42
60 91 10
54 79 54
2 16 42
5 84 41
113 113 9
85 114 20
84 100 32
97 108 41
16 109 20
76 77 25
52 52 25
87 105 46
37 116 60
34 92 39
50 66 47
34 63 32
16 35 60
53 100 41
9 85 10
73 73 34
71 115 24
96 106 20
7 106 43
85 115 41
53 102 51
43 112 50
16 71 54
43 84 12
101 115 59
18 76 12
65 101 58
74 119 30
75 110 19
93 106 10
68 108 47
17 78 26
26 56 37
50 85 40
0 72 10
51 83 49
26 82 29
13 100 25
114 115 10
51 90 23
14 107 22
16 104 26
110 110 31
47 81 44
48 60 38
111 116 14
55 63 50
41 48 28
89 98 49
38 57 37
40 88 43
93 97 17
7 51 56
12 78 45
1 71 27
52 99 56
77 99 31
54 65 32
60 118 47
41 95 40
34 115 7
72 88 31
92 106 2
74 110 21
4 45 0
84 95 5
63 76 41
16 63 3
4 113 6
111 119 50
105 110 4
37 72 0
3 50 23
42 62 39
88 110 11
3 105 17
45 85 52
86 119 27
8 63 58
15 62 27
98 99 57
32 32 26
87 104 17
62 96 36
19 117 54
89 118 55
68 114 44
65 100 50
4 47 41
3 23 29
77 107 35
74 112 7
54 99 11
39 93 42
85 112 16
85 97 25
30 70 16
54 60 31
16 16 14
53 92 44
17 51 39
1 50 59
63 67 12
53 115 32
27 35 19
56 96 13
16 54 28
46 87 22
57 104 47
42 52 1
13 39 17
78 79 49
48 111 29
26 90 41
69 110 39
10 109 13
79 105 28
14 87 26
1 79 21
103 103 42
2 115 47
37 88 38
29 80 24
81 118 22
31 97 22
17 20 28
38 65 18
21 105 43
14 19 15
6 79 27
86 110 40
46 85 45
27 83 23
25 73 10
1 25 53
97 102 0
21 75 0
83 113 27
25 42 13
70 91 34
39 48 1
13 112 53
35 72 56
42 87 20
27 31 13
6 62 23
55 75 2
37 55 43
19 72 35
74 78 24
19 77 48
26 107 2
21 22 35
29 60 48
75 117 44
39 100 2
17 28 34
39 87 44
55 114 54
42 86 37
18 45 44
76 92 44
6 92 16
45 89 31
79 103 24
57 70 29
65 110 13
37 45 15
69 104 55
96 118 7
57 100 1
33 79 1
21 110 57
82 104 33
37 39 51
11 117 28
104 110 13
11 64 60
74 96 18
16 76 38
52 117 12
15 27 47
110 115 52
100 110 58
70 82 42
89 106 41
80 113 55
2 39 30
10 57 30
44 115 23
59 88 4
96 101 39
87 100 46
84 110 56
8 109 11
97 116 46
60 85 49
89 90 4
11 60 38
67 117 37
101 113 15
68 74 50
24 28 5
8 21 52
74 100 53
4 68 13
28 88 34
34 69 55
82 108 11
77 84 24
34 109 1
70 113 10
29 55 41
54 101 13
106 109 25
6 30 31
68 113 57
41 106 40
35 113 59
26 67 19
48 68 52
80 81 49
21 86 52
12 98 21
21 50 25
33 85 21
58 68 46
85 118 39
81 106 60
56 80 47
3 86 2
4 88 34
59 73 26
17 64 0
45 107 38
13 113 18
93 93 45
26 68 17
90 108 51
6 52 44
37 111 53
2 111 22
68 72 54
46 116 18
31 81 53
14 37 2
65 98 5
85 88 13
30 93 38
39 103 9
13 23 30
37 49 2
95 105 17
57 107 18
52 100 14
74 80 16
5 52 58
74 93 1
36 117 13
13 107 15
103 117 43
46 71 34
40 83 19
82 84 37
13 45 9
101 114 31
33 59 30
7 77 35
73 94 43
2 97 24
47 112 48
39 43 18
44 70 1
9 91 48
87 90 22
36 97 58
18 114 24
23 26 7
113 117 7
79 90 38
54 66 1
111 114 30
69 85 6
88 106 53
57 99 19
80 115 52
72 110 28
53 101 45
69 70 14
12 86 2
71 95 53
2 98 21
68 106 27
107 107 38
66 116 60
94 108 38
57 114 30
91 98 19
41 60 27
7 39 45
50 68 31
10 36 38
60 60 34
73 81 10
49 95 50
77 115 29
58 70 56
72 117 18
66 104 25
72 93 4
83 84 60
71 71 41
36 92 9
77 91 18
54 78 50
52 110 34
31 105 15
27 76 22
54 68 3
48 63 37
30 102 53
76 100 39
2 7 34
3 51 56
10 77 21
89 91 9
23 46 60
6 45 54
8 9 56
107 110 11
39 91 28
16 18 46
29 64 57
63 102 35
70 75 15
66 105 25
79 115 31
90 112 17
29 99 17
26 106 30
76 117 26
19 101 6
26 80 0
36 116 51
10 89 8
74 115 7
58 63 10
52 108 40
65 94 39
107 117 16
66 88 53
93 116 38
44 100 23
11 47 6
63 79 7
29 58 45
71 119 43
97 105 55
74 74 14
55 62 5
96 107 43
21 31 58
37 74 52
104 106 34
95 101 30
3 66 31
14 84 8
60 109 40
46 96 22
104 116 34
53 76 39
44 110 56
57 91 6
17 41 16
107 119 30
64 73 25
15 85 34
8 58 9
35 80 31
30 58 53
61 115 20
65 108 35
93 117 10
29 54 29
38 83 8
93 109 9
108 114 6
60 93 19
24 105 52
18 72 2
76 95 48
60 98 57
10 87 19
112 112 32
92 98 56
43 49 19
73 86 46
38 92 12
17 72 37
31 112 9
11 58 42
22 100 19
50 88 37
18 109 32
69 71 48
95 109 27
7 8 30
51 112 31
62 74 28
51 60 35
42 103 41
92 97 9
90 110 22
9 112 31
96 116 41
12 85 42
88 91 3
68 117 19
30 108 50
32 51 16
62 103 48
63 106 42
74 79 24
26 95 12
51 75 32
55 61 21
61 107 18
56 71 26
18 73 32
101 106 53
64 93 28
69 69 9
6 12 59
85 119 46
38 53 41
64 102 21
9 70 40
55 101 14
46 73 25
77 119 60
23 93 13
71 114 2
56 114 14
87 101 40
6 16 44
19 79 3
60 112 13
50 112 40
46 102 27
0 78 36
102 105 36
93 104 44
101 117 54
47 48 30
55 117 42
9 79 13
47 77 10
89 107 37
98 111 4
15 91 16
78 86 10
55 88 60
30 37 16
12 111 50
64 88 34
48 94 7
2 9 56
100 113 51
7 32 35
68 90 49
43 55 47
34 111 56
42 61 50
70 99 8
68 70 11
13 18 44
66 89 47
27 106 25
25 61 50
52 82 6
81 91 21
56 95 12
14 43 48
40 64 0
54 63 28
54 98 16
10 10 30
13 93 9
61 105 30
25 105 10
72 112 37
51 86 50
19 32 43
22 101 49
106 106 53
56 73 56
31 82 7
61 86 32
46 50 48
4 14 13
41 93 38
56 113 46
34 56 14
82 93 20
8 74 59
54 74 8
75 80 3
4 30 13
46 111 31
17 57 32
16 61 16
33 84 50
71 116 10
49 102 27
13 40 33
40 43 1
66 96 37
28 117 55
91 103 15
66 94 18
88 112 42
106 108 56
113 119 28
41 43 31
107 108 18
77 82 47
81 109 57
46 101 24
80 109 29
23 51 26
3 45 24
8 39 16
104 119 25
36 86 42
61 82 13
9 28 17
1 68 10
38 56 26
32 100 38
94 117 13
90 103 26
31 77 57
21 78 32
55 107 26
15 108 50
2 114 24
42 51 58
8 84 37
95 102 53
71 96 49
75 98 56
14 71 31
53 99 1
65 77 58
28 109 44
19 96 11
43 62 11
67 108 1
57 118 26
60 111 29
102 110 30
95 99 58
33 58 20
39 79 15
32 68 56
78 117 29
3 94 35
31 75 4
32 115 17
52 53 30
74 104 9
40 52 2
83 93 23
6 76 45
88 115 12
61 76 45
37 57 0
35 84 43
54 108 3
12 118 15
56 58 13
39 88 14
0 22 50
70 105 31
97 109 60
100 119 55
68 92 35
5 74 54
92 93 0
25 52 44
31 61 21
80 107 19
76 106 29
48 48 46
89 102 49
22 118 4
77 79 17
3 78 41
3 37 20
39 40 46
24 45 30
80 84 24
46 89 12
24 112 11
61 85 57
66 81 49
18 83 53
15 52 7
19 88 60
26 57 60
79 87 14
23 75 15
38 60 12
41 57 0
14 22 14
67 94 23
85 99 26
31 50 59
64 92 19
28 46 8
24 38 15
1 118 12
26 45 24
20 35 39
69 98 30
92 103 55
13 64 50
41 114 44
15 38 5
87 91 57
80 112 44
12 104 54
65 92 8
7 14 4
72 84 13
92 118 4
6 14 52
42 66 48
89 109 24
46 118 11
9 58 21
19 78 51
38 87 21
27 54 20
25 35 32
51 97 6
40 48 31
17 71 15
29 32 58
16 105 50
78 111 49
61 110 11
85 87 24
72 103 2
19 53 23
82 118 48
40 63 11
21 57 18
58 103 46
0 59 20
85 92 1
22 113 37
22 119 29
19 95 53
26 92 51
87 113 56
49 54 4
88 95 0
59 105 17
8 32 52
12 59 56
18 99 9
85 108 0
76 101 4
44 107 5
10 29 47
12 14 9
2 14 53
17 82 16
72 76 12
26 58 47
9 73 18
0 3 57
106 111 49
64 113 12
38 54 16
8 94 29
34 93 20
37 90 44
0 5 50
101 102 29
34 53 0
51 70 51
81 117 43
34 58 14
76 82 21
81 96 59
22 49 52
54 118 55
37 115 38
67 73 25
68 84 49
59 112 35
93 119 31
46 49 28
7 92 7
28 42 54
53 68 0
15 102 59
37 78 34
22 69 20
50 77 29
28 67 35
21 101 50
9 41 37
21 72 10
78 85 38
82 86 27
73 107 29
31 98 21
75 119 28
53 103 39
50 52 3
38 39 51
15 48 22
28 78 11
43 59 8
3 65 46
42 76 20
94 106 28
20 23 4
42 59 10
73 106 0
51 73 58
45 82 23
57 65 1
74 91 4
9 106 42
7 79 35
94 116 59
16 45 41
16 31 0
11 15 54
25 96 39
79 81 48
37 94 45
38 113 5
18 115 2
43 70 33
108 109 7
88 101 22
39 80 15
17 32 9
50 70 43
13 98 38
62 83 0
56 91 57
50 83 24
101 110 25
71 80 40
82 87 41
61 64 3
1 116 28
99 110 53
24 85 31
15 35 37
84 102 18
9 83 11
0 25 19
38 40 13
94 119 4
74 113 44
6 33 4
15 71 21
37 50 17
77 93 36
15 56 55
6 74 28
89 108 27
23 57 55
34 66 3
27 109 29
27 57 50
63 117 6
24 103 4
105 108 0
29 88 13
8 27 8
5 24 42
5 8 58
28 97 13
85 109 23
75 104 5
101 119 41
22 88 35
5 119 4
41 101 56
12 74 18
27 88 4
37 75 60
29 46 50
46 46 54
92 116 16
68 98 53
19 61 52
6 96 45
66 73 18
0 18 59
7 96 38
26 37 12
80 110 40
45 54 59
30 64 10
8 117 27
91 108 53
16 112 42
34 65 1
78 109 1
21 62 28
51 55 6
90 96 24
62 114 25
7 24 51
70 79 3
70 107 36
20 96 51
54 97 10
20 104 8
74 81 39
67 119 30
40 97 46
86 93 41
21 81 27
33 118 51
1 104 27
36 57 1
7 89 31
56 65 8
42 101 42
44 44 59
84 84 38
39 113 58
34 57 3
49 78 59
11 23 60
96 119 57
51 98 17
95 116 40
10 113 35
42 65 19
37 66 2
41 55 28
98 102 27
76 108 47
62 92 51
93 95 44
7 115 6
27 59 53
12 67 0
43 108 40
0 97 11
39 86 1
65 93 12
33 93 25
46 106 45
3 14 53
71 104 54
50 109 27
4 71 30
66 117 52
59 74 3
102 112 22
20 118 30
38 46 36
68 103 1
76 81 58
4 54 22
2 119 35
41 77 23
15 29 51
22 58 0
32 79 8
39 111 56
42 80 25
80 102 52
84 85 7
99 109 7
25 113 27
22 41 26
61 63 60
20 34 14
14 75 49
79 109 27
103 112 24
23 55 7
30 88 51
40 96 48
57 85 15
53 58 34
50 60 20
34 67 7
86 113 35
62 86 4
90 104 11
85 85 38
48 77 55
50 102 49
33 119 56
12 22 0
74 106 25
32 40 38
60 100 2
71 77 21
58 93 2
11 11 22
0 60 24
28 48 52
61 81 1
3 8 23
26 70 5
13 50 49
24 36 42
68 75 36
47 96 58
11 49 15
67 98 47
5 100 7
49 93 15
5 91 21
81 116 4
59 85 24
18 75 20
10 18 57
35 90 41
34 100 42
84 107 31
99 104 19
68 107 31
6 46 9
88 100 29
32 81 6
58 73 50
97 106 10
23 56 10
24 90 51
5 13 50
60 102 18
37 46 11
71 103 46
69 102 54
9 90 15
35 39 5
32 109 4
37 83 10
104 117 11
52 103 48
70 109 0
96 105 34
49 50 33
82 89 44
35 109 0
48 74 43
49 70 44
79 98 52
17 89 54
38 61 20
40 104 41
66 113 53
98 112 28
30 94 23
10 11 41
59 91 22
22 28 22
101 107 60
66 107 38
76 102 53
75 113 55
82 88 58
27 105 14
38 84 54
43 44 17
13 85 7
3 80 32
18 65 1
24 43 33
83 107 24
44 79 49
80 97 15
7 13 20
84 91 59
29 81 60
10 43 32
21 85 42
56 78 52
58 78 28
1 89 37
12 79 30
78 81 39
14 95 0
51 85 23
58 88 57
84 119 5
34 49 48
25 81 54
5 49 46
31 106 16
86 102 38
1 19 32
81 87 23
97 112 23
41 75 37
65 72 41
32 48 18
37 44 9
5 64 11
36 54 31
87 109 57
101 108 9
44 80 22
54 119 47
89 94 32
23 87 28
50 79 1
20 68 28
11 38 20
44 74 14
99 118 49
70 81 14
62 115 57
72 97 47
102 114 14
65 67 60
41 58 46
25 56 49
74 102 38
65 87 55
40 105 41
70 74 18
65 95 25
26 53 10
54 95 57
51 116 46
25 76 37
19 35 12
34 48 18
70 106 26
28 29 24
82 85 30
50 94 59
1 59 34
99 111 13
26 75 51
62 106 25
21 42 19
43 107 5
85 102 58
15 31 0
13 80 53
100 107 31
67 91 49
2 35 22
45 55 21
65 107 34
96 99 33
58 96 58
39 50 35
24 26 51
36 58 27
15 112 5
79 108 43
69 83 48
87 93 10
40 47 2
18 71 58
28 115 14
82 92 54
31 34 9
40 65 35
17 21 29
46 79 42
24 93 2
17 42 48
22 70 23
95 107 51
11 19 40
39 53 35
84 92 24
52 118 43
87 118 53
105 111 18
45 58 30
73 84 58
67 104 46
68 97 21
29 79 13
4 12 51
27 82 44
49 83 24
16 56 47
29 45 3
16 49 22
17 47 4
73 102 30
81 99 31
51 89 47
89 112 58
42 95 42
82 83 34
11 85 41
57 59 18
85 116 22
42 84 52
59 108 41
40 45 50
7 108 38
7 66 35
47 88 36
16 98 60
3 77 37
6 66 32
41 65 29
41 41 1
52 71 45
41 87 19
51 115 15
3 82 9
80 104 20
7 76 17
73 85 44
13 77 31
36 40 58
44 117 34
66 84 16
67 68 5
1 65 24
56 112 46
5 65 19
52 67 49
29 113 57
25 70 7
69 90 4
74 76 6
26 94 9
16 87 20
1 88 13
11 61 26
43 48 2
68 95 58
0 98 27
5 72 20
32 113 26
65 96 25
84 101 30
70 118 8
77 88 15
75 85 41
80 106 56
65 84 43
9 86 10
21 23 52
12 13 4
64 67 52
71 113 56
5 36 11
41 98 32
25 119 16
20 87 24
27 30 32
47 71 42
48 86 17
29 93 40
60 104 34
7 101 19
83 118 46
61 104 47
33 103 29
55 66 40
14 104 14
22 86 1
45 108 47
82 100 38
38 85 29
82 119 28
29 83 51
15 58 18
35 75 2
18 27 38
52 105 55
4 20 10
87 107 7
20 117 45
61 61 29
23 113 22
69 118 10
43 79 45
0 54 22
68 76 36
20 89 25
18 44 14
37 99 43
6 23 2
3 83 18
27 49 8
19 57 55
58 117 55
42 107 41
0 112 6
3 115 30
44 108 36
28 72 21
52 62 51
51 67 35
8 112 45
75 107 57
14 70 30
78 104 32
21 104 42
36 90 55
89 104 40
65 118 39
20 73 24
71 100 27
22 99 43
32 41 14
90 114 56
19 102 39
26 115 18
110 112 43
85 101 49
28 58 34
49 77 58
74 87 0
9 96 48
11 12 0
86 115 15
51 91 33
53 82 49
4 9 32
67 106 17
14 78 29
81 104 11
26 42 42
21 99 9
6 24 41
60 72 40
55 79 56
66 98 41
14 89 42
54 75 55
105 114 25
35 118 14
2 109 55
47 54 42
48 97 49
75 108 27
5 117 42
86 100 50
22 92 52
4 106 33
37 85 13
70 112 38
55 58 8
99 99 55
27 117 23
17 97 18
48 66 5
23 35 26
16 103 40
69 112 60
69 82 45
34 78 14
20 92 37
58 81 25
24 101 17
65 75 43
23 104 57
36 84 13
64 106 13
24 35 16
79 91 60
76 94 4
38 91 38
19 84 0
64 66 45
39 112 16
14 33 31
81 97 19
68 83 9
85 93 23
73 87 18
69 88 53
28 44 54
24 48 25
2 15 5
48 71 17
63 115 18
4 7 22
42 111 24
24 79 52
82 117 9
54 103 45
8 12 59
0 43 58
65 80 22
33 45 17
44 64 34
64 87 7
46 67 7
60 89 40
96 96 33
23 92 13
28 96 14
22 76 48
59 83 32
60 113 9
7 87 20
55 115 57
63 70 43
0 101 49
27 61 29
83 91 11
35 115 42
37 82 14
8 61 55
21 95 24
24 63 30
28 56 23
24 91 22
62 117 48
81 107 9
19 64 31
83 119 24
11 91 48
100 108 45
25 99 58
43 102 29
90 106 13
92 117 46
15 118 49
6 113 47
63 69 43
34 87 9
55 116 11
20 51 28
18 24 44
35 117 49
70 114 55
48 96 32
69 74 13
64 86 50
71 84 24
91 109 6
16 64 45
7 48 23
65 112 11
80 96 48
22 62 36
43 77 11
40 91 48
66 91 20
78 94 7
28 99 17
19 86 52
25 31 46
43 83 15
38 98 40
64 91 12
16 38 9
43 111 31
97 110 36
13 57 48
95 114 43
69 119 39
106 114 35
57 69 54
59 117 52
15 59 44
53 95 55
0 23 24
35 112 41
30 111 29
58 83 21
33 95 21
75 83 13
20 21 25
1 16 34
64 74 18
86 114 16
16 78 5
37 76 2
8 100 55
47 82 33
26 35 28
15 23 54
43 110 53
4 79 35
58 67 33
95 103 28
4 112 13
106 117 12
7 49 10
48 56 44
61 77 51
43 88 53
43 71 59
94 94 51
89 101 30
32 80 4
53 72 41
4 114 44
49 110 13
103 116 51
79 89 49
30 32 9
106 115 1
96 102 7
25 94 16
97 104 39
33 61 35
63 77 48
12 90 30
4 108 14
45 67 9
52 64 27
65 116 45
61 65 59
109 114 28
48 99 52
37 43 59
76 79 58
67 100 44
57 77 0
44 114 37
9 36 52
51 88 38
77 104 53
54 111 59
61 80 14
58 113 50
31 45 24
11 96 8
3 118 5
33 52 27
24 59 24
100 116 51
12 106 26
84 113 57
5 42 48
69 81 23
15 34 36
72 82 22
45 93 31
49 68 36
12 12 55
55 94 51
48 113 28
9 49 8
21 88 56
106 107 51
68 109 44
5 80 10
10 71 24
53 91 36
87 114 2
53 77 52
46 92 12
1 56 18
67 101 15
42 88 15
30 51 39
33 108 11
32 60 57
1 46 7
25 74 6
44 46 60
12 69 44
61 112 15
5 53 30
41 80 31
22 44 50
36 41 13
17 58 44
12 49 50
53 104 26
36 60 47
61 101 15
33 39 54
23 65 41
31 36 11
39 56 32
87 95 60
24 86 23
0 44 50
103 119 55
17 98 17
36 44 19
10 19 46
55 59 27
13 108 47
79 113 31
19 103 24
1 28 6
21 30 30
44 65 13
6 108 16
87 111 20
6 44 24
70 87 41
43 94 46
19 97 18
28 64 44
49 63 4
85 91 38
13 13 20
40 84 56
10 103 22
62 82 17
63 82 11
25 91 25
53 105 31
34 79 11
77 98 21
5 45 18
67 103 47
6 116 60
60 105 42
8 65 0
61 113 13
24 104 18
37 63 56
34 52 4
46 80 7
102 118 7
23 80 57
47 113 53
54 67 60
3 41 55
89 96 34
90 94 50
43 66 23
83 102 10
86 97 26
56 70 22
55 102 7
43 85 7
68 87 54
15 75 5
67 83 55
44 99 2
3 108 3
89 99 60
9 76 3
34 35 57
83 105 39
9 50 20
5 66 53
10 117 21
56 89 52
46 100 0
21 114 32
65 113 1
91 105 18
40 109 48
70 72 28
43 78 14
3 12 9
5 16 45
51 87 35
92 110 8
74 83 13
64 75 52
58 100 7
71 72 9
91 100 38
63 95 30
33 46 6
69 111 2
40 56 4
13 14 41
4 28 39
38 100 14
98 115 10
48 100 39
43 64 25
72 87 30
62 65 46
16 113 42
7 81 5
2 46 46
48 105 38
22 74 15
100 105 60
100 104 39
29 84 48
23 109 45
86 90 38
66 109 27
80 92 21
90 92 8
26 105 47
73 105 48
94 112 32
61 68 58
16 20 25
81 81 28
12 48 27
44 67 6
44 60 0
39 95 6
43 101 8
24 111 7
7 88 60
74 85 22
44 59 0
52 86 47
31 32 36
31 92 48
35 57 30
84 111 26
97 111 48
76 119 32
64 81 43
6 115 45
73 104 31
17 86 12
70 108 23
52 78 37
8 35 26
3 73 12
7 12 17
19 59 47
23 83 58
36 69 39
15 115 1
64 103 32
20 71 52
48 70 41
55 65 13
29 104 39
59 89 51
28 37 54
27 104 11
40 112 23
55 110 35
29 91 28
30 119 50
82 82 28
35 54 39
9 32 52
43 46 46
10 33 39
3 58 8
67 87 23
46 61 25
35 76 14
20 62 34
48 114 35
76 113 54
32 97 59
44 51 49
20 45 0
10 96 10
62 72 27
11 54 6
1 14 46
40 58 7
15 95 33
18 117 54
6 111 20
1 10 26
83 96 28
42 60 20
92 99 36
79 107 11
7 52 54
22 54 6
46 68 58
39 65 36
81 93 32
21 43 12
77 89 58
12 109 11
20 63 33
89 89 28
24 40 1
5 112 7
22 25 40
34 83 60
22 23 37
49 104 20
70 94 51
10 101 37
9 29 47
85 96 23
32 116 21
1 92 38
90 99 37
70 83 40
42 43 4
54 59 43
34 74 36
14 42 24
45 88 30
55 78 24
64 112 55
69 101 27
2 22 53
42 69 15
47 60 20
98 119 2
94 118 33
57 116 20
50 84 15
90 118 21
27 118 38
16 110 60
19 54 0
83 95 43
13 17 47
53 81 43
73 83 31
34 86 8
9 103 31
20 50 31
16 118 50
56 81 38
22 110 57
12 100 6
23 48 49
50 96 18
25 82 50
47 70 33
74 75 24
57 112 37
6 68 18
20 25 16
18 52 6
48 51 43
3 60 14
59 107 55
60 97 30
18 98 51
42 102 2
23 72 12
23 69 58
41 63 58
103 104 41
9 34 16
93 108 24
26 69 14
46 97 19
42 56 48
95 118 5
34 85 17
23 60 22
74 94 0
75 79 54
45 68 60
86 98 46
59 109 0
31 100 33
31 86 6
11 86 51
5 113 40
72 85 13
0 58 46
21 89 24
1 62 3
56 57 45
26 64 2
25 67 60
16 66 5
27 55 47
30 106 60
4 90 17
69 97 9
74 116 13
71 110 5
92 114 29
14 49 58
24 83 23
35 89 4
31 70 38
71 79 7
38 90 47
2 64 58
8 104 36
101 116 52
27 87 52
91 92 41
45 56 46
37 67 29
8 95 0
34 113 26
8 52 34
2 53 14
55 113 28
49 85 3
81 103 40
2 101 1
52 106 29
57 94 44
40 118 56
79 94 36
25 43 18
36 103 21
18 69 44
13 103 14
45 116 34
87 110 47
48 102 16
78 88 39
13 20 21
25 109 18
31 59 33
100 106 45
35 104 21
17 117 14
85 105 28
4 46 7
44 48 59
30 101 33
11 77 3
30 114 42
18 58 47
77 92 16
43 68 24
16 52 35
76 110 8
64 65 57
36 114 55
9 64 26
42 93 5
73 79 54
108 117 40
72 96 58
22 115 52
40 85 47
53 116 54
69 115 30
12 35 4
20 38 57
19 66 19
54 117 37
3 106 8
38 45 18
102 108 2
56 85 19
39 99 22
49 103 56
50 111 2
3 46 42
83 89 58
0 119 1
52 107 28
33 106 0
44 102 56
60 75 15
39 64 15
33 114 29
72 101 16
99 117 40
58 62 59
3 79 51
18 35 45
102 113 18
12 115 57
45 91 58
84 118 35
63 64 6
54 71 2
29 33 41
45 49 24
85 95 60
46 98 27
27 93 40
18 20 4
43 116 38
28 77 13
58 65 9
13 67 17
64 111 27
15 119 4
9 21 57
35 88 43
38 43 8
7 62 18
54 76 8
42 81 49
69 84 9
1 86 12
98 100 55
19 25 54
10 40 42
19 56 25
91 107 22
59 116 12
66 75 5
23 77 37
47 57 13
41 82 54
7 28 45
23 38 36
14 61 18
62 64 46
24 42 41
48 83 24
21 107 19
32 44 22
50 57 2
83 94 9
99 107 14
10 24 12
54 83 49
62 78 46
4 37 29
28 101 26
36 96 42
56 119 23
60 119 54
10 66 42
7 43 18
60 108 27
89 114 19
8 93 32
91 97 5
71 106 59
0 4 59
14 76 40
34 102 34
3 56 58
13 43 32
37 110 50
55 85 21
86 109 0
37 109 58
7 94 6
27 103 24
8 59 34
5 105 17
32 69 37
50 115 34
49 111 25
68 119 31
73 114 20
66 87 43
107 118 50
31 58 18
56 69 57
62 91 42
45 112 5
73 110 2
19 30 58
1 26 36
18 97 28
28 82 32
39 109 22
47 97 10
65 70 16
41 66 33
30 55 17
41 67 4
77 110 31
42 114 22
37 79 2
23 53 6
11 71 55
40 110 45
84 114 3
76 107 15
36 36 4
8 19 22
98 118 58
73 89 19
75 93 2
48 110 15
76 90 23
42 83 51
5 20 21
61 97 11
57 64 58
32 110 33
38 109 42
22 78 23
97 103 50
53 57 46
22 64 42
75 114 26
6 103 55
69 75 36
52 85 54
15 54 55
47 53 20
14 91 34
67 85 1
9 12 9
75 101 44
86 87 2
43 113 27
55 69 40
8 83 2
0 31 37
26 114 22
43 56 40
23 108 58
58 66 52
100 112 19
41 64 20
58 119 45
58 84 40
21 79 43
14 63 32
55 109 23
31 104 19
0 75 43
14 26 22
0 69 18
42 117 4
41 49 2
5 22 55
3 28 1
27 63 11
85 86 10
76 78 5
72 78 26
27 38 30
26 100 15
85 94 30
44 58 2
47 55 56
27 67 29
51 81 14
28 32 46
50 95 36
16 94 14
42 48 16
12 31 21
63 96 2
5 51 37
91 91 40
74 89 53
100 117 50
30 105 26
22 48 48
100 114 28
4 53 24
31 95 6
11 72 20
29 71 52
24 78 26
37 68 7
18 66 58
63 94 8
71 88 29
9 89 31
20 48 29
32 119 14
56 100 18
13 119 59
37 51 39
32 76 28
16 42 16
61 72 12
48 81 52
66 95 10
1 107 10
14 83 14
24 113 14
58 90 47
82 91 23
24 68 56
28 70 20
23 34 13
64 101 52
82 113 38
8 78 47
21 28 30
47 114 13
46 74 25
48 52 7
29 82 16
64 64 43
33 65 60
45 61 22
84 97 47
88 111 7
25 100 35
9 37 31
40 75 1
50 75 22
1 77 10
7 109 5
95 110 25
61 95 48
38 82 8
23 103 53
55 80 55
79 101 55
16 81 36
52 91 45
24 109 4
27 47 20
67 88 50
15 70 26
90 102 1
73 80 4
73 97 58
69 106 5
18 38 27
63 104 35
1 110 28
72 73 52
83 83 8
57 74 21
38 75 2
24 106 0
62 112 20
75 89 56
7 9 0
33 78 60
7 83 36
87 92 36
78 103 29
109 119 14
18 89 27
21 25 27
53 107 51
31 60 36
2 24 55
78 80 21
103 108 19
50 107 46
37 107 54
60 94 18
81 115 29
81 88 55
22 83 60
37 77 59
15 111 47
29 52 12
6 118 47
51 66 50
80 99 30
87 116 26
66 70 48
39 42 40
84 103 38
15 63 43
48 98 20
0 45 11
54 72 0
41 109 13
81 98 28
48 119 33
97 97 11
24 31 45
78 113 8
51 62 23
3 67 55
85 90 53
43 45 41
33 43 13
65 88 30
35 73 35
56 107 32
64 97 54
7 38 55
61 79 8
29 106 27
5 104 12
7 21 43
38 58 55
38 114 30
18 60 3
14 112 53
96 111 49
41 110 9
19 109 21
18 70 35
85 104 30
79 99 0
11 76 14
30 44 19
8 44 44
33 55 2
19 60 18
10 23 0
39 70 55
33 94 43
44 75 14
59 92 12
30 54 21
68 78 12
71 101 59
18 78 39
90 97 31
5 39 15
78 98 49
18 37 10
27 108 14
31 49 14
88 97 55
59 101 0
12 29 1
79 86 46
17 80 55
20 108 26
80 111 9
42 68 59
43 93 6
60 99 6
11 89 57
17 106 21
80 105 13
34 101 31
78 114 16
77 100 11
61 75 25
68 102 29
68 80 57
88 108 48
77 87 31
2 8 25
12 47 36
6 110 39
105 116 4
38 112 33
84 93 36
102 119 47
72 75 1
36 66 4
88 98 10
44 62 52
30 57 56
77 111 38
103 111 54
79 83 45
62 116 59
26 81 14
57 101 42
43 91 27
83 112 9
76 80 39
26 48 25
51 53 50
61 103 20
24 67 53
85 111 10
54 58 56
82 101 16
6 49 47
1 119 42
11 112 59
1 43 7
36 102 46
5 86 31
46 104 45
23 79 29
8 91 12
9 40 36
96 108 15
36 107 20
12 94 26
21 55 29
16 43 31
3 54 9
58 91 34
47 84 54
49 96 30
26 112 22
71 75 12
22 34 43
26 32 6
65 83 54
56 66 25
28 85 9
32 94 34
2 77 54
47 61 43
27 69 48
67 84 14
25 64 14
20 82 22
93 115 8
39 41 5
33 109 1
68 101 28
2 51 49
26 44 12
20 86 4
46 83 47
43 119 47
10 25 16
42 112 22
59 97 19
16 82 38
19 22 60
25 86 38
47 101 5
73 116 59
18 36 48
6 19 15
14 62 60
24 75 0
5 96 8
83 110 45
55 91 0
16 99 28
17 37 54
39 44 47
34 64 57
2 50 60
11 101 8
50 80 46
14 113 24
30 85 15
53 109 0
32 37 37
2 66 57
12 72 45
35 44 57
26 26 31
77 94 57
69 86 17
9 25 56
72 104 47
18 46 8
13 38 32
51 108 55
56 68 19
32 114 44
77 103 27
60 65 33
13 34 28
49 55 33
5 118 50
17 70 25
68 91 47
60 96 23
48 106 57
78 89 15
21 77 44
4 65 45
24 57 50
62 93 41
28 86 26
19 67 58
88 118 3
80 95 28
28 95 58
28 71 60
36 77 55
16 37 60
24 72 51
8 114 12
83 98 60
11 35 12
5 73 39
60 86 56
40 73 34
6 55 6
44 109 49
19 82 6
77 113 49
49 61 44
26 97 30
28 75 5
29 43 47
40 42 11
37 112 1
103 109 18
1 9 54
13 99 43
23 62 43
12 53 37
60 107 25
92 95 54
31 85 17
17 49 31
29 53 54
9 71 9
2 99 59
32 61 49
50 81 39
25 69 47
49 118 7
49 105 22
2 32 35
12 41 22
22 95 46
61 69 56
54 107 47
35 103 35
64 85 27
13 114 45
3 110 30
60 114 51
77 86 40
39 89 52
41 88 7
9 72 60
15 89 34
11 116 20
23 81 7
109 109 13
51 56 41
15 47 30
1 34 32
82 112 51
8 82 55
9 39 56
67 67 20
25 57 41
49 112 57
79 97 12
38 103 39
80 88 40
55 97 1
56 103 34
69 95 27
38 42 5
74 101 55
4 91 30
61 73 0
47 58 47
32 96 2
15 65 11
59 98 21
26 116 33
51 64 15
51 84 53
0 6 25
89 111 54
53 62 9
21 94 18
100 111 9
25 68 0
45 53 12
51 61 4
63 68 35
20 58 5
35 38 50
3 5 51
74 111 18
27 85 3
1 73 26
8 76 20
47 56 48
42 77 50
49 94 19
75 94 14
68 71 25
94 105 8
101 103 54
18 32 59
70 89 25
99 115 21
34 89 18
84 116 37
93 100 9
82 90 5
54 61 9
8 47 48
59 69 13
80 101 37
49 99 30
8 11 29
0 55 9
67 70 56
93 101 31
2 10 60
61 106 54
74 99 39
9 101 42
66 76 18
9 10 49
32 84 20
26 98 34
36 37 30
6 18 16
84 99 31
27 90 33
90 98 55
47 64 7
38 101 30
65 76 7
60 71 22
49 62 7
41 73 60
40 107 20
48 109 44
36 87 44
41 92 39
94 97 10
35 47 10
4 85 58
65 78 60
49 117 56
53 66 30
25 78 8
64 77 36
10 84 29
21 84 14
62 69 19
7 100 35
19 80 60
44 91 1
46 117 57
12 75 42
46 93 26
27 91 0
7 116 52
39 116 10
1 21 29
31 63 16
55 72 12
78 108 42
29 70 34
53 70 51
42 49 55
47 68 34
28 111 40
27 37 47
1 37 27
47 89 40
12 39 5
102 107 0
4 8 42
8 92 20
38 62 50
23 42 11
14 56 50
97 101 19
7 40 36
28 73 40
69 108 17
102 117 27
42 89 16
54 90 15
24 54 9
29 49 18
2 106 18
81 83 42
14 38 16
42 46 21
23 31 53
71 107 50
71 82 35
69 105 26
24 49 23
57 87 6
62 107 41
43 114 15
32 103 35
45 84 26
50 101 18
75 87 49
15 84 27
28 92 59
84 89 56
57 92 53
63 114 29
25 65 50
15 53 55
6 85 34
75 99 45
15 116 47
41 111 9
45 75 2
10 51 33
93 99 44
0 19 17
1 60 37
59 94 52
37 114 47
32 65 6
75 106 26
30 104 0
11 21 56
30 73 27
35 97 56
76 97 18
70 92 54
16 92 58
66 66 39
75 111 27
46 119 50
23 33 47
2 74 27
83 87 47
17 23 23
40 80 31
46 78 55
23 89 28
25 25 48
75 81 24
27 73 33
4 41 21
38 63 13
21 34 49
19 20 38
11 105 3
11 67 22
76 111 32
63 98 26
55 60 7
12 83 52
10 63 49
34 88 4
53 55 37
31 89 23
65 81 32
32 117 16
55 90 43
77 97 49
63 103 46
69 99 38
21 24 36
57 93 58
4 100 11
85 113 45
32 87 54
25 27 6
10 62 54
32 62 8
65 104 44
92 104 60
59 68 6
33 107 54
49 81 46
14 27 21
55 71 33
32 54 48
56 86 28
94 95 30
40 53 59
10 72 53
83 92 45
5 11 14
5 56 6
21 109 29
4 19 5
17 92 50
63 116 20
18 74 38
15 69 37
66 86 59
39 76 52
21 38 5
36 85 21
95 100 56
80 116 6
37 40 8
63 74 26
52 76 46
78 118 5
5 41 33
58 74 0
20 114 29
5 92 41
84 105 38
15 96 25
34 59 16
36 115 40
100 101 1
60 106 51
15 32 56
43 96 44
27 112 6
43 98 14
6 67 60
49 80 58
11 43 59
70 70 24
9 109 28
6 100 22
29 95 13
6 11 18
70 104 51
52 101 24
52 60 18
39 97 31
25 66 40
56 108 38
23 70 28
9 22 45
33 47 24
21 48 21
46 115 35
9 48 44
56 67 32
3 13 34
30 83 25
40 116 46
38 78 56
99 114 30
54 62 40
47 73 17
48 116 1
2 68 11
0 94 5
13 102 19
27 101 36
20 66 9
41 117 15
81 119 7
52 96 1
10 81 3
50 78 42
49 87 29
13 42 0
50 87 12
73 103 43
4 16 21
21 64 41
67 81 57
59 106 44
39 107 27
61 62 50
81 110 46
19 90 18
52 66 15
0 56 50
1 85 15
20 57 11
0 71 14
63 72 53
40 54 43
0 15 39
77 105 22
25 93 3
24 71 26
17 91 28
6 117 32
0 40 8
31 107 9
83 114 15
7 102 59
33 104 8
14 115 33
79 96 21
75 90 26
81 101 52
45 115 3
44 95 51
82 105 46
73 101 37
103 106 58
26 59 5
53 75 1
14 51 25
46 114 3
44 119 60
52 63 9
12 116 33
46 55 41
44 83 43
13 73 44
2 71 54
48 82 33
42 72 21
19 111 15
16 111 1
45 50 10
27 68 16
44 54 13
6 78 22
16 85 41
95 115 46
49 59 32
72 118 50
1 105 19
19 115 27
35 91 58
54 89 11
50 61 57
33 37 24
72 74 38
19 118 56
84 94 20
26 76 22
0 67 7
32 83 16
43 89 48
3 81 20
28 65 2
83 88 41
36 93 16
55 70 35
15 104 40
26 41 57
30 109 36
62 84 1
2 103 45
66 79 57
31 84 17
73 115 0
35 60 37
5 26 14
53 113 35
11 66 21
84 112 11
54 100 19
55 106 60
20 103 53
36 82 23
4 63 46
38 74 45
56 98 29
12 36 0
2 34 36
27 78 57
38 94 34
62 111 5
6 27 5
65 91 14
21 76 5
57 60 11
6 81 19
79 111 40
72 72 48
8 86 44
32 111 7
31 64 11
6 59 32
10 100 6
20 99 36
81 108 2
26 34 58
58 85 56
76 96 46
31 108 42
34 70 24
6 17 3
36 49 22
83 97 40
65 82 54
27 45 36
29 94 54
11 39 42
27 99 49
99 108 30
43 115 58
2 44 25
54 116 22
55 103 43
86 105 39
57 108 8
58 79 15
39 74 22
11 65 17
2 58 12
47 108 18
23 68 36
19 58 36
6 26 1
12 55 24
13 33 50
71 94 6
59 60 37
42 45 4
5 114 49
79 112 14
56 92 40
17 54 25
1 64 18
30 115 42
57 63 14
33 110 0
102 102 52
16 24 5
13 47 13
14 15 25
67 97 45
2 108 6
69 79 44
32 45 41
50 74 15
47 63 13
16 93 14
64 105 4
40 46 6
31 54 22
39 73 0
20 91 18
33 33 24
19 42 11
52 88 9
50 58 38
4 92 11
12 32 49
65 99 5
79 118 2
65 65 19
17 38 51
88 107 38
26 88 56
57 72 41
1 2 8
52 58 26
57 86 56
4 115 48
88 99 26
36 98 29
39 57 33
45 80 10
0 37 22
45 109 19
72 107 29
44 77 12
13 48 12
11 51 32
43 80 6
63 119 23
59 86 43
53 65 13
34 71 31
4 44 57
24 115 12
49 74 10
10 79 38
22 38 45
5 15 17
9 19 19
49 101 52
24 52 3
1 109 31
95 111 48
20 109 34
72 91 54
68 96 56
70 73 0
0 103 0
98 104 36
48 76 39
35 106 35
48 88 2
10 111 0
36 73 12
15 46 41
71 99 14
20 60 35
47 59 23
20 22 45
52 116 0
44 112 6
38 50 60
64 117 2
7 84 47
59 77 36
0 65 31
6 31 6
8 29 57
33 96 58
38 72 27
37 54 30
54 88 48
41 86 28
15 39 17
28 94 32
66 78 29
26 51 52
9 93 3
64 76 2
7 67 58
32 82 23
87 96 18
21 113 31
58 107 51
44 68 14
87 87 56
57 117 3
55 105 60
49 57 33
1 80 48
74 86 57
44 106 6
46 107 23
98 101 15
80 98 54
37 105 59
30 41 2
35 110 2
17 17 36
21 117 51
61 94 16
82 99 13
9 74 57
42 44 57
56 76 46
13 54 40
61 108 29
85 89 23
10 82 12
12 30 43
66 118 53
44 86 22
57 62 6
54 81 23
31 41 55
58 118 49
10 54 27
86 104 57
48 53 2
96 97 58
8 18 57
37 89 26
17 114 13
2 95 53
32 64 24
40 94 35
16 55 9
27 58 4
21 68 58
11 70 44
66 85 20
11 59 21
26 47 19
41 62 27
29 118 4
31 72 41
5 34 59
28 91 47
71 87 21
13 90 42
67 78 49
30 74 29
59 80 36
63 65 21
80 83 48
30 47 15
87 102 8
26 91 42
47 110 24
24 102 33
3 43 30
96 109 46
87 88 12
9 88 22
32 107 57
6 114 56
29 61 10
29 101 18
49 119 45
49 79 51
21 63 55
77 95 2
20 72 45
42 104 8
11 69 34
36 110 2
75 75 50
41 99 7
94 96 19
75 118 51
23 41 34
10 106 40
40 59 58
55 104 8
9 24 43
30 72 46
56 99 42
3 42 47
27 92 11
9 81 17
12 52 31
53 74 39
16 101 20
57 103 23
63 107 51
13 74 19
41 112 32
7 74 22
58 86 26
29 77 22
54 105 60
75 95 15
27 33 29
67 76 13
36 53 18
7 23 36
99 102 20
11 99 18
78 105 7
23 24 55
52 104 11
43 82 0
44 81 55
61 90 40
18 42 51
53 56 37
20 24 2
81 82 59
7 60 60
2 72 32
59 75 27
22 90 58
71 86 3
2 82 21
61 102 59
53 86 9
33 92 57
29 39 40
93 110 38
36 104 52
42 78 17
45 72 49
25 114 54
27 46 26
16 107 12
28 66 7
17 119 3
39 108 28
77 108 19
45 106 59
26 110 45
1 74 4
15 106 30
45 119 43
40 106 48
64 82 24
36 38 57
23 116 14
35 100 39
16 83 53
62 75 51
6 39 23
72 79 52
20 52 47
41 71 33
54 55 17
5 47 40
79 117 57
3 16 18
24 77 20
70 88 18
5 102 55
7 90 38
58 98 13
29 108 60
2 12 46
5 79 47
17 116 53
2 105 1
19 62 5
53 112 34
3 119 21
15 72 0
76 93 28
52 69 32
55 76 25
23 36 32
5 99 40
31 114 48
90 100 7
64 80 33
21 58 4
68 85 5
39 63 39
72 80 56
67 69 49
20 32 42
25 63 47
9 100 16
3 95 17
16 88 28
48 92 43
7 71 17
53 71 47
15 36 13
30 35 55
5 40 28
11 82 30
12 16 27
32 36 13
42 73 59
30 36 29
20 37 59
34 68 42
3 35 18
15 68 31
60 90 17
25 50 22
48 67 29
21 118 40
71 92 60
74 84 15
4 35 45
39 75 39
46 88 16
93 102 1
1 44 25
33 57 19
29 35 58
35 50 16
13 88 45
16 80 35
37 113 16
57 83 56
36 50 12
17 26 58
41 50 44
26 43 52
1 90 33
73 109 13
16 41 39
77 81 15
16 23 2
0 50 31
45 64 3
14 41 50
48 117 12
57 61 7
22 79 52
13 36 17
38 118 33
22 117 56
11 31 51
63 109 17
45 118 24
36 89 38
75 78 10
77 101 43
8 40 23
32 86 4
61 119 3
55 96 36
32 52 55
29 119 26
72 102 36
12 103 32
81 95 2
17 73 26
37 42 49
22 42 21
66 100 58
14 101 26
46 105 39
20 81 10
8 77 56
2 38 26
102 111 43
37 106 28
9 35 37
38 95 56
66 108 37
52 102 48
32 90 23
43 57 52
39 119 41
30 66 2
23 117 10
5 44 23
75 82 18
1 23 34
3 21 54
58 82 39
62 63 39
32 108 43
56 75 57
70 117 16
1 94 3
85 103 35
39 104 25
68 116 43
25 85 26
18 34 8
77 117 48
8 79 33
57 78 33
0 92 55
70 102 20
83 111 18
12 107 1
7 105 33
21 69 37
34 105 14
37 58 18
8 55 36
83 116 38
35 59 58
47 104 10
89 116 14
25 102 21
19 73 12
35 64 52
23 39 55
90 105 44
57 97 51
7 44 34
41 104 41
9 57 40
35 68 57
13 70 19
52 59 7
32 63 12
72 105 43
0 62 22
3 92 9
26 73 0
7 45 29
79 102 24
78 106 46
25 71 23
72 106 41
28 39 50
55 95 40
20 94 58
22 32 45
76 83 59
50 108 49
41 68 24
69 103 5
59 110 56
49 109 51
20 40 40
21 52 37
67 105 23
35 65 52
21 103 51
55 73 7
25 104 34
46 48 45
54 109 54
35 58 35
2 11 2
16 32 32
29 112 10
76 116 45
65 97 16
51 102 8
73 82 3
19 110 25
3 102 18
20 49 6
7 86 13
67 107 20
11 95 44
15 50 54
3 39 0
4 11 12
46 109 52
51 57 20
32 53 24
26 31 31
11 93 26
50 119 10
98 106 57
48 80 38
76 89 51
24 87 1
34 38 26
6 13 42
48 118 42
43 86 53
3 91 23
48 59 52
39 117 43
48 61 23
75 100 58
19 37 45
74 117 29
33 56 60
51 93 28
59 119 56
61 114 54
51 101 34
43 72 27
25 111 18
38 47 34
29 78 32
29 42 44
76 84 43
27 39 52
35 66 2
65 109 37
50 71 53
62 100 16
40 49 16
3 40 20
66 111 12
9 105 59
25 117 27
10 112 33
55 99 11
40 74 5
52 68 30
9 23 19
83 103 28
10 38 16
62 80 26
47 116 39
6 57 30
38 110 33
30 113 35
65 115 7
49 58 7
3 111 5
14 85 3
54 56 52
41 74 57
39 39 42
14 86 23
0 53 41
31 40 57
27 81 39
50 56 24
65 74 47
54 86 49
52 80 43
8 48 2
58 109 19
14 20 59
53 108 49
47 118 26
40 51 26
42 58 10
45 98 2
6 34 21
60 61 33
15 57 37
34 112 47
24 60 55
11 88 56
44 61 55
53 110 33
6 102 8
24 46 32
42 94 30
47 83 57
4 118 34
1 38 16
21 90 13
50 98 58
25 88 11
23 88 23
15 67 29
50 90 45
2 21 55
18 22 38
52 81 42
39 71 33
27 42 40
28 114 54
60 70 37
19 100 33
55 108 26
1 20 38
55 112 7
60 64 48
39 83 47
1 53 35
13 19 9
36 70 33
1 114 25
44 66 35
26 27 36
15 117 47
38 68 8
52 119 2
50 114 29
16 106 45
6 93 28
31 78 4
66 92 6
74 107 39
54 114 37
11 37 52
27 70 26
35 105 20
23 85 25
17 81 53
52 56 10
2 91 15
24 89 34
19 68 18
26 89 27
80 82 42
84 96 51
15 22 56
2 43 13
16 73 58
0 87 35
20 102 60
18 23 36
36 39 18
20 46 18
22 87 14
79 88 6
14 28 7
44 84 49
6 106 14
8 24 2
67 115 46
35 99 54
22 107 45
13 58 57
8 26 28
69 76 27
91 119 53
11 28 17
17 40 22
11 118 39
35 74 19
60 67 15
12 65 35
5 107 52
75 103 44
30 59 24
62 98 34
15 49 53
44 49 46
5 109 13
5 115 5
31 69 26
2 31 30
31 102 49
22 63 2
22 114 40
53 106 32
86 88 17
42 105 42
19 76 4
28 45 27
24 66 58
35 37 31
32 72 40
25 112 36
12 51 44
31 101 44
94 111 2
75 77 28
50 59 30
18 101 46
65 71 10
27 48 32
3 98 35
54 92 15
24 41 38
9 67 54
51 59 14
7 33 60
31 68 48
47 67 51
14 35 23
95 95 8
60 92 54
77 83 49
31 109 13
78 95 50
67 89 20
18 111 9
23 86 17
27 116 50
47 94 53
10 58 49
21 97 56
46 75 44
14 64 38
14 21 2
48 107 41
37 93 26
58 72 23
49 73 21
23 28 2
77 118 45
23 59 9
10 55 45
88 93 32
18 21 48
67 111 13
67 82 21
42 55 18
55 98 22
68 112 59
21 40 22
67 118 23
35 85 32
68 115 3
39 114 57
12 23 60
29 109 23
63 78 59
37 38 42
30 110 44
20 53 59
21 51 59
0 28 40
50 55 22
2 73 44
24 92 57
19 99 5
12 99 10
25 106 26
57 105 2
14 92 50
52 114 4
67 99 22
11 22 27
35 92 23
45 66 36
3 61 33
34 94 35
60 87 45
27 77 11
71 93 12
32 95 17
16 95 7
52 65 58
2 19 23
0 12 28
59 96 20
11 63 53
23 82 29
39 84 47
13 89 53
9 55 19
42 85 46
50 64 42
57 113 59
72 115 15
18 61 4
58 75 15
30 76 58
20 77 27
32 105 33
0 113 32
23 78 41
17 105 40
57 57 54
43 61 47
69 93 0
10 108 23
19 36 12
36 42 41
17 30 58
14 119 31
4 77 53
26 87 15
5 48 30
2 96 41
39 94 53
27 40 29
76 76 23
3 20 50
43 81 53
50 65 55
4 24 19
0 116 50
2 26 24
17 27 57
29 56 29
83 99 13
25 72 33
7 78 2
6 75 52
77 102 46
28 54 42
55 68 25
39 58 46
7 17 21
22 53 40
2 47 58
7 41 39
78 107 5
41 94 16
13 68 14
34 110 29
36 101 45
2 56 56
30 95 9
15 26 26
18 84 51
22 111 26
38 89 34
15 44 43
20 55 60
7 103 53
47 115 37
98 117 20
10 41 54
41 56 26
21 73 43
23 101 36
31 96 43
28 81 50
42 115 56
53 88 11
48 58 48
86 112 43
25 92 22
36 48 31
13 87 26
63 89 28
53 59 42
19 75 15
44 98 37
62 87 23
6 65 15
71 83 13
44 111 17
5 30 49
5 50 28
24 58 56
8 30 43
25 51 42
70 76 13
14 108 41
9 104 7
68 89 33
37 103 54
39 106 37
16 97 27
65 86 31
40 86 19
29 87 18
49 86 21
8 98 38
44 76 56
10 93 40
33 111 4
57 119 41
16 30 43
13 63 1
71 105 7
54 112 46
74 95 57
31 55 33
46 90 48
24 117 17
58 64 55
84 104 42
13 44 28
59 87 3
6 20 46
73 118 48
24 76 2
55 56 56
16 62 47
75 97 47
7 34 38
63 80 56
51 72 4
33 72 25
57 71 45
60 103 45
20 97 14
27 114 21
17 99 3
59 84 5
22 40 2
18 64 2
37 96 23
13 21 32
76 91 36
36 61 18
42 63 42
33 68 19
35 69 45
16 79 21
14 57 44
66 83 15
52 92 45
43 105 43
51 104 14
27 34 46
68 111 53
11 50 5
12 18 53
8 85 60
84 98 38
38 52 12
30 30 28
56 102 38
15 33 21
27 64 5
2 80 35
8 33 6
41 72 49
76 105 2
29 96 8
16 57 33
30 38 18
58 89 5
4 40 13
20 76 20
21 61 14
15 105 5
30 116 7
27 95 51
56 106 59
46 60 18
25 53 48
33 75 14
12 28 49
49 53 25
28 87 36
45 78 55
63 84 54
18 81 53
19 114 27
16 116 10
10 95 51
9 92 34
44 113 39
16 102 51
33 70 40
45 48 0
57 106 0
11 42 40
84 88 32
24 61 39
51 54 56
55 74 11
33 82 53
35 116 41
32 92 49
50 89 21
83 100 24
25 110 14
57 89 37
44 88 41
36 52 18
13 51 15
16 21 10
47 103 17
23 50 45
22 116 40
74 109 48
63 87 3
40 100 44
5 77 4
96 100 28
40 67 35
0 7 55
63 63 16
11 25 50
23 100 15
4 58 24
57 75 54
24 70 11
2 5 7
29 44 25
17 24 23
25 41 48
40 79 26
20 44 34
35 70 15
45 47 17
31 87 15
30 49 38
32 58 33
38 96 12
0 41 46
61 74 46
1 41 45
19 52 11
47 105 17
64 79 37
7 31 2
9 20 35
13 84 11
64 99 25
32 104 20
16 69 22
50 86 29
64 71 48
39 68 26
72 90 58
62 73 14
70 71 39
15 30 8
12 82 50
48 73 49
28 43 13
1 70 20
31 80 42
73 99 22
42 109 6
48 85 10
6 35 59
3 25 9
4 82 50
64 98 9
30 112 18
29 69 17
82 106 39
23 96 30
31 51 55
1 97 10
9 56 26
12 54 15
22 27 50
13 83 24
17 31 13
47 86 29
0 24 10
2 93 42
36 106 22
1 22 8
10 31 17
32 102 8
63 73 53
14 14 12
21 106 28
33 73 7
29 76 13
78 78 42
12 87 22
48 115 1
33 35 10
37 84 44
18 87 46
18 118 2
5 61 17
57 90 54
1 75 13
7 46 3
13 82 60
9 110 46
42 116 33
1 100 38
8 105 51
44 116 37
56 77 29
26 83 42
12 63 4
31 74 30
63 101 9
8 99 25
49 97 23
37 95 47
5 31 4
53 60 53
8 16 6
3 6 19
37 91 20
14 60 41
0 81 47
24 116 31
28 74 10
9 82 56
23 44 52
17 60 27
3 24 35
2 27 46
35 83 7
10 104 5
10 115 30
18 47 24
59 90 59
12 117 53
33 74 20
14 66 26
48 101 22
3 71 41
15 73 38
64 69 38
39 90 23
21 39 34
45 99 28
58 58 9
13 22 1
23 66 18
18 119 25
79 106 36
21 91 54
39 110 31
59 81 24
9 15 43
21 60 2
76 114 40
22 73 45
24 73 0
8 118 12
12 38 1
20 115 37
49 90 27
73 100 42
11 74 32
50 104 21
84 117 42
30 50 52
22 24 58
47 111 10
42 118 7
3 85 46
28 55 44
10 28 31
53 73 21
51 105 60
28 33 39
34 104 43
36 111 7
15 94 4
30 63 55
28 103 8
4 73 32
18 67 4
88 103 46
25 97 15
19 116 38
13 56 54
12 15 26
18 54 53
45 101 25
30 31 26
27 89 22
30 96 20
56 118 10
64 108 2
34 62 57
1 103 32
28 119 46
43 92 25
54 96 36
40 119 42
95 96 13
41 103 10
38 55 41
6 89 31
8 34 11
35 51 9
45 59 37
8 22 9
14 118 46
37 102 14
18 105 25
58 104 27
43 69 21
25 77 8
14 50 37
10 70 6
4 26 58
17 69 17
24 55 14
86 107 29
53 69 41
68 69 3
3 30 47
11 113 46
75 112 52
15 60 58
86 96 41
51 58 31
80 91 26
14 45 21
68 105 46
59 111 44
46 113 51
31 115 41
31 103 0
30 56 14
34 43 7
57 115 6
4 94 4
17 36 13
39 105 35
51 69 28
16 68 11
21 66 36
81 100 53
60 79 43
31 91 18
18 106 25
40 76 46
37 61 33
36 47 53
25 116 49
46 56 16
13 91 24
10 102 36
69 96 21
69 87 51
13 94 40
9 87 5
14 46 38
40 77 47
51 92 22
19 23 29
59 62 5
34 96 33
15 81 30
6 53 46
2 79 2
64 115 12
16 96 40
78 82 54
38 99 41
21 116 8
76 88 7
79 95 23
70 80 40
34 91 30
28 52 53
81 94 28
4 55 38
19 27 22
7 11 40
64 94 59
68 86 48
36 67 38
11 33 43
47 72 60
88 105 8
19 85 28
51 107 25
15 41 14
13 32 26
45 104 9
50 110 20
9 54 4
7 20 52
69 107 33
43 65 13
6 47 42
13 76 55
51 106 1
19 87 47
14 67 49
26 71 0
23 29 8
17 77 35
33 116 1
5 9 59
73 91 44
3 7 34
19 94 2
72 99 34
46 52 56
5 81 3
73 77 28
4 66 46
12 46 1
49 65 34
22 67 8
5 101 51
49 60 11
36 62 29
24 84 57
36 113 27
68 104 54
69 94 24
51 78 31
8 80 34
44 104 0
14 74 59
40 89 60
18 62 57
48 95 55
44 50 21
22 98 34
27 94 6
72 98 14
3 75 56
8 66 36
66 67 22
57 58 32
74 98 21
30 97 41
28 118 15
5 71 25
17 46 4
51 71 42
48 50 53
18 48 26
1 30 30
10 47 47
58 110 46
27 53 44
54 54 36
20 43 31
95 97 50
1 29 46
30 81 10
48 75 30
40 115 54
57 66 21
13 26 4
57 73 24
19 119 4
57 67 43
58 97 46
38 79 58
47 100 4
39 77 10
19 74 46
93 114 36
8 107 51
56 90 60
46 58 16
19 41 19
49 69 25
6 73 58
71 85 14
58 105 49
34 114 47
28 84 47
80 118 6
29 40 19
48 54 30
11 104 42
52 72 23
76 118 33
17 84 43
1 67 19
37 53 56
65 105 19
41 45 2
24 56 28
40 103 49
28 30 44
40 87 25
48 57 19
32 47 41
41 91 41
62 102 8
56 94 17
77 77 50
23 37 51
10 80 59
22 43 45
21 92 59
11 16 35
9 26 8
11 30 19
24 33 44
12 95 36
80 90 32
38 51 20
53 94 3
23 67 36
33 50 8
53 96 19
69 80 2
79 110 28
26 108 3
73 76 13
17 96 23
24 39 58
30 90 38
41 116 32
2 25 23
73 108 27
42 110 23
71 108 57
1 98 8
13 69 29
2 18 44
56 62 59
40 72 50
35 71 33
12 66 57
49 49 33
25 34 42
22 50 3
50 54 60
17 50 10
22 26 29
74 108 48
54 77 40
9 16 57
4 50 20
54 84 39
34 72 44
13 15 5
36 46 16
0 46 35
70 119 39
24 114 5
58 114 54
71 73 11
2 62 28
78 102 21
10 15 29
71 111 6
33 60 2
63 108 30
22 93 53
24 119 37
45 83 18
12 76 56
57 109 37
15 107 29
17 112 8
38 73 17
7 54 40
0 82 32
62 70 24
3 3 54
74 118 4
3 44 60
25 32 17
38 97 19
4 15 6
37 47 45
52 97 16
2 75 57
13 24 43
90 111 60
47 62 20
41 96 33
12 102 31
30 52 17
30 68 47
60 83 20
19 21 35
50 50 7
48 104 41
54 80 34
39 115 25
33 88 25
15 79 5
11 78 16
21 56 8
62 66 44
21 46 16
37 69 28
35 53 5
4 67 25
25 87 37
26 117 52
23 111 20
24 110 57
31 116 57
3 104 48
81 112 59
1 84 55
39 61 52
34 75 21
3 22 49
41 83 59
9 59 59
51 82 7
31 65 7
20 74 21
39 59 41
78 90 36
10 27 60
48 49 28
34 36 60
37 65 11
8 38 2
49 89 58
6 83 6
14 99 9
12 19 29
20 33 56
1 95 46
8 75 11
10 56 47
4 25 42
22 91 56
0 42 17
3 31 11
11 40 21
4 117 58
41 46 58
47 51 9
36 88 52
51 74 50
80 80 42
49 66 34
29 48 33
82 96 28
45 86 46
26 72 1
74 114 32
60 101 43
51 65 0
63 85 18
2 29 19
3 47 26
0 77 56
5 67 32
44 96 9
15 93 11
38 81 14
27 100 53
3 4 56
3 101 49
42 113 30
0 91 46
28 50 34
44 78 32
31 111 59
5 103 57
29 117 25
7 72 34
38 107 49
6 107 54
28 116 26
43 106 37
17 29 11
34 40 30
45 60 2
52 77 22
56 109 47
10 75 23
29 111 5
61 117 59
4 33 57
50 63 36
26 55 25
24 108 49
6 56 21
6 10 32
6 28 2
6 9 20
49 71 3
4 84 17
32 66 24
7 75 29
75 102 38
41 52 14
54 93 34
56 74 56
35 86 52
46 84 38
8 17 54
60 76 3
43 50 26
1 87 11
65 79 8
1 18 59
78 93 13
63 93 34
52 79 26
16 90 44
36 74 16
27 43 17
27 80 49
43 58 7
2 92 59
37 37 34
16 29 9
83 117 30
52 87 43
10 42 28
75 116 32
24 30 55
79 114 57
72 116 45
15 55 35
41 51 16
1 24 19
10 20 16
4 57 12
21 54 34
36 118 52
86 116 42
54 113 30
72 108 39
49 116 7
44 101 50
10 48 37
64 90 27
47 117 17
30 69 4
42 50 4
60 115 17
17 94 13
40 117 18
28 38 54
29 103 21
7 68 24
9 69 43
5 68 58
22 65 2
24 95 37
35 98 23
16 53 29
56 82 37
66 114 14
11 29 35
9 14 19
6 88 33
34 61 2
16 26 0
34 103 28
16 58 30
51 119 56
55 82 4
21 112 45
55 86 50
9 114 34
53 54 30
61 100 46
6 60 36
32 38 24
31 67 50
45 63 60
7 57 53
70 95 9
36 63 42
2 81 39
22 82 11
22 39 55
18 90 35
62 79 16
33 62 45
4 98 55
0 108 30
36 109 47
3 76 40
0 102 45
40 60 41
72 100 60
1 42 25
41 54 50
56 59 3
58 101 59
6 32 39
4 6 16
21 36 54
32 46 2
6 50 57
30 40 52
7 119 31
34 54 22
5 59 30
80 103 39
4 17 32
30 80 58
18 68 38
10 67 0
4 105 23
30 92 21
20 98 5
2 57 24
10 86 40
6 6 58
5 19 24
47 87 17
10 50 9
13 25 39
87 117 6
93 107 50
6 90 25
19 29 29
51 109 12
14 58 17
34 82 57
69 92 36
20 36 33
8 25 45
17 85 40
48 72 46
20 79 10
67 77 25
57 76 33
31 35 35
62 113 43
14 16 25
33 90 3
13 29 58
47 75 38
4 39 24
21 33 30
52 54 6
23 99 25
19 43 32
22 75 7
42 96 17
14 77 60
18 112 8
67 112 1
50 73 36
41 97 1
67 93 47
29 107 0
28 36 38
59 70 15
58 106 42
57 80 7
35 114 15
2 23 6
15 103 18
46 54 24
26 96 9
0 36 40
32 88 12
25 29 36
22 47 21
4 110 21
6 69 17
13 105 23
79 116 16
31 48 21
1 78 60
6 119 52
77 85 4
60 81 0
26 77 8
42 67 10
46 57 52
62 99 16
16 74 54
22 84 26
0 96 41
55 55 2
2 49 0
29 67 37
13 62 30
27 29 25
39 85 26
26 119 25
9 60 33
69 89 17
17 113 54
47 85 51
56 63 8
51 118 42
1 47 55
29 66 4
12 27 4
43 51 32
15 113 32
5 58 57
6 40 9
8 45 55
28 57 38
24 65 58
24 96 19
0 64 17
38 102 35
34 39 7
12 62 12
31 53 7
15 28 10
10 73 54
28 76 48
57 102 8
16 86 54
13 111 38
47 109 10
66 71 16
27 62 16
15 83 5
60 77 31
43 99 34
30 78 41
2 13 39
30 34 21
26 99 35
18 28 43
19 28 55
50 117 21
20 39 60
13 97 39
2 20 40
22 52 30
1 99 31
43 73 2
34 108 30
83 86 25
19 92 7
15 99 15
2 84 19
37 52 35
21 59 33
4 96 47
14 30 25
47 79 10
49 92 39
0 47 30
55 111 36
27 60 50
33 86 1
34 118 4
5 85 16
34 37 15
38 104 29
10 69 14
13 116 51
49 67 51
20 26 14
50 69 48
12 61 32
35 87 18
22 85 19
32 70 14
54 70 22
88 89 8
1 7 51
23 64 5
24 64 29
21 67 25
51 100 49
10 61 44
10 12 24
15 66 60
1 8 2
13 66 12
53 89 49
29 85 58
26 62 60
11 109 16
56 117 6
39 82 24
40 93 9
18 25 17
71 78 50
74 103 24
16 46 14
14 116 32
21 26 3
10 37 8
34 119 29
52 109 36
43 104 50
20 42 53
37 104 49
31 42 11
4 93 3
15 51 20
14 114 52
13 59 51
40 78 18
2 83 8
40 95 56
32 77 25
3 113 51
9 43 52
73 96 36
5 23 25
2 59 31
27 110 32
43 87 11
97 98 47
76 98 54
46 51 49
13 16 15
5 76 25
50 72 18
40 68 5
0 114 13
31 119 28
32 42 24
47 52 50
26 33 44
1 51 5
17 75 5
42 82 32
15 37 33
8 106 41
0 68 54
24 37 18
12 91 48
58 115 26
78 119 21
62 67 15
76 103 4
9 113 26
10 94 32
11 41 40
8 42 19
4 74 12
71 109 41
61 70 41
55 64 33
46 59 51
20 85 44
20 61 10
42 108 9
74 97 59
24 98 47
54 57 24
28 35 2
42 47 46
17 74 53
44 55 1
57 81 4
0 93 19
68 93 17
1 101 31
59 103 57
0 17 48
6 61 32
6 84 52
28 90 56
6 99 56
24 24 24
3 72 19
15 80 23
23 47 6
30 77 60
27 98 15
21 111 53
22 46 10
28 51 43
28 107 46
23 98 11
33 71 20
8 87 16
72 81 37
44 63 31
21 80 35
17 45 35
10 65 4
42 57 57
37 97 47
29 73 60
75 88 29
59 71 50
52 90 36
45 69 16
56 72 35
8 54 36
57 110 27
36 78 29
20 93 57
18 77 29
90 90 4
43 95 7
13 53 50
11 110 44
2 94 38
54 85 45
6 80 4
18 100 41
14 72 15
32 98 11
57 68 38
10 49 53
12 84 0
3 64 57
27 75 44
5 82 32
49 64 25
7 82 21
40 66 11
35 40 27
37 118 8
19 69 44
2 55 19
71 76 18
35 111 19
30 84 33
18 96 9
30 103 35
5 29 10
8 49 9
2 87 2
5 10 32
11 84 14
42 98 8
65 119 11
23 52 11
16 100 49
10 46 30
77 114 39
22 94 48
9 75 20
20 59 47
45 110 38
24 100 31
63 86 19
28 53 2
8 96 19
7 64 45
57 95 4
57 88 60
39 118 7
69 117 50
32 55 31
10 68 60
14 59 36
52 70 10
11 97 38
13 117 19
34 99 48
23 61 39
1 31 59
54 73 16
3 87 48
38 117 15
13 27 47
7 73 57
29 105 40
17 68 44
18 63 15
78 101 31
4 95 56
53 83 10
17 67 55
34 106 18
5 5 19
15 88 10
12 44 26
35 101 60
34 117 17
24 25 27
13 52 45
3 53 28
2 70 22
35 61 42
55 89 42
2 116 46
34 80 39
39 49 34
2 36 28
61 88 52
29 110 53
7 114 47
64 109 58
62 95 55
22 30 9
61 78 45
33 44 0
43 103 57
44 89 11
24 69 7
1 3 29
12 73 56
21 100 14
18 107 56
13 46 20
70 85 46
26 118 8
19 113 58
24 29 17
31 118 47
40 44 0
25 58 30
37 119 57
2 88 21
26 85 3
21 115 60
8 68 55
22 102 49
11 24 16
57 84 33
24 62 46
11 26 37
72 109 46
17 109 13
5 90 25
38 80 35
89 93 46
5 7 8
7 110 28
9 17 9
32 93 20
9 95 13
31 76 9
44 45 58
37 98 4
46 108 24
5 98 53
60 110 20
38 70 33
70 93 42
30 62 31
15 101 52
37 70 48
68 68 50
23 91 10
29 63 51
21 108 32
28 59 57
4 64 50
47 47 50
46 99 11
42 53 53
18 43 0
18 82 43
55 83 53
16 91 28
13 61 28
27 56 20
19 83 10
28 28 10
23 112 49
22 33 51
47 80 13
73 98 14
4 27 50
19 31 46
50 103 51
11 108 42
16 67 31
28 61 21
27 74 17
39 45 21
91 114 48
14 52 53
0 100 49
4 86 22
23 118 16
8 72 0
14 81 31
36 100 49
33 91 59
26 60 60
30 89 30
45 46 8
36 75 45
36 94 57
17 48 56
2 6 57
13 72 43
59 118 41
5 54 38
7 113 22
47 119 25
6 112 26
48 84 1
0 73 14
55 81 56
29 74 0
18 33 16
8 108 50
5 70 31
7 98 14
50 118 55
51 110 32
44 53 15
24 99 43
25 75 45
20 27 50
11 115 50
54 110 55
56 115 6
72 83 20
30 46 45
50 82 35
0 57 1
23 76 60
20 67 8
28 89 4
12 110 49
29 68 19
64 104 39
10 119 5
43 63 49
25 49 5
36 59 6
11 55 44
41 76 55
15 92 11
38 59 47
3 109 21
13 81 8
33 64 17
20 54 50
52 75 32
56 105 24
65 117 48
15 45 10
46 94 51
1 40 52
3 55 41
0 33 23
51 79 4
17 44 38
7 27 36
18 86 58
38 116 36
5 46 15
22 22 25
21 83 6
0 10 17
0 109 50
32 43 28
43 74 22
33 66 27
26 52 35
16 117 38
15 61 23
40 50 25
43 54 57
43 117 27
35 78 9
49 56 56
52 94 9
25 46 14
25 39 2
13 92 32
9 46 50
18 110 19
19 71 24
59 82 11
73 75 43
12 45 50
14 73 59
35 42 39
4 36 52
21 41 21
3 33 35
1 13 52
14 48 3
38 38 48
40 55 39
10 30 37
31 33 31
28 112 51
60 84 34
19 50 36
43 118 59
4 102 13
46 77 0
51 99 18
55 100 50
46 91 40
16 36 23
15 18 27
23 97 55
29 98 9
10 98 41
66 82 51
48 65 44
2 113 46
60 73 33
0 106 23
59 113 4
28 68 39
42 91 57
22 68 32
49 106 35
37 60 7
14 111 18
40 40 41
19 112 60
6 15 29
32 101 57
56 111 49
75 96 44
38 111 6
11 90 4
28 60 32
35 55 42
0 95 26
28 40 12
75 91 60
22 81 4
91 101 33
27 111 39
72 94 59
26 49 20
0 115 40
19 89 53
14 40 20
17 110 38
40 81 56
51 77 25
9 30 6
1 11 35
3 88 57
46 66 40
2 48 12
17 52 10
32 49 14
12 119 16
76 99 24
1 93 18
6 77 46
23 43 4
5 78 23
58 60 48
16 40 21
28 31 22
12 71 24
67 72 54
14 68 35
14 55 48
30 65 56
37 81 14
3 69 36
62 76 10
38 115 53
27 96 19
9 42 16
11 44 26
12 33 16
3 116 17
23 45 8
15 64 45
12 77 54
49 51 4
16 19 36
19 55 38
70 100 15
56 83 23
8 67 52
28 80 20
21 102 16
46 110 51
4 89 35
16 47 22
38 41 7
8 53 24
51 76 15
22 71 60
11 92 45
10 76 59
50 93 2
1 81 28
20 116 3
10 35 32
17 87 20
10 52 52
52 89 7
72 95 57
12 80 8
13 55 30
45 105 22
38 69 31
50 99 55
39 47 33
45 73 11
16 50 49
70 98 53
8 110 46
4 38 2
38 67 5
25 89 46
70 115 57
6 54 20
24 50 20
21 45 25
27 51 13
8 10 50
44 85 38
3 100 31
61 116 38
25 48 34
17 111 40
0 38 10
21 82 18
7 16 30
0 35 15
6 63 37
15 25 31
56 104 26
30 53 42
22 104 10
5 62 42
49 113 8
27 84 8
9 117 40
