55 1430
162
113
179
190
164
171
144
169
181
122
192
165
126
104
157
101
186
138
175
176
105
135
126
165
101
149
162
124
118
156
110
192
176
168
132
161
134
127
199
169
129
148
120
123
143
155
113
186
141
105
199
118
118
151
100
0 1 19
1 2 16
1 3 47
2 4 44
4 5 34
1 6 4
6 7 49
1 8 30
5 9 47
3 10 59
9 11 47
2 12 53
5 13 8
5 14 16
13 15 5
5 16 29
16 17 35
15 18 50
0 19 14
12 20 27
7 21 57
11 22 16
14 23 56
12 24 38
13 25 45
5 26 1
2 27 58
24 28 37
13 29 26
11 30 54
14 31 29
30 32 23
28 33 19
30 34 15
0 35 0
4 36 34
3 37 49
12 38 53
4 39 20
12 40 57
21 41 25
12 42 59
15 43 6
40 44 56
36 45 33
39 46 21
24 47 36
8 48 48
1 49 5
7 50 25
21 51 59
19 52 7
2 53 18
17 54 23
10 52 38
26 32 17
2 25 39
15 29 60
39 50 46
28 32 47
37 43 50
19 24 36
20 38 28
0 13 5
39 43 16
29 49 39
42 46 60
21 48 13
49 53 3
44 49 48
19 32 47
21 43 5
36 48 25
24 48 28
10 30 34
40 48 4
28 41 37
37 53 25
7 51 40
36 38 37
50 50 8
45 54 59
46 51 29
13 48 48
22 25 30
24 24 49
11 42 20
33 42 5
24 44 48
52 53 32
9 42 25
28 45 51
15 32 24
47 52 33
30 39 13
35 49 5
49 54 3
34 38 54
5 11 9
31 41 58
15 16 15
53 54 53
20 27 17
29 33 7
44 50 36
10 13 40
44 52 6
19 29 35
43 43 16
7 54 14
20 48 34
51 52 50
41 42 39
2 39 46
52 52 56
1 30 48
38 41 33
17 43 0
16 22 18
19 51 1
35 39 17
23 39 0
16 30 47
7 28 48
29 51 32
7 24 36
12 37 18
7 39 12
36 37 57
30 49 29
44 44 57
35 43 21
24 32 33
53 53 47
49 49 16
23 27 29
37 51 41
46 48 39
15 37 39
1 46 5
29 31 30
18 33 15
24 51 19
14 32 39
19 38 44
36 40 18
6 33 57
35 48 46
16 25 45
5 47 3
23 35 0
25 33 46
13 30 27
2 33 10
34 42 20
27 28 12
38 48 52
36 42 17
34 39 58
41 52 27
13 39 34
26 52 6
18 28 17
10 54 21
45 48 13
38 39 29
50 53 30
23 41 7
4 6 54
9 46 12
34 44 53
34 52 16
32 40 7
25 30 9
3 33 33
3 42 60
22 51 58
20 26 20
9 16 28
45 51 29
6 28 10
51 51 14
41 48 59
34 48 6
31 43 39
10 19 52
19 43 6
45 50 50
25 28 52
36 39 40
2 16 54
34 41 16
32 36 54
50 52 28
23 53 53
27 32 60
20 31 9
1 44 53
29 30 38
36 49 17
51 53 1
40 50 24
19 53 32
39 48 41
34 50 22
46 53 41
43 46 49
15 33 35
47 49 29
10 22 12
8 54 56
33 36 39
27 51 42
38 45 60
2 15 6
9 30 41
6 40 6
18 23 49
5 22 40
5 35 41
42 44 31
14 26 32
10 25 38
7 26 53
18 54 46
51 54 5
10 47 27
2 2 0
45 47 55
8 34 17
15 50 48
30 37 43
31 47 30
40 40 18
21 35 31
10 40 21
43 47 27
5 36 19
42 48 55
48 49 53
1 28 29
11 38 21
17 53 2
38 46 25
16 37 18
7 20 51
12 50 52
4 43 5
11 47 33
35 36 2
6 34 37
19 22 58
33 33 21
14 51 19
40 53 57
11 12 53
14 44 56
34 54 24
43 48 26
40 43 56
22 48 22
22 30 15
19 33 51
0 50 21
26 35 58
3 50 6
4 25 12
23 38 55
50 54 36
4 40 15
42 43 28
24 50 36
5 12 30
27 33 39
43 53 12
34 47 8
6 35 19
27 45 55
0 5 14
2 8 32
24 41 27
32 32 60
6 43 25
34 40 23
20 50 1
8 42 10
8 28 12
48 51 48
16 38 31
28 36 2
28 51 26
31 37 21
31 42 38
28 43 24
3 17 36
27 50 30
8 24 17
37 37 44
46 54 46
34 35 19
21 47 26
42 53 53
46 49 2
25 35 14
20 40 34
1 29 8
28 42 1
21 36 31
46 47 10
13 17 36
26 30 12
28 29 31
49 51 36
29 53 7
8 40 26
30 38 35
15 40 51
4 37 22
44 53 35
10 35 45
30 50 32
42 50 33
34 51 26
14 45 52
31 33 56
5 43 60
26 45 2
2 44 34
10 44 30
27 40 28
21 53 51
34 34 27
20 35 50
12 30 6
13 50 41
16 36 16
20 47 35
32 33 54
13 32 13
10 41 31
30 52 20
50 51 9
30 35 55
29 54 36
19 45 34
49 50 16
27 41 26
22 28 0
45 52 26
48 48 21
13 34 25
46 50 1
3 23 8
1 53 6
18 31 13
48 52 29
2 54 35
38 38 35
42 42 32
21 26 36
32 34 18
27 52 55
34 36 1
33 48 42
23 28 30
7 10 44
6 37 27
7 36 59
24 46 55
13 14 17
52 54 25
17 33 52
23 51 39
5 48 19
29 44 43
6 15 23
12 34 53
32 46 1
13 42 20
3 27 43
28 52 0
15 45 6
7 11 18
10 12 5
1 34 59
45 53 13
32 42 26
30 40 34
36 50 33
43 54 59
4 50 52
47 48 11
11 31 5
12 29 12
36 44 27
21 45 57
16 39 11
36 41 1
28 44 16
11 44 26
37 54 40
48 54 16
4 21 45
14 20 0
2 36 25
10 17 48
37 38 39
0 0 40
6 29 38
2 52 0
0 31 34
33 35 32
0 21 24
4 33 56
30 53 54
39 54 22
20 20 7
33 45 31
21 23 32
10 26 24
4 51 25
24 34 27
34 46 21
11 41 12
47 51 11
25 31 30
19 39 46
26 50 38
24 43 35
4 44 47
27 47 12
6 41 22
16 51 4
23 42 23
14 18 45
48 50 1
42 52 47
22 43 39
19 47 27
9 44 40
40 49 5
25 45 56
7 42 55
43 52 47
49 52 48
38 43 41
4 12 2
9 26 42
35 38 33
13 13 36
11 26 7
39 40 37
19 42 33
29 45 29
21 50 3
18 22 13
47 50 29
17 42 49
10 50 55
2 20 5
41 49 38
7 44 51
26 31 25
35 41 43
2 35 17
4 28 41
32 39 20
3 6 29
2 13 53
2 47 43
33 53 54
24 25 0
14 15 45
17 29 25
17 27 52
7 17 58
27 54 50
27 38 13
3 5 26
47 47 52
41 41 39
27 36 43
10 10 16
5 30 14
16 47 0
0 25 33
12 27 6
40 47 22
22 23 59
23 31 1
2 40 51
17 35 43
35 35 22
21 38 20
39 42 39
14 53 59
33 34 41
10 37 46
31 36 48
23 25 37
16 16 17
21 29 29
25 25 7
8 29 28
13 31 12
9 20 26
14 47 35
32 49 49
22 36 0
9 27 43
5 51 5
45 45 51
12 43 28
3 26 43
10 33 4
0 9 6
7 38 20
7 18 50
25 27 39
33 46 6
8 31 37
30 45 7
7 13 48
43 45 58
16 35 34
35 52 28
7 7 50
8 15 22
37 47 8
6 39 31
35 42 35
44 48 58
26 49 18
9 31 50
13 19 46
18 49 51
18 30 46
18 46 14
48 53 7
25 47 5
6 53 18
7 16 25
34 37 1
1 26 30
13 46 7
9 28 43
21 52 37
40 51 50
16 31 44
26 48 35
2 24 23
21 46 16
17 51 34
22 35 17
12 33 32
7 32 39
14 30 36
1 4 1
14 43 11
36 43 10
44 47 47
11 18 37
36 46 50
36 47 38
8 11 56
11 33 36
40 52 13
19 40 60
6 14 1
1 42 2
41 46 59
10 51 52
41 47 39
6 16 46
11 25 35
5 39 0
11 20 0
16 21 25
45 46 28
28 39 24
2 19 0
43 50 16
31 44 32
1 9 60
10 11 55
43 51 7
16 49 8
7 19 41
4 26 56
4 17 8
32 35 23
9 50 33
16 43 35
2 18 36
0 2 7
2 45 18
24 29 45
4 53 24
2 28 3
46 46 22
36 53 0
44 54 34
17 22 51
13 49 27
9 54 13
38 52 2
22 47 57
34 49 0
6 38 56
33 44 44
14 33 2
13 16 23
7 47 30
28 37 41
9 33 17
10 20 18
8 45 4
1 52 34
5 46 16
14 36 4
18 52 36
8 43 30
0 45 7
12 13 32
0 52 17
29 42 10
15 44 16
2 22 7
6 52 3
41 51 14
44 45 60
31 34 17
16 19 39
30 48 60
37 44 35
14 28 50
24 35 30
6 51 26
11 14 34
11 48 3
14 38 42
32 44 33
43 49 5
9 51 28
13 26 34
21 40 41
38 49 42
41 50 8
17 45 55
31 52 45
15 22 9
2 48 33
37 41 16
6 6 47
13 18 5
24 40 21
27 39 60
38 40 46
3 40 3
41 44 23
17 41 20
6 25 10
25 38 20
30 46 10
3 22 19
33 50 8
2 30 9
0 53 32
13 45 17
25 37 22
35 53 53
12 17 11
17 49 48
4 13 38
14 16 45
39 45 31
10 38 4
29 48 49
5 20 2
26 44 3
24 45 53
10 32 15
18 38 50
28 35 1
0 11 14
42 45 2
13 22 20
22 32 18
32 43 4
5 28 44
27 30 57
12 14 8
45 49 27
7 22 54
1 16 42
24 39 24
22 46 49
39 49 54
31 48 21
23 44 53
25 48 31
11 52 59
25 41 33
39 44 0
10 23 8
27 37 19
27 44 17
5 53 58
16 45 36
23 50 37
15 51 59
27 43 11
6 23 41
42 54 51
26 34 17
32 50 47
14 50 3
28 38 32
35 40 54
0 47 44
32 38 4
4 16 58
15 21 57
29 29 19
9 52 26
9 36 41
8 36 6
4 10 28
7 52 1
29 36 54
31 51 15
33 41 14
9 10 53
44 51 37
34 53 13
13 44 36
31 53 3
14 37 41
32 41 19
30 31 54
37 42 3
0 40 51
0 51 53
12 28 34
8 16 42
7 27 22
0 29 8
17 18 12
3 46 32
11 45 42
20 54 58
18 24 24
19 27 36
47 54 8
6 32 0
20 34 38
11 16 2
33 40 38
35 50 7
6 30 43
3 7 32
3 9 15
31 54 28
15 42 43
8 37 23
47 53 34
22 34 12
33 54 46
1 48 37
26 26 22
16 33 14
6 12 58
27 46 48
32 48 44
16 34 46
5 17 43
11 19 56
39 51 60
38 47 12
36 36 56
41 53 26
9 13 54
24 37 53
20 21 45
3 31 20
22 42 27
13 33 8
17 31 39
12 48 42
14 35 49
31 46 0
5 45 56
21 25 27
2 38 28
28 53 28
19 20 39
23 54 43
32 54 57
30 43 29
2 11 13
31 35 54
25 44 45
0 28 44
44 46 29
20 30 45
10 16 42
7 41 13
20 39 16
20 33 33
24 30 38
41 54 12
26 28 30
23 48 2
3 20 0
30 47 53
14 52 9
5 24 57
12 45 55
20 42 0
1 14 12
0 10 51
0 27 51
16 50 31
22 45 33
6 26 6
11 23 31
25 40 16
13 51 10
21 30 23
15 31 30
10 36 8
38 53 59
1 5 2
18 29 40
12 19 39
14 24 24
11 53 22
11 11 4
20 51 60
32 45 24
30 51 59
23 46 11
4 48 3
37 49 54
38 50 9
41 43 46
21 37 1
2 26 34
20 53 53
5 25 46
7 45 5
0 33 33
2 6 48
11 34 2
12 54 38
18 48 39
19 46 57
7 43 20
7 25 28
18 45 40
28 49 25
16 52 26
7 37 10
42 47 18
21 32 50
13 53 51
40 45 13
16 28 6
36 54 30
20 46 7
25 42 6
7 29 59
10 28 13
6 54 7
19 48 7
4 46 17
38 51 17
25 36 13
33 51 5
21 24 2
6 24 5
8 8 44
4 18 3
22 38 6
21 28 43
22 39 45
28 40 15
12 32 52
25 49 10
26 41 19
26 46 17
20 41 23
26 33 41
22 50 58
28 48 7
3 51 17
28 28 28
14 19 15
15 48 50
19 41 1
24 31 20
31 32 35
35 46 23
1 36 3
0 20 22
24 49 47
26 54 60
25 34 29
29 50 14
19 34 1
21 39 49
8 17 4
15 52 17
0 54 53
13 38 48
22 26 44
6 27 54
2 29 18
24 53 2
5 37 32
20 23 50
12 18 0
33 52 44
4 41 38
20 37 51
1 43 60
23 52 34
1 39 0
27 49 43
40 42 3
38 54 25
5 19 31
23 47 4
11 27 33
28 30 56
35 45 3
3 45 44
35 37 48
42 49 41
8 44 26
18 19 25
29 47 40
4 31 24
4 47 43
33 43 5
29 43 22
24 26 10
37 52 41
8 14 30
14 29 56
21 49 12
25 53 30
8 20 40
6 17 51
33 47 0
27 53 45
15 17 60
1 54 52
29 46 5
14 14 20
15 49 43
5 44 39
32 51 51
30 30 28
46 52 55
5 34 43
18 51 15
29 37 25
1 15 3
36 52 5
9 9 4
13 37 38
32 53 58
22 22 14
6 49 29
13 23 32
28 31 1
5 29 33
17 20 5
0 15 43
0 7 24
3 35 12
25 29 36
19 50 35
19 28 45
8 22 35
26 53 50
21 22 19
9 25 56
35 54 12
16 29 25
4 27 30
18 18 37
2 32 51
37 50 60
3 41 34
11 40 45
28 50 15
23 49 54
23 26 48
29 39 56
2 43 41
21 21 29
29 34 53
21 42 41
17 39 12
21 44 21
22 41 34
39 41 0
30 44 41
5 8 55
8 21 30
24 36 59
35 51 59
25 32 39
3 39 23
1 10 32
39 52 57
23 40 34
1 32 21
17 32 24
1 7 0
24 27 3
1 1 35
23 23 58
15 38 43
25 26 48
2 31 54
16 53 51
0 16 30
4 19 37
6 10 44
20 49 14
3 25 10
31 39 2
1 12 21
12 31 59
28 47 47
23 32 18
1 33 8
5 10 8
2 14 52
12 35 28
11 29 9
26 37 52
1 40 16
3 47 28
3 8 20
9 48 2
1 51 3
24 38 19
2 21 60
21 34 35
11 49 16
0 23 28
20 22 15
17 37 35
19 35 7
1 41 47
27 48 9
9 34 44
4 49 21
20 32 2
20 25 46
17 19 16
0 24 50
0 38 55
13 35 2
22 49 34
31 49 25
6 44 10
31 45 4
3 21 43
16 48 47
6 47 32
27 34 31
9 53 1
3 16 4
18 50 17
12 46 27
7 49 8
14 54 2
1 19 36
0 14 6
15 24 15
11 13 1
7 46 5
31 50 58
19 23 41
2 5 59
11 54 4
29 52 45
6 50 26
17 34 40
26 29 51
42 51 6
23 36 53
16 18 35
2 49 22
12 25 6
8 33 16
22 40 58
6 31 45
5 23 4
4 38 45
32 37 55
18 53 37
7 34 38
33 37 22
20 52 48
4 22 38
1 24 17
40 54 25
9 19 24
4 34 17
8 52 39
32 47 3
35 47 30
30 42 44
0 39 5
17 44 5
1 20 46
15 25 54
5 40 26
26 51 48
8 53 5
0 3 39
25 46 41
18 37 19
0 44 49
3 28 5
17 25 3
1 38 37
27 29 4
26 40 55
12 53 9
20 45 18
22 27 20
15 26 41
3 19 21
18 41 25
3 29 2
16 24 14
4 29 47
40 46 30
43 44 52
8 39 59
22 31 5
17 28 26
11 17 26
17 52 19
12 15 48
5 7 23
3 24 19
5 15 26
21 33 41
37 46 54
19 36 51
24 52 21
17 21 17
8 35 31
0 18 13
16 41 8
20 43 15
3 11 36
27 31 24
15 36 12
34 43 59
37 40 29
0 26 59
9 24 43
0 8 56
2 23 6
10 34 42
10 14 45
2 46 60
5 21 27
25 50 27
19 30 25
4 4 0
4 15 13
2 7 55
3 53 5
1 21 4
14 21 33
40 41 3
5 6 30
23 34 38
8 26 44
3 49 10
8 41 31
20 24 3
4 7 40
27 35 22
14 22 23
20 44 45
4 8 19
38 42 27
11 36 25
3 3 12
18 47 54
13 24 12
17 23 38
11 15 13
36 51 22
22 29 48
29 40 24
29 32 45
8 10 28
3 12 16
11 24 49
4 35 59
15 19 44
38 44 39
3 48 59
24 54 27
14 49 42
11 51 6
3 13 24
2 50 44
18 39 22
39 47 22
4 20 2
10 31 14
4 24 0
3 32 58
39 53 47
0 30 44
6 18 52
14 48 46
8 49 52
16 40 48
7 12 54
18 20 13
21 31 35
13 47 20
29 35 52
12 23 19
15 27 9
5 52 59
23 33 13
10 21 54
19 37 56
30 54 34
12 26 36
17 48 16
9 43 30
20 36 56
18 21 23
18 32 47
0 49 4
9 49 46
10 27 38
30 33 3
13 40 11
8 47 40
19 44 54
10 29 57
19 21 22
6 19 29
5 27 18
3 18 39
7 53 39
4 9 19
17 24 6
15 28 4
14 17 8
1 45 3
2 37 60
1 18 59
25 54 4
23 29 23
31 31 15
20 28 1
28 54 7
5 18 48
37 48 27
25 43 52
3 30 14
13 43 10
18 42 46
23 43 58
16 23 18
16 20 17
16 26 9
3 44 36
1 23 3
8 38 50
3 52 27
8 23 55
9 17 10
13 27 43
16 44 35
23 45 10
18 27 33
22 54 38
15 41 5
13 21 58
2 17 8
34 45 29
3 54 46
20 29 8
7 8 24
29 38 49
4 45 42
1 17 6
33 49 16
33 39 54
1 50 22
9 47 35
19 19 49
27 27 39
25 39 11
39 39 43
18 44 54
9 45 19
10 42 17
5 41 6
0 46 31
11 43 38
41 45 58
17 36 25
0 34 7
12 41 40
9 18 32
3 14 30
9 23 37
10 24 43
12 16 22
9 38 6
2 9 14
24 42 47
8 30 1
3 15 9
26 36 53
14 34 52
16 54 32
22 44 46
15 30 58
2 42 14
14 25 28
29 41 21
4 11 17
8 13 25
13 52 54
6 20 33
18 25 35
26 39 34
22 53 27
0 41 5
37 39 21
14 41 18
30 41 1
9 37 26
15 47 49
9 12 3
3 38 36
9 41 18
2 3 58
26 27 46
5 31 46
19 31 60
3 34 17
10 53 53
7 40 32
13 28 56
19 49 11
2 51 17
7 30 39
4 52 23
30 36 41
1 25 12
10 48 54
11 37 5
0 37 44
7 35 32
28 46 14
35 44 5
17 47 34
7 33 41
14 42 31
12 22 59
12 52 5
9 14 14
32 52 31
8 12 33
23 30 22
11 28 54
1 37 15
13 41 31
25 51 31
37 45 14
14 27 55
22 24 53
12 51 56
9 22 32
26 42 49
3 36 49
15 54 24
10 49 21
1 22 48
7 9 17
16 27 36
8 50 32
0 32 17
23 37 44
31 40 48
25 52 33
19 54 5
12 21 6
8 19 8
18 40 38
8 27 8
3 4 37
17 26 0
6 22 57
6 13 19
18 43 18
15 15 56
17 40 29
18 36 51
26 47 56
9 39 47
4 54 12
4 32 14
5 38 3
0 36 52
9 40 4
0 22 6
22 33 49
