150 10425
144
198
165
180
103
146
128
136
146
108
170
177
161
188
196
149
137
131
146
118
145
157
166
199
149
144
114
100
104
112
144
131
122
194
144
139
156
184
175
108
139
121
161
126
134
166
176
104
108
163
168
176
120
112
132
191
129
146
190
130
160
110
196
125
138
166
146
105
126
137
153
170
177
104
146
102
109
139
184
145
157
162
133
158
107
164
148
150
184
193
144
175
159
120
125
171
199
192
135
128
150
187
120
102
135
118
143
125
135
140
178
193
165
117
157
107
106
134
124
151
193
166
106
200
180
149
101
151
135
127
142
130
188
127
168
154
108
138
113
189
120
174
110
174
103
119
126
125
113
174
0 1 25
0 2 31
2 3 15
0 4 48
2 5 43
3 6 34
2 7 51
6 8 41
7 9 32
3 10 1
0 11 27
5 12 15
4 13 42
2 14 50
4 15 45
4 16 14
13 17 41
14 18 46
6 19 53
10 20 9
2 21 4
13 22 44
17 23 53
0 24 7
14 25 43
11 26 54
25 27 35
7 28 42
5 29 58
16 30 46
12 31 28
27 32 35
9 33 16
21 34 17
6 35 9
11 36 27
0 37 58
27 38 19
32 39 37
33 40 20
28 41 12
1 42 33
19 43 53
14 44 20
3 45 7
20 46 54
1 47 14
6 48 24
30 49 9
34 50 25
23 51 38
13 52 56
35 53 16
1 54 1
43 55 52
47 56 38
16 57 57
49 58 46
28 59 19
59 60 43
33 61 30
7 62 42
59 63 7
44 64 28
57 65 8
6 66 50
36 67 25
34 68 43
15 69 34
2 70 44
67 71 23
52 72 47
67 73 17
24 74 4
26 75 7
60 76 38
61 77 32
7 78 11
23 79 39
79 80 24
43 81 53
68 82 52
82 83 12
78 84 12
73 85 34
65 86 23
38 87 47
67 88 25
3 89 58
56 90 29
4 91 52
74 92 11
19 93 0
24 94 48
10 95 19
24 96 20
76 97 20
81 98 43
92 99 57
91 100 2
41 101 28
12 102 32
38 103 56
68 104 1
66 105 8
38 106 5
24 107 2
96 108 17
53 109 44
35 110 35
2 111 43
87 112 26
106 113 48
90 114 53
89 115 50
0 116 20
105 117 45
62 118 9
71 119 6
118 120 7
110 121 28
44 122 30
27 123 54
121 124 38
95 125 33
17 126 35
86 127 28
42 128 39
121 129 33
127 130 31
98 131 47
105 132 19
85 133 60
93 134 44
70 135 25
24 136 48
73 137 2
90 138 0
38 139 53
14 140 12
71 141 41
10 142 8
96 143 56
90 144 8
78 145 53
122 146 23
16 147 43
103 148 51
131 149 25
91 102 53
24 146 29
60 145 4
46 113 2
90 102 20
32 63 2
79 88 8
97 147 35
101 140 23
44 119 16
103 114 44
115 116 21
87 147 31
57 88 23
57 69 51
57 70 23
20 149 18
82 130 38
113 115 57
40 82 4
62 105 9
95 126 51
114 116 34
23 119 0
78 85 26
81 138 25
76 112 6
144 145 13
44 126 59
44 130 47
57 123 56
4 97 11
0 123 52
103 139 29
47 149 17
119 149 40
50 61 46
14 23 0
59 92 40
50 139 32
97 116 28
117 144 38
29 133 33
64 100 15
72 147 24
91 133 12
117 123 33
122 139 50
44 101 10
54 68 33
73 87 41
25 141 20
147 149 30
2 110 37
29 94 2
134 148 21
138 138 17
48 75 43
46 121 50
136 142 23
14 52 24
112 134 49
13 101 36
6 84 31
2 30 44
38 93 33
4 82 6
65 83 60
74 131 24
54 128 33
25 43 54
115 127 26
25 96 35
82 138 45
96 133 31
74 105 13
27 34 53
129 141 48
99 101 10
114 121 18
42 92 6
57 75 57
91 128 18
121 123 5
29 71 50
67 133 36
40 62 28
35 70 32
141 141 6
22 141 43
75 87 35
126 126 34
21 37 53
9 93 36
13 134 53
44 59 31
68 99 35
85 119 45
131 138 3
85 93 46
146 147 16
76 107 2
53 59 43
6 76 53
76 133 48
142 142 1
116 143 33
100 112 15
108 130 37
6 94 16
77 115 22
3 30 22
83 149 32
26 91 21
100 131 4
145 148 4
80 142 38
108 110 9
2 109 15
65 112 18
55 112 7
71 140 48
59 91 54
86 139 33
31 78 5
136 137 37
125 146 36
101 143 40
63 90 57
38 124 0
132 140 23
22 80 8
42 83 24
141 149 18
94 111 51
45 76 30
1 121 8
77 88 57
93 127 28
143 144 27
112 112 3
135 144 42
108 116 49
47 90 50
0 108 19
23 112 1
107 113 2
147 147 47
2 117 10
66 120 22
130 148 53
120 140 54
127 149 59
144 144 13
143 145 39
136 145 56
14 27 54
11 68 39
136 136 15
5 50 51
90 141 50
44 66 22
86 101 54
49 145 56
94 94 40
131 142 17
140 140 4
37 39 32
87 127 0
125 135 18
94 97 35
71 89 2
9 29 19
31 126 50
47 49 59
93 110 1
24 97 24
112 147 31
14 68 28
19 82 6
111 124 27
64 97 36
49 60 54
38 79 28
37 82 7
61 119 60
114 139 50
5 146 25
11 57 40
102 143 18
119 139 48
42 146 33
32 65 49
94 121 10
140 145 38
105 106 19
102 137 51
55 97 59
32 73 13
73 104 0
40 66 40
41 132 14
3 116 39
77 118 28
5 110 18
12 146 56
62 114 0
53 138 50
82 94 52
51 139 2
31 113 31
26 80 2
4 89 0
118 124 19
113 146 16
25 118 24
77 90 11
58 66 46
32 51 41
127 145 35
101 131 47
64 105 18
46 93 57
138 149 31
104 142 12
101 127 21
119 131 24
51 128 25
17 124 42
138 143 47
115 142 54
145 147 37
26 138 54
97 97 32
15 17 10
55 129 9
41 142 3
79 110 42
137 145 32
117 121 17
73 75 20
127 141 10
36 118 32
49 99 36
137 144 48
130 139 37
71 136 56
88 112 52
2 88 14
91 124 0
24 55 55
101 128 4
73 88 35
98 130 31
83 120 35
110 113 53
8 120 24
42 115 53
27 106 35
23 68 47
96 138 20
117 142 9
49 126 57
49 147 41
128 130 34
75 140 48
99 140 28
36 48 60
78 79 13
139 149 24
91 92 3
69 71 11
51 107 44
41 54 46
87 129 14
99 145 40
92 94 51
37 146 9
68 90 11
49 116 2
50 103 11
89 100 34
107 131 13
10 120 59
90 147 52
96 119 35
20 45 47
132 143 19
43 50 36
65 122 53
47 141 28
86 138 27
113 125 8
134 141 15
40 114 48
93 142 60
79 148 46
2 72 15
130 135 9
46 149 50
40 84 23
13 57 60
137 149 1
13 88 5
101 101 44
49 146 10
141 147 13
104 126 53
104 119 58
115 126 34
87 149 36
10 148 4
103 103 43
116 140 31
68 133 60
10 35 53
19 102 36
43 48 36
122 143 31
133 139 35
122 140 18
135 149 27
125 126 15
18 120 54
123 137 18
33 38 7
34 39 4
59 115 45
100 140 14
55 83 31
45 149 45
43 123 36
122 148 40
115 146 0
106 145 44
63 89 3
45 78 18
63 70 26
68 70 3
124 148 1
99 149 3
95 112 23
68 122 15
77 78 33
59 102 49
118 130 33
65 105 59
105 145 9
123 148 39
60 83 34
109 132 10
1 56 55
26 55 8
9 26 27
59 107 27
51 147 45
86 110 20
129 139 35
88 108 38
16 112 46
35 80 38
19 132 58
118 131 33
88 100 45
75 77 30
97 144 47
64 145 59
140 147 23
127 138 14
128 136 35
119 128 26
29 98 47
46 124 17
115 131 5
56 115 44
17 125 23
92 127 49
118 118 37
87 87 24
19 37 33
16 118 22
20 64 14
130 142 16
107 136 59
49 59 5
19 140 44
35 95 40
14 133 35
51 142 53
119 132 37
49 65 44
131 131 52
3 139 2
14 34 40
2 100 7
21 108 22
42 110 31
141 146 25
114 141 53
25 78 60
59 83 0
10 131 39
94 141 10
1 57 48
144 149 4
62 75 21
12 99 52
58 93 13
27 76 2
113 129 14
123 145 32
1 92 10
77 131 10
128 132 8
148 148 31
108 128 41
6 10 6
98 115 51
10 91 15
97 145 15
50 84 46
26 65 30
114 131 2
107 121 47
79 127 1
34 85 60
89 103 32
48 81 2
29 55 50
129 137 28
71 102 30
29 140 29
6 42 45
60 85 5
48 97 23
128 131 33
48 115 17
95 107 4
114 126 49
123 132 25
5 96 30
9 31 47
41 91 50
0 15 35
118 136 43
72 113 51
7 95 3
19 25 29
62 67 32
130 137 25
21 53 37
126 141 21
110 120 46
91 148 3
70 133 50
70 99 14
74 137 10
63 133 52
74 91 31
34 63 57
85 126 53
44 108 12
20 125 29
49 132 53
28 63 26
105 126 14
72 130 16
36 77 38
35 43 43
143 149 28
58 147 25
84 135 3
114 125 16
61 103 23
106 127 29
101 124 2
60 120 2
58 84 21
90 103 11
12 134 18
41 105 6
99 110 49
26 58 24
36 50 42
146 146 57
142 146 60
63 91 6
25 37 13
27 131 58
70 70 24
56 112 34
121 122 49
95 115 27
3 62 41
54 85 21
110 128 50
119 138 14
7 114 23
146 148 49
46 71 1
45 125 5
114 135 30
125 142 36
57 138 55
87 115 32
138 139 60
53 54 30
14 110 9
127 133 22
26 56 38
102 122 4
79 91 36
7 17 58
25 36 15
88 94 20
68 88 8
20 117 25
19 137 55
43 88 23
119 140 16
140 148 3
67 144 33
122 128 41
34 112 41
30 115 10
85 110 53
63 64 13
148 149 20
38 144 11
36 115 58
84 101 18
41 138 56
41 122 12
138 146 24
14 61 7
125 136 21
133 146 37
139 147 6
121 143 7
49 85 34
9 50 27
52 109 59
33 74 60
25 42 57
2 133 27
55 57 3
69 76 29
119 134 11
50 54 18
22 48 59
84 105 25
117 128 30
89 93 54
20 47 28
19 141 45
119 130 12
7 52 33
49 64 14
56 99 0
111 122 51
25 69 38
135 142 5
107 127 13
48 93 8
39 147 50
102 110 10
61 146 36
36 108 11
0 14 18
114 129 21
93 133 48
111 149 8
42 77 42
72 117 27
92 123 16
30 85 57
128 144 17
98 110 39
23 62 59
60 84 33
86 131 26
111 114 39
93 106 55
141 142 27
65 120 5
16 76 39
136 144 36
101 137 50
87 104 12
126 130 39
68 68 5
42 95 28
121 135 12
18 47 17
31 59 20
34 60 33
28 62 2
139 145 59
113 143 13
47 97 38
136 141 51
105 115 55
13 128 14
68 72 46
84 112 3
38 56 2
88 147 35
15 32 29
31 138 6
21 65 27
103 108 9
10 87 59
106 146 28
13 27 21
65 141 14
99 106 58
83 144 57
105 133 17
93 125 10
78 90 12
68 135 22
65 98 9
127 144 45
80 90 19
126 145 51
65 71 9
96 114 23
11 42 5
58 59 27
98 122 5
51 134 2
66 100 59
112 120 43
46 86 60
86 89 39
73 99 17
38 63 58
62 89 13
39 82 0
115 117 15
69 149 10
69 110 23
125 137 3
107 133 19
80 87 46
31 101 35
138 140 23
77 93 14
90 113 1
11 32 10
93 100 60
24 75 30
79 114 45
77 83 53
123 135 56
130 149 32
83 139 2
139 140 30
12 86 41
34 78 38
128 134 38
126 149 35
50 135 25
54 145 34
101 144 39
143 143 59
78 131 4
8 95 55
113 135 50
121 145 56
57 113 52
38 84 39
144 147 50
9 30 23
133 137 18
48 148 21
78 103 5
53 86 17
69 91 42
104 128 14
39 81 18
100 147 5
83 130 32
129 130 22
32 57 39
117 134 60
132 139 8
129 143 30
99 143 52
73 125 54
104 118 10
1 149 22
38 131 47
31 94 48
41 72 43
110 133 39
102 107 19
63 67 4
71 109 25
96 130 38
115 115 60
39 47 52
42 123 6
144 146 21
53 134 47
4 116 29
51 149 13
31 62 17
87 133 18
88 113 14
34 92 2
46 103 37
103 132 38
84 123 29
101 118 19
91 139 18
94 110 44
39 126 30
92 137 46
54 102 46
23 83 58
114 134 49
45 143 4
31 131 3
114 145 29
135 138 35
66 91 32
38 40 22
103 107 19
77 119 17
6 127 39
90 99 58
51 76 55
40 47 10
145 145 22
19 47 14
18 72 28
91 121 8
5 87 20
27 139 49
103 145 9
3 73 22
12 32 33
102 127 52
147 148 27
79 130 51
89 99 32
107 126 5
37 120 40
62 62 32
62 78 42
22 146 7
85 132 48
7 130 35
29 91 27
64 65 40
91 132 50
39 113 27
53 130 0
74 83 9
35 124 3
82 143 50
59 138 18
116 130 2
71 112 49
120 135 60
9 84 39
105 136 58
109 109 41
84 127 31
13 31 5
120 133 1
45 124 36
66 110 22
1 109 48
27 146 23
43 120 48
67 82 6
16 65 34
21 51 22
35 98 32
143 147 44
72 138 44
98 129 29
129 129 7
77 97 59
55 63 52
27 122 32
92 107 0
67 126 6
125 143 57
12 89 9
63 134 58
55 95 3
125 130 30
120 127 17
102 130 47
100 133 24
74 88 51
12 121 43
97 134 53
90 104 20
111 112 36
71 79 8
129 146 21
30 61 58
94 118 17
73 117 59
128 137 58
25 137 55
104 123 29
7 134 59
53 103 4
119 127 5
95 127 12
25 40 25
81 109 4
70 118 27
12 142 46
121 138 53
26 70 49
112 148 0
78 94 58
125 147 15
132 133 36
1 24 41
90 115 59
108 114 19
25 111 29
106 133 15
40 140 49
107 110 5
28 43 55
8 10 50
127 142 37
41 114 30
126 140 37
100 109 21
28 143 5
93 113 23
93 107 53
10 109 54
35 109 24
30 133 43
114 127 44
78 118 57
101 113 27
103 130 39
32 125 1
41 89 21
129 142 21
35 132 25
25 83 5
109 128 50
135 137 42
49 71 6
106 118 12
75 95 2
121 131 53
82 128 26
46 47 19
48 110 32
42 131 51
31 117 1
102 126 46
3 145 46
66 122 26
121 132 1
9 108 8
123 143 38
84 146 46
99 105 22
109 149 23
102 113 4
131 144 39
138 148 24
29 127 9
52 70 22
37 58 26
56 121 55
115 128 57
122 135 32
2 11 7
68 125 18
59 129 44
17 19 57
8 32 49
110 127 23
0 62 34
143 146 58
70 111 53
129 147 12
59 111 35
105 147 5
69 139 26
49 137 58
119 129 51
10 53 56
52 55 58
126 136 33
117 130 1
28 81 2
133 141 15
0 71 2
89 92 19
96 120 16
131 143 13
66 72 10
103 128 54
23 134 59
4 143 12
46 92 7
99 109 12
140 143 18
74 100 53
114 146 38
111 119 24
58 99 56
21 76 10
91 145 4
62 99 37
114 140 48
27 124 33
56 63 32
57 99 11
30 91 1
26 72 18
0 33 12
26 54 56
86 133 53
31 45 11
53 148 16
146 149 46
110 140 56
138 145 41
23 95 20
49 129 35
69 124 7
54 110 0
121 146 0
66 88 46
120 144 48
42 66 23
94 135 55
119 133 34
53 60 56
134 142 13
81 107 45
89 146 31
19 72 1
52 66 51
97 105 5
82 149 12
23 114 1
51 111 17
32 92 35
26 122 36
23 50 54
42 50 24
93 94 20
34 126 14
10 107 45
97 108 5
0 98 16
84 126 40
12 15 46
49 63 23
26 132 26
68 110 3
35 84 48
99 99 23
123 128 27
92 143 46
4 141 60
112 137 23
89 90 19
86 90 33
74 129 43
28 94 27
67 68 26
72 114 38
84 97 11
23 129 10
36 148 34
103 136 48
12 79 51
113 145 25
93 96 45
92 95 43
99 113 57
100 115 24
91 140 33
39 134 56
106 106 31
30 106 7
118 140 1
82 93 15
45 129 32
139 142 5
145 146 25
84 115 13
131 147 54
128 142 22
10 100 44
122 149 7
67 147 36
38 58 49
9 28 48
53 129 2
95 109 1
37 98 5
71 122 28
115 145 30
39 135 4
96 135 0
54 78 24
117 145 33
1 91 48
74 75 32
72 86 45
27 104 9
63 121 23
87 130 34
19 142 40
12 51 48
29 34 54
54 121 28
83 117 9
62 109 46
19 103 46
47 103 2
7 107 29
36 60 41
130 144 58
46 91 56
10 51 59
76 104 12
117 118 26
19 60 30
25 106 46
35 35 57
85 108 53
132 138 48
86 86 8
72 75 2
120 131 47
52 61 43
6 61 38
62 137 48
5 125 15
86 107 22
72 126 3
67 92 28
136 143 40
3 110 41
111 133 28
90 134 28
63 141 54
78 98 39
104 117 53
25 30 10
110 117 0
5 63 15
43 101 19
55 78 11
22 50 6
34 143 59
3 55 37
80 107 10
38 59 5
92 102 60
116 145 33
133 143 7
20 38 13
84 128 4
50 71 10
65 78 52
107 129 36
45 117 35
85 91 33
50 132 29
10 22 55
57 96 30
130 146 50
69 118 51
59 70 39
46 139 24
63 84 58
59 117 51
72 132 17
88 92 34
68 94 28
32 85 17
23 63 27
113 132 20
73 133 39
48 65 28
56 62 27
49 81 40
98 138 20
88 88 4
51 140 13
6 145 20
40 113 18
109 127 21
62 104 23
51 94 11
52 81 47
82 97 18
62 115 13
101 130 39
22 69 13
116 126 17
142 147 16
69 95 29
112 125 15
16 52 51
96 149 37
91 117 60
92 112 15
0 85 44
120 125 14
82 109 47
92 148 31
82 141 13
113 133 27
80 110 36
18 62 28
103 117 3
19 68 44
32 119 12
16 135 39
141 143 29
138 144 28
109 120 7
54 108 22
1 118 49
72 84 40
32 79 20
80 135 11
143 148 53
107 123 29
115 139 52
85 109 59
25 88 38
119 123 58
86 130 21
112 113 24
101 109 17
124 136 37
100 141 29
92 108 41
38 147 38
102 121 32
57 80 3
81 95 23
47 120 52
20 69 33
29 86 9
57 131 46
130 132 58
62 63 4
52 86 3
19 88 25
59 146 0
132 137 46
61 137 31
15 142 14
27 103 32
48 140 7
27 61 58
35 68 37
18 86 54
42 140 9
89 109 57
11 134 58
65 144 7
11 137 22
18 69 13
3 14 25
130 131 27
17 114 28
40 48 35
21 59 22
85 148 38
101 108 20
80 143 47
49 52 14
133 133 28
79 122 53
46 94 12
4 101 38
4 104 29
37 138 31
94 144 28
69 74 47
13 119 13
97 132 43
119 144 10
30 65 54
56 100 1
78 78 37
43 64 8
28 77 31
70 77 20
46 138 17
144 148 4
35 62 49
35 47 8
134 147 60
61 67 4
46 75 24
66 124 30
41 126 7
39 124 58
28 134 56
13 25 42
11 11 36
114 128 15
87 91 60
65 138 0
117 120 54
66 115 4
111 123 24
31 77 14
89 148 34
104 116 35
22 138 51
126 133 10
44 120 30
53 117 37
50 141 33
40 94 24
62 142 35
43 53 6
76 145 9
88 135 52
115 124 30
139 146 42
110 131 55
4 125 48
136 140 53
56 144 24
90 123 25
11 119 3
64 83 9
125 125 43
41 97 27
45 64 31
110 123 4
72 76 29
108 135 9
69 69 24
76 91 11
118 123 47
75 92 29
131 139 1
31 61 7
11 48 58
61 143 3
117 119 16
104 114 38
133 142 36
57 87 60
50 131 27
22 43 11
108 109 3
49 104 16
74 144 51
50 115 21
81 148 30
43 102 45
86 144 24
99 107 19
31 132 39
67 141 40
56 127 28
131 135 10
129 136 4
129 134 14
105 140 49
32 68 10
123 133 49
104 112 9
46 62 43
10 149 25
49 54 16
134 138 18
27 85 29
9 129 0
8 119 1
16 33 30
84 109 50
88 117 13
48 53 46
30 93 48
74 95 37
84 88 20
4 7 52
68 105 15
25 143 35
107 145 34
81 126 55
68 73 0
41 123 59
112 117 13
63 145 24
85 120 19
72 111 24
34 56 31
42 97 34
142 144 34
41 83 51
86 115 26
116 128 46
104 138 58
117 133 25
123 130 0
15 134 45
112 141 50
5 31 55
70 101 27
47 119 5
44 76 49
64 128 20
0 121 57
66 77 46
33 107 33
73 128 10
29 74 57
96 111 11
44 69 21
37 93 44
135 143 32
26 127 43
121 147 12
9 39 26
140 142 51
111 115 1
27 40 33
120 137 29
130 136 25
122 130 56
43 111 34
76 144 39
97 99 37
8 75 52
24 130 2
74 133 4
86 114 1
108 115 17
17 96 0
74 140 19
56 71 46
79 96 33
19 117 46
113 140 54
50 83 60
35 58 33
72 148 19
31 70 38
105 127 19
124 126 38
112 132 36
99 132 5
11 108 54
2 116 8
89 117 36
142 145 51
134 144 11
55 71 1
79 81 55
73 86 46
90 119 48
53 69 23
3 126 56
41 66 30
7 49 39
34 147 16
51 67 24
57 139 14
42 132 51
34 67 57
24 110 22
85 85 59
63 131 17
81 89 19
58 102 2
15 106 58
142 149 60
83 102 16
34 128 19
90 91 18
50 69 59
40 90 2
30 75 30
118 128 46
112 129 13
28 124 36
73 94 16
8 93 49
113 123 16
134 146 0
84 108 54
51 72 20
28 87 3
48 82 55
69 125 45
40 131 57
33 71 4
113 142 44
10 46 45
37 133 32
34 132 16
43 106 14
109 137 22
8 107 54
137 143 59
40 56 28
55 102 22
37 109 19
42 48 52
140 144 50
59 128 21
27 52 0
63 104 24
95 149 33
114 114 43
124 131 40
3 29 4
74 147 5
38 71 2
13 66 16
28 108 10
80 146 50
44 129 26
50 101 60
94 114 13
95 123 60
51 80 1
15 137 19
79 118 35
2 68 29
108 131 41
117 141 36
40 119 36
99 135 40
56 102 54
39 130 10
64 134 32
93 116 50
28 60 57
86 98 49
84 114 30
6 32 57
114 115 58
59 98 20
133 140 2
29 125 8
40 51 36
49 90 16
116 121 56
106 130 34
88 109 43
11 60 10
114 130 35
109 125 59
37 94 52
11 12 25
105 120 57
22 112 57
20 72 3
38 55 59
73 145 19
23 87 51
126 135 9
5 58 23
57 81 45
107 112 19
11 87 24
49 108 41
105 125 21
122 126 54
81 94 18
3 72 17
125 128 57
84 140 24
20 73 26
28 109 44
25 26 37
135 145 48
105 118 17
27 39 32
25 147 35
54 97 2
48 96 20
67 90 52
34 110 55
68 120 54
103 144 58
9 131 37
67 148 58
127 140 12
47 68 11
38 130 46
64 139 11
100 144 9
42 134 10
89 124 49
39 121 14
37 77 0
38 82 31
78 130 27
38 81 47
133 147 50
23 58 12
60 86 19
79 108 5
29 59 59
39 79 0
41 53 50
47 117 27
58 85 1
20 100 6
21 36 4
46 102 38
31 75 6
110 132 36
31 115 28
8 31 8
100 135 48
69 127 56
48 146 47
71 131 47
85 87 52
8 9 26
25 115 30
34 89 36
1 70 33
86 102 57
66 75 40
28 107 1
52 111 40
123 139 50
31 79 58
34 100 31
39 46 49
12 69 60
93 122 12
99 128 24
130 143 10
38 99 49
5 144 52
63 124 18
7 37 27
120 147 43
133 149 55
61 92 20
62 132 24
35 82 10
68 79 31
91 129 56
48 123 7
110 112 24
107 130 6
85 111 41
6 120 23
2 98 36
19 106 17
87 143 24
42 46 10
54 106 11
80 101 59
32 122 44
107 111 9
108 113 23
113 122 38
11 84 48
117 148 27
112 149 19
11 54 60
43 59 30
30 112 10
60 143 26
23 24 9
69 104 58
59 71 36
86 96 55
65 81 27
13 80 46
1 75 8
13 114 30
26 145 59
64 77 1
68 91 26
106 120 5
13 76 24
128 138 35
54 140 50
13 30 48
17 42 59
96 96 60
22 113 40
39 83 14
15 120 14
107 147 23
112 118 45
142 148 1
98 139 8
25 70 35
21 45 14
81 134 13
31 141 33
50 100 16
0 8 9
32 45 43
10 110 54
122 129 43
32 62 14
53 71 21
23 97 1
78 127 47
23 69 59
99 115 34
105 143 8
94 142 1
52 133 15
58 65 37
80 125 37
59 78 41
106 121 14
111 138 28
45 111 37
52 85 43
7 87 19
15 31 38
5 133 10
67 112 18
6 88 35
85 118 55
75 145 37
83 118 9
30 144 41
18 122 50
99 118 1
132 144 39
135 141 43
24 82 22
86 93 35
116 120 20
122 124 33
127 143 24
18 118 6
54 133 15
53 141 17
101 119 8
55 119 38
34 119 6
128 135 23
36 47 49
118 139 1
116 144 55
131 146 49
109 139 36
106 111 14
119 119 4
134 134 47
103 118 22
40 74 47
74 124 43
127 136 1
102 102 1
21 143 49
51 143 9
122 134 1
72 90 39
4 90 32
106 115 12
19 135 34
130 141 5
20 95 23
85 130 27
100 110 60
96 125 31
23 116 41
41 117 45
23 146 40
124 134 9
128 141 32
97 138 53
9 149 41
121 134 44
55 133 36
81 147 45
103 109 55
95 110 16
83 91 57
6 70 56
63 83 53
78 143 57
10 115 3
56 60 18
27 98 15
28 69 29
23 35 9
56 80 5
94 124 39
97 118 2
56 136 51
129 145 51
109 141 6
62 92 22
93 97 56
28 28 16
46 132 31
45 52 55
33 94 14
64 81 55
31 139 11
134 143 9
17 45 17
106 137 13
12 71 38
131 132 42
81 129 20
87 92 42
5 112 12
115 119 49
83 109 10
61 61 55
5 32 4
97 136 38
64 138 8
60 116 0
75 101 46
26 90 33
85 147 21
33 128 20
110 129 49
85 137 25
4 146 53
21 112 41
114 137 55
26 44 37
97 114 27
22 66 32
41 88 25
5 57 60
107 108 14
111 144 13
82 108 60
116 149 14
101 132 32
137 137 42
15 55 50
46 126 12
114 122 2
58 107 32
37 63 49
113 144 39
78 126 8
44 134 8
13 105 40
13 28 1
20 26 0
54 84 40
5 83 36
11 43 25
58 135 60
23 99 3
27 69 15
17 143 45
127 132 56
67 89 13
94 123 24
89 98 45
123 127 17
117 124 25
63 95 19
28 120 29
31 64 40
10 130 43
101 115 2
106 126 40
94 138 8
102 118 10
23 67 17
12 105 3
31 49 17
115 134 54
26 114 39
15 18 59
63 63 36
90 108 54
97 139 13
10 143 59
98 106 4
12 127 23
64 70 14
109 145 30
70 72 37
52 142 39
113 136 24
19 120 24
116 148 32
47 135 15
82 123 16
91 106 50
53 105 28
54 82 33
42 67 48
38 140 46
25 105 48
11 59 9
64 142 10
85 106 13
76 148 12
101 142 19
50 106 9
98 102 38
37 51 41
61 79 50
92 136 51
61 114 44
0 27 57
40 108 18
3 120 17
84 125 11
111 128 55
118 127 43
80 83 10
24 138 1
58 138 25
4 39 31
136 149 38
30 122 36
89 136 30
78 112 10
45 74 30
16 93 19
86 142 6
63 116 20
54 56 29
110 138 49
71 108 16
70 119 40
94 98 42
60 121 55
115 118 13
33 124 57
5 13 9
78 149 12
95 119 33
41 119 17
29 116 58
103 122 4
131 148 13
2 93 5
135 148 25
46 73 37
32 93 10
82 136 12
29 64 35
26 123 17
89 131 3
35 76 58
33 65 23
69 84 7
90 145 5
22 87 15
39 108 12
24 128 24
30 71 51
108 134 25
11 40 11
86 120 6
111 135 17
22 122 18
98 116 50
21 85 53
66 74 45
21 62 59
8 125 11
27 108 27
116 134 8
44 89 54
56 114 1
130 130 0
85 117 42
16 95 23
33 100 18
55 64 7
129 149 5
64 64 17
102 132 16
48 141 20
123 134 24
139 141 31
105 107 11
8 48 6
107 148 43
29 53 7
109 136 45
13 130 20
82 113 2
67 120 3
108 136 37
34 52 2
47 92 43
9 43 27
14 91 8
94 145 29
57 60 55
111 127 14
53 136 4
106 122 56
25 75 29
84 116 29
91 111 1
93 98 40
102 149 50
88 120 43
53 90 20
27 134 1
19 32 59
135 147 49
126 147 48
94 113 20
52 115 28
0 144 36
23 34 30
54 115 46
49 57 7
4 95 1
38 120 53
15 89 60
98 117 44
121 125 36
37 67 46
80 144 4
13 144 48
58 136 18
70 113 35
69 140 20
120 134 57
117 127 18
1 89 4
135 139 54
40 132 12
21 42 47
128 147 8
31 86 30
70 73 48
98 125 25
92 145 42
56 67 51
118 141 24
91 127 16
79 92 30
111 145 51
19 83 31
80 105 44
39 114 44
120 120 9
36 81 49
50 76 55
33 113 32
89 141 36
25 72 23
74 87 23
80 118 28
23 103 5
60 78 32
87 105 25
107 125 17
73 135 26
42 89 44
88 98 4
121 139 40
52 53 38
49 84 8
128 129 19
50 123 34
80 99 5
14 106 0
73 113 56
97 98 44
6 33 60
36 37 37
38 75 58
22 143 24
126 148 52
92 130 10
60 101 15
30 52 5
69 87 8
105 122 34
110 147 29
111 111 39
1 60 53
71 110 25
25 31 1
26 81 40
120 126 28
4 93 18
85 146 56
41 60 37
72 100 4
19 38 14
119 135 8
118 129 5
80 126 33
35 118 6
64 146 18
141 144 27
64 144 55
138 147 20
69 102 47
117 129 18
61 123 56
49 110 27
22 125 35
40 126 38
21 63 10
8 81 15
115 133 48
17 71 25
68 111 27
63 80 13
91 147 10
15 102 43
34 129 46
59 108 2
76 95 31
29 70 56
63 129 23
94 137 35
100 100 42
132 149 44
110 118 24
0 55 41
110 141 20
69 98 22
74 77 29
28 68 53
87 132 52
112 142 36
9 106 4
24 69 9
46 55 41
36 99 15
106 149 54
71 80 44
80 130 29
8 50 19
88 139 11
22 38 22
5 149 56
114 132 29
75 127 47
3 101 44
118 122 28
115 138 16
2 140 50
5 121 29
126 132 4
137 141 4
28 121 43
52 144 31
3 83 49
25 56 22
130 147 45
25 81 33
80 113 26
50 143 11
125 149 7
47 107 17
18 74 40
99 133 20
88 106 57
13 129 19
72 136 47
0 91 6
118 134 37
48 57 30
26 37 36
101 138 57
98 118 8
85 123 12
21 137 33
134 149 24
18 57 2
87 138 54
38 94 46
33 78 52
126 128 55
95 105 19
43 51 26
20 113 28
44 51 23
61 69 4
58 111 3
88 107 34
72 92 14
57 147 44
6 34 0
123 131 9
45 82 13
72 149 2
14 120 28
0 39 12
100 126 37
76 137 58
70 74 37
71 73 59
92 141 42
72 142 52
33 49 42
100 106 26
41 90 47
35 117 55
3 56 6
8 100 3
74 145 17
35 85 3
80 92 57
7 122 36
35 46 45
57 106 5
33 45 43
92 113 13
7 68 0
109 119 34
69 130 10
55 58 53
87 116 20
20 22 31
47 113 30
65 85 16
49 144 23
83 101 9
7 88 49
22 62 23
45 53 54
133 138 5
1 106 2
47 78 54
43 72 50
82 110 13
15 30 6
121 140 41
117 139 33
79 124 54
127 127 9
22 39 51
118 149 49
33 69 29
58 68 7
2 32 57
99 104 41
118 147 6
69 92 57
45 141 43
34 76 3
90 135 21
94 112 7
47 129 7
96 132 4
33 72 51
54 146 46
101 125 20
49 117 32
104 140 45
6 104 23
68 108 20
21 105 57
25 148 16
64 114 22
77 130 40
88 121 38
38 135 4
137 140 42
1 38 50
15 130 1
13 95 42
67 138 3
78 81 53
93 145 1
22 115 21
11 143 0
4 10 35
120 122 16
82 99 49
109 142 13
28 135 43
55 146 55
33 93 35
87 131 26
49 91 6
140 146 33
41 49 37
3 31 50
108 138 27
19 84 15
93 138 57
50 89 14
24 87 42
79 90 56
63 66 4
17 132 36
133 145 13
2 114 11
113 120 51
116 137 24
107 128 49
41 70 26
30 129 1
122 137 26
125 139 1
85 102 6
10 99 27
122 125 32
42 78 5
52 112 39
57 127 46
67 74 49
78 124 19
0 53 26
10 104 44
77 139 7
23 33 1
15 42 53
29 114 23
115 135 19
111 125 39
133 144 28
12 90 54
123 125 14
17 128 59
57 130 44
135 140 4
94 116 41
77 127 21
42 138 45
84 92 42
49 103 48
32 101 15
65 127 9
11 117 52
36 62 59
27 141 33
22 36 20
83 83 50
30 128 60
52 136 13
86 145 59
47 71 57
129 132 60
52 108 5
108 108 19
13 117 21
63 125 30
11 107 9
62 133 4
22 144 38
75 79 7
23 25 10
72 78 18
38 105 55
136 146 37
8 69 32
77 113 56
36 101 37
1 55 41
51 129 43
18 106 26
4 80 52
3 124 43
1 141 45
58 109 27
2 33 26
28 49 15
18 70 55
38 134 37
65 124 49
122 127 26
22 79 13
30 114 4
49 77 34
125 138 2
67 111 24
21 77 37
18 116 14
18 138 7
43 91 29
70 83 27
90 128 60
35 147 47
16 61 60
4 29 24
3 11 43
36 72 14
29 29 2
46 83 16
26 28 17
123 136 8
58 63 20
20 101 48
119 136 24
138 141 39
73 126 18
33 64 4
0 75 3
2 127 4
18 139 18
8 97 24
81 140 7
120 124 42
62 70 37
77 103 42
99 148 34
40 87 10
32 96 10
84 96 15
47 91 14
71 98 41
63 106 40
34 145 8
123 124 29
47 139 25
119 143 48
46 48 59
21 96 25
8 44 35
43 85 38
117 146 18
13 120 27
35 37 18
114 124 52
79 140 58
116 129 34
81 112 7
14 121 59
21 130 52
60 146 1
101 136 33
12 19 33
94 126 5
23 26 2
22 32 15
103 134 47
99 131 18
89 123 2
2 64 29
0 31 0
17 92 14
99 111 9
69 143 49
29 149 17
87 145 12
27 94 41
132 135 32
104 148 28
30 97 52
78 83 21
93 99 6
65 100 24
66 127 50
64 73 2
17 144 51
60 60 4
65 147 18
0 110 8
31 145 60
96 141 18
2 49 27
93 143 14
50 128 36
38 51 21
10 11 24
25 74 35
54 74 60
13 73 43
84 119 32
124 140 30
27 84 33
66 76 18
11 22 45
100 128 60
74 109 17
45 136 43
112 130 16
124 130 55
62 131 42
14 81 48
28 141 16
1 11 10
99 125 31
24 131 4
76 89 57
34 62 40
52 146 58
133 148 3
139 148 15
24 45 40
74 112 50
22 73 48
28 123 31
80 132 60
104 136 45
75 110 6
47 104 34
125 133 5
59 144 20
10 139 40
29 121 42
16 46 22
40 147 29
106 114 44
18 43 3
129 133 12
0 105 33
17 30 9
27 28 56
114 148 37
69 108 54
79 107 25
57 95 9
93 105 44
45 137 38
7 102 12
42 60 23
72 119 5
104 145 7
138 142 20
94 127 37
29 138 8
136 139 12
87 124 36
75 113 21
37 115 13
21 21 19
61 125 24
18 44 43
96 134 51
13 126 0
27 148 14
39 45 56
96 121 54
17 32 19
40 76 40
71 86 44
84 86 17
90 111 54
11 44 41
46 69 9
55 140 6
113 148 55
10 108 5
141 145 2
22 84 30
82 126 53
93 108 57
47 57 20
65 84 14
62 98 58
74 107 13
54 93 21
122 141 41
49 142 16
89 119 11
46 72 31
80 131 42
32 97 37
71 105 53
91 97 37
7 93 34
75 88 56
64 76 36
45 79 22
104 139 48
15 25 60
67 83 23
7 146 58
19 115 38
45 88 21
48 104 19
83 127 57
41 63 11
42 68 25
101 149 35
103 141 16
57 132 8
106 128 14
36 69 55
112 139 31
100 146 3
30 96 46
108 139 29
91 109 15
46 120 14
69 81 18
64 127 13
31 100 44
81 102 15
67 84 20
112 135 11
101 110 44
109 133 50
48 63 56
71 95 19
37 48 15
79 134 30
54 147 11
86 135 44
56 78 42
108 120 2
76 76 58
25 138 14
105 139 17
68 77 1
59 139 29
70 98 25
36 71 59
61 142 54
80 82 59
8 140 30
34 37 18
88 129 25
107 124 29
78 120 2
118 145 44
14 24 28
7 113 26
31 112 3
73 146 54
11 52 36
135 135 1
45 118 11
113 147 57
109 140 27
71 97 55
77 143 44
56 142 32
25 41 31
107 119 53
70 122 47
65 135 52
19 143 46
71 113 15
71 147 10
48 111 0
92 110 53
56 93 52
63 120 33
61 68 57
10 26 1
50 113 35
93 112 5
29 51 28
56 122 37
97 146 25
91 144 48
69 75 41
58 121 17
46 105 20
11 115 23
28 86 12
113 121 54
102 124 57
60 65 34
124 137 46
100 143 29
55 77 47
109 126 26
14 50 42
117 147 59
52 76 8
49 92 6
55 121 18
98 107 48
94 120 60
4 17 16
23 30 42
116 124 16
20 52 50
88 138 9
37 62 6
47 62 15
23 107 60
3 53 41
111 117 53
92 121 23
72 118 60
12 40 38
123 149 28
72 73 17
17 100 51
101 116 34
70 126 25
77 140 9
105 141 37
3 58 17
82 96 53
126 143 42
11 88 44
96 145 40
84 98 46
70 94 60
93 119 33
59 77 34
134 137 5
21 116 1
42 57 50
10 21 11
13 33 36
17 31 25
99 116 57
94 106 37
126 139 15
74 84 5
11 66 0
75 100 17
124 143 52
52 143 19
77 146 9
124 129 49
102 115 3
129 138 26
56 123 5
65 128 60
85 94 0
43 87 14
10 25 29
137 139 14
66 70 38
111 140 42
73 116 13
62 102 40
34 36 3
86 94 1
29 47 58
18 104 10
84 149 33
62 107 52
40 121 44
95 99 56
104 113 35
25 121 39
94 146 7
60 97 16
56 84 5
72 96 5
20 80 23
30 120 0
114 118 29
2 6 39
31 98 43
108 118 20
62 113 46
110 135 17
24 148 2
95 100 23
41 52 10
8 25 58
56 103 38
30 83 54
134 139 3
61 124 54
29 63 33
6 133 25
27 116 14
48 54 6
122 144 4
64 111 55
132 134 6
68 101 19
18 71 41
35 106 5
2 52 8
29 57 2
18 119 44
50 96 18
7 71 47
65 102 46
9 46 28
71 143 32
78 95 24
102 117 42
59 126 3
9 117 24
8 102 14
62 110 47
103 126 58
63 82 49
70 149 47
60 69 8
12 80 60
79 146 36
5 34 42
10 140 12
0 23 51
47 125 23
84 85 45
45 57 16
74 128 44
94 100 50
95 113 3
34 53 52
109 121 19
33 48 34
46 65 49
0 122 39
103 125 18
128 145 54
98 111 13
101 135 13
63 98 20
21 74 25
127 137 0
17 145 41
119 124 34
116 119 30
109 130 43
20 78 25
140 149 28
90 94 48
87 144 15
34 134 16
127 146 13
88 133 46
53 116 60
103 124 11
47 52 18
52 74 49
13 69 57
35 63 11
35 130 54
68 123 14
39 93 41
115 132 38
64 120 20
64 113 28
12 13 15
78 123 29
96 144 9
82 103 37
29 107 35
81 114 32
50 62 14
40 79 50
20 139 36
119 126 15
91 135 8
40 85 33
91 91 49
11 140 0
1 135 14
8 137 16
17 97 54
129 144 14
108 143 40
54 92 10
129 135 12
119 145 5
65 108 27
76 142 24
27 93 33
65 93 39
59 104 15
145 149 57
28 57 21
79 132 56
14 19 52
70 92 37
114 149 37
65 65 39
54 100 20
87 98 0
12 93 52
91 138 10
79 145 11
46 50 28
103 138 25
57 114 5
25 117 5
22 101 46
118 133 60
36 110 43
98 137 18
110 124 32
32 139 23
92 92 41
35 149 18
45 98 19
64 67 4
39 56 59
44 80 3
1 14 10
103 111 53
5 131 43
5 108 50
115 144 16
12 116 25
26 60 28
37 118 18
37 92 28
92 125 35
51 148 58
81 88 54
83 133 22
119 125 27
98 133 26
92 142 31
74 122 44
63 65 57
39 95 28
71 101 28
71 85 8
13 15 28
68 124 13
16 121 0
60 98 13
46 108 51
70 137 39
100 114 6
51 137 20
85 134 23
58 144 15
73 134 57
76 94 9
60 66 15
12 108 52
89 121 55
38 49 45
12 28 39
74 104 31
87 107 25
37 55 49
80 89 32
0 92 0
14 16 20
102 141 40
69 133 14
94 131 29
11 13 40
77 85 42
31 40 27
52 83 57
27 79 45
16 140 22
78 141 13
30 141 2
54 132 45
17 80 19
49 140 45
28 55 59
77 92 4
137 146 6
75 90 9
28 136 36
5 124 34
65 94 56
44 110 6
56 101 0
22 49 7
52 75 43
135 136 0
61 95 38
37 72 35
100 108 31
67 145 26
16 73 24
1 107 51
8 109 37
83 112 43
81 136 2
59 131 27
59 148 27
14 54 60
29 101 49
79 144 1
47 99 50
68 138 54
98 134 53
61 89 18
105 110 60
86 112 41
12 120 33
63 102 12
19 139 41
64 140 12
56 88 24
92 149 1
21 129 6
54 98 42
2 9 5
6 40 1
95 144 32
82 131 25
95 101 19
95 134 21
18 101 35
24 71 38
3 104 36
30 113 15
37 76 43
11 20 9
51 79 56
90 117 0
94 99 2
126 144 13
106 142 16
87 139 56
123 126 7
14 35 15
77 102 36
35 96 51
58 71 32
36 98 58
23 48 35
71 138 3
49 101 31
98 141 25
97 104 44
12 14 50
7 46 13
110 110 22
1 58 22
1 34 14
23 28 16
103 131 1
95 142 24
21 38 41
126 127 58
8 82 4
40 110 47
82 144 40
109 113 30
137 147 27
89 111 47
111 143 30
44 70 55
56 92 27
47 81 2
36 46 13
5 60 21
105 135 58
50 112 58
54 96 18
6 108 10
84 89 41
88 142 32
73 127 1
123 129 60
40 135 29
107 134 51
124 145 9
72 135 32
75 121 57
52 97 37
61 91 42
17 108 21
122 136 16
31 72 11
57 101 2
98 143 46
67 122 34
22 35 15
104 125 4
119 146 18
44 136 16
81 100 40
72 122 26
13 106 34
47 60 4
54 111 43
45 91 28
49 83 2
27 86 47
52 127 25
51 56 35
90 148 34
89 120 50
6 51 1
89 125 38
7 108 26
68 144 15
95 148 47
94 95 47
6 80 57
14 95 35
46 125 40
61 99 28
39 119 36
83 84 45
101 122 52
3 38 5
60 115 15
81 119 7
52 62 29
60 64 53
77 108 49
3 134 38
85 144 16
36 132 24
68 121 60
76 90 30
73 79 38
9 15 30
28 40 6
7 101 5
68 106 58
131 137 52
17 49 11
96 115 44
43 47 36
115 125 30
131 145 47
27 100 24
73 118 21
82 129 3
9 138 41
85 95 55
92 134 36
34 120 36
92 97 60
105 130 59
103 105 16
113 126 41
11 76 10
36 44 3
32 52 31
81 146 48
2 56 35
109 110 53
13 121 13
32 43 30
79 82 39
48 145 58
126 142 4
84 138 27
75 133 18
31 35 36
32 113 37
13 61 45
64 143 43
20 97 13
115 123 10
46 135 54
53 127 1
61 117 23
96 122 14
52 60 51
3 81 8
28 149 35
33 44 17
97 117 31
93 104 26
12 126 58
92 133 1
30 32 46
19 57 10
57 90 25
11 136 59
99 144 60
96 148 28
35 102 22
36 54 27
74 81 42
15 43 57
61 145 49
22 72 10
28 142 1
8 78 16
107 132 54
60 134 33
36 121 12
15 85 40
4 60 50
13 125 44
44 135 58
16 125 34
89 108 32
6 142 5
42 133 1
24 103 14
45 84 31
132 148 33
113 139 57
21 127 22
40 117 22
7 81 54
104 108 59
104 146 44
127 131 16
56 149 19
57 85 59
83 135 41
84 99 29
87 128 7
13 41 32
27 90 17
25 127 12
51 73 21
15 41 2
120 139 60
46 109 1
73 102 42
76 140 14
101 141 40
79 123 43
117 126 33
55 145 20
56 138 25
60 71 51
25 71 6
98 142 29
83 136 15
127 148 57
35 36 50
18 48 55
76 127 22
63 96 47
62 69 39
41 121 58
3 114 16
44 97 46
89 127 28
128 139 36
101 129 19
15 147 30
59 141 26
82 84 45
44 138 58
33 51 35
3 90 16
97 115 56
52 65 27
80 88 56
60 124 4
100 136 42
53 121 29
57 129 27
107 144 26
31 95 29
29 54 27
20 147 16
98 124 45
52 54 0
100 121 0
140 141 57
109 114 1
91 119 9
64 148 47
114 133 54
22 116 48
26 85 32
20 58 39
90 136 43
117 132 50
92 131 55
44 82 17
107 117 35
118 138 59
101 111 33
75 97 25
98 101 41
123 141 7
19 91 59
4 51 49
20 140 11
120 121 18
63 81 2
57 78 57
29 143 15
85 127 21
24 61 35
9 80 57
33 73 17
116 147 55
121 144 38
121 137 60
39 64 31
129 131 40
11 145 28
81 127 29
42 51 0
92 111 57
70 147 54
113 138 2
50 55 36
51 133 48
11 106 48
123 138 43
44 74 30
1 72 50
4 22 46
43 52 40
81 115 41
17 65 28
22 95 19
10 14 35
29 134 40
80 116 18
63 111 58
35 114 27
23 92 2
81 111 14
99 136 54
9 146 49
69 90 8
71 145 10
64 132 21
50 134 11
86 99 9
93 118 31
70 139 42
69 111 45
86 137 29
13 149 28
102 131 60
64 136 13
45 81 0
25 61 17
0 12 41
68 85 24
50 127 49
27 48 22
62 125 60
16 41 34
116 142 24
11 18 15
16 29 7
121 133 34
24 111 58
93 114 27
14 49 13
41 41 2
72 82 1
95 120 53
62 124 52
92 93 53
61 126 51
116 125 24
67 124 30
20 79 41
16 119 28
106 109 41
24 41 56
42 100 24
55 61 32
29 131 25
15 72 56
68 137 55
101 106 27
107 140 6
82 112 37
26 111 6
37 112 51
116 122 49
34 141 36
99 114 47
6 28 2
67 80 38
84 103 3
98 128 19
49 61 28
131 136 45
64 86 57
66 119 13
86 92 21
88 125 11
30 55 27
6 55 59
45 109 55
87 111 3
66 142 39
35 131 25
87 114 30
33 37 1
53 98 23
15 132 5
6 15 14
39 94 21
95 131 7
24 123 9
120 145 33
99 102 41
6 113 33
12 110 29
56 141 5
87 95 54
66 114 3
32 145 35
100 124 29
54 80 2
3 46 26
96 100 49
111 134 36
121 136 41
100 145 34
27 58 29
108 148 17
34 104 31
106 123 5
4 128 49
103 115 7
64 149 32
100 129 33
16 104 50
31 111 41
26 69 40
96 107 29
4 74 11
104 149 31
133 134 38
7 92 19
76 106 28
70 93 9
12 63 7
28 98 28
56 143 0
32 58 20
2 37 21
47 50 59
102 111 58
22 56 25
114 117 25
54 83 18
93 123 20
44 140 5
80 129 40
53 93 37
113 116 57
53 97 47
36 117 38
91 123 11
21 73 37
103 106 30
16 103 46
65 91 11
62 88 53
88 144 4
76 149 38
33 127 28
58 73 43
2 4 11
12 45 7
103 119 2
71 106 27
52 126 37
13 68 41
127 147 17
69 107 2
62 72 53
9 69 22
21 81 11
29 111 9
4 105 16
60 72 7
73 131 56
25 142 26
132 145 44
95 140 56
18 19 27
3 32 2
48 118 32
65 139 15
60 131 52
58 116 26
142 143 3
102 125 34
31 103 44
79 135 29
124 146 51
112 126 16
49 73 23
100 116 59
4 73 56
11 96 7
54 103 10
66 112 58
69 128 16
108 122 60
97 129 10
34 70 9
2 147 37
118 146 20
80 94 58
41 42 59
26 110 32
46 116 59
116 146 4
88 102 60
23 44 15
126 138 45
39 61 14
79 116 15
61 104 36
39 88 51
93 131 28
59 133 53
54 116 24
108 140 53
56 81 30
62 76 2
82 118 46
106 112 28
15 46 38
68 83 59
5 109 55
100 102 45
43 146 27
79 142 12
96 98 25
55 70 41
28 117 1
63 114 5
21 133 20
24 92 7
2 16 30
71 118 13
28 131 60
46 144 40
67 72 1
57 133 29
53 123 8
70 124 13
0 134 15
43 140 39
111 141 33
7 131 37
128 128 23
4 64 17
32 107 46
28 82 30
18 73 19
21 89 13
12 83 7
74 76 31
116 132 29
39 105 49
113 124 53
112 115 31
117 149 53
66 118 11
51 92 9
7 23 25
92 106 25
27 72 28
20 108 8
54 114 38
51 64 23
4 61 49
8 11 11
63 73 6
9 32 51
50 52 17
4 30 42
65 97 48
26 113 16
40 49 23
61 82 10
26 35 9
108 133 1
20 44 36
0 120 22
76 117 51
76 105 6
67 117 1
97 122 29
18 131 25
2 115 5
83 138 17
55 82 20
21 92 32
20 136 13
92 116 49
44 62 13
19 100 27
13 104 27
43 95 53
82 115 14
55 101 41
39 54 2
126 131 5
18 100 43
30 89 46
14 146 31
80 121 9
80 97 37
27 47 59
14 63 45
56 73 38
122 133 39
113 141 32
15 68 41
106 140 28
18 24 43
60 99 49
62 146 32
63 143 1
107 143 19
64 89 48
96 102 40
83 104 50
6 91 30
46 88 36
10 121 50
13 50 48
118 143 40
4 31 22
86 124 59
85 125 33
1 110 44
62 85 24
79 79 35
81 116 33
42 76 15
45 123 58
79 109 28
81 145 60
100 149 57
27 56 41
65 74 56
56 74 0
82 87 44
108 144 48
19 21 48
105 109 22
40 73 43
94 132 14
6 87 36
58 75 32
32 48 2
98 109 22
47 138 29
26 125 42
44 149 18
39 60 13
44 127 4
61 122 40
20 90 3
90 101 28
77 84 23
53 139 16
120 146 30
53 65 11
21 121 16
98 140 52
122 123 3
50 121 16
1 44 13
27 120 6
45 135 32
80 91 10
51 71 0
73 115 35
15 64 20
7 97 11
117 131 27
124 142 27
6 130 37
83 100 28
13 62 49
7 136 23
52 149 10
39 120 0
98 123 46
34 41 6
62 94 58
29 139 5
124 139 17
34 73 41
55 76 24
50 92 11
44 49 23
78 101 5
68 89 49
44 148 24
55 80 49
95 117 11
72 103 16
109 115 10
11 100 16
84 84 52
83 88 51
13 98 20
48 120 36
1 101 2
97 111 38
7 59 16
93 140 33
30 92 44
18 134 22
12 41 2
79 100 15
1 124 2
88 89 54
80 128 7
94 147 54
7 132 4
71 78 54
37 141 14
11 81 4
95 104 34
76 88 59
99 139 1
87 106 28
96 142 58
47 102 49
10 122 9
88 99 52
14 93 5
75 112 38
70 128 30
53 78 43
54 141 54
68 147 57
19 136 32
55 59 48
69 105 42
41 71 47
102 105 50
24 79 30
33 52 4
110 146 37
59 118 2
82 107 55
92 105 35
74 90 47
2 81 56
5 90 49
29 37 56
46 140 29
110 149 12
114 136 40
21 99 48
47 122 59
83 143 9
102 147 34
21 64 14
16 114 57
3 129 45
17 110 60
44 117 15
6 29 22
27 143 20
105 134 6
33 57 14
37 47 25
80 139 0
47 75 25
82 147 44
6 47 16
46 80 13
8 74 14
94 119 34
36 128 46
48 67 17
65 137 18
58 79 3
59 143 37
102 139 53
12 140 9
26 120 11
108 121 50
78 91 11
52 103 9
70 134 18
36 75 8
4 23 46
64 92 46
97 128 34
35 92 19
79 121 33
35 55 24
2 120 39
44 81 7
89 91 59
78 122 24
62 121 49
48 86 37
15 34 12
111 118 38
39 51 4
120 132 26
27 29 49
13 94 44
30 99 30
80 95 2
37 84 42
56 94 52
81 103 50
49 50 47
19 55 8
80 104 52
28 96 49
124 141 4
102 108 20
39 116 39
47 72 40
33 118 47
56 98 2
82 106 50
0 76 7
26 142 18
55 124 1
43 130 54
36 123 33
10 106 3
75 103 50
18 58 42
96 147 41
18 29 57
6 16 9
67 125 6
105 108 43
139 144 37
139 143 22
55 137 13
22 75 34
77 145 58
30 38 2
51 97 48
33 36 28
22 25 41
67 69 49
56 97 46
64 84 14
110 111 22
13 21 7
19 45 21
54 119 33
8 61 47
58 126 33
17 77 30
46 96 35
47 84 35
44 118 19
69 138 16
24 89 42
69 100 24
76 141 37
59 125 57
24 77 22
70 127 8
26 144 2
64 119 32
76 102 28
93 129 17
38 88 11
117 125 44
28 115 29
32 72 18
45 144 60
75 84 38
51 101 27
61 138 42
109 124 53
85 140 2
63 68 53
109 122 5
21 61 0
70 120 5
99 146 27
136 138 60
28 80 9
16 107 49
43 133 54
19 97 40
29 113 39
0 73 50
11 24 42
90 139 47
5 18 39
97 127 39
8 26 43
107 115 4
37 106 28
67 79 38
30 47 1
70 116 20
30 147 24
69 120 54
129 140 45
33 98 9
24 120 25
61 129 28
90 96 3
23 120 9
11 97 59
65 143 0
8 17 6
59 130 6
5 136 2
113 131 22
108 149 13
56 139 33
15 78 54
14 15 49
76 138 8
61 93 35
124 144 53
90 124 13
1 66 40
46 114 28
18 36 6
3 48 26
70 125 48
59 87 19
114 143 27
87 110 14
41 55 59
60 113 37
77 136 31
32 118 11
115 140 1
11 98 51
72 143 32
7 73 59
91 118 55
27 60 32
123 144 34
113 113 6
7 26 29
30 137 18
15 27 29
105 105 16
34 91 26
2 123 8
37 38 24
86 149 51
105 114 47
49 102 44
47 69 26
90 149 14
130 134 38
81 117 54
75 116 2
0 79 42
98 136 55
132 147 57
57 149 36
72 94 60
61 112 45
21 117 33
124 138 40
17 35 39
27 54 50
60 130 3
54 138 14
28 30 26
5 73 52
48 133 36
55 127 12
110 119 49
9 42 45
15 36 3
37 69 48
35 115 3
50 68 46
81 108 4
21 90 53
85 136 47
51 115 9
101 120 37
84 122 20
3 106 51
12 118 15
65 113 48
45 120 1
22 81 41
23 80 18
15 62 52
74 97 38
69 85 49
82 145 10
81 110 43
11 80 31
55 144 49
1 81 10
96 99 59
95 143 31
100 111 20
42 105 27
91 136 4
56 87 52
47 112 42
110 130 9
82 133 16
90 143 43
96 103 2
59 106 27
100 118 2
11 49 36
13 43 17
3 88 49
85 90 22
120 136 40
110 116 22
82 124 47
56 137 54
8 128 16
105 121 4
70 130 52
5 19 6
64 82 42
4 26 14
71 133 11
97 135 33
23 66 13
64 71 14
71 129 32
54 57 34
124 128 55
121 121 34
2 86 19
80 112 33
41 109 29
51 89 59
83 128 52
36 109 6
73 143 20
101 134 27
51 144 59
17 28 30
39 122 28
15 104 7
52 100 1
69 93 46
62 120 38
39 76 60
13 44 19
37 64 20
74 132 28
54 88 27
34 35 26
80 80 50
105 138 27
20 61 58
95 139 20
24 68 37
41 95 41
28 83 48
69 113 1
125 141 45
16 31 2
56 128 43
101 146 54
135 146 31
63 79 48
32 116 23
85 88 45
75 139 59
8 12 26
93 136 6
2 124 33
18 92 18
16 36 54
35 40 3
72 145 54
14 87 12
9 121 34
24 142 2
6 140 6
54 125 58
7 109 30
85 104 25
18 144 58
58 140 23
35 93 33
91 94 56
8 139 53
87 146 29
46 104 52
69 101 43
83 99 23
50 108 16
62 128 48
39 111 56
33 121 18
25 134 35
130 133 46
113 128 54
31 97 45
102 120 51
15 119 56
10 19 10
35 136 4
117 122 57
58 87 18
44 47 30
87 99 29
98 99 37
31 52 28
92 120 27
12 50 15
17 27 4
24 28 28
104 141 11
28 114 33
68 96 49
4 147 15
13 86 36
0 46 21
6 92 0
121 128 11
86 146 39
20 135 9
7 75 28
14 83 56
60 100 33
91 103 26
91 110 5
112 119 1
68 127 20
43 46 29
19 90 2
70 75 16
22 33 3
1 30 59
15 23 18
2 85 36
66 128 16
20 148 58
57 143 0
99 126 40
107 138 3
35 97 28
108 123 33
14 143 18
8 126 30
26 42 24
109 138 48
35 56 52
32 44 27
74 116 4
73 144 4
115 147 8
3 100 47
20 59 42
124 149 20
2 134 21
10 42 9
8 73 37
103 135 45
45 110 39
17 17 45
106 136 4
26 149 27
22 131 3
42 106 20
29 136 18
6 83 16
130 140 47
87 136 35
33 117 56
33 122 41
11 77 9
63 103 22
33 47 44
17 18 44
56 65 17
7 44 7
61 121 56
116 127 41
30 69 6
88 148 29
64 117 54
66 139 3
50 93 58
31 44 37
56 79 31
111 120 9
70 88 9
70 96 9
95 129 10
75 89 46
33 142 47
107 137 7
56 105 2
51 66 58
9 65 24
83 147 2
120 149 20
14 43 18
47 145 16
31 130 30
12 64 49
86 100 32
115 149 22
74 99 32
36 76 20
42 113 45
34 130 34
55 130 50
21 111 56
67 93 25
113 130 20
86 141 8
4 120 26
43 77 55
6 149 52
116 136 14
87 123 54
83 131 31
66 86 33
37 101 11
61 63 3
48 138 49
121 127 19
43 117 55
88 119 49
59 59 21
93 102 13
13 115 7
93 93 56
4 112 25
36 100 31
45 67 24
87 125 47
45 48 0
114 138 22
51 109 5
92 101 22
66 71 19
15 143 16
52 138 39
29 99 20
78 107 14
54 86 60
49 67 38
23 56 46
17 98 34
68 107 52
36 59 38
80 84 47
62 79 33
0 124 46
65 76 57
37 37 26
33 63 45
14 53 2
4 24 25
76 110 34
73 89 31
3 76 17
30 139 16
97 101 15
87 93 10
87 141 31
69 115 37
84 131 0
3 20 1
43 147 28
34 40 32
80 100 45
52 132 55
75 80 36
108 145 38
2 20 15
65 111 17
57 63 60
14 71 36
30 84 26
52 95 26
123 146 59
115 141 50
81 105 47
86 104 21
63 147 35
79 147 19
95 96 60
79 98 42
6 143 29
23 74 9
18 133 16
51 124 0
72 115 13
98 98 10
20 67 14
71 146 21
79 137 58
31 137 35
40 103 14
37 95 32
84 120 57
19 95 39
141 148 24
54 101 41
8 72 18
45 50 4
43 75 54
9 56 4
79 126 2
4 27 13
17 101 11
36 91 50
15 26 21
77 129 30
15 101 36
125 145 9
91 134 36
34 113 6
46 49 39
100 119 24
125 134 29
2 94 6
93 148 14
48 51 5
69 89 1
52 96 8
85 143 18
112 140 11
103 143 50
119 141 12
90 129 29
69 114 44
31 88 59
26 84 34
57 59 9
85 141 2
36 147 55
33 143 4
66 85 41
67 106 1
57 125 14
44 60 10
66 147 12
42 93 57
63 86 51
94 96 12
37 56 45
7 105 0
109 143 31
22 107 4
36 131 34
24 129 38
50 70 17
67 94 35
45 140 0
48 136 43
76 87 59
51 87 28
102 129 48
91 149 10
128 146 14
19 127 28
17 87 39
60 61 11
89 137 53
100 139 0
17 33 53
16 37 4
43 54 17
89 112 52
87 134 36
61 83 6
86 116 47
44 56 14
32 88 48
118 135 13
1 105 37
67 101 33
17 99 2
17 78 19
91 115 25
116 133 54
57 66 47
44 109 57
7 135 35
58 104 30
106 134 39
34 146 57
83 137 9
73 108 29
50 147 47
88 104 17
38 96 49
73 84 19
82 92 58
35 126 50
3 18 12
20 65 58
60 67 44
37 43 56
4 12 1
119 137 26
75 149 10
104 109 28
122 132 59
2 60 24
39 148 35
42 71 30
92 147 19
95 137 50
54 91 29
58 128 58
105 128 59
35 116 8
45 93 1
79 97 11
88 149 36
15 108 4
19 101 1
30 31 12
118 132 18
38 70 52
20 110 6
70 108 50
95 114 38
29 46 34
96 101 35
58 133 13
43 78 10
98 148 19
32 132 48
37 148 25
23 144 53
85 129 20
48 132 40
27 107 41
50 142 45
38 72 4
60 107 13
109 147 36
48 76 53
11 38 56
27 71 56
95 146 39
12 34 26
63 77 44
52 80 5
37 70 15
52 99 47
66 68 60
48 62 11
120 148 15
38 126 23
56 107 59
60 93 33
58 105 25
40 88 13
83 115 15
21 69 11
56 91 51
9 24 28
9 64 43
81 97 30
22 30 39
22 27 49
52 145 24
4 48 13
22 37 51
40 83 19
72 87 44
88 91 48
117 143 51
44 94 17
61 111 10
86 128 28
17 130 34
63 126 46
91 131 53
32 141 60
14 62 9
23 65 20
90 105 19
55 116 8
21 43 48
46 56 11
72 146 21
132 142 2
6 99 42
4 140 29
26 50 56
40 111 28
23 81 10
111 146 25
87 140 17
80 123 55
45 96 29
14 98 4
88 93 44
90 126 9
44 48 35
30 48 32
36 138 6
115 129 1
19 124 1
76 82 1
42 127 38
15 93 12
106 143 25
24 48 31
102 134 45
10 135 34
1 28 50
29 129 40
9 99 19
125 127 16
7 111 47
7 89 47
130 145 44
23 85 16
39 43 55
88 141 38
46 136 25
16 78 16
11 91 55
9 35 3
128 133 37
112 145 55
21 67 16
56 119 36
90 93 26
118 121 5
127 129 60
24 93 55
48 142 32
62 66 36
124 124 19
28 126 18
63 93 2
107 109 42
2 83 1
31 136 57
30 46 38
65 87 33
44 91 15
26 104 37
80 119 55
20 99 7
66 125 35
15 105 2
67 132 27
14 102 18
33 131 19
3 5 7
97 120 46
49 122 32
70 143 0
39 89 30
27 64 28
68 97 34
139 139 36
81 124 7
63 127 40
85 114 37
5 75 39
113 119 34
108 142 4
85 121 24
1 50 51
15 73 4
5 140 20
134 136 36
56 135 19
16 79 20
23 32 26
38 149 25
67 130 36
22 120 35
105 137 11
128 148 39
64 68 57
119 148 37
27 42 56
58 134 1
134 140 29
112 123 43
40 91 45
21 35 17
12 72 45
33 120 55
64 124 37
99 142 35
2 53 7
13 19 38
52 124 31
83 119 10
38 133 42
27 127 26
10 23 6
82 105 33
12 135 53
113 149 57
100 113 21
39 102 34
12 112 57
44 147 31
10 93 30
22 40 57
40 105 15
13 65 7
37 113 45
72 97 41
43 57 46
87 117 45
47 108 47
13 97 1
118 125 29
20 96 40
48 49 58
72 110 25
4 149 5
122 122 3
101 103 28
92 139 21
134 135 23
53 106 53
36 116 22
39 69 49
35 66 24
117 140 0
5 17 3
69 82 43
92 144 47
69 99 15
38 39 35
71 104 36
61 105 40
105 149 14
44 112 24
10 85 30
11 19 37
74 146 28
58 89 49
11 103 23
89 145 26
42 73 4
73 112 7
34 136 8
72 88 28
53 146 34
27 142 21
62 80 23
18 126 2
27 110 29
32 144 41
5 69 19
96 139 31
122 142 30
18 146 45
77 87 25
75 144 27
6 136 15
136 147 53
74 121 59
36 36 43
48 134 18
69 88 8
60 77 55
33 105 18
11 25 22
44 111 34
69 134 2
88 143 33
33 134 58
17 51 20
28 72 22
35 133 45
2 107 26
37 91 12
112 144 49
4 122 19
39 129 40
33 149 34
102 109 25
4 69 42
21 72 31
1 84 43
26 135 8
75 91 27
2 18 8
87 119 19
0 22 23
60 112 47
71 96 49
82 117 42
60 122 60
49 72 29
79 84 17
57 77 2
52 130 16
73 122 47
55 108 35
40 100 0
124 127 57
51 59 23
29 69 7
65 126 41
20 43 22
125 148 58
127 134 48
70 136 50
62 140 40
65 114 26
35 69 35
35 77 29
103 110 49
96 131 9
53 83 30
49 135 41
62 82 8
37 107 25
41 118 16
112 136 3
87 109 40
0 101 27
31 73 16
2 131 50
39 66 49
24 84 5
124 125 3
12 27 1
118 144 48
95 108 40
30 82 54
101 104 14
76 122 27
71 74 43
53 94 51
14 22 18
68 93 33
3 86 15
92 132 4
41 103 12
33 55 8
123 140 52
47 116 13
9 49 22
12 94 22
98 149 54
91 116 7
34 90 15
16 84 58
120 129 59
70 144 0
84 136 16
55 105 18
32 123 40
63 88 30
18 45 32
7 110 28
60 133 50
9 132 17
82 116 55
55 66 54
100 125 57
119 122 2
112 133 9
29 33 10
83 148 24
25 51 7
39 44 52
61 136 18
73 111 40
55 91 17
105 123 33
74 80 49
77 125 35
4 99 16
16 71 7
19 87 51
100 123 37
59 80 58
100 130 55
50 85 32
49 149 21
76 131 50
34 45 3
9 144 40
29 132 40
102 140 36
24 134 21
38 142 50
29 142 21
22 135 18
91 95 32
11 50 44
32 140 3
26 106 26
81 92 20
29 105 29
27 96 28
54 137 19
102 145 57
115 136 6
70 89 33
85 145 1
30 41 14
82 86 54
117 135 53
27 121 36
3 121 35
120 142 13
69 135 6
110 139 43
59 113 6
56 58 8
67 86 1
91 114 22
64 133 6
61 135 50
114 119 49
15 22 0
63 128 4
69 112 18
60 95 0
14 137 10
73 76 57
80 145 37
42 129 27
102 133 20
61 78 48
30 88 40
9 40 19
39 70 11
108 126 34
33 140 28
91 93 48
16 55 46
51 57 17
77 149 30
33 41 44
109 146 52
90 90 30
13 127 31
24 114 25
64 106 25
106 147 59
68 131 18
0 25 53
57 108 34
46 127 23
49 127 41
99 100 39
22 63 31
111 131 42
16 87 54
110 148 49
0 146 35
113 127 50
64 85 33
119 121 11
102 135 20
4 52 48
66 141 50
60 92 27
29 106 0
22 71 3
30 105 21
49 88 52
13 124 33
11 17 13
73 98 16
76 78 17
88 124 45
25 109 19
73 124 19
16 18 32
5 107 39
40 101 58
129 148 10
111 130 34
109 134 50
126 129 26
35 38 43
77 104 17
0 67 7
47 77 20
109 117 3
38 76 26
9 36 26
121 130 1
5 23 32
2 121 12
63 94 9
21 32 36
16 143 39
36 93 33
51 83 18
63 99 4
85 112 26
72 137 58
10 29 10
92 98 41
70 76 4
85 98 32
26 131 44
39 131 24
29 52 0
32 121 42
55 72 54
115 137 25
65 82 45
24 143 17
42 148 55
73 120 32
74 136 27
78 99 35
19 58 4
65 88 2
51 91 26
50 119 47
62 91 11
53 74 17
76 93 13
41 125 14
46 100 3
84 111 29
14 129 15
59 82 49
8 104 19
125 131 55
117 136 5
11 95 8
62 134 32
6 58 48
8 141 54
37 89 2
106 139 17
70 86 33
133 136 51
34 93 3
2 74 1
36 61 8
72 129 0
17 121 44
37 71 30
34 88 33
46 147 42
82 119 42
37 110 60
0 56 56
39 77 16
23 46 58
137 138 26
17 118 17
17 36 41
101 147 33
95 128 5
41 74 6
74 119 23
14 39 2
12 122 1
75 107 53
0 36 15
91 143 10
88 136 30
82 100 16
70 71 7
38 121 33
57 91 26
18 125 35
38 107 13
74 143 47
53 110 32
38 110 42
21 27 3
40 60 22
17 74 30
42 130 27
66 66 53
5 129 16
54 59 38
41 44 15
9 97 24
18 135 47
21 91 21
75 138 4
29 148 57
76 116 48
6 59 60
48 129 60
93 144 0
10 94 29
91 105 44
131 134 13
133 135 27
87 97 48
30 109 7
84 100 59
126 137 50
55 74 45
49 111 20
41 143 4
8 53 1
2 139 2
74 142 14
30 60 57
66 117 3
121 126 8
78 117 23
2 27 30
79 93 5
66 93 26
9 100 40
83 123 2
27 81 20
21 58 7
78 82 33
58 58 58
87 100 19
27 119 38
30 72 29
40 69 55
18 99 9
29 88 54
21 119 28
32 137 59
79 105 13
47 66 59
53 75 9
108 111 27
79 94 32
45 69 21
2 43 3
83 146 40
43 73 46
82 137 38
40 52 35
52 58 22
14 76 7
3 130 20
16 54 47
8 23 29
51 62 17
71 94 22
26 32 30
45 72 44
103 147 2
1 63 2
53 108 32
55 99 41
87 108 24
22 102 10
88 127 22
77 123 35
32 84 46
70 131 47
10 86 33
28 139 53
107 139 60
62 130 50
58 123 27
15 94 36
23 128 38
59 120 54
45 114 59
7 124 58
50 138 42
11 71 54
90 98 18
108 141 28
78 115 45
24 64 53
37 108 10
6 137 47
50 64 49
45 116 1
67 123 49
33 59 36
14 38 59
35 146 20
17 53 43
83 97 52
7 38 11
94 133 54
47 100 37
80 102 22
68 116 26
23 131 48
15 77 30
74 103 50
24 57 58
53 79 21
71 123 33
33 43 14
20 116 53
62 86 55
50 114 4
102 144 49
40 40 50
21 100 8
86 118 20
111 136 32
29 123 7
99 138 25
69 126 47
24 52 60
33 91 46
16 77 17
30 39 10
50 110 31
19 67 39
116 138 31
84 87 49
36 87 41
33 103 3
101 117 34
20 54 30
72 74 35
23 110 23
61 130 52
104 104 47
4 21 52
54 142 14
28 58 9
12 18 43
49 121 45
63 137 57
46 145 49
59 61 8
103 112 45
19 129 22
15 91 34
11 69 60
73 129 3
73 101 12
118 137 56
28 112 48
17 38 29
94 107 22
43 96 31
75 76 23
18 142 1
65 75 7
47 131 54
31 68 54
59 103 56
132 141 55
31 65 58
31 93 21
44 50 36
97 106 34
51 138 50
45 75 23
17 46 17
122 131 52
64 107 3
66 79 57
77 126 11
48 69 19
32 70 44
2 112 55
24 53 15
120 123 51
34 121 58
16 70 30
104 137 6
9 112 17
32 95 23
74 113 50
26 49 19
99 108 34
67 146 39
1 137 19
93 147 3
56 113 3
91 142 9
48 121 36
63 148 52
16 126 9
17 107 21
21 118 59
43 92 23
97 109 8
99 122 51
49 96 6
12 56 26
36 105 31
21 44 28
61 133 12
20 128 47
8 88 11
40 72 13
58 145 27
66 129 28
78 129 50
121 148 6
38 48 57
0 61 42
108 147 17
83 110 37
66 96 37
10 145 24
2 46 58
16 64 25
9 104 17
93 149 9
51 58 35
23 102 59
80 138 56
53 99 23
39 65 43
96 97 52
25 34 54
10 12 10
1 98 46
20 107 0
96 128 2
71 91 7
98 147 39
22 106 50
18 91 59
93 120 46
41 78 40
36 114 4
30 102 31
33 83 17
103 127 11
22 70 21
20 103 16
24 99 52
43 97 9
82 101 14
95 132 32
8 127 4
74 98 3
82 114 26
7 85 60
40 106 49
112 146 60
61 75 18
19 65 1
66 143 58
51 78 21
44 115 15
69 123 23
58 82 35
10 68 23
88 118 19
49 86 58
66 126 2
45 108 9
28 70 30
32 81 6
109 111 26
67 116 56
13 54 53
113 117 54
108 119 16
74 149 16
48 102 36
12 70 59
30 135 52
11 120 50
52 98 4
15 59 58
41 134 18
32 105 39
29 141 16
32 50 35
87 122 55
46 66 32
39 127 35
83 107 23
114 144 42
50 144 7
105 113 10
122 147 21
38 47 34
86 125 5
87 102 25
6 93 48
88 145 34
88 123 56
8 45 59
9 87 50
53 135 32
50 77 36
13 67 55
53 104 19
58 98 24
1 4 8
65 77 26
39 138 56
27 105 47
108 132 2
33 33 52
4 66 7
61 73 17
23 64 4
22 93 40
23 133 3
71 100 38
60 102 59
83 132 9
5 42 46
74 117 25
55 79 29
74 139 32
23 124 29
4 79 20
117 117 38
101 114 23
7 144 16
81 122 2
25 119 35
123 147 32
45 83 21
45 146 29
2 63 5
61 94 31
22 86 12
46 64 18
98 146 60
106 119 59
9 94 27
91 104 51
32 32 5
39 85 20
29 76 47
4 129 52
16 85 31
3 44 28
58 100 38
21 110 29
19 85 54
48 122 35
44 93 47
74 102 52
71 82 50
57 148 47
3 35 31
59 69 3
57 105 34
72 123 56
47 51 53
3 127 29
30 134 48
120 128 32
67 131 49
105 148 51
116 135 41
25 102 33
92 103 15
26 107 6
45 65 48
24 100 9
0 64 29
12 95 0
82 134 3
2 58 33
93 121 0
22 148 1
40 71 33
12 104 27
51 123 44
104 134 28
30 119 42
78 142 9
25 112 58
43 74 6
46 95 28
48 89 55
61 132 5
23 100 46
15 65 48
1 6 43
93 126 53
59 64 37
101 105 5
101 126 37
7 30 0
59 96 7
28 97 13
86 121 21
64 104 49
8 55 15
55 69 56
132 146 45
71 116 3
5 26 30
84 142 11
123 123 48
83 89 1
61 118 47
47 47 16
41 128 27
79 120 52
97 142 42
98 112 4
25 67 36
4 92 19
53 63 60
52 110 47
27 97 7
14 26 43
118 119 29
6 69 45
61 97 56
58 149 8
72 106 13
20 119 10
106 135 29
71 72 40
29 45 43
3 128 47
84 110 47
31 31 30
27 50 43
10 90 42
26 34 5
66 116 43
78 89 32
51 126 55
4 145 47
42 136 11
115 148 9
60 70 17
47 73 57
72 139 26
93 132 25
79 133 21
52 94 41
91 108 3
75 96 30
34 72 31
54 71 37
95 138 12
59 81 15
36 57 24
25 59 48
81 132 44
93 137 47
42 79 38
56 95 32
0 38 21
103 133 10
33 56 28
127 128 60
44 106 9
27 53 16
18 53 60
114 120 5
11 65 33
41 139 23
0 28 39
79 117 28
27 30 20
82 142 36
34 101 10
78 100 0
77 134 39
65 80 9
16 144 35
29 145 30
10 69 49
89 140 23
46 123 51
37 40 25
108 127 7
74 108 23
137 148 14
106 132 20
92 126 42
73 100 33
32 106 15
6 98 54
18 78 56
79 125 57
65 145 13
60 90 60
40 139 18
75 123 26
131 140 34
28 51 60
30 118 17
47 70 39
32 133 40
5 65 16
65 66 52
45 132 32
31 53 39
110 143 47
59 101 7
68 148 43
24 113 10
60 142 19
85 113 6
46 89 58
111 148 48
33 133 39
36 149 35
31 87 35
19 41 48
49 118 12
56 118 1
7 43 59
73 106 14
26 67 39
30 100 41
57 92 9
22 42 9
104 132 17
112 143 24
31 43 40
99 127 36
31 121 57
7 29 52
51 104 46
58 67 34
43 108 42
41 146 11
80 85 5
17 73 14
1 116 47
97 133 23
1 87 28
32 104 36
136 148 40
8 85 17
128 140 36
66 101 10
44 104 53
98 126 16
15 107 42
19 104 13
97 119 5
22 44 47
81 83 42
131 141 49
97 102 0
7 103 12
0 139 50
34 79 8
12 73 28
97 131 29
59 95 45
98 104 19
68 149 33
100 104 20
17 138 32
89 122 8
6 125 55
105 116 19
95 141 60
94 125 36
75 83 32
58 83 22
74 89 0
0 145 22
85 138 34
18 56 0
45 113 5
7 22 50
44 144 15
14 84 31
37 126 52
54 81 31
11 133 20
37 131 28
38 114 4
72 95 5
44 124 3
20 32 31
53 84 39
11 90 22
15 15 56
51 145 30
19 66 29
32 53 45
130 138 10
43 80 33
74 127 51
28 32 36
73 139 48
55 147 35
51 63 43
96 106 32
64 131 24
89 130 18
26 136 47
29 30 59
15 82 30
51 55 59
45 54 51
19 80 13
30 142 42
38 136 14
14 108 55
76 129 42
68 112 40
76 113 7
37 54 50
77 114 30
41 149 4
36 145 27
4 139 29
9 119 36
34 59 34
3 37 40
12 115 55
4 70 9
42 43 49
16 42 16
13 142 52
34 61 0
89 114 6
88 140 18
2 59 54
34 83 12
66 136 45
13 118 3
59 75 32
32 35 6
60 127 53
6 107 42
123 142 52
16 69 15
20 75 43
46 87 60
65 118 53
64 109 47
44 87 5
104 122 19
52 89 33
33 35 25
0 90 57
36 70 38
1 23 11
62 147 15
70 87 38
43 141 15
63 117 37
47 105 9
26 101 40
40 54 23
99 120 24
62 93 11
60 110 37
29 118 17
6 148 5
4 6 28
88 96 2
45 68 36
89 135 24
45 85 8
5 43 59
66 131 21
9 45 48
66 81 41
114 142 47
4 85 43
67 113 12
100 138 60
0 86 54
64 137 37
15 138 30
11 70 53
54 58 12
74 111 13
25 135 17
89 138 11
17 56 7
51 112 8
18 88 47
89 101 26
38 53 33
120 143 6
112 124 2
27 44 44
7 35 23
50 59 38
87 118 40
60 105 22
49 74 40
20 142 36
79 111 49
56 126 5
5 92 18
52 90 20
14 45 34
102 138 29
32 83 46
30 43 49
32 89 49
71 144 10
134 145 32
7 140 55
19 20 28
17 131 15
9 115 7
39 49 2
31 71 3
58 120 7
6 95 36
21 148 53
71 103 27
58 114 25
78 93 2
49 98 29
87 126 41
124 135 45
124 133 49
72 144 41
21 88 6
22 90 46
77 96 23
8 131 41
97 123 17
72 125 48
78 102 15
18 22 47
36 79 50
17 94 24
54 117 12
11 141 13
19 94 40
14 72 50
43 135 44
88 97 7
94 148 18
22 78 2
113 137 26
122 145 47
46 98 12
41 75 51
20 42 29
30 50 49
26 47 55
72 104 4
63 123 32
47 95 18
91 130 15
77 81 15
41 82 20
78 134 10
18 77 54
40 148 21
46 141 49
15 39 56
17 117 17
97 103 19
52 137 38
78 96 52
59 123 48
72 109 6
95 98 60
50 107 7
54 131 25
93 117 7
49 70 4
65 125 7
112 121 25
26 115 46
109 129 50
22 91 56
25 66 37
54 77 37
25 125 2
18 140 13
4 40 5
44 145 8
25 64 30
52 141 8
10 125 44
41 110 8
86 122 49
102 136 53
30 45 7
75 75 1
43 132 34
51 82 54
38 109 50
77 98 24
103 142 56
21 98 10
64 87 56
60 135 47
25 116 30
77 110 9
71 84 5
21 124 29
30 37 30
71 124 39
112 114 57
3 47 44
6 21 35
62 135 45
39 141 59
71 120 56
28 146 9
17 41 32
14 134 32
68 69 55
70 90 14
108 124 36
84 124 0
57 83 28
33 135 36
48 149 46
8 117 4
74 138 47
55 62 20
15 56 50
61 102 54
10 58 11
15 86 0
36 78 40
23 49 25
47 58 3
81 91 23
34 137 39
12 47 9
59 84 56
46 129 4
85 99 18
63 138 50
4 42 9
64 115 28
96 146 8
89 96 26
61 96 27
113 114 8
31 129 38
80 109 40
11 47 3
75 108 59
2 13 12
125 140 53
105 124 48
41 47 59
12 92 31
83 113 14
42 121 10
21 46 41
46 68 2
14 147 39
35 89 55
1 68 49
4 38 40
14 128 1
56 66 27
44 45 51
18 81 57
45 105 53
30 121 48
107 122 20
8 142 55
47 114 57
68 109 44
70 85 55
39 117 6
2 99 51
99 134 21
42 126 17
78 146 25
48 88 8
88 137 31
35 78 19
0 103 6
3 143 29
7 112 14
88 126 14
13 38 14
84 90 57
12 109 31
107 146 44
14 86 7
40 120 51
25 84 47
22 29 1
3 63 34
38 45 0
98 144 2
36 68 49
9 118 48
36 52 12
37 125 57
55 89 54
58 139 43
82 146 31
17 63 31
1 1 32
40 80 59
42 54 43
53 143 23
80 147 60
60 126 34
22 110 40
59 100 1
101 139 32
71 114 2
52 107 55
56 89 14
126 146 43
2 101 48
33 53 0
40 98 29
17 43 31
37 103 23
17 90 22
10 18 13
9 92 19
18 109 28
49 113 36
65 146 33
53 115 59
50 105 19
79 112 25
8 64 20
27 78 5
15 35 39
95 116 5
90 132 46
62 84 4
6 36 51
110 126 59
7 64 36
17 89 10
104 105 58
23 61 40
22 124 55
33 141 27
46 128 1
73 92 59
78 132 16
15 54 6
44 55 1
81 130 6
113 118 18
79 87 41
125 144 7
55 88 9
82 140 38
128 149 0
60 108 23
95 124 11
92 128 60
18 37 54
12 29 56
25 122 12
93 101 9
78 139 59
1 79 24
13 82 27
103 137 41
23 113 46
104 130 22
88 101 33
117 137 57
115 122 30
70 140 5
11 89 15
50 145 13
5 80 33
29 38 3
42 120 39
99 129 57
27 51 38
79 103 12
90 95 15
2 15 27
8 130 27
106 107 9
91 126 57
127 139 60
57 68 46
81 142 37
58 131 52
39 68 7
21 75 50
78 109 48
46 99 7
62 65 7
61 64 39
13 74 31
35 75 30
16 97 55
105 111 41
0 48 51
4 46 1
47 127 48
90 100 15
88 103 8
99 117 5
13 137 7
40 99 31
36 42 0
2 119 48
89 95 34
62 87 1
0 93 8
38 143 23
52 92 42
61 101 50
89 142 5
29 72 45
65 67 9
22 104 2
24 33 54
94 117 53
25 108 23
18 148 36
18 110 9
79 102 53
17 148 56
56 129 57
7 74 45
41 130 23
76 130 24
77 132 32
2 103 20
10 134 9
91 113 13
18 147 28
3 123 40
31 148 4
0 52 40
5 100 5
67 78 16
45 56 58
59 124 34
49 82 37
9 133 38
66 113 37
40 96 2
36 86 43
34 111 52
14 96 57
84 132 12
2 23 46
51 113 14
3 51 29
17 29 38
25 91 11
14 42 21
15 103 60
75 135 47
110 144 50
12 43 43
110 142 40
6 68 37
28 116 21
92 119 58
2 125 53
4 98 54
84 102 28
0 78 39
99 124 4
14 115 8
100 137 31
64 126 20
79 86 32
49 139 13
67 114 53
62 139 16
27 132 41
71 128 47
30 62 1
50 81 0
69 144 40
25 35 18
97 143 26
13 141 37
51 114 20
23 60 13
13 108 0
12 58 3
9 22 6
80 96 41
17 59 51
105 119 41
104 147 57
85 135 18
32 86 41
66 132 48
20 115 39
60 111 25
82 122 33
121 142 41
3 125 14
54 61 18
12 97 22
57 67 35
0 115 54
22 147 48
47 128 23
2 12 30
16 83 1
18 49 45
4 76 39
15 53 44
36 74 44
9 83 7
78 148 32
73 142 47
18 18 51
71 149 15
48 116 44
53 112 58
19 105 54
72 134 32
31 92 22
58 101 27
36 107 43
39 110 29
102 106 26
71 77 57
31 85 53
77 135 44
23 132 21
84 93 27
121 149 48
14 111 52
9 14 8
6 90 57
35 72 58
89 133 59
24 121 12
78 125 14
67 85 8
125 132 34
116 117 16
35 101 20
65 72 15
80 122 34
5 24 8
85 100 32
102 119 36
72 124 0
98 108 44
57 62 30
118 148 36
76 118 16
13 113 42
3 7 39
37 60 59
32 91 60
52 116 41
51 75 1
71 88 52
9 105 41
98 135 8
47 121 17
62 81 29
29 146 55
64 78 46
104 127 25
63 136 3
72 80 18
59 94 32
61 147 25
110 136 29
26 30 45
23 42 48
38 91 18
31 34 1
6 114 37
5 28 49
47 132 58
55 104 49
88 115 24
13 64 41
6 44 32
54 99 14
28 38 21
55 113 39
32 64 29
17 133 25
2 104 46
7 76 33
38 125 15
48 66 49
27 140 30
9 72 19
37 88 44
36 120 14
67 119 31
27 145 14
25 86 5
40 112 16
20 89 50
82 88 37
46 101 53
57 89 52
89 116 32
41 137 16
16 89 40
83 129 19
26 146 29
16 129 40
31 96 50
6 138 19
39 145 19
3 13 16
9 11 44
62 73 25
87 90 0
20 102 38
48 137 31
63 149 29
30 63 45
79 141 50
19 50 54
96 124 20
111 113 41
48 107 44
35 111 47
60 132 6
76 115 41
27 57 16
50 65 32
42 99 6
4 103 5
97 124 49
48 59 16
32 130 32
14 144 23
65 89 6
118 126 32
89 149 44
11 27 57
59 122 0
89 147 45
89 106 58
67 67 22
35 135 31
110 134 56
13 70 12
49 114 37
92 100 23
67 70 26
9 101 10
10 119 10
105 129 48
132 132 42
13 59 30
61 86 12
17 58 39
16 122 20
66 134 35
116 131 32
36 104 49
71 111 49
5 8 53
83 106 39
46 63 51
76 103 30
56 75 19
4 107 27
43 110 55
38 52 9
71 148 18
115 143 40
9 48 38
35 119 60
15 76 20
52 135 49
57 103 46
28 147 6
77 111 21
36 134 1
46 119 47
20 74 8
29 83 53
6 63 53
32 54 55
40 124 45
64 135 30
4 111 55
77 121 40
28 71 36
91 146 48
16 139 17
15 38 58
99 130 12
45 90 12
3 94 31
93 109 33
5 77 59
22 109 36
67 137 2
43 142 10
22 114 17
18 35 6
25 120 59
62 123 40
8 110 15
6 7 60
44 54 45
14 60 53
16 20 15
93 135 48
16 56 7
68 74 10
37 129 40
121 141 49
108 112 58
100 103 23
10 47 12
12 59 32
30 35 57
50 125 26
112 127 2
13 14 57
5 64 29
7 67 30
83 93 4
4 72 43
22 119 26
0 59 19
87 88 26
137 142 32
68 118 56
7 60 56
2 51 31
84 147 40
70 142 37
99 121 15
85 105 20
108 125 13
14 59 35
81 137 45
4 121 49
99 141 52
107 141 32
3 113 4
9 53 5
56 124 45
110 115 48
20 86 51
92 140 10
38 129 16
2 44 20
29 95 4
84 139 0
20 92 22
4 37 27
107 107 47
66 94 29
47 61 47
57 76 7
44 125 36
22 118 13
1 96 50
40 125 27
27 149 22
44 44 46
3 80 16
83 111 43
52 148 6
24 29 3
99 137 43
117 138 14
14 89 45
25 29 56
115 121 38
85 115 48
74 93 42
2 54 22
33 136 50
47 136 47
0 97 11
60 140 17
31 146 47
58 106 22
75 98 56
60 103 28
39 136 11
75 99 42
40 136 32
47 74 23
12 25 40
5 86 31
14 135 50
48 119 12
27 88 42
38 57 52
53 114 39
37 104 13
22 97 53
30 80 12
54 90 34
13 13 1
24 63 55
73 97 33
40 137 47
68 75 16
95 147 17
88 134 24
59 73 17
48 55 24
18 102 57
5 27 43
76 83 14
79 143 21
40 63 37
10 76 7
92 129 56
37 116 29
59 66 25
42 84 37
34 116 34
68 113 45
74 106 13
36 97 1
103 146 28
10 146 24
10 36 1
78 106 7
22 60 32
39 55 49
12 88 0
28 133 13
51 103 6
24 101 8
73 141 23
29 67 8
51 136 17
29 92 7
68 132 25
17 104 46
60 82 37
6 38 19
70 95 21
40 122 10
83 87 55
25 87 11
33 129 35
52 101 33
34 118 32
27 138 45
75 143 17
112 122 44
57 126 0
67 91 38
61 134 43
89 107 51
73 119 46
3 84 14
53 132 60
11 126 15
51 132 57
116 118 23
30 54 35
31 58 30
52 52 13
11 15 29
49 68 56
34 107 34
39 87 2
36 39 1
5 97 15
65 119 58
11 31 51
77 147 47
38 50 54
24 65 25
5 51 53
114 123 25
36 125 33
7 106 13
106 117 47
80 106 43
107 135 41
9 77 43
128 143 1
39 103 8
77 105 12
72 99 26
55 134 33
88 132 27
86 132 6
16 146 3
57 107 44
2 47 54
68 117 37
0 137 23
68 134 39
30 117 2
43 136 48
64 108 58
55 67 32
17 95 8
2 129 28
21 114 4
107 142 34
12 60 4
17 115 54
88 128 27
60 117 22
63 110 9
62 148 31
48 143 8
54 64 41
84 95 18
85 101 11
59 88 60
5 119 33
19 40 51
76 146 19
85 97 37
81 144 24
1 126 6
61 85 19
26 126 35
67 76 8
33 68 4
51 74 51
26 68 38
35 138 6
12 42 8
84 113 20
1 140 10
61 115 45
48 83 12
77 77 31
41 106 45
36 84 20
0 50 8
41 87 44
25 95 19
6 132 25
32 103 16
92 124 23
97 126 54
45 61 36
19 35 17
112 116 36
56 77 21
29 124 43
15 145 40
48 87 8
33 81 38
33 77 25
20 105 29
25 47 31
20 21 43
30 78 6
29 108 5
28 33 33
83 90 19
46 58 26
10 38 16
97 125 4
36 92 44
75 126 17
119 147 31
26 83 55
39 48 3
45 130 44
13 107 19
24 98 12
0 89 10
6 144 19
40 64 14
3 16 16
38 74 7
76 92 60
27 147 20
25 133 32
89 126 31
14 17 31
110 125 8
6 131 48
100 107 54
43 148 58
51 102 60
6 116 29
39 96 37
1 142 7
16 106 28
63 76 31
8 18 17
94 109 34
40 134 43
94 139 16
78 97 1
48 94 7
33 70 36
6 122 11
43 137 51
78 86 54
11 104 42
43 83 2
101 102 27
68 103 58
17 54 17
104 124 56
48 56 25
14 48 29
122 138 25
45 145 19
30 59 44
17 64 40
87 135 7
51 105 10
42 116 17
48 64 50
95 121 29
7 58 48
7 18 52
55 68 21
27 62 46
12 91 56
89 144 9
95 106 55
102 128 33
13 53 8
0 149 50
94 102 55
5 147 50
81 87 8
36 65 3
115 120 27
77 99 33
10 75 52
16 138 4
75 86 1
0 63 26
78 119 52
21 25 5
19 71 28
46 67 27
7 69 0
69 94 53
48 99 53
7 117 35
97 141 13
6 14 42
14 118 46
21 125 14
42 49 46
63 100 31
38 90 46
24 104 30
62 141 25
4 127 12
108 129 26
22 129 6
8 30 34
16 45 29
57 104 41
107 116 29
38 101 18
38 54 19
40 53 41
62 112 23
82 121 9
33 82 5
15 80 52
34 105 29
35 39 41
24 141 44
19 69 58
109 123 44
38 146 50
57 141 23
15 44 19
75 122 28
12 149 51
49 134 54
57 86 22
85 92 60
24 115 15
36 133 46
2 36 40
49 80 17
21 115 30
8 114 42
46 82 40
3 68 11
6 75 52
3 138 30
48 109 57
4 130 13
47 101 3
41 77 33
45 77 32
24 46 1
57 144 47
22 24 57
2 71 20
7 31 22
29 32 49
1 119 33
71 130 59
30 107 52
42 58 0
12 111 59
57 84 25
26 76 36
43 118 5
35 81 33
63 71 26
66 140 3
104 106 39
52 147 45
93 141 4
53 126 8
26 94 54
89 113 2
95 103 47
101 107 10
4 35 26
9 25 53
18 28 35
36 103 43
68 95 21
61 108 8
45 60 32
68 80 9
81 118 37
32 102 2
28 75 28
59 119 14
3 70 0
67 100 23
59 99 21
47 87 49
27 59 59
35 86 56
8 129 40
10 78 53
41 79 12
63 78 51
70 141 24
70 105 31
81 96 31
92 96 12
35 48 27
0 17 41
36 83 10
49 69 22
14 132 49
41 129 51
63 69 31
77 86 56
4 84 39
41 133 11
10 34 8
75 78 28
88 146 58
91 96 7
6 22 19
39 40 31
1 33 36
22 67 34
74 141 21
16 35 12
65 69 53
9 51 6
40 41 0
9 74 19
64 88 20
58 88 43
24 58 6
2 146 46
41 94 13
111 116 39
33 39 52
37 111 51
6 96 22
29 49 44
51 69 55
124 132 38
26 116 4
9 137 56
18 41 18
8 33 42
12 36 43
8 96 48
65 148 32
50 136 42
51 53 37
6 24 28
66 123 24
111 121 32
18 30 47
22 149 55
26 87 59
31 47 37
83 145 26
59 67 6
21 97 24
68 128 23
90 112 29
22 142 0
69 80 21
62 126 39
17 83 42
35 108 40
57 71 2
98 127 47
48 78 41
0 119 26
41 46 7
86 105 39
67 108 53
100 134 44
13 85 1
14 33 13
45 121 5
27 36 60
103 149 2
76 86 58
5 16 37
18 40 44
56 117 9
58 112 26
48 74 50
32 69 26
11 124 27
35 121 22
89 105 41
86 111 15
24 70 18
26 29 54
47 65 16
75 117 36
31 105 1
5 41 47
49 106 17
26 51 24
119 120 47
110 145 28
41 67 58
2 135 50
24 85 22
37 83 17
75 148 35
71 75 39
9 145 8
61 110 55
11 16 23
33 46 57
74 148 46
23 126 42
1 52 3
86 134 44
24 122 10
31 114 0
49 112 21
13 34 53
29 48 47
28 79 19
20 85 2
41 86 6
108 146 47
18 93 17
17 105 54
29 62 24
2 17 25
19 42 17
54 69 10
13 42 30
35 41 41
85 124 41
66 146 52
69 79 59
4 78 46
52 88 58
84 91 4
1 43 53
86 119 32
39 128 55
36 144 30
34 47 8
61 140 10
84 137 52
55 100 9
74 86 15
57 73 56
75 146 13
55 109 26
66 67 12
7 56 14
23 108 56
19 144 51
69 119 2
49 97 41
19 86 49
19 70 26
64 95 16
36 73 29
56 57 35
105 112 5
43 86 23
29 35 40
12 46 9
14 79 23
11 75 35
48 84 10
16 63 18
34 71 45
11 118 2
8 60 15
47 123 23
76 98 45
51 131 48
74 96 23
30 116 20
30 30 50
55 148 48
13 60 6
50 140 0
28 48 31
80 98 55
59 140 13
23 111 10
50 73 10
47 76 46
70 78 39
2 75 57
126 134 13
92 118 24
82 85 45
65 123 35
77 141 9
8 116 38
56 83 11
29 50 20
56 76 15
77 137 40
62 149 55
2 108 23
16 53 46
73 80 24
99 123 5
10 117 19
28 127 37
29 80 54
17 50 54
4 54 15
73 136 16
67 109 11
11 45 58
43 89 25
42 112 6
42 141 34
2 69 3
2 39 36
86 143 44
49 51 31
45 101 21
7 77 36
47 94 38
21 80 1
51 121 52
93 115 35
62 143 19
24 32 5
30 98 45
53 124 45
75 119 9
37 100 52
27 126 46
14 136 58
96 110 57
47 89 4
56 82 44
102 112 45
35 54 49
79 104 1
58 132 44
27 77 53
0 60 59
61 65 50
15 111 2
39 118 11
30 145 25
38 89 12
22 140 54
103 123 32
39 75 47
86 123 33
68 115 55
2 34 8
66 133 42
45 95 16
60 96 33
18 52 3
43 69 53
50 74 3
49 89 45
56 130 5
52 73 58
3 40 12
65 103 13
77 100 8
7 80 7
111 132 12
111 142 33
3 75 47
2 22 45
9 73 42
51 61 17
58 60 39
45 99 55
55 125 17
71 121 39
69 116 44
80 149 21
49 123 9
15 115 10
35 120 21
80 133 45
3 136 40
62 77 26
15 125 37
10 63 16
18 27 40
47 93 33
43 126 0
34 65 19
70 123 17
84 145 11
5 93 0
18 76 2
8 38 31
42 96 57
12 101 57
7 13 12
3 149 10
74 110 21
37 105 39
78 104 9
96 116 55
51 120 40
26 121 19
34 123 1
2 82 36
10 41 22
26 100 23
84 107 19
91 112 11
54 148 36
5 25 4
93 146 36
70 79 1
4 137 27
45 49 27
31 147 0
78 110 49
37 144 59
98 114 6
89 129 5
89 94 9
12 136 53
63 122 44
22 145 15
26 38 33
28 119 1
43 116 54
38 118 58
11 149 37
32 149 45
61 84 1
7 139 53
19 123 54
1 2 60
83 125 29
2 65 16
31 118 25
91 141 57
2 31 17
35 103 58
33 126 27
20 35 8
17 34 59
109 135 43
30 36 4
38 122 50
47 63 19
63 108 18
15 33 48
2 40 16
16 50 59
116 123 9
14 46 38
58 94 2
78 138 44
43 93 59
88 95 60
24 35 18
96 118 12
81 86 45
12 103 54
22 76 56
52 118 13
61 107 8
22 132 6
52 139 12
4 94 41
72 91 20
102 114 29
32 109 52
34 144 29
16 44 51
53 82 22
18 132 40
26 48 20
57 97 8
47 137 41
52 84 60
80 140 40
20 98 41
8 138 34
56 72 51
109 148 11
77 144 45
75 93 5
7 39 45
38 141 49
104 135 18
12 145 59
53 102 31
6 49 44
26 92 15
81 131 49
100 127 3
7 120 27
53 56 7
45 133 0
90 133 56
34 127 11
76 79 42
46 106 27
59 76 19
33 87 22
65 133 43
67 87 46
4 77 40
22 22 33
11 112 3
25 65 33
59 134 50
18 34 43
26 61 43
52 123 29
6 109 45
46 117 52
4 62 44
31 39 37
6 25 27
3 43 11
29 81 20
72 108 7
58 124 58
43 105 45
19 77 27
8 92 38
3 107 51
49 143 57
37 87 3
19 116 57
32 61 25
34 103 29
23 57 53
3 93 23
28 88 31
84 148 7
22 128 58
47 53 30
13 23 7
41 93 52
42 117 8
37 122 47
47 96 22
102 148 18
3 28 32
20 131 17
65 99 41
25 48 8
70 106 0
82 82 24
94 129 4
96 112 19
106 110 44
42 122 57
66 98 36
67 134 16
5 52 60
83 140 31
5 6 12
21 120 30
71 139 14
41 136 10
60 91 19
76 125 44
69 103 4
16 128 57
26 33 48
58 108 40
43 44 19
19 33 56
33 104 51
37 130 26
41 92 55
9 110 0
18 61 12
1 97 0
54 67 26
30 73 51
30 42 11
27 43 24
77 89 30
27 128 16
5 122 25
50 91 16
73 93 4
26 137 49
36 43 28
14 30 40
2 77 7
1 88 59
20 31 52
21 94 44
28 137 8
95 111 60
102 123 42
15 48 2
64 122 13
27 80 34
43 58 11
9 68 12
85 107 27
67 107 8
42 52 58
96 127 57
69 121 41
35 144 9
50 82 12
45 100 36
48 95 46
32 94 0
14 125 59
14 82 48
10 128 41
11 23 24
91 101 13
21 29 16
1 117 39
52 113 24
44 95 5
53 70 4
18 89 52
19 34 53
4 86 48
46 78 18
25 92 56
106 116 31
106 129 40
86 129 54
15 110 26
3 79 20
26 62 20
71 87 51
65 95 52
1 69 55
47 147 33
64 147 50
62 122 47
11 93 32
28 122 46
8 43 58
99 103 4
48 60 0
1 93 10
24 44 46
14 70 20
24 80 48
54 60 3
65 73 6
48 52 5
61 62 16
41 61 10
64 141 42
65 109 9
17 137 7
25 52 15
31 144 50
96 136 57
59 85 16
72 79 15
62 119 60
41 107 0
83 124 24
55 90 1
9 41 27
2 8 40
83 96 2
2 79 41
11 99 35
77 106 7
26 99 25
99 112 13
62 116 36
55 132 39
12 129 26
40 86 60
20 134 23
131 133 40
6 135 39
38 138 49
25 128 20
15 19 10
2 118 16
1 94 41
32 120 54
18 105 43
81 85 32
83 134 29
19 74 2
10 33 4
110 122 40
45 115 7
3 19 8
86 108 58
42 111 8
89 134 42
103 113 14
61 81 17
97 113 20
20 66 38
38 145 34
30 138 30
14 103 30
61 76 21
32 142 32
53 87 31
62 90 41
3 17 4
40 43 55
29 78 49
51 146 28
86 91 30
26 98 57
52 134 58
82 89 58
89 118 14
16 43 5
72 112 28
25 98 48
80 111 59
0 69 30
97 121 59
91 137 32
101 148 5
1 49 19
33 75 16
30 68 50
31 108 47
51 52 46
94 136 11
23 143 39
49 49 25
61 113 3
29 58 7
79 136 39
46 53 54
6 45 53
100 117 45
52 125 45
9 13 29
51 65 22
39 104 32
23 78 2
57 146 14
33 119 10
112 128 23
21 95 0
99 119 34
36 41 43
46 76 58
21 87 21
5 62 15
30 79 57
63 142 27
50 117 11
30 104 18
94 105 21
11 30 12
6 103 24
42 47 21
8 105 14
115 130 40
35 87 58
49 119 52
57 93 57
0 82 9
82 139 35
0 130 16
76 119 59
4 114 57
21 33 11
37 143 0
0 142 46
1 71 3
7 34 4
8 39 18
27 31 41
27 68 44
24 137 19
59 112 56
70 104 14
97 148 31
75 128 34
109 116 39
85 142 48
2 148 14
19 44 49
13 18 31
15 66 29
19 133 25
55 106 56
0 41 51
67 149 3
81 104 6
31 123 58
9 16 41
93 139 18
75 81 23
90 146 18
7 91 51
3 24 22
102 104 42
39 59 12
5 105 7
2 126 54
65 136 21
26 43 11
25 140 36
50 63 1
13 35 37
10 141 38
5 88 15
5 66 27
32 82 4
104 129 50
3 82 0
19 49 3
12 123 30
132 136 48
27 89 48
105 146 39
67 105 48
16 108 51
40 145 29
44 58 18
55 81 35
90 140 52
64 129 32
41 59 59
66 121 23
68 146 10
39 98 38
3 132 22
104 143 40
66 130 33
1 3 22
70 117 52
46 130 13
97 140 46
71 81 39
23 53 30
11 61 39
119 142 23
61 148 1
51 125 1
11 127 52
37 136 53
1 25 37
55 75 1
43 49 50
44 52 34
17 69 26
4 132 30
22 61 9
32 47 10
0 0 2
100 105 40
17 82 30
17 61 14
26 112 1
42 64 40
100 122 8
9 125 46
98 105 23
72 141 14
39 149 5
20 29 20
16 22 40
39 62 12
1 76 1
102 146 54
14 105 8
30 146 56
55 120 10
103 140 46
58 103 16
61 120 38
38 119 10
7 116 1
44 85 59
12 35 36
10 52 46
22 58 27
102 142 5
18 128 23
75 106 36
55 111 19
87 101 31
44 132 41
54 129 27
41 115 60
47 86 32
5 36 42
36 90 2
38 41 41
72 101 44
82 111 18
16 96 51
44 53 57
29 73 27
19 36 60
0 127 60
24 34 9
0 84 56
43 104 48
27 109 41
34 142 39
63 139 17
39 109 56
57 61 20
14 21 54
69 117 35
20 68 15
31 109 9
73 78 38
11 29 36
48 117 35
67 96 4
30 111 50
58 117 3
21 135 14
110 114 36
20 28 36
31 66 27
23 91 56
37 45 24
17 62 39
57 102 16
73 130 3
43 70 21
23 59 3
49 136 47
96 117 50
87 137 60
12 17 39
2 122 55
42 72 5
96 113 53
29 65 17
34 34 26
10 127 56
83 142 46
24 60 49
36 56 42
0 21 29
30 131 21
71 126 26
65 121 30
45 63 36
3 133 7
33 90 37
42 63 7
1 39 3
20 144 33
57 128 50
51 98 9
3 12 48
64 98 13
90 122 19
111 129 22
59 145 33
62 71 42
5 130 30
19 54 25
38 102 0
71 135 8
56 70 41
28 29 42
11 129 6
38 80 11
23 70 34
13 40 54
29 115 49
2 25 0
96 140 6
48 144 20
55 92 22
42 145 10
76 121 36
89 97 52
18 84 41
1 102 56
15 149 31
57 145 34
40 68 52
65 134 34
58 141 59
55 123 55
28 99 50
76 128 8
10 114 45
27 118 53
100 101 9
26 95 27
77 109 32
53 73 34
52 63 52
68 76 6
75 129 55
19 130 5
34 106 35
60 87 16
68 114 0
64 94 0
39 144 9
4 115 30
101 133 34
90 97 47
95 135 11
50 56 14
28 138 0
5 56 5
83 114 19
38 66 6
59 74 49
57 115 22
16 99 40
98 121 9
61 90 22
37 44 47
6 124 39
29 130 46
32 99 18
60 123 42
5 22 43
49 76 4
44 121 9
26 130 12
32 129 23
2 92 18
92 135 11
13 81 18
31 140 7
50 58 57
41 62 16
104 115 0
13 131 30
76 124 15
100 120 13
54 66 6
27 74 27
27 133 5
68 130 46
44 84 22
13 110 28
11 138 46
55 128 34
98 120 28
84 106 7
9 44 18
47 115 52
10 118 9
10 73 25
27 115 14
32 111 8
9 60 47
38 67 36
34 48 50
10 132 8
9 142 6
48 90 51
71 137 22
37 127 22
28 140 2
51 54 36
68 92 56
58 146 42
40 107 53
90 92 49
5 40 29
32 41 28
32 76 2
43 149 21
18 68 59
81 93 21
33 96 26
29 102 55
79 89 11
107 120 36
9 102 9
37 80 58
88 131 43
45 138 27
10 28 43
57 140 42
13 56 30
4 67 46
15 57 35
27 130 10
46 84 60
100 148 41
65 129 41
1 133 42
81 101 7
15 141 25
5 49 18
19 79 51
59 93 60
10 83 47
59 142 24
0 81 40
67 118 32
0 88 28
23 43 28
40 70 52
69 70 33
24 132 54
77 79 52
75 142 18
33 102 57
42 70 54
7 119 55
25 99 33
41 48 43
6 6 58
43 82 38
55 136 24
16 130 36
18 145 21
0 19 20
22 94 53
10 89 29
14 28 39
52 102 49
58 115 36
106 148 31
40 61 2
58 81 58
66 107 33
16 66 3
95 118 15
61 131 55
1 61 49
91 125 17
56 104 0
53 111 19
8 134 35
68 87 40
24 72 59
19 31 37
54 130 23
32 67 59
48 61 31
15 109 57
47 124 60
80 124 3
2 42 30
94 128 49
23 93 54
37 119 8
59 86 37
2 61 50
50 53 30
3 57 33
69 145 32
95 97 36
92 114 57
11 39 52
40 146 5
4 96 29
23 148 28
15 100 42
96 105 54
66 83 23
25 45 23
11 53 16
20 27 59
109 131 6
48 79 7
32 126 13
34 86 1
10 37 2
91 99 12
53 80 36
78 135 29
59 121 50
52 77 4
50 118 59
29 77 31
4 131 55
94 143 15
67 95 29
19 148 41
0 77 50
19 73 48
39 115 39
5 55 48
19 138 36
8 118 35
41 108 52
73 95 35
125 129 42
26 36 47
55 55 18
32 147 54
36 94 42
89 110 21
106 125 57
36 142 34
17 112 60
63 115 53
66 87 51
67 115 34
47 64 38
24 112 21
14 32 1
36 136 51
97 100 48
57 79 60
13 111 23
17 70 4
35 52 55
57 64 34
85 139 45
9 70 45
22 100 14
66 138 1
18 107 6
13 136 30
53 145 20
50 72 46
44 57 31
1 51 54
41 98 51
42 53 8
4 63 27
25 82 36
75 118 15
12 106 44
73 110 6
25 60 26
70 112 39
4 110 33
76 111 11
7 57 27
42 59 18
90 130 25
23 130 25
94 149 50
29 75 32
33 112 29
116 116 18
73 105 0
40 65 24
10 32 22
8 89 37
16 120 14
67 129 39
78 114 44
66 92 37
9 38 32
42 44 7
49 141 60
5 39 23
26 134 22
40 89 5
79 113 41
11 73 6
7 84 55
54 135 6
44 61 28
66 69 44
58 148 43
6 74 36
80 93 49
39 42 36
44 46 39
31 69 15
111 147 54
81 125 2
66 108 34
44 78 50
10 17 34
74 125 47
51 130 3
38 113 7
51 106 43
57 98 24
47 148 35
14 123 28
86 140 4
18 95 57
20 20 38
59 62 56
65 106 17
90 131 23
39 139 17
1 8 12
5 114 56
75 125 57
11 121 59
24 149 28
55 107 59
31 143 12
101 123 41
71 93 57
74 101 19
76 120 59
81 81 9
5 37 19
106 144 14
19 125 33
69 122 14
16 48 59
78 92 7
16 28 59
9 12 60
95 133 50
73 82 54
91 122 55
83 94 20
18 67 26
0 104 36
73 81 5
59 132 13
1 130 26
77 101 24
124 147 44
39 90 4
11 86 6
30 101 42
82 91 55
5 48 31
22 83 22
21 24 8
61 109 45
78 133 8
16 60 58
11 64 11
62 138 45
30 149 25
75 141 36
46 122 15
26 105 53
66 149 38
2 41 52
0 9 31
24 117 59
20 114 13
14 69 8
72 127 50
60 149 30
37 57 6
43 90 48
32 34 11
127 135 52
12 21 56
61 141 26
67 98 47
4 135 28
51 60 18
20 129 41
0 43 38
41 43 35
21 101 29
3 77 28
57 109 5
42 119 43
7 143 32
17 140 53
74 78 12
97 149 3
43 68 8
21 78 9
86 87 52
87 89 36
90 142 7
53 92 11
15 133 38
55 117 43
62 111 59
80 127 30
35 90 48
47 143 0
34 87 36
26 77 18
65 149 23
3 41 18
37 75 9
32 143 35
57 117 59
65 131 15
41 58 3
64 80 19
57 120 22
10 136 10
18 21 55
33 50 52
5 11 49
34 124 28
60 137 39
28 110 23
53 101 39
31 81 22
52 120 38
85 96 31
42 45 60
77 142 26
27 73 21
70 138 2
55 114 47
76 84 28
12 113 36
42 65 9
71 76 34
24 105 33
13 89 11
64 93 28
4 58 27
8 41 26
28 36 16
17 136 35
64 72 10
83 98 58
48 68 18
51 119 15
101 145 50
7 98 42
71 125 38
51 108 52
9 9 26
47 54 52
17 25 10
6 119 28
33 88 26
44 79 7
21 122 9
32 148 28
114 147 47
78 147 55
21 103 14
17 119 43
64 110 58
22 26 9
28 52 48
4 148 0
20 130 16
23 109 52
41 56 11
60 138 59
30 148 22
74 79 26
28 113 30
41 84 58
46 46 41
15 24 39
74 94 6
27 75 17
31 38 40
9 139 60
11 135 6
7 86 49
44 65 29
58 80 6
38 132 29
77 91 39
94 104 24
21 109 32
93 111 46
18 85 38
104 144 18
33 76 50
15 37 37
43 99 2
76 109 22
17 68 46
4 18 39
33 123 43
32 108 12
38 78 1
5 89 60
36 140 37
75 94 52
18 130 22
106 131 7
32 117 39
14 64 13
78 108 31
109 144 7
18 60 53
14 78 48
61 70 43
55 85 31
55 96 20
77 107 52
8 58 22
84 104 28
5 33 28
10 77 48
28 106 58
7 126 4
57 112 0
100 132 46
63 118 44
59 127 40
74 82 13
111 139 15
78 88 18
13 51 37
65 142 44
42 86 29
110 137 36
73 132 58
95 136 30
67 110 14
9 52 23
86 136 54
21 82 33
79 129 59
81 106 32
21 71 8
66 104 16
38 97 19
57 116 50
13 49 25
23 89 17
21 54 14
9 88 29
64 116 4
6 81 13
71 115 16
79 149 42
54 105 15
9 67 25
89 139 48
20 109 21
25 49 26
18 115 14
1 111 16
10 92 59
69 97 32
116 141 54
68 84 29
36 58 12
80 148 35
20 121 60
58 96 51
70 132 52
104 121 56
24 38 22
36 146 21
109 112 33
16 136 24
6 11 40
32 55 31
57 137 47
30 123 3
58 137 21
26 59 43
0 20 20
44 107 38
23 39 25
58 119 43
19 51 13
6 102 0
26 118 47
22 130 27
37 123 48
11 148 53
14 131 37
29 40 34
89 132 12
0 100 41
98 113 41
53 140 27
20 71 17
29 87 33
27 144 21
11 79 40
70 97 29
76 147 24
1 9 0
73 90 43
92 138 4
5 141 54
36 53 30
96 123 41
26 141 26
38 68 42
74 130 8
1 67 2
85 89 24
35 45 24
3 105 19
84 144 46
8 57 52
55 86 57
90 106 47
49 78 49
22 51 24
57 122 23
28 84 34
23 71 39
46 57 44
16 134 41
79 106 34
4 100 60
0 72 60
7 16 40
51 70 53
35 141 19
73 74 44
79 138 18
9 127 9
25 46 27
7 11 32
35 125 43
9 21 20
93 95 51
34 44 35
62 108 21
87 120 17
39 78 47
60 148 13
68 129 21
52 82 11
19 113 16
67 104 37
66 106 31
18 65 11
67 121 38
35 137 11
21 83 41
49 130 26
44 133 5
13 93 2
24 83 5
50 66 2
68 136 2
76 132 23
103 121 49
92 115 2
30 124 35
43 103 13
5 67 35
62 103 24
86 95 24
52 67 32
61 127 1
50 78 1
10 57 36
70 103 60
63 75 1
29 104 46
87 142 42
49 148 30
107 149 8
35 142 1
41 57 22
59 105 18
33 60 58
8 87 44
32 146 46
67 81 59
1 83 31
29 100 33
5 95 42
6 53 33
66 90 45
20 62 43
38 117 36
18 64 58
11 142 43
81 121 36
76 80 51
62 95 17
17 55 49
35 49 14
88 111 18
43 67 8
91 98 52
29 82 41
30 95 6
52 56 56
65 68 56
2 38 22
11 82 20
59 97 17
25 113 1
90 127 12
77 133 2
19 109 48
108 117 11
40 143 2
1 123 5
38 77 58
79 85 57
12 139 17
4 45 5
24 144 50
15 116 37
10 126 49
78 136 37
4 133 5
77 82 50
51 86 44
10 129 38
32 136 1
14 138 21
48 71 0
50 97 3
75 109 60
105 144 5
10 13 37
77 116 38
55 122 30
79 101 38
33 86 60
49 133 30
22 85 32
13 90 35
71 83 36
46 54 14
21 68 51
12 84 58
77 80 28
73 107 54
30 143 29
29 144 9
81 113 32
83 141 46
97 107 1
33 84 10
41 140 13
18 112 2
22 98 35
55 60 55
49 107 5
23 72 41
39 101 44
29 89 21
9 130 56
82 125 35
70 145 53
10 43 6
37 46 42
69 141 10
98 103 26
55 87 21
8 115 40
17 84 24
5 79 20
8 63 27
44 128 15
10 27 38
22 41 4
7 115 22
37 42 18
32 124 55
50 88 7
1 35 14
40 55 2
72 93 16
45 59 49
54 55 47
54 124 28
36 143 59
17 37 33
49 138 14
64 121 30
19 89 28
97 137 15
14 92 57
40 93 26
24 62 60
11 105 49
93 128 12
83 121 20
49 55 11
20 120 22
7 10 59
29 93 34
18 121 16
27 114 18
80 115 53
69 148 10
36 124 1
1 125 19
84 129 34
3 146 58
71 99 29
27 41 9
24 86 25
46 97 16
82 148 51
65 110 25
16 67 14
18 143 1
74 120 56
18 97 18
3 118 43
46 134 25
0 5 51
16 127 19
1 15 59
33 92 40
66 95 49
43 112 4
28 35 40
21 146 9
9 79 35
50 120 21
63 112 39
1 53 30
33 101 55
73 149 54
91 120 17
43 84 39
48 100 6
53 133 14
13 87 26
30 44 26
54 63 42
41 69 45
104 110 17
30 64 46
86 147 38
92 109 12
56 85 44
22 64 3
38 95 38
34 98 54
11 92 15
50 109 25
16 32 42
39 142 49
83 105 51
24 66 31
72 140 25
60 62 10
35 122 28
76 136 35
77 122 33
19 99 27
0 106 5
4 56 11
63 146 59
39 50 15
28 111 55
18 42 60
34 95 20
95 130 43
26 66 12
11 94 53
46 77 5
84 141 49
38 137 10
56 116 2
41 111 53
62 129 0
43 45 57
31 104 52
22 59 4
71 90 27
1 32 8
1 17 38
6 13 15
102 103 8
82 95 44
90 109 57
45 46 0
7 72 57
16 123 37
52 68 3
47 134 11
43 122 46
20 82 20
26 39 39
60 125 49
38 61 46
26 96 56
33 130 34
37 68 37
22 47 60
9 59 43
2 62 43
21 79 14
31 37 19
0 29 55
39 125 44
78 121 38
92 122 18
72 116 38
34 54 60
42 90 55
52 106 4
29 44 11
6 141 45
3 141 23
53 58 42
46 59 45
23 105 18
10 61 34
10 16 45
16 124 7
23 115 52
48 127 28
42 107 8
8 51 41
1 134 60
10 80 11
2 113 2
96 104 7
24 147 59
28 91 52
72 89 47
52 128 39
69 132 38
21 39 44
3 115 37
21 49 5
49 105 50
83 108 42
16 141 16
51 100 38
25 145 39
70 102 49
31 54 58
26 74 49
25 123 30
22 28 46
10 133 10
79 99 57
76 108 48
8 19 33
17 122 6
71 107 25
75 85 40
57 110 14
9 90 18
93 124 53
97 110 17
62 83 9
53 100 47
82 102 33
81 84 17
44 67 4
16 23 45
14 40 59
53 89 9
75 102 20
27 117 56
35 129 48
1 62 1
1 85 30
12 100 4
94 130 17
5 139 9
94 101 7
68 86 59
37 78 45
31 41 21
8 76 33
45 134 34
65 101 11
3 96 32
15 97 25
22 121 52
18 98 13
15 67 0
12 44 32
7 83 4
91 107 27
30 103 57
42 82 47
15 128 58
24 91 41
63 130 43
21 22 25
56 134 3
68 100 34
64 69 31
95 122 56
29 117 40
47 111 22
15 113 50
14 56 24
30 56 16
25 136 45
86 109 14
65 132 2
24 25 20
21 47 50
21 139 5
50 146 57
23 122 39
35 107 5
47 140 16
15 71 30
69 86 50
25 68 60
80 114 23
7 133 47
25 33 41
29 119 53
55 94 22
10 112 13
88 90 51
84 133 20
32 74 19
94 134 14
68 78 27
9 136 26
10 82 60
52 129 38
5 70 37
25 114 34
52 114 20
4 14 47
77 112 30
2 106 40
112 138 25
50 149 4
43 71 53
103 129 25
22 82 52
38 108 44
28 92 21
3 21 3
5 5 21
116 139 0
79 139 8
32 75 16
44 72 5
94 108 41
33 99 27
15 83 33
18 149 6
34 102 29
13 26 22
50 148 28
24 76 34
15 124 60
25 77 44
20 137 7
26 117 19
104 107 38
43 139 57
29 135 19
106 141 32
83 95 46
62 64 29
40 129 17
35 44 35
30 58 12
40 116 37
78 105 1
34 139 22
13 32 25
15 52 14
19 26 3
61 144 37
18 96 48
23 138 28
69 83 44
21 142 28
72 81 25
40 78 17
23 135 51
6 110 25
15 140 22
48 108 5
34 82 11
80 117 28
42 109 41
94 115 20
62 96 29
58 143 19
46 112 13
34 55 32
35 50 14
61 106 43
21 86 29
30 86 14
32 77 58
11 28 24
14 97 2
27 99 33
3 65 56
6 118 55
25 90 36
8 98 12
72 77 55
19 128 25
19 62 24
5 9 57
75 147 58
33 66 20
58 125 45
29 61 44
55 110 28
16 98 29
28 76 54
120 141 43
24 49 57
49 75 42
1 148 10
37 81 14
21 60 32
36 95 45
72 102 43
13 24 36
29 112 40
75 131 42
64 91 16
68 142 42
39 97 33
24 106 40
41 50 42
88 105 6
14 65 56
16 149 14
80 103 34
27 137 26
10 72 16
37 65 10
11 102 56
8 112 48
75 82 22
10 48 34
11 146 21
22 111 40
10 138 16
39 74 49
4 102 8
81 90 6
76 135 49
36 66 57
22 45 2
73 77 56
71 127 38
5 113 56
56 132 1
50 133 3
7 90 16
68 140 48
9 126 9
66 135 45
62 74 9
48 72 53
28 104 43
18 117 24
11 21 14
38 43 57
120 138 58
73 147 60
7 51 57
93 130 33
70 91 34
30 70 2
5 10 49
10 98 32
1 45 28
10 15 56
8 49 0
68 98 0
40 133 24
24 37 9
84 134 58
30 110 9
43 66 5
45 126 6
30 40 14
9 20 23
25 58 24
39 80 59
32 49 3
95 145 39
1 147 44
21 56 50
1 22 0
9 47 41
47 59 5
8 35 21
13 75 43
39 58 48
33 109 13
67 97 35
48 106 10
86 88 8
14 127 45
97 112 11
52 64 50
70 121 23
69 131 17
18 108 58
6 65 34
108 137 4
89 102 16
13 146 2
34 122 7
8 21 1
27 70 58
34 149 32
27 63 49
47 133 42
66 145 1
13 83 34
43 61 54
36 80 30
85 128 4
69 77 36
3 78 27
79 128 45
33 80 38
27 37 30
55 115 55
13 79 7
71 132 8
14 141 40
41 68 0
66 103 4
64 102 52
60 89 48
5 54 31
14 107 2
26 89 56
18 113 28
0 143 8
15 58 60
32 80 14
43 63 40
5 85 36
18 26 53
53 149 49
38 100 58
21 84 3
68 102 34
9 148 45
12 144 8
28 56 19
50 60 26
35 64 44
40 138 40
5 120 13
67 128 36
39 112 44
53 88 38
43 145 50
70 100 59
31 57 45
33 79 35
70 82 23
54 126 0
29 103 3
5 99 52
56 133 34
36 111 21
51 127 55
15 117 34
23 31 57
7 45 12
8 77 33
50 98 11
45 73 23
92 104 57
80 137 3
17 116 31
43 131 30
10 65 24
9 61 22
2 138 39
120 130 45
52 59 20
13 100 48
2 73 14
48 92 46
4 88 24
0 7 24
68 141 40
9 81 20
24 126 30
26 129 47
63 144 16
16 82 48
68 126 37
26 45 8
75 114 52
31 110 30
4 126 50
13 36 54
84 118 42
10 40 57
53 96 0
16 81 36
45 107 11
73 109 56
8 90 39
34 49 11
23 98 15
35 65 14
15 92 8
86 113 48
38 46 44
32 60 40
7 65 35
75 115 21
37 137 2
3 140 22
35 60 13
104 120 12
7 142 56
2 55 42
34 148 29
24 116 48
42 102 44
28 100 38
56 147 7
67 139 12
64 75 38
58 127 47
42 114 10
86 106 14
18 38 50
43 128 17
98 100 41
34 114 19
1 20 4
11 147 45
52 78 23
30 94 51
95 95 58
25 57 50
60 128 17
95 102 38
27 49 39
106 124 56
1 78 2
3 137 58
10 50 2
68 139 8
14 112 49
81 143 22
36 38 31
18 46 2
83 85 42
75 124 8
3 39 13
55 142 34
92 146 18
7 138 53
45 119 38
73 138 48
67 140 19
44 99 11
24 39 12
15 126 47
9 57 36
47 110 42
53 61 60
45 102 2
76 139 4
56 68 3
2 29 0
73 103 8
1 108 32
37 121 21
21 145 52
26 79 2
35 59 8
61 100 30
3 103 50
17 44 45
27 136 27
43 127 1
32 42 19
26 64 50
50 51 3
35 99 57
28 42 38
87 148 51
42 103 52
3 135 54
21 57 25
50 137 7
78 113 33
85 122 29
64 130 37
15 98 50
23 90 28
66 82 13
27 82 38
75 132 21
58 142 57
16 24 53
78 140 6
56 86 42
101 112 30
22 137 50
42 118 21
3 95 12
18 20 56
41 99 45
23 117 37
32 71 37
1 104 29
34 77 30
4 19 7
26 46 55
54 112 51
45 122 24
18 80 16
39 72 44
69 137 32
77 138 31
48 98 1
10 74 11
38 64 14
8 84 31
46 52 53
65 107 55
58 78 31
18 66 19
63 107 4
46 115 55
76 99 46
14 145 33
2 80 16
38 111 52
52 91 2
34 99 38
63 132 58
24 90 47
75 130 44
20 132 13
56 106 27
50 50 9
51 93 26
12 37 46
31 99 36
34 42 43
112 131 15
42 139 47
21 134 12
60 88 53
53 137 13
20 34 38
77 95 54
75 120 14
100 142 57
8 99 21
14 104 49
16 100 47
49 125 19
19 146 36
42 108 4
24 109 28
75 136 19
13 99 57
1 138 10
16 86 21
32 131 57
36 63 6
12 75 14
50 122 42
35 51 15
12 20 14
25 32 33
7 55 20
80 141 34
51 85 13
12 65 8
90 125 25
24 135 52
9 85 59
9 143 11
16 59 8
33 115 54
39 100 42
96 126 45
29 96 59
19 63 22
7 27 57
9 98 32
14 77 51
48 91 14
54 76 40
39 106 27
103 104 60
23 139 28
3 108 14
10 66 35
41 45 44
19 22 39
5 142 44
62 97 51
13 140 22
76 143 22
11 74 35
11 132 33
31 74 56
17 142 31
66 80 0
28 85 7
36 49 28
45 80 40
72 131 57
47 144 50
79 115 58
22 23 17
34 84 53
2 102 39
15 21 44
31 91 1
37 52 15
4 5 21
37 73 22
33 137 35
6 129 32
37 50 38
80 81 21
40 102 48
18 129 8
53 53 16
14 94 55
39 71 32
28 103 27
55 65 11
1 46 22
0 107 46
58 129 48
22 46 37
102 116 46
31 122 38
31 106 56
90 137 25
57 119 37
16 113 3
38 86 38
13 72 1
22 31 59
64 96 31
6 26 57
61 128 3
9 71 51
13 48 10
73 123 6
35 71 59
39 137 2
23 118 24
72 85 30
72 83 1
26 143 10
20 141 59
6 52 10
9 18 39
28 39 11
74 118 25
30 90 41
5 84 26
67 142 18
16 16 6
30 33 17
113 134 33
72 98 14
38 104 58
47 118 18
38 128 46
6 101 2
21 104 44
7 33 7
42 104 16
53 131 12
35 88 22
7 25 19
8 8 28
34 66 60
58 86 39
67 135 7
90 121 44
3 119 49
4 144 16
38 112 52
11 111 22
19 111 59
38 62 29
5 145 27
11 130 23
87 94 46
23 86 2
3 22 9
43 124 19
16 90 6
47 83 37
46 61 20
54 139 3
14 31 50
30 81 54
28 31 38
17 141 15
23 29 18
94 122 54
16 25 4
74 85 30
31 80 26
42 142 0
48 58 45
7 118 32
36 96 4
63 119 54
50 129 47
34 64 7
4 83 24
58 130 18
35 42 10
66 144 33
36 135 42
37 99 9
76 134 32
17 67 43
4 71 37
39 107 19
0 125 60
37 41 49
11 67 42
3 131 43
25 63 52
72 120 23
10 55 49
63 87 27
24 40 22
5 94 56
17 66 31
57 134 50
71 142 45
51 141 5
44 103 13
12 141 8
13 133 40
25 25 3
54 89 0
21 30 45
40 59 45
109 118 51
58 122 57
21 28 59
71 71 17
103 120 16
49 131 50
17 76 50
5 132 11
88 110 35
71 92 22
26 73 35
76 126 7
12 62 53
32 138 5
45 131 60
40 95 8
58 113 25
2 84 39
70 80 52
3 59 22
53 77 29
24 43 11
58 90 31
73 73 32
32 37 0
0 35 56
19 114 18
5 123 44
58 62 55
34 81 23
12 82 42
21 131 60
85 131 21
19 30 8
4 134 35
97 130 27
31 56 52
31 142 47
15 47 18
8 34 55
48 101 34
24 59 46
57 135 57
16 94 43
12 107 0
6 126 15
74 74 7
8 59 44
10 103 57
12 66 32
0 126 7
29 56 34
9 54 25
38 116 43
16 105 59
58 97 45
17 60 35
24 140 31
17 72 57
37 140 39
18 55 48
14 116 25
17 47 40
12 124 6
40 118 58
0 132 60
48 124 29
27 83 8
7 41 42
36 88 56
13 16 24
10 123 24
45 106 5
82 90 28
4 68 22
11 123 13
74 126 27
74 115 35
23 125 19
90 118 25
41 100 40
3 91 41
66 111 27
51 88 60
0 114 24
33 125 50
43 65 38
0 83 55
41 141 35
40 141 22
78 137 47
33 58 43
1 10 6
41 85 29
11 110 5
11 14 54
16 133 41
5 20 47
3 23 28
10 30 10
17 22 48
54 95 37
17 57 57
32 78 18
57 111 16
56 111 47
40 149 8
37 117 50
68 145 12
104 133 4
1 73 59
24 81 40
5 14 57
49 93 48
8 133 35
27 129 21
56 109 58
58 74 28
0 112 58
25 129 20
29 90 57
88 130 17
10 39 1
13 135 1
78 116 47
30 77 11
50 111 33
54 127 7
41 135 54
32 90 55
69 72 54
3 71 5
90 107 54
43 143 32
32 56 22
118 142 28
50 95 10
63 113 23
39 57 49
16 101 49
31 149 7
54 134 38
12 39 32
27 46 3
2 149 13
29 41 3
45 71 45
81 141 37
57 72 33
70 81 51
67 143 13
37 96 35
17 40 40
21 113 49
81 139 60
15 51 18
37 134 60
37 132 19
34 138 0
61 66 52
19 78 25
47 126 54
23 36 11
15 96 25
12 49 14
86 148 58
19 92 36
32 115 24
38 65 35
29 42 13
43 62 17
42 125 60
35 143 54
24 125 16
56 61 13
9 62 0
82 120 44
73 83 55
47 146 0
40 127 16
6 77 48
10 54 44
76 85 44
34 80 51
15 121 22
32 87 41
21 149 4
29 43 37
11 113 40
22 88 27
66 102 43
49 66 16
87 103 21
51 110 46
17 24 41
54 136 2
19 147 28
15 136 44
16 51 13
41 64 53
31 84 28
49 100 43
49 120 39
13 116 14
0 133 44
50 126 16
21 141 14
73 114 39
0 96 0
53 81 37
35 91 22
28 118 26
84 130 17
8 27 55
53 144 46
107 114 11
25 28 24
15 122 8
53 76 31
101 121 12
43 43 44
8 147 39
17 103 38
2 67 52
16 109 0
59 149 60
60 80 29
13 123 53
98 132 45
25 107 42
33 111 44
4 20 11
12 78 39
63 140 42
13 139 13
30 53 60
19 23 21
5 78 18
31 134 8
0 129 23
6 89 23
36 82 50
6 57 35
15 40 2
12 54 1
67 103 43
24 119 26
25 73 27
67 127 27
58 69 36
20 106 17
14 74 55
19 108 52
15 99 55
65 140 13
10 97 43
50 90 47
15 87 10
13 77 15
81 123 42
0 66 50
20 33 26
59 65 3
6 86 46
27 87 43
3 102 58
18 124 7
81 99 39
34 94 51
55 135 8
4 57 20
57 142 7
94 103 27
55 139 24
4 53 8
30 67 17
4 50 25
54 73 28
54 87 16
8 68 14
25 130 40
80 120 43
66 89 58
45 94 60
2 132 18
58 61 53
98 119 14
38 44 19
24 88 25
16 74 1
15 148 20
2 50 17
69 129 3
47 130 54
23 37 36
0 18 44
50 87 57
8 135 14
6 146 32
81 82 47
63 135 36
44 137 22
7 19 33
34 97 14
39 123 44
38 83 28
15 81 28
42 149 32
58 70 22
40 67 19
69 146 13
61 80 44
70 114 17
32 100 31
3 60 8
20 37 58
60 106 59
26 93 17
80 134 14
51 68 56
70 84 51
7 149 60
35 57 18
36 141 36
23 52 21
14 85 12
15 112 11
86 97 13
48 128 7
2 95 16
0 57 13
12 128 38
42 69 24
11 46 36
7 21 36
88 122 27
48 50 56
40 77 43
53 113 16
56 59 22
6 111 31
10 105 44
60 75 36
51 116 57
49 53 10
18 51 35
3 64 38
25 93 1
3 117 48
8 16 1
36 129 40
44 77 23
12 57 20
45 62 26
10 96 42
73 148 0
69 142 5
26 108 33
65 90 13
63 105 49
55 93 52
20 60 24
46 110 19
105 142 7
79 83 35
34 125 6
6 46 58
43 114 1
24 47 48
21 136 56
2 105 32
1 64 52
23 54 3
69 109 26
57 100 8
25 131 53
43 113 18
48 85 12
29 137 7
21 128 22
19 122 60
68 143 43
18 111 34
60 104 58
28 50 57
13 45 52
77 148 5
76 81 2
2 91 1
42 144 36
40 144 12
6 115 32
43 98 16
4 34 55
45 86 58
5 118 1
23 123 25
48 70 18
59 109 48
66 137 42
22 52 24
2 87 45
7 14 43
89 89 3
25 80 17
36 137 24
51 135 59
23 136 38
34 75 45
23 73 57
2 48 10
6 12 4
9 89 60
1 128 29
37 147 51
13 103 18
8 146 31
89 143 41
57 118 46
36 130 50
16 117 6
66 84 42
15 28 36
49 128 19
6 134 5
36 122 39
19 64 3
104 131 45
14 99 37
14 47 34
60 118 23
5 74 1
32 135 41
70 115 46
56 108 28
12 12 45
23 94 50
14 139 44
5 102 26
6 30 32
37 139 51
30 136 44
7 8 58
36 51 6
20 127 15
15 60 23
24 27 4
19 118 38
86 103 7
5 35 2
84 117 43
87 113 15
1 31 39
71 134 47
48 112 22
0 99 43
48 77 45
19 81 20
45 147 35
37 49 5
20 84 3
60 109 53
27 125 52
20 88 54
25 54 59
28 95 36
31 102 44
20 133 8
24 108 10
7 53 36
7 40 13
3 67 12
90 110 48
85 149 16
76 123 12
52 140 11
5 82 54
45 104 27
58 72 53
3 85 20
13 112 43
11 51 29
64 118 4
39 73 16
6 64 10
58 77 40
39 41 23
12 74 38
42 55 54
11 37 18
53 142 31
17 20 29
11 35 40
41 51 44
52 57 19
46 133 22
10 81 8
4 44 28
35 134 18
10 44 59
5 21 45
54 75 25
82 135 59
60 79 26
45 128 9
4 49 30
44 116 60
26 97 13
30 51 33
25 94 34
21 123 39
52 119 55
45 51 32
16 148 22
30 130 51
6 43 21
34 57 18
43 56 18
54 70 56
19 112 37
6 128 28
35 73 58
1 59 32
2 26 58
50 102 41
44 90 28
4 33 13
12 61 32
8 122 12
61 139 46
25 44 24
37 86 58
15 129 60
20 39 33
61 88 5
26 86 2
59 79 41
14 51 7
13 138 26
7 94 58
21 48 41
35 67 6
69 106 50
69 136 6
48 139 24
20 126 3
16 47 10
16 58 50
53 91 28
10 79 47
48 131 35
24 127 1
84 121 12
45 47 4
14 14 0
61 71 8
26 78 9
67 99 6
27 102 24
62 136 5
3 147 49
11 72 16
65 96 48
90 116 52
29 110 15
13 37 44
15 139 58
71 117 46
18 50 33
50 80 50
1 129 54
6 62 18
35 83 35
40 130 59
16 19 27
16 39 26
50 86 6
22 92 6
14 124 28
11 128 58
13 29 3
29 97 17
5 127 46
18 141 36
7 99 55
7 137 28
39 146 33
33 139 38
37 74 6
56 56 6
64 112 18
26 119 45
12 33 25
21 138 4
34 108 17
14 80 12
17 102 11
41 116 42
5 91 5
27 113 16
36 126 25
78 128 45
17 48 18
3 3 55
0 111 37
63 72 44
64 101 59
14 119 54
30 87 19
18 82 52
17 111 21
70 146 31
55 84 42
37 135 58
111 126 4
43 129 43
4 87 8
32 128 39
28 148 50
22 134 41
29 109 32
34 117 43
34 69 19
18 123 2
19 149 55
1 27 58
4 55 1
29 126 56
16 49 21
46 143 11
84 94 25
13 84 7
43 115 0
47 88 39
61 149 41
17 106 11
13 91 39
13 58 30
3 122 46
45 70 1
44 114 58
24 139 18
16 38 39
40 142 60
26 148 50
44 68 54
28 53 59
0 109 42
56 120 2
16 131 38
12 117 4
33 132 50
33 146 26
44 63 51
46 51 56
33 144 48
16 34 1
81 135 41
28 132 50
26 71 27
33 145 38
44 71 45
0 131 56
62 127 21
6 39 26
105 131 41
3 97 31
12 132 34
12 125 42
74 135 28
30 66 53
55 98 21
1 131 51
9 140 32
20 138 41
3 50 55
25 76 36
28 44 33
8 80 16
60 73 11
6 72 45
35 104 5
83 92 40
55 103 49
11 144 45
16 68 31
39 53 1
38 69 60
22 68 36
26 140 1
96 137 10
0 58 40
9 109 1
42 124 9
55 143 24
8 36 5
0 44 0
49 62 28
2 128 58
33 116 57
82 98 54
82 104 14
53 67 59
9 91 18
12 81 52
37 142 6
42 61 40
39 92 46
46 74 51
38 60 19
12 26 20
27 55 18
23 141 10
5 126 27
12 133 54
46 131 43
9 123 11
5 72 40
96 129 56
54 65 33
10 88 0
20 94 6
55 118 21
40 45 34
6 100 25
38 42 55
103 116 17
29 31 2
54 120 39
42 75 37
1 90 39
11 125 35
31 46 8
53 95 40
45 55 3
17 79 2
0 13 41
10 59 11
58 64 60
92 117 55
8 62 15
17 21 12
15 29 17
39 67 49
14 75 0
58 118 19
30 126 10
20 77 56
16 115 16
54 118 55
12 16 12
89 128 43
35 105 44
13 20 16
40 104 1
0 136 1
34 51 55
19 107 25
1 19 35
12 148 16
31 32 56
2 89 60
77 124 43
4 32 9
3 15 46
9 95 57
65 79 54
0 10 59
33 110 52
47 80 25
11 33 60
44 113 14
25 89 4
3 33 37
56 146 17
19 29 16
8 15 7
46 148 9
65 117 16
4 28 60
78 80 15
23 82 34
6 123 51
15 144 30
3 99 0
27 45 29
94 140 51
9 66 6
39 52 41
3 144 35
0 147 29
72 105 38
6 82 13
42 137 34
9 17 29
42 101 59
43 125 2
40 57 24
37 145 2
1 48 38
87 96 27
1 29 21
33 138 17
90 120 25
73 121 58
7 48 54
81 149 30
12 52 1
49 124 38
13 47 39
106 138 20
26 31 57
14 29 19
11 109 48
85 103 60
78 144 25
60 68 57
42 135 44
19 61 23
29 84 36
51 77 33
25 110 0
27 67 32
26 124 3
52 93 37
53 85 49
59 116 54
2 143 11
2 90 33
23 149 7
50 130 36
65 115 37
18 114 24
41 131 43
77 120 55
7 61 6
3 109 57
34 140 17
62 106 8
5 44 29
83 86 10
73 96 14
1 80 50
1 77 57
8 37 32
20 124 5
52 122 15
44 86 5
64 103 10
12 143 52
10 70 20
5 111 48
1 7 13
37 128 58
33 89 14
22 123 60
20 51 52
54 143 14
4 113 15
59 114 42
0 113 43
43 107 20
38 115 19
20 53 6
34 58 18
67 75 19
86 126 14
30 57 53
17 147 40
18 75 22
8 113 51
41 102 3
4 106 41
12 114 20
16 92 53
10 49 19
31 133 35
0 51 31
60 94 10
15 90 48
10 84 15
43 138 29
28 78 48
22 127 26
2 45 11
64 125 60
34 46 40
61 116 28
69 73 2
48 48 58
51 122 31
30 108 20
66 109 24
106 108 39
80 108 15
39 133 33
6 50 46
70 109 20
0 47 47
1 65 5
41 104 22
62 117 14
11 83 30
24 67 27
62 101 19
70 107 50
41 144 40
20 111 11
26 102 15
5 103 21
52 105 52
29 79 31
47 55 23
12 53 30
10 31 18
8 70 53
98 145 23
78 87 39
68 71 44
15 114 37
9 19 5
51 81 59
14 20 14
24 51 55
54 104 49
24 56 23
50 124 34
68 81 22
19 24 32
5 101 46
31 107 39
68 119 44
36 55 60
37 59 40
35 123 30
26 128 39
18 136 28
36 112 9
7 12 19
104 111 38
6 71 39
28 54 56
17 149 32
6 31 37
59 90 22
25 146 53
8 103 18
1 115 60
36 119 34
16 27 22
4 123 13
5 30 14
46 111 15
36 139 40
57 136 45
4 47 20
76 77 12
19 119 31
77 128 28
1 144 13
26 88 21
28 45 3
5 68 35
12 77 1
17 139 8
59 137 27
51 118 47
19 121 2
47 82 60
62 68 9
37 85 26
8 29 13
43 60 37
1 13 8
63 92 47
20 146 30
26 147 11
33 108 37
9 34 42
5 7 41
57 58 18
32 110 57
23 137 25
52 117 40
3 111 49
5 117 26
37 53 17
62 144 16
33 114 20
52 131 3
9 58 36
17 129 19
34 74 12
21 126 26
50 94 13
66 99 50
22 99 50
33 106 28
32 59 38
4 119 11
49 94 22
0 95 33
44 139 59
31 55 12
22 117 34
35 140 59
44 100 10
15 127 50
10 56 12
31 89 26
46 81 6
65 116 30
50 99 12
13 143 31
4 142 1
18 25 24
54 94 33
27 66 2
26 139 59
20 93 26
10 147 20
25 101 13
75 111 11
9 55 44
84 143 25
24 31 41
12 38 54
6 27 48
23 127 49
42 94 50
41 65 10
43 144 43
40 115 50
20 40 4
53 120 32
41 145 8
17 134 29
89 104 53
5 104 46
66 97 51
81 128 10
8 83 25
14 148 34
8 28 34
20 76 55
50 75 58
18 32 50
33 67 20
23 88 33
40 109 53
5 135 49
74 123 37
29 39 50
8 14 42
40 50 7
25 149 9
72 121 56
26 82 43
7 128 16
22 55 39
44 143 8
12 147 19
24 102 7
46 70 18
69 147 3
93 103 11
14 130 44
35 79 26
20 81 22
47 98 6
6 78 47
30 132 40
53 119 18
46 79 19
45 142 56
3 61 0
31 76 27
63 74 50
45 112 46
60 136 17
38 38 36
63 85 2
45 127 5
78 111 10
32 127 12
49 79 47
53 118 35
3 112 20
1 145 1
8 124 15
43 109 4
28 66 43
5 138 52
19 75 7
25 53 19
35 128 19
44 96 41
9 86 25
7 36 4
64 123 33
43 134 47
55 126 42
73 91 9
7 127 27
3 66 32
36 40 47
34 131 31
82 127 24
40 46 30
1 120 33
74 134 2
48 103 55
3 54 8
19 96 53
14 88 15
41 120 44
2 10 7
75 104 44
15 123 22
39 39 30
19 59 36
