20 170
178
157
157
184
121
189
148
156
106
167
131
131
174
100
160
177
149
107
164
181
0 1 31
1 2 4
1 3 26
0 4 56
4 5 2
5 6 24
3 7 49
7 8 25
5 9 7
9 10 51
0 11 40
6 12 31
2 13 28
5 14 4
7 15 14
1 16 20
4 17 34
11 18 20
0 19 52
17 19 20
1 6 46
16 19 44
1 17 37
2 7 40
18 18 48
4 14 28
8 10 44
13 18 44
1 10 50
7 9 37
10 17 25
1 5 55
14 17 44
12 18 22
16 16 34
12 15 9
13 19 39
5 18 16
9 11 14
1 15 53
6 13 28
15 19 17
5 17 38
0 3 33
11 13 41
4 4 51
3 13 49
16 18 8
13 16 32
4 18 51
12 12 3
6 15 15
8 14 59
1 11 34
5 5 27
12 16 40
10 12 56
3 9 12
17 18 31
11 11 6
8 8 12
15 15 58
8 17 29
8 9 44
3 17 26
12 19 36
16 17 47
1 12 20
11 19 20
12 17 54
3 8 55
10 13 42
7 10 48
15 16 57
13 13 48
5 11 35
0 6 12
14 16 15
10 18 30
18 19 19
1 7 30
6 8 38
4 9 2
2 2 2
13 15 53
0 16 44
9 16 46
9 15 57
4 8 3
5 7 39
0 12 43
8 19 41
1 1 56
15 18 41
4 10 44
11 15 37
13 14 48
14 19 47
5 10 43
6 19 27
14 14 39
7 17 19
1 9 56
8 12 23
17 17 39
8 11 6
4 7 17
12 13 45
1 4 13
7 11 5
8 18 30
3 4 39
3 10 33
6 18 32
13 17 1
7 7 43
6 6 40
2 5 4
4 6 32
8 15 36
2 11 24
11 17 23
4 13 42
14 18 60
4 12 56
5 16 33
3 6 36
5 8 31
10 16 0
7 12 49
2 17 50
6 14 33
10 11 53
0 8 41
8 16 60
7 13 21
11 12 50
15 17 44
6 11 36
2 14 59
0 17 58
3 18 56
9 9 9
1 19 0
0 13 25
4 11 6
11 16 2
0 14 47
11 14 55
7 14 0
0 7 31
3 5 18
10 10 39
2 19 24
2 18 27
8 13 8
4 15 12
9 19 22
2 10 40
2 4 43
7 19 10
6 10 2
5 19 44
7 16 9
2 15 29
5 15 56
9 17 53
0 10 38
12 14 3
1 13 48
