150 10425
178
157
157
184
121
189
148
156
106
167
131
131
174
100
160
177
149
107
164
181
129
115
190
199
197
166
146
103
116
164
151
169
117
130
166
128
161
195
124
133
155
145
179
138
171
168
117
103
175
113
181
106
139
134
193
110
124
172
156
147
122
112
127
175
188
163
178
160
111
151
168
158
137
183
137
150
116
193
119
126
153
192
126
170
138
150
151
139
193
180
173
169
163
173
132
195
171
112
115
186
120
190
194
157
141
200
194
200
113
188
158
194
173
192
146
188
162
160
139
184
136
128
132
191
107
157
148
176
137
196
180
189
154
109
182
196
106
146
161
169
135
124
115
130
194
112
105
117
169
144
0 1 41
1 2 7
0 3 17
3 4 51
4 5 11
0 6 25
6 7 49
4 8 26
8 9 12
9 10 32
10 11 49
7 12 16
6 13 12
0 14 34
7 15 51
2 16 15
16 17 1
10 18 33
5 19 34
5 20 60
11 21 28
1 22 40
1 23 44
4 24 47
19 25 54
10 26 26
7 27 52
5 28 31
15 29 16
0 30 35
24 31 12
4 32 38
23 33 56
9 34 60
16 35 19
33 36 12
29 37 9
32 38 51
30 39 33
6 40 26
36 41 17
33 42 60
15 43 47
38 44 1
5 45 54
36 46 25
2 47 58
29 48 39
22 49 20
21 50 46
43 51 46
50 52 45
34 53 4
31 54 58
2 55 42
15 56 51
9 57 59
26 58 48
31 59 54
30 60 9
0 61 38
43 62 40
20 63 3
5 64 4
29 65 48
19 66 52
7 67 13
52 68 28
34 69 17
38 70 44
33 71 56
14 72 14
39 73 12
2 74 47
23 75 56
64 76 15
66 77 37
8 78 23
48 79 30
60 80 45
16 81 39
48 82 27
61 83 4
68 84 32
67 85 46
78 86 43
33 87 45
9 88 54
36 89 48
2 90 18
74 91 38
15 92 50
67 93 32
57 94 44
61 95 42
72 96 38
2 97 2
29 98 9
16 99 33
37 100 36
97 101 39
91 102 49
1 103 53
92 104 27
99 105 33
4 106 28
99 107 39
59 108 35
5 109 13
105 110 12
79 111 0
18 112 46
2 113 33
1 114 47
64 115 26
11 116 54
39 117 12
55 118 3
75 119 54
92 120 43
38 121 43
9 122 12
98 123 54
95 124 41
100 125 56
61 126 26
72 127 41
56 128 27
8 129 6
57 130 41
100 131 24
10 132 29
125 133 44
75 134 29
48 135 34
74 136 48
101 137 13
79 138 11
32 139 7
32 140 27
34 141 16
110 142 58
105 143 38
53 144 60
72 145 47
22 146 16
5 147 38
83 148 43
40 149 29
57 99 39
136 149 9
6 75 30
73 120 19
130 139 56
140 144 37
131 137 36
54 114 26
77 118 15
104 114 58
100 142 9
46 58 23
114 129 10
42 45 35
117 144 22
146 149 47
144 147 39
114 117 6
84 140 46
63 149 45
55 90 17
56 145 45
107 109 13
22 36 5
113 127 30
54 118 39
39 146 4
15 62 7
46 79 26
54 144 32
133 137 54
131 145 1
11 96 22
78 101 22
31 113 0
40 99 43
5 61 40
93 121 24
58 121 46
52 73 16
9 18 4
84 115 21
2 30 1
69 108 38
101 101 27
129 132 46
88 143 12
14 128 17
147 149 32
74 118 3
29 40 29
49 73 52
10 114 22
114 126 40
84 111 30
32 128 21
89 148 54
98 144 41
140 141 36
42 97 14
37 74 24
36 139 19
28 112 23
69 98 19
47 85 42
37 82 31
110 110 60
46 140 0
116 130 15
135 136 57
131 142 14
32 36 44
70 131 51
5 65 21
51 145 14
69 94 53
118 145 0
67 138 56
48 119 24
127 145 22
128 139 37
13 91 47
78 90 35
17 101 9
72 80 33
68 110 24
74 142 24
80 104 34
24 44 43
123 129 18
140 147 55
89 93 23
91 144 5
132 141 36
10 50 38
102 105 31
66 101 19
142 146 37
14 146 0
133 145 56
52 71 55
2 3 8
13 34 49
7 108 49
97 112 50
48 112 24
107 138 15
101 124 0
30 128 38
142 144 33
17 118 28
29 62 46
138 141 54
107 120 10
0 141 6
22 46 34
7 20 47
95 145 38
19 31 18
11 105 53
90 138 11
13 57 37
4 18 55
43 122 17
33 64 41
73 106 60
60 145 37
54 80 21
118 132 2
46 86 35
97 114 3
53 81 58
55 139 4
126 127 50
108 144 44
9 91 14
17 116 29
62 135 13
62 108 32
67 133 19
64 113 39
56 84 13
15 45 2
45 127 49
37 143 58
70 140 2
32 58 12
50 107 32
74 146 44
52 99 36
15 113 4
18 50 32
22 73 53
88 88 48
117 120 59
105 120 38
70 147 58
115 131 20
104 138 0
110 133 2
62 129 56
13 40 3
19 47 15
99 103 9
10 91 0
31 146 60
71 103 12
135 138 21
105 138 54
65 148 25
25 75 37
113 140 6
137 142 24
98 139 58
93 96 34
101 105 40
1 127 32
133 142 56
62 131 41
89 96 2
102 136 16
61 97 47
139 142 35
122 142 21
97 102 35
83 111 45
29 75 2
129 144 55
8 66 15
134 143 37
48 81 15
12 22 19
85 127 22
134 139 28
92 132 0
46 103 36
143 145 10
14 77 55
144 146 5
139 145 0
60 129 11
139 147 31
7 51 26
105 141 0
89 102 18
135 148 9
10 79 24
6 39 40
51 137 37
113 123 39
107 141 37
129 137 11
59 64 47
9 32 24
88 109 28
63 119 57
62 118 5
33 94 27
143 148 45
63 123 22
35 141 8
13 68 30
118 129 12
145 149 57
90 139 32
97 104 4
119 143 35
140 142 54
22 112 8
87 119 22
113 122 40
134 136 11
25 40 42
58 135 38
73 122 17
148 149 26
58 90 35
3 90 23
76 144 43
21 142 43
60 70 10
134 140 2
34 128 47
59 71 59
5 51 40
2 78 48
123 130 28
90 137 33
86 106 18
102 125 16
104 118 39
106 141 59
76 93 18
143 144 37
32 64 17
23 123 51
28 76 44
138 144 9
100 147 21
37 57 29
67 115 56
53 68 40
96 105 47
68 140 34
121 132 56
142 148 24
53 53 20
16 49 32
4 62 25
19 19 35
108 137 56
136 147 47
132 135 8
36 55 12
117 136 41
64 131 11
60 136 34
16 68 30
22 91 11
110 147 37
58 127 53
145 148 53
97 105 2
32 111 34
65 149 46
45 120 38
86 88 3
19 86 5
43 146 48
101 129 31
36 51 32
46 111 30
21 83 7
2 125 54
66 99 43
137 143 15
18 93 56
138 142 24
6 149 40
119 141 30
102 134 0
132 136 27
122 135 48
127 132 9
44 76 42
123 134 41
25 109 8
146 147 4
49 128 16
8 121 17
38 47 7
25 79 0
103 138 43
93 100 15
77 85 52
142 147 10
17 52 59
19 80 38
65 85 13
47 96 12
28 90 37
98 132 0
29 56 49
80 110 40
87 131 16
25 138 24
79 129 56
127 139 36
68 131 57
75 144 9
64 138 45
98 143 57
123 125 9
10 21 48
120 142 42
117 146 13
72 129 24
96 122 45
88 91 40
92 115 57
56 140 56
106 119 41
111 141 1
69 118 28
9 124 14
74 139 45
140 143 58
20 114 44
124 134 54
14 134 36
8 96 9
22 102 56
74 128 17
130 132 8
64 141 2
74 93 55
71 117 33
68 97 15
108 142 37
54 115 46
97 99 60
83 132 5
15 53 16
12 30 59
116 131 56
106 124 20
53 113 9
45 74 43
21 133 39
33 85 31
25 101 5
104 127 20
74 86 12
107 111 11
23 113 29
2 100 9
47 54 46
70 127 17
87 142 20
102 107 32
48 126 46
49 110 57
44 113 36
148 148 54
116 126 15
94 121 14
104 145 51
15 63 28
83 88 24
88 138 11
65 94 8
56 118 59
16 105 57
60 143 47
22 116 32
59 60 1
126 139 43
130 142 25
29 70 19
112 122 14
28 125 56
48 56 51
71 145 49
81 142 58
79 97 38
120 145 51
79 117 17
80 133 56
104 122 14
6 132 60
33 132 16
87 87 53
87 99 42
32 39 23
137 148 31
29 73 35
33 48 17
76 92 49
16 128 43
122 134 40
131 134 40
32 117 25
18 71 56
31 53 33
106 146 37
110 116 37
97 113 15
139 148 60
1 142 23
1 46 3
4 93 9
118 120 33
30 124 24
87 88 12
93 104 25
97 106 55
26 117 38
91 98 45
20 46 48
59 118 25
131 131 18
44 124 47
35 71 11
57 98 8
21 79 30
14 96 0
60 82 6
84 135 44
124 146 33
71 85 54
69 147 39
36 40 35
52 91 17
2 21 54
69 134 14
54 101 24
70 128 59
93 137 36
24 72 21
1 28 30
56 62 33
61 77 58
73 94 17
35 64 43
110 141 57
138 146 32
22 50 52
97 117 2
74 110 29
85 122 14
120 125 41
53 111 31
85 128 19
86 129 42
114 130 18
147 148 59
141 146 35
32 54 26
31 111 46
78 137 24
113 149 31
114 139 54
62 67 20
100 132 44
78 87 32
22 93 42
101 114 14
84 105 17
84 102 16
21 84 29
39 98 3
81 125 6
97 132 28
6 10 38
81 95 23
110 137 41
88 127 57
3 43 48
84 113 26
136 144 2
35 63 24
119 120 15
70 89 36
12 74 24
96 143 24
118 130 21
100 149 24
86 100 1
93 110 19
115 130 48
11 67 10
97 130 31
69 84 7
65 99 11
74 108 40
135 146 43
12 118 9
122 128 59
11 141 19
38 38 50
24 85 0
128 140 33
10 107 8
3 132 57
129 136 34
34 42 31
95 141 51
141 145 3
137 147 35
28 73 55
31 84 39
102 120 5
89 123 52
14 23 17
138 148 1
139 149 38
132 140 48
50 97 38
94 112 44
4 120 3
22 62 8
55 104 7
129 143 34
11 71 17
101 123 5
27 41 46
103 116 21
33 73 27
42 128 59
12 73 2
80 129 2
88 136 3
128 138 3
127 149 48
138 145 3
76 80 58
28 30 53
128 146 3
5 9 37
42 138 20
5 100 10
36 93 20
123 128 9
133 139 10
113 148 19
46 85 6
112 137 43
67 96 23
84 142 58
146 148 42
11 91 5
111 146 41
103 104 51
28 120 59
18 64 6
67 102 2
7 110 36
65 128 21
101 115 37
69 109 52
27 50 39
67 126 27
46 82 17
28 71 34
141 147 30
124 145 55
115 142 25
112 114 13
80 108 56
121 136 56
92 100 49
69 103 5
112 138 41
83 87 57
25 41 51
97 136 29
25 45 16
91 101 48
73 134 58
125 131 58
147 147 3
100 137 7
143 146 12
118 118 35
5 68 22
0 37 54
53 56 32
89 149 1
66 88 5
67 122 14
82 117 8
90 109 5
128 143 50
88 95 24
126 142 0
101 149 30
101 104 40
84 148 47
116 136 0
117 141 34
4 45 54
16 110 52
74 135 10
85 89 12
110 149 45
0 130 47
135 145 39
137 146 51
13 108 33
55 142 35
73 129 37
17 89 34
33 124 14
95 132 16
5 15 5
80 102 37
54 121 43
14 59 46
91 142 38
11 98 28
132 139 17
56 107 54
64 100 18
79 118 56
134 147 27
38 135 4
102 123 57
22 113 18
77 99 41
85 145 7
48 77 55
10 80 32
30 72 16
2 11 36
13 86 31
3 53 30
48 93 54
29 92 37
93 119 17
12 49 12
29 87 37
48 90 7
54 119 17
105 148 41
7 128 57
25 144 25
111 117 52
112 117 21
21 147 34
31 73 22
71 135 8
64 124 15
11 110 46
9 9 27
117 135 42
125 134 37
64 92 39
28 79 59
88 118 44
10 81 39
130 134 12
26 116 52
96 114 59
22 24 35
38 131 51
18 146 23
7 36 52
85 124 27
0 39 44
42 145 9
6 72 10
23 35 33
89 145 27
118 138 1
100 146 35
122 145 5
73 135 60
84 125 34
108 135 46
143 143 11
85 135 60
65 86 54
24 95 47
71 122 49
9 137 8
64 112 34
56 116 37
15 118 49
37 112 6
73 101 1
109 147 18
93 111 17
46 91 56
82 146 32
134 137 20
0 129 29
68 73 44
60 106 41
55 62 4
78 94 7
6 131 46
23 96 25
55 132 22
9 35 58
72 74 17
34 81 21
119 121 53
32 70 45
44 50 45
145 147 55
32 122 29
122 141 57
75 111 28
82 131 12
79 104 17
13 101 60
46 89 33
12 21 34
70 105 26
122 130 17
11 102 41
76 135 60
88 148 59
39 92 21
21 56 1
5 49 24
119 126 31
9 22 41
3 10 37
102 118 43
130 136 4
19 41 17
64 136 53
33 130 6
13 45 45
108 124 53
23 49 49
25 58 14
19 100 1
34 39 4
82 145 5
50 94 42
39 46 10
57 118 56
38 51 56
106 112 36
71 106 52
125 146 7
75 131 4
144 148 13
40 80 0
19 70 46
68 76 43
64 73 23
33 84 49
7 130 55
5 135 9
82 90 39
142 149 33
77 134 39
128 148 42
30 117 3
117 131 14
111 112 4
110 124 23
65 81 30
92 116 5
0 79 23
137 140 46
102 103 5
120 135 19
94 141 40
18 85 5
74 144 41
112 126 34
102 121 10
46 143 13
73 86 56
83 108 31
51 130 14
55 130 28
37 115 8
103 136 55
43 144 55
85 108 56
121 127 6
94 98 28
80 145 32
46 48 19
81 81 58
129 148 53
44 55 5
68 103 14
118 122 18
10 45 34
31 79 24
63 100 33
90 117 21
9 112 44
93 106 6
40 125 37
112 133 25
86 104 48
70 76 31
5 10 51
105 136 54
7 59 24
55 96 11
42 86 9
65 93 13
132 138 3
122 122 27
15 25 35
133 143 31
69 101 46
46 47 49
111 116 3
112 144 28
7 17 24
12 55 56
23 23 18
38 42 22
97 103 14
25 61 43
72 73 33
118 146 5
75 129 44
128 136 15
103 132 52
117 129 54
110 135 24
96 126 4
56 79 18
90 105 39
77 144 35
47 49 1
55 146 8
126 132 59
125 145 53
38 39 50
25 53 22
5 113 58
108 109 60
121 126 0
26 26 15
130 140 38
109 125 34
33 57 1
127 142 33
123 145 38
41 93 50
3 126 30
14 99 37
94 117 55
5 101 51
49 126 27
25 148 54
46 59 16
113 144 41
130 138 44
37 124 1
117 137 1
35 65 31
84 95 36
44 99 59
61 129 36
106 131 30
48 62 0
123 131 9
3 37 16
124 129 25
13 19 51
75 83 52
98 148 34
108 119 7
89 97 40
110 139 48
38 52 2
45 116 12
92 123 33
73 92 57
132 144 14
133 144 3
128 137 26
85 133 45
57 74 22
87 112 15
34 99 35
79 98 59
90 113 10
14 88 3
136 145 25
139 140 7
55 110 53
26 99 48
117 117 25
13 58 12
120 120 11
35 83 12
62 111 51
111 129 50
19 85 59
126 137 22
3 97 44
77 116 32
81 129 9
145 145 4
12 75 34
45 83 47
0 136 21
13 28 20
9 33 36
100 114 57
136 136 38
36 66 50
62 63 47
21 28 36
44 57 26
134 141 38
98 113 26
105 128 19
35 136 41
4 13 32
16 36 39
102 114 58
40 143 7
21 25 34
103 142 3
27 115 50
39 95 53
75 82 26
42 61 18
119 145 34
96 135 16
54 111 14
67 131 58
6 128 3
10 28 55
129 142 21
119 137 17
87 127 6
99 110 0
111 132 58
91 138 44
76 127 11
141 144 40
60 63 32
16 94 59
139 139 49
26 66 57
30 113 11
57 137 11
64 148 29
18 122 33
18 33 30
7 96 23
44 126 56
20 148 46
100 108 12
2 126 30
113 142 53
14 82 31
54 145 37
2 118 11
21 44 47
88 106 21
15 57 57
26 135 15
123 144 49
92 114 44
45 98 16
19 83 9
132 145 12
67 108 45
101 127 23
57 85 57
86 90 50
46 80 27
128 133 52
95 103 1
77 108 4
124 137 58
34 129 44
110 138 56
55 72 50
6 113 14
21 39 60
64 117 14
85 109 5
23 94 15
49 114 21
23 109 14
6 86 23
66 107 33
74 82 59
122 133 58
109 136 55
116 124 7
39 69 43
31 67 40
40 85 25
117 138 37
3 129 14
127 135 58
76 146 23
146 146 9
46 52 43
13 119 35
126 130 33
67 116 52
77 131 25
54 87 29
15 104 51
117 133 30
28 97 49
103 119 43
97 135 30
136 143 4
49 105 54
65 67 53
112 148 13
58 141 58
105 127 15
70 92 24
61 128 34
77 80 8
100 110 50
13 37 21
28 86 42
120 147 7
106 118 7
95 119 11
1 27 15
85 98 26
80 140 38
106 149 16
11 33 38
5 144 20
136 139 51
23 62 26
86 89 38
35 55 20
8 25 37
19 37 37
85 141 2
114 128 33
119 149 0
80 144 54
16 142 28
12 24 28
64 87 12
86 144 50
20 62 28
12 127 33
52 107 7
135 135 2
79 79 27
83 149 7
53 82 59
54 58 39
34 82 23
90 90 29
80 98 27
123 139 50
135 141 15
3 12 32
115 120 42
119 134 26
106 115 55
62 104 42
22 25 6
83 127 52
132 149 7
117 123 49
111 142 30
51 116 36
51 91 27
82 137 25
1 50 60
3 113 57
119 140 26
117 143 6
8 123 19
77 103 23
64 133 27
21 149 11
10 119 54
16 67 22
14 27 38
82 140 7
87 98 6
18 35 30
92 145 3
129 135 46
34 118 11
38 89 30
109 143 36
67 94 17
50 99 44
69 107 22
35 68 52
141 141 58
85 99 2
108 108 32
42 65 39
3 8 52
32 80 38
45 66 6
35 107 15
68 119 2
71 86 41
18 105 42
129 141 48
6 105 34
43 93 47
26 38 6
130 130 53
10 135 49
18 140 28
114 145 20
107 124 15
26 44 31
54 146 38
40 60 52
7 113 43
62 89 19
119 142 37
101 141 40
30 96 35
9 60 3
25 114 46
18 66 2
13 144 3
38 113 35
139 141 13
42 137 25
109 114 30
46 105 5
2 26 34
77 136 16
16 112 12
4 91 5
79 114 43
3 39 16
93 143 42
70 72 58
53 74 16
14 38 26
106 121 23
106 134 44
90 131 7
55 128 10
115 144 7
65 114 24
132 148 22
24 69 36
32 108 41
3 21 60
96 131 21
103 141 53
54 55 21
66 147 44
78 128 12
33 54 44
9 47 11
12 122 18
0 35 51
68 100 35
38 109 37
24 138 4
36 109 46
36 85 56
25 26 41
61 121 2
95 136 25
66 149 35
58 71 26
3 81 10
59 62 2
89 141 51
137 149 56
122 148 13
121 128 41
10 123 12
135 144 23
144 145 29
51 54 52
84 134 0
68 141 11
91 104 22
61 141 1
7 63 53
59 66 56
41 90 46
15 139 22
18 70 8
14 109 58
126 144 37
89 108 6
36 119 48
36 54 60
56 64 29
93 107 26
56 93 40
104 121 8
4 20 3
117 142 19
139 144 9
18 137 58
8 100 27
120 146 37
117 132 2
28 33 50
0 59 7
73 98 31
21 116 28
107 148 15
40 67 24
119 128 13
40 40 31
30 69 27
62 123 35
56 101 52
83 103 13
96 106 44
60 97 32
70 82 51
89 89 30
35 38 25
53 138 38
111 147 8
76 130 4
39 85 15
48 117 57
95 139 28
46 147 43
94 104 23
53 88 21
99 136 60
62 124 12
28 74 60
68 109 59
106 123 13
80 82 40
71 87 53
109 120 2
1 87 20
48 144 6
56 99 22
60 113 14
13 141 22
29 41 44
26 97 58
35 59 39
13 29 15
136 146 49
142 143 17
121 133 42
59 144 15
60 119 1
91 110 31
28 121 47
102 126 45
13 46 41
117 126 23
118 140 34
17 26 2
32 61 14
127 130 32
6 67 27
27 69 49
81 82 21
26 82 41
104 130 30
59 95 2
21 32 44
72 105 39
41 89 16
24 124 32
129 131 45
124 133 59
109 130 48
108 121 5
1 126 33
140 145 13
126 149 10
2 107 55
79 84 22
95 123 29
105 121 9
5 78 6
14 76 31
14 58 7
70 91 35
56 76 58
93 114 14
40 96 46
70 74 34
111 136 25
41 52 48
32 121 56
91 140 37
2 85 20
145 146 31
49 68 55
33 83 14
29 100 18
18 30 34
6 37 60
62 146 27
140 146 17
126 128 22
69 114 51
47 55 2
106 138 1
84 123 9
28 144 41
107 123 18
66 143 26
51 121 5
131 147 41
120 144 59
78 82 54
100 124 5
49 77 54
30 105 18
74 96 50
76 140 41
110 136 52
28 31 51
62 99 18
14 80 12
0 15 50
31 75 53
20 138 41
87 89 5
86 137 52
71 120 46
11 20 54
62 66 43
77 94 29
0 50 17
116 128 32
35 122 42
106 136 51
93 97 21
41 145 6
9 83 48
92 139 31
45 55 26
45 57 5
50 87 31
11 129 57
93 123 43
49 104 23
14 97 5
101 134 23
40 138 40
17 147 16
16 93 21
88 102 42
1 72 27
86 86 25
76 108 16
118 141 8
143 147 11
45 147 7
112 121 11
125 135 37
70 141 3
132 143 19
103 133 23
105 107 56
115 135 46
69 136 43
121 139 14
63 76 58
95 122 24
68 99 33
109 117 40
140 140 54
141 142 42
86 146 17
57 114 2
5 21 37
72 134 7
99 130 4
138 140 1
90 93 38
125 129 38
141 148 49
10 33 34
124 135 26
98 145 47
93 95 40
54 60 25
30 40 12
50 65 38
86 141 11
83 92 49
71 82 56
7 131 45
137 141 18
83 125 42
79 102 44
115 149 17
104 109 0
8 27 15
84 101 7
110 148 5
47 129 9
43 99 46
17 125 56
135 142 45
39 57 29
93 122 46
80 99 36
42 142 25
84 109 29
13 56 45
87 97 2
79 122 9
65 74 24
115 127 40
26 145 58
102 132 37
53 141 23
82 106 58
18 102 40
27 116 3
74 101 48
43 149 50
100 145 3
114 118 33
30 137 59
122 147 53
48 70 6
37 52 39
27 30 24
43 58 49
133 148 38
66 84 13
83 130 58
79 120 2
59 83 31
25 126 48
60 125 10
55 82 48
128 147 57
81 98 4
124 127 15
109 146 59
17 45 57
47 90 41
84 121 52
63 103 40
119 135 44
24 101 43
71 126 14
102 142 47
46 74 2
99 111 35
137 145 28
107 117 10
138 149 10
2 117 6
13 137 35
138 138 39
4 129 30
107 140 11
123 126 21
105 129 15
15 124 31
11 119 58
120 126 13
104 148 23
74 131 58
55 61 4
68 124 58
114 124 35
88 114 41
25 139 36
132 134 57
120 139 28
86 109 5
42 99 34
133 141 53
34 45 34
21 23 29
103 129 6
4 128 40
81 94 20
47 86 0
45 142 43
144 144 8
65 127 28
49 82 29
120 138 43
2 89 1
54 70 53
7 70 35
109 116 0
47 148 16
31 49 56
66 113 42
131 135 14
95 130 45
28 65 49
49 91 45
68 129 14
55 71 54
93 117 38
76 131 34
118 148 23
111 118 18
85 94 28
0 84 58
122 138 52
4 92 27
9 61 28
60 127 13
10 122 33
9 71 53
16 97 27
79 147 2
122 127 0
48 97 53
63 143 28
39 67 33
106 128 6
34 111 47
81 105 46
40 131 53
12 123 14
54 71 40
120 123 39
114 132 28
68 70 40
71 138 37
101 131 44
17 143 50
42 71 9
42 118 55
34 34 53
56 56 55
52 90 43
89 114 22
62 137 6
123 124 1
54 98 45
26 115 13
52 113 5
30 46 52
134 148 48
125 138 28
66 96 31
116 141 39
124 130 24
69 140 26
13 135 8
8 24 51
82 85 43
35 147 44
142 142 8
59 69 9
108 117 58
127 144 40
87 123 59
87 135 14
97 121 21
10 44 58
21 97 58
28 37 60
81 108 60
27 53 42
24 24 4
31 142 10
4 21 33
24 41 37
100 109 30
26 106 28
96 112 30
1 43 49
24 29 43
93 108 20
12 96 55
70 114 4
76 96 54
10 121 28
90 101 52
94 99 7
121 146 36
17 148 58
62 121 21
46 145 21
5 47 28
98 100 45
37 75 27
114 134 46
55 85 3
0 114 60
56 58 14
3 91 23
110 120 51
61 90 3
30 68 55
47 69 31
136 148 3
13 114 16
107 139 2
111 114 20
92 146 43
0 80 2
72 131 5
83 129 30
48 120 15
13 127 33
28 57 34
112 127 8
51 147 11
15 59 52
61 93 27
23 64 11
31 110 12
42 42 22
70 93 18
3 16 38
10 13 29
99 102 54
120 121 21
2 129 14
122 137 27
113 132 7
15 30 33
98 135 19
19 26 48
74 104 27
69 91 50
119 125 15
43 48 0
90 112 14
63 124 55
43 80 54
86 123 60
17 131 1
53 104 43
119 148 59
40 90 38
10 93 23
27 101 16
108 136 60
16 47 53
99 100 48
117 148 4
10 85 50
20 40 58
82 136 24
7 68 46
121 140 56
77 113 27
60 75 8
73 93 31
143 149 24
91 91 42
100 103 25
5 126 56
124 144 2
23 73 17
58 148 11
1 123 6
44 65 52
42 129 3
82 125 13
52 115 25
125 148 57
26 111 48
103 147 13
31 86 54
55 81 45
111 127 16
8 125 56
22 75 52
137 139 50
11 94 1
112 131 14
45 65 43
0 8 25
26 51 20
64 130 42
99 124 50
65 66 7
112 128 54
49 50 8
21 141 3
20 140 19
105 112 24
86 113 53
17 119 25
115 124 24
88 132 11
117 119 30
135 139 33
23 77 18
124 140 30
109 119 57
16 63 6
41 56 48
97 110 55
3 88 30
34 72 32
79 146 48
55 80 7
90 116 14
38 50 3
106 117 23
89 95 34
6 88 45
36 137 14
104 142 29
16 23 48
97 148 35
40 106 46
41 148 55
136 140 54
45 84 19
72 126 17
54 92 44
104 139 45
11 16 36
112 145 51
68 146 29
83 105 23
75 99 30
72 92 26
33 39 20
3 40 45
9 59 53
88 126 44
10 73 1
131 138 47
104 110 31
3 51 51
137 138 21
63 80 35
117 125 49
71 141 34
88 149 39
105 139 41
25 36 36
52 104 15
136 137 30
74 145 34
58 120 47
106 125 1
75 85 38
111 113 36
58 108 59
64 135 41
41 128 27
75 102 13
47 134 43
23 93 41
144 149 6
27 49 25
107 130 47
58 147 47
24 45 46
91 113 56
104 137 60
36 142 27
71 99 23
78 114 47
98 120 27
113 139 43
73 105 32
114 141 28
82 124 30
45 101 17
62 83 39
28 48 58
85 149 46
97 144 48
50 128 28
50 137 42
38 119 29
87 111 46
26 54 9
29 101 13
85 132 39
115 115 49
97 107 30
20 43 15
121 144 29
25 77 27
104 104 44
123 141 10
0 34 21
70 115 42
14 65 44
50 88 5
55 58 51
100 117 24
116 144 40
17 70 31
12 141 52
83 112 18
39 80 41
16 86 19
53 85 41
55 97 5
116 143 51
80 116 24
122 146 42
21 104 11
76 147 37
109 135 45
23 107 59
57 69 37
79 148 11
21 38 35
43 83 56
75 78 57
41 104 22
6 68 55
112 124 17
16 30 34
7 121 41
18 72 21
59 122 17
78 96 21
78 143 42
44 109 10
51 105 3
115 137 45
65 91 48
46 124 2
2 77 30
3 69 54
27 125 43
79 87 25
71 104 18
40 50 19
27 106 30
6 115 9
33 116 58
93 125 19
4 95 17
24 57 2
32 99 0
96 140 36
67 125 28
68 123 4
54 125 47
109 126 27
21 119 10
90 114 58
74 74 57
75 138 55
4 42 30
83 124 12
64 103 5
68 127 46
84 138 0
109 149 5
68 115 14
1 144 8
86 120 43
12 36 38
77 109 29
101 103 5
16 69 23
20 103 29
82 112 25
61 105 9
30 93 49
41 140 2
66 75 51
108 129 12
36 59 45
36 86 35
94 100 28
115 119 44
32 120 34
37 116 33
118 124 49
12 41 1
126 131 11
63 132 47
85 116 26
77 92 50
25 105 43
31 85 14
43 117 22
75 89 16
64 89 24
23 140 8
44 84 51
16 16 42
29 42 18
33 140 27
30 122 1
110 118 60
22 115 12
8 108 10
90 130 43
79 141 22
14 47 44
71 123 45
26 119 31
45 144 6
116 147 35
68 114 60
115 136 57
20 76 33
77 139 15
7 18 1
100 123 30
16 106 58
127 129 42
114 116 15
53 58 30
94 142 29
12 116 28
69 78 9
3 98 25
42 90 34
74 147 2
77 141 43
47 87 10
39 75 10
132 142 55
128 141 53
49 107 50
121 138 21
47 77 15
6 43 48
86 124 54
5 74 26
37 70 14
101 128 1
113 129 42
111 119 19
82 147 38
103 130 13
43 108 32
80 139 39
95 129 4
8 79 43
114 119 1
63 139 30
11 58 57
57 143 38
43 67 22
129 145 47
21 126 55
51 77 49
62 110 42
114 147 48
120 149 54
132 137 54
59 117 37
129 147 39
8 116 10
73 80 50
91 126 0
7 89 46
124 132 3
90 128 43
100 116 9
1 140 16
54 86 30
133 149 50
48 52 39
40 123 49
78 140 41
98 149 28
37 84 36
91 97 39
47 89 29
39 115 58
73 99 21
16 33 2
31 31 44
38 138 22
35 36 44
122 139 24
27 145 26
92 99 34
32 138 48
95 117 28
35 67 38
89 147 35
65 118 14
12 72 18
30 148 19
116 139 60
130 149 45
53 136 41
29 141 20
23 82 7
39 128 21
138 143 26
7 146 31
86 139 45
40 129 47
33 72 32
46 55 53
47 65 26
7 123 58
51 149 39
88 117 10
127 137 23
71 118 4
80 105 40
107 115 18
22 123 51
18 124 52
14 84 41
107 133 28
64 146 20
86 140 45
125 140 28
45 46 10
15 52 36
43 136 58
75 122 51
18 139 43
24 135 46
52 105 20
53 97 49
69 99 7
65 73 2
100 100 45
53 142 4
25 129 6
23 56 46
91 149 36
32 126 8
115 116 28
112 115 23
123 138 36
88 119 5
35 98 42
47 111 39
5 91 50
107 137 3
84 133 34
114 135 15
80 101 22
43 137 14
20 85 11
65 147 30
15 107 40
48 133 33
47 59 46
61 102 4
42 91 35
126 126 35
53 125 0
39 144 46
77 133 33
123 123 60
54 108 22
102 128 60
25 48 39
20 45 39
53 117 10
11 122 37
108 141 23
95 134 17
30 59 0
107 122 45
20 111 56
81 137 19
4 83 53
83 113 8
27 122 41
82 100 50
123 137 36
116 121 41
0 93 59
90 144 9
41 58 40
80 83 48
12 142 52
88 139 20
19 21 43
68 120 57
48 91 22
21 22 34
44 77 24
95 98 35
88 107 17
30 116 20
26 42 26
42 87 58
23 51 40
115 140 53
24 62 4
92 141 15
37 120 13
133 138 26
7 22 55
11 19 60
123 143 8
37 86 41
18 21 40
43 84 22
61 120 26
27 149 13
93 99 12
51 148 10
62 105 33
43 74 52
139 143 24
29 35 25
37 67 16
96 97 32
64 81 44
27 128 24
90 91 17
115 123 17
19 110 10
107 128 41
89 100 48
36 107 33
90 149 48
59 149 47
23 92 13
40 147 24
32 131 42
99 129 51
136 138 52
82 96 9
33 34 46
47 147 46
111 149 46
16 40 8
123 142 28
30 62 6
112 147 14
50 136 47
75 109 50
93 131 15
47 70 4
21 76 23
24 97 8
134 145 51
9 86 16
39 68 20
47 117 29
14 124 44
129 149 5
76 128 14
112 123 38
62 147 29
62 88 48
65 79 56
78 138 55
77 143 4
84 116 21
72 86 7
33 46 59
107 131 28
12 51 40
115 122 42
93 109 3
31 64 22
116 118 24
83 90 59
98 119 15
26 147 55
79 85 7
115 145 50
9 81 37
54 74 15
63 144 43
55 141 35
68 139 23
26 137 29
1 143 59
82 141 0
111 148 23
51 141 15
115 132 51
20 97 25
18 94 60
6 101 58
99 116 28
123 148 21
94 101 8
129 140 1
98 137 23
86 94 14
109 110 33
142 145 18
39 62 23
21 35 36
112 113 24
8 41 34
127 136 49
54 78 40
132 147 21
91 136 13
23 132 44
85 88 28
91 92 47
44 134 22
139 146 22
94 95 52
27 137 43
83 83 37
31 134 52
130 135 48
104 111 60
116 137 59
45 148 44
25 137 36
101 109 44
107 146 24
88 110 0
85 110 6
27 52 21
59 98 34
65 80 20
15 37 49
21 112 53
92 148 1
7 99 42
64 110 39
54 88 58
110 145 41
42 120 20
6 12 28
118 143 34
59 81 25
50 95 55
98 118 38
17 77 43
5 32 60
4 64 15
41 139 16
70 116 23
106 130 44
66 139 39
49 67 8
140 148 59
29 94 18
95 138 43
114 114 15
108 118 48
30 118 28
74 132 15
24 133 23
80 142 33
10 25 1
135 137 14
102 106 27
26 48 18
71 77 38
114 121 40
115 128 53
67 92 9
26 138 40
49 78 27
7 102 9
27 67 53
61 142 19
63 107 10
45 104 33
80 93 42
34 110 55
23 29 33
37 148 46
116 119 14
4 87 50
88 97 12
3 78 6
68 132 31
15 81 49
91 148 16
110 143 26
124 124 17
118 149 42
134 142 45
66 137 36
35 112 32
12 29 37
94 96 24
89 122 56
63 147 56
82 123 10
34 91 22
64 75 3
3 58 21
31 131 44
122 143 50
103 103 52
63 127 19
22 57 18
76 113 58
19 60 52
5 88 1
3 105 6
91 125 16
83 122 60
102 112 32
24 84 4
51 112 54
103 135 27
46 98 41
53 71 5
15 75 2
42 107 10
45 112 60
25 60 33
31 58 56
57 95 44
128 129 13
108 110 6
40 48 21
122 124 15
60 128 51
6 116 23
133 147 35
50 68 53
77 86 0
3 63 27
60 109 5
89 112 13
73 128 36
58 142 30
59 61 22
26 71 36
26 136 40
91 117 16
75 104 8
45 130 2
29 113 20
81 117 25
85 86 32
59 107 50
46 134 41
31 114 60
127 140 49
27 57 58
29 34 54
69 71 59
37 68 15
26 28 34
3 106 4
47 82 30
76 106 7
119 131 3
90 133 5
49 96 19
34 76 19
9 107 54
22 53 44
81 119 45
50 91 12
102 104 11
99 122 29
24 56 37
11 68 58
71 132 17
1 58 24
74 85 13
115 143 5
110 126 50
98 98 21
86 118 31
49 61 6
30 65 44
118 139 33
68 71 49
10 64 9
67 141 16
19 94 18
14 45 45
33 67 9
27 46 47
31 68 36
73 109 6
64 90 18
133 135 7
8 12 40
73 81 1
31 36 37
49 55 12
40 101 28
87 108 9
81 118 49
128 130 33
27 28 43
111 131 51
122 136 2
99 132 37
96 107 46
138 139 36
105 125 33
42 67 44
32 101 50
0 28 17
12 66 53
53 89 14
108 132 37
116 138 37
56 70 38
101 145 53
75 113 22
0 120 52
24 40 57
24 109 19
50 112 11
81 147 36
65 135 35
62 69 18
136 142 13
27 93 54
32 87 35
33 98 47
33 137 11
108 115 7
32 32 7
118 125 39
132 146 20
25 147 6
96 133 54
81 135 36
2 88 41
69 122 36
17 47 54
6 44 24
88 144 37
129 134 29
113 147 16
37 71 7
21 93 34
41 63 40
42 96 27
22 72 48
45 108 0
102 130 27
81 115 4
77 138 45
97 143 11
20 77 41
46 108 28
20 108 52
72 108 46
61 70 25
42 93 39
17 71 17
6 117 36
94 102 21
1 5 30
84 90 23
20 135 52
32 79 0
102 108 1
60 148 9
78 112 14
99 117 38
110 127 2
130 133 11
123 136 32
46 97 39
0 102 28
37 136 17
33 122 47
33 77 40
89 137 14
82 97 14
57 92 17
75 76 17
90 136 15
66 78 57
44 116 3
12 65 18
56 69 55
82 134 55
21 139 6
21 59 30
20 118 21
108 116 58
60 66 57
31 47 38
132 133 9
93 138 39
117 140 4
76 84 22
69 113 45
34 78 13
17 60 33
39 103 41
4 11 41
22 26 33
111 124 41
12 40 33
103 143 27
106 106 60
47 91 21
56 61 39
4 94 33
18 19 25
70 81 58
66 132 9
114 115 13
65 117 57
20 65 38
22 87 58
85 134 20
27 43 50
28 103 37
82 104 20
1 32 26
99 134 21
21 115 20
25 64 51
74 115 12
81 107 34
124 141 55
28 35 51
30 97 55
48 114 44
61 84 56
51 106 35
126 147 11
85 125 23
57 116 56
38 75 28
19 122 41
10 99 37
59 143 21
67 114 31
3 31 38
59 132 23
129 138 15
63 131 1
32 76 1
75 133 42
79 124 20
112 112 48
22 142 25
66 74 59
3 122 56
90 104 11
70 129 7
66 104 1
106 127 20
5 96 50
107 129 4
80 86 4
33 112 21
42 94 2
73 137 34
78 102 27
92 134 27
80 127 33
51 80 53
17 104 53
109 109 56
38 143 1
91 131 18
9 72 8
34 44 7
52 133 24
93 112 23
118 128 37
95 149 35
42 148 50
37 114 15
89 128 54
72 116 8
34 48 55
59 129 18
5 122 44
49 109 26
43 49 33
109 144 13
92 95 37
37 73 3
126 135 11
131 136 1
54 103 28
1 53 57
134 149 10
69 92 35
73 149 11
56 132 15
66 122 48
120 132 8
83 138 11
31 34 24
91 96 54
66 145 54
65 124 54
15 94 2
27 82 36
57 112 1
55 73 41
121 134 11
86 119 55
115 148 54
28 61 43
76 77 21
99 131 59
17 129 3
121 130 54
18 91 11
81 87 56
102 145 0
99 109 52
119 119 40
101 133 8
57 93 37
52 149 58
133 133 7
62 148 39
27 44 57
93 141 30
62 149 47
79 130 19
108 112 9
80 90 41
91 95 2
9 116 37
28 69 34
46 144 23
67 75 53
77 142 3
116 122 32
6 93 36
37 99 33
14 63 11
115 139 26
116 134 30
11 13 37
129 129 1
38 104 22
109 129 13
16 89 22
121 141 53
52 128 4
12 146 55
68 135 28
121 124 26
14 37 7
132 132 27
28 118 22
21 51 46
3 130 56
17 25 37
3 34 0
47 94 60
46 95 15
19 106 7
85 95 9
71 124 24
57 80 60
58 86 58
60 110 38
64 65 55
122 129 38
23 69 16
64 66 56
88 93 48
49 102 3
56 66 19
55 94 37
36 147 8
119 136 50
84 143 5
49 64 54
91 122 58
83 93 20
54 83 9
93 139 28
82 139 3
22 130 35
45 128 40
57 115 15
60 99 31
91 145 11
21 45 24
54 56 52
60 124 10
45 62 10
85 120 15
71 80 3
63 138 28
4 12 47
47 52 17
64 128 20
34 85 18
35 78 29
16 101 12
81 91 27
122 131 51
131 146 36
61 148 29
34 140 23
20 120 58
130 145 44
48 57 53
124 148 57
36 117 9
58 110 1
87 132 2
83 119 42
8 55 35
49 66 9
49 85 34
65 122 36
92 112 21
26 105 9
118 147 32
50 60 35
34 109 44
15 93 8
51 127 31
76 104 10
92 101 21
32 115 46
70 106 11
61 68 45
97 142 29
88 140 18
27 40 46
44 46 16
13 21 8
39 142 25
103 140 52
98 128 22
102 141 58
98 140 8
6 21 34
35 134 31
121 121 30
37 119 54
127 148 52
20 98 32
52 134 23
57 133 34
15 114 60
130 148 55
54 99 4
30 146 26
21 55 54
18 99 51
18 47 13
103 120 27
30 126 46
10 24 14
15 70 59
89 103 40
79 99 43
40 144 18
79 105 59
19 142 37
135 140 10
72 83 15
117 118 16
97 147 36
128 149 57
2 98 38
99 120 20
6 140 56
8 126 50
98 101 58
105 105 22
110 117 7
51 144 56
56 98 27
13 66 24
116 146 49
33 141 50
25 76 60
92 130 48
55 138 51
2 147 5
104 125 3
6 64 21
61 144 60
92 97 17
67 144 10
36 83 10
59 109 36
32 89 16
32 53 26
120 134 44
131 143 11
44 102 33
116 123 30
95 104 48
133 140 15
80 103 46
34 54 7
21 53 29
112 130 26
53 132 49
37 142 25
92 117 55
66 130 51
55 63 29
127 134 19
31 82 53
4 66 26
12 93 25
133 146 30
103 110 38
61 76 32
47 144 29
111 138 49
56 138 34
2 96 0
56 60 12
9 23 44
106 147 37
65 83 2
134 134 33
51 109 50
60 94 54
12 68 24
110 131 15
5 40 4
31 99 58
64 137 38
130 146 31
31 97 59
107 127 17
10 70 55
54 63 36
56 124 27
92 140 46
35 43 13
89 98 12
91 119 8
76 143 32
124 147 16
73 111 4
79 135 0
84 120 42
7 23 17
68 111 16
81 136 23
63 134 59
123 147 3
87 92 54
134 146 0
124 138 50
44 69 50
7 28 18
62 78 22
67 68 43
110 114 1
73 95 49
69 70 21
66 126 56
31 93 40
43 89 28
127 146 35
110 111 13
39 121 36
103 127 16
25 111 55
0 44 46
76 124 50
1 65 18
77 93 39
66 116 58
130 131 14
92 131 35
101 118 39
59 85 25
97 100 55
0 58 9
38 144 4
33 125 42
38 126 49
34 55 41
24 129 33
97 120 6
56 78 56
17 35 51
131 139 55
77 77 48
28 51 38
11 135 13
26 134 48
29 95 31
109 118 1
17 132 11
125 143 60
18 123 59
75 124 18
44 125 16
1 122 38
100 120 46
9 105 6
7 56 54
21 85 35
27 38 40
97 118 56
35 149 0
128 144 35
11 123 48
83 84 28
55 136 27
68 88 19
55 121 19
45 119 28
51 58 5
17 96 31
105 119 9
107 144 43
0 144 3
76 125 29
26 126 48
75 130 44
36 130 27
15 126 59
95 110 50
16 129 2
85 85 29
13 74 22
23 95 10
24 63 56
83 133 28
20 143 10
63 71 14
11 107 37
76 91 37
92 126 41
50 109 22
60 121 22
49 54 40
7 81 15
32 100 43
50 144 23
52 96 32
72 110 48
90 115 44
58 80 44
68 142 16
81 99 16
68 95 11
59 88 51
26 62 46
11 138 2
17 38 13
48 138 36
77 137 29
48 73 42
33 52 8
109 123 52
69 88 38
13 94 52
56 136 16
77 119 48
113 138 38
5 37 6
11 27 31
68 126 8
108 147 5
81 93 60
71 92 45
17 33 60
13 84 9
5 43 22
28 32 4
108 139 40
14 144 0
51 88 56
3 87 36
85 123 43
106 111 8
118 121 24
77 114 36
128 128 47
101 143 28
90 98 12
92 125 57
49 75 29
44 87 1
95 133 22
7 114 29
51 128 40
31 133 59
27 45 54
34 77 1
24 47 3
43 63 31
71 109 10
107 125 56
117 128 24
80 146 48
112 140 23
28 83 36
26 90 31
63 89 40
10 74 35
10 17 46
62 71 59
80 87 25
33 118 46
28 128 27
81 143 57
52 67 45
52 117 4
120 133 54
32 136 12
135 149 6
92 106 13
23 60 41
8 15 50
38 123 37
96 121 18
80 88 38
123 132 33
51 108 18
118 126 58
19 81 8
96 98 47
96 136 26
101 125 1
121 149 14
97 115 16
36 44 2
90 111 7
117 147 40
95 95 46
108 113 12
76 133 13
23 37 56
33 76 31
116 117 1
68 136 15
130 143 2
29 122 12
71 90 25
67 71 49
71 91 15
68 144 36
24 144 1
20 147 25
107 116 35
94 138 31
123 149 55
21 107 10
21 58 22
15 22 17
51 139 13
93 115 31
9 131 23
58 65 55
17 95 40
113 121 54
58 62 56
13 131 13
92 147 16
14 44 58
20 50 24
116 129 21
11 25 12
35 126 13
19 61 23
21 134 49
29 29 6
30 84 53
17 41 36
40 122 58
117 145 16
111 139 9
94 144 49
121 125 3
39 120 55
12 138 29
20 31 27
107 126 27
131 144 25
98 99 20
91 124 48
96 113 18
18 25 29
120 148 26
24 120 0
53 137 57
103 125 32
41 109 28
54 100 0
0 101 14
100 126 27
38 127 46
119 147 40
72 85 36
31 140 25
87 93 42
0 56 55
59 73 41
88 135 59
59 89 14
88 113 48
86 136 18
27 133 26
1 20 48
54 126 23
25 91 40
82 127 17
74 148 25
113 134 50
91 107 12
27 132 19
32 143 13
18 59 18
12 139 8
56 139 17
88 103 31
94 124 47
12 50 1
77 97 21
41 129 38
52 112 23
58 112 38
114 136 0
58 106 0
55 59 53
25 125 47
112 119 42
54 131 15
99 99 0
52 81 41
126 141 37
27 97 35
96 101 11
140 149 25
95 107 6
71 131 27
105 130 29
39 40 5
9 49 6
74 105 57
6 83 45
50 122 8
33 69 44
14 46 50
100 143 0
15 39 20
14 103 41
14 73 35
39 119 50
60 146 2
89 111 30
16 70 51
48 51 17
29 118 59
41 74 5
40 139 25
98 104 31
34 98 38
64 105 33
111 130 14
39 88 39
62 144 32
22 101 55
1 70 24
105 108 52
110 115 11
35 75 21
38 120 29
44 122 47
57 79 1
22 110 58
31 115 32
95 111 24
74 92 43
0 89 33
69 127 5
2 135 35
48 101 53
72 121 20
92 93 38
38 56 9
51 85 13
68 92 41
13 138 1
17 133 6
69 82 9
75 100 19
17 39 8
89 92 29
3 68 15
103 128 44
2 10 5
21 82 55
94 109 59
69 138 59
109 148 12
94 139 40
119 124 55
73 126 6
94 130 34
106 116 33
59 131 10
104 132 58
51 74 5
94 137 27
87 143 33
66 110 37
13 105 2
59 102 43
77 111 18
103 109 57
14 143 13
40 94 38
12 14 49
93 132 54
64 70 27
106 120 33
100 130 45
123 146 6
13 126 0
20 101 41
112 139 15
40 79 28
67 80 56
22 61 12
115 134 20
7 134 44
64 119 59
104 129 50
69 95 45
40 105 28
91 100 11
26 131 32
121 142 14
48 99 36
95 96 44
130 144 27
85 118 58
9 40 23
73 82 29
61 136 36
27 66 47
54 94 34
33 135 26
17 53 46
5 102 43
67 129 20
77 127 35
82 135 39
42 64 49
55 57 44
131 140 19
68 93 53
41 144 19
94 134 55
115 118 48
66 127 29
84 118 5
2 114 1
25 33 31
72 138 18
1 33 13
109 142 1
92 136 51
15 123 46
116 132 52
104 107 44
40 54 20
52 137 17
44 54 47
119 123 3
90 129 30
111 115 1
57 132 27
84 107 54
4 49 20
108 127 10
126 146 31
90 134 5
44 145 21
80 113 52
94 126 34
12 46 10
91 99 28
13 111 1
67 136 11
88 108 20
19 134 45
111 126 34
58 66 51
112 129 57
34 95 27
61 98 36
72 149 39
64 101 34
9 93 21
104 134 10
126 140 33
68 113 45
8 42 13
34 101 16
52 120 5
31 96 22
27 130 47
51 65 51
29 129 5
31 103 55
7 8 42
130 147 49
73 144 6
31 91 41
7 139 41
108 143 42
12 52 50
36 133 24
76 86 37
27 72 20
10 128 20
65 130 20
17 140 10
3 6 19
45 63 27
30 67 54
102 115 29
51 62 59
73 127 31
72 87 11
90 121 41
59 76 8
12 135 59
48 94 9
100 122 15
101 147 41
30 115 5
35 48 24
54 148 56
69 106 6
99 137 21
23 63 10
4 9 55
41 66 46
8 143 50
25 87 26
18 117 16
17 88 7
85 130 5
52 59 35
43 134 1
43 147 23
96 120 4
11 147 48
30 31 31
128 142 11
79 142 53
82 113 32
81 85 40
55 83 40
45 81 10
55 115 21
18 36 40
133 134 47
96 129 45
129 146 21
69 123 13
18 49 46
9 65 41
47 68 44
66 117 46
32 44 17
75 128 19
78 107 27
45 107 21
103 134 32
105 118 40
94 145 14
74 77 1
128 134 46
89 113 41
69 80 17
56 115 40
76 103 8
124 139 58
113 118 50
97 119 53
63 129 45
16 22 26
15 100 31
95 97 50
84 108 20
45 121 4
48 149 13
11 51 20
22 92 38
2 52 5
124 143 12
19 144 51
35 113 42
38 71 36
88 146 42
20 68 26
90 118 7
75 127 2
117 122 30
30 138 40
72 133 29
82 107 53
49 139 18
4 16 13
102 124 31
46 54 54
109 124 9
27 117 22
71 143 50
36 104 25
76 90 42
15 109 44
74 99 48
106 144 29
53 65 22
2 15 49
128 132 19
44 58 2
77 112 40
83 101 46
34 142 28
1 60 60
74 95 8
58 82 30
29 89 45
94 129 24
66 92 30
43 53 20
49 56 40
77 84 12
13 35 56
52 141 52
68 130 25
121 131 46
94 110 20
97 109 31
78 95 32
3 85 59
68 117 42
53 143 49
67 81 31
26 110 53
70 138 33
78 136 54
118 142 37
15 143 36
129 133 25
12 89 27
87 149 0
35 73 20
115 138 51
35 96 16
83 110 56
101 116 5
98 122 46
37 134 21
125 139 36
41 50 54
35 101 53
81 139 36
76 149 50
87 144 43
37 60 38
105 147 24
29 121 59
61 138 49
56 111 59
21 36 39
74 97 29
14 14 19
84 103 44
18 95 2
109 138 43
96 116 58
61 125 41
82 121 18
15 89 52
47 47 46
85 96 41
80 131 20
117 149 18
43 113 41
114 125 12
63 101 22
138 147 56
3 100 20
25 83 53
66 102 17
103 144 35
31 37 26
20 47 52
45 60 39
38 87 11
35 145 29
51 82 28
42 113 51
7 11 35
34 131 54
110 119 51
70 136 36
55 92 45
77 123 37
0 76 18
48 61 6
90 97 28
99 126 37
97 129 15
2 136 2
97 133 3
28 78 7
15 140 26
11 54 54
105 109 25
69 145 17
25 56 19
39 43 58
5 143 13
46 139 0
72 88 27
71 113 2
106 140 38
11 140 8
77 101 35
58 61 19
126 136 13
35 58 33
74 76 36
36 50 14
62 145 37
90 125 16
49 106 39
78 149 1
11 22 5
39 83 12
96 149 43
22 147 17
16 114 0
14 105 32
63 77 38
92 107 6
80 124 20
71 97 52
32 68 14
9 92 54
129 130 55
20 42 47
4 117 2
103 123 28
28 136 17
53 83 45
84 112 53
49 59 37
68 147 54
108 130 29
14 149 50
91 133 60
96 115 28
40 132 17
25 136 49
67 95 49
53 120 29
71 110 44
130 141 3
22 149 18
88 147 56
24 119 9
98 108 16
96 138 4
48 130 2
61 107 38
46 120 12
98 134 20
60 88 31
43 128 51
35 37 59
43 52 13
31 118 17
118 127 6
44 75 11
12 131 3
3 80 55
73 100 50
37 123 27
97 123 36
54 79 21
2 24 13
7 46 2
92 108 27
105 131 18
65 109 47
53 148 59
2 146 11
85 143 43
41 138 46
98 105 11
105 145 35
2 75 17
22 64 44
21 26 30
4 17 26
56 121 18
86 101 1
57 60 3
36 146 57
70 83 13
9 24 16
35 81 37
102 137 1
24 106 2
59 110 19
109 145 10
90 140 31
13 70 7
17 113 49
28 95 25
7 135 27
0 112 32
112 136 29
12 57 23
70 75 50
56 129 12
23 117 26
57 83 34
81 148 0
69 130 46
32 60 19
45 56 37
72 124 51
6 25 23
56 131 36
3 49 8
64 104 22
45 79 38
95 109 28
79 88 21
107 121 22
99 135 57
19 118 32
35 46 26
8 117 46
106 133 2
49 92 47
100 112 13
39 143 54
63 108 15
113 128 10
30 57 21
67 109 3
105 137 2
48 141 47
27 103 26
18 108 7
8 140 27
61 87 47
46 69 52
85 92 56
23 84 13
21 37 53
85 101 60
17 99 21
80 118 9
9 25 55
98 142 9
11 130 18
13 27 29
111 128 18
91 128 0
29 38 20
5 85 57
121 148 19
64 114 31
51 142 15
118 137 20
116 145 23
86 92 15
114 146 42
93 148 35
21 99 29
9 29 18
19 46 42
1 116 33
71 107 25
35 86 54
83 89 23
81 127 18
61 135 36
100 104 33
77 106 24
53 127 57
69 72 25
101 122 46
59 148 36
97 108 32
72 95 19
9 62 36
85 97 10
70 123 45
12 144 27
6 30 45
31 72 12
55 86 4
97 138 53
31 89 56
54 127 36
60 130 9
111 135 57
31 44 57
26 41 57
75 98 18
52 100 33
61 71 23
91 109 17
42 46 52
5 31 0
101 119 41
6 26 18
104 149 31
52 92 41
19 84 3
49 149 13
28 141 49
46 53 56
135 143 29
82 87 53
21 127 2
46 123 24
40 140 34
40 117 60
45 95 20
40 111 4
109 127 46
22 114 46
65 88 9
97 140 46
22 139 31
31 126 31
34 60 53
85 113 25
48 65 20
38 106 26
20 145 53
52 126 19
46 65 46
80 85 57
72 72 41
2 39 46
68 104 40
125 127 17
66 94 22
62 75 3
38 125 14
13 116 37
12 109 7
0 55 40
26 88 20
19 148 12
115 133 9
96 109 53
115 125 60
91 127 26
39 122 25
9 120 25
40 103 9
1 113 37
125 136 23
75 115 53
1 101 1
93 93 7
8 98 55
47 100 48
54 97 29
59 92 15
99 146 41
38 57 41
75 147 43
7 144 45
49 86 19
101 107 25
8 95 59
59 99 5
44 81 38
0 78 23
29 71 30
61 124 35
17 67 52
7 92 36
67 101 46
60 114 2
74 149 57
86 149 51
30 56 58
30 120 49
110 112 54
44 92 3
7 109 13
6 17 5
18 90 42
30 88 41
116 120 0
85 112 56
9 51 33
67 118 0
73 104 56
89 127 19
65 143 44
66 124 52
108 126 37
61 111 13
18 60 6
26 50 18
25 73 45
83 91 53
81 144 57
5 24 2
44 118 3
15 108 40
81 104 59
107 135 39
22 43 53
43 82 14
43 110 38
92 143 52
17 111 12
83 145 24
44 146 21
19 141 55
33 148 10
26 35 36
114 137 55
27 90 37
10 47 47
62 120 13
84 85 34
73 146 31
45 48 34
54 137 56
30 130 14
60 142 37
5 52 21
19 45 47
45 125 34
122 123 22
15 133 3
40 120 32
32 52 56
61 80 38
59 114 30
38 85 8
72 84 55
104 120 22
94 149 52
10 144 31
73 115 0
12 97 51
53 134 22
18 51 54
48 67 38
84 114 30
121 123 48
95 114 56
56 110 56
127 128 3
92 110 1
42 70 56
97 127 39
53 116 27
120 141 21
32 109 27
100 133 9
91 132 24
94 136 30
48 49 52
67 72 10
103 106 6
69 85 53
20 75 34
87 125 30
34 139 11
56 144 25
114 148 28
26 123 52
35 89 27
66 98 47
34 58 58
61 82 41
38 148 36
38 93 1
105 126 47
29 128 31
24 59 34
22 124 60
55 64 37
68 118 2
12 132 54
125 130 26
98 112 41
104 141 11
120 122 18
53 101 15
66 91 6
113 137 40
108 125 32
47 97 32
100 136 52
29 146 41
104 147 14
82 132 51
70 95 28
4 46 35
117 130 31
14 119 11
56 142 50
112 118 7
1 56 48
81 111 18
77 130 23
97 141 33
66 105 48
118 123 36
23 121 20
69 73 39
55 100 32
58 118 49
83 136 18
49 115 60
53 77 10
32 47 38
12 100 29
28 43 55
39 89 28
24 103 45
110 128 58
21 43 19
26 68 41
47 107 58
13 14 58
34 80 14
64 127 52
88 104 59
7 147 33
39 137 14
72 118 34
31 69 35
53 94 30
3 145 3
88 112 38
66 79 45
56 148 57
59 115 47
47 66 48
125 126 13
38 91 15
127 133 47
32 84 15
1 81 6
15 110 51
60 101 25
46 73 42
79 139 33
8 133 23
93 135 44
141 143 14
67 67 22
25 128 31
77 91 32
9 55 21
18 88 32
10 115 45
2 49 29
43 75 42
58 119 22
5 63 40
110 140 42
84 104 46
21 21 59
23 30 39
33 121 53
5 114 57
71 112 16
6 63 58
128 135 9
7 71 54
84 99 6
1 64 51
18 144 13
4 105 53
87 107 42
29 143 42
99 147 46
52 122 39
71 115 15
116 142 46
29 81 58
131 132 16
95 121 41
38 103 29
92 129 21
89 135 8
63 140 47
28 92 53
12 25 56
43 119 2
26 125 0
5 27 4
16 38 11
85 103 19
50 73 60
73 131 5
63 63 5
20 121 20
84 86 19
20 26 45
33 65 15
94 114 19
85 140 60
89 142 3
16 34 59
91 135 26
79 136 36
111 143 3
5 54 48
64 83 36
86 112 45
17 65 20
66 100 14
9 127 35
9 89 38
25 97 3
84 129 1
107 108 57
96 104 36
0 13 53
20 58 58
48 68 57
72 132 41
50 102 59
78 106 28
22 48 53
6 112 25
7 7 29
5 81 60
76 105 60
22 88 56
74 111 29
69 132 37
11 136 2
29 119 14
90 132 53
67 127 0
30 41 31
22 38 58
55 120 31
89 117 32
3 123 27
62 79 38
134 144 49
51 134 37
130 137 20
39 135 47
59 63 2
17 81 8
5 118 46
93 133 59
53 80 35
47 149 35
28 45 15
83 107 26
25 68 3
70 70 49
40 70 44
92 96 57
49 124 20
66 112 5
61 74 20
59 126 15
86 128 37
87 104 50
101 135 1
89 134 11
63 148 10
37 127 45
86 105 9
110 132 55
24 136 23
19 55 46
12 114 46
75 120 8
97 126 7
106 132 58
52 94 57
63 66 54
54 91 12
24 105 11
13 20 38
0 36 55
65 108 57
87 115 40
38 94 22
36 141 35
38 81 35
112 149 19
121 143 8
64 120 43
32 93 8
29 79 22
104 133 33
119 133 22
91 147 50
110 121 3
79 119 52
25 39 3
124 126 31
109 121 13
16 103 14
38 100 9
82 120 40
134 135 32
120 128 33
107 142 17
26 40 2
9 17 39
26 95 31
19 53 2
27 136 22
15 71 52
5 73 32
127 143 14
15 142 24
48 143 42
26 124 24
103 108 35
12 54 29
21 121 25
34 126 52
53 130 21
60 132 60
67 142 9
3 82 34
93 124 58
125 144 26
63 90 12
118 134 12
10 27 36
93 129 0
10 88 49
66 128 58
30 79 42
14 108 18
80 91 45
54 81 5
2 8 37
16 133 37
89 109 16
90 146 47
57 108 19
43 109 15
49 138 59
48 148 26
107 114 24
44 147 36
75 123 42
58 103 49
141 149 56
39 139 25
27 98 28
30 90 55
89 124 21
104 119 53
40 98 20
84 130 39
75 96 4
20 87 31
109 134 19
19 43 48
51 84 44
52 76 33
47 116 55
13 42 46
57 131 46
84 89 24
57 138 20
13 17 6
8 17 6
9 143 40
71 144 59
12 110 26
104 146 52
90 119 16
39 127 46
37 147 6
14 132 37
103 139 38
11 126 4
37 140 16
47 136 13
109 140 27
121 122 9
58 81 33
26 120 4
87 118 30
46 102 24
40 86 3
99 139 46
95 106 56
24 111 20
66 76 30
31 66 5
136 141 0
63 95 2
50 51 24
25 37 19
38 140 21
91 108 37
5 115 17
52 83 0
81 92 21
20 110 6
28 109 4
43 94 14
18 141 24
15 64 8
0 117 20
45 78 54
103 137 51
31 112 3
29 104 41
99 106 39
23 142 41
46 75 51
57 89 37
41 45 51
38 69 44
56 96 57
9 104 34
26 83 7
11 35 27
10 105 42
10 149 59
85 121 51
4 145 7
122 126 2
41 76 58
33 99 17
42 108 45
12 101 38
67 137 17
2 115 49
79 83 15
15 90 51
61 145 37
14 148 45
4 90 1
54 110 52
115 146 1
67 120 10
59 123 28
67 100 54
39 97 45
126 148 11
4 113 6
82 133 20
15 31 1
107 147 10
15 54 37
19 116 24
95 128 3
41 54 2
4 70 37
105 116 15
104 115 24
84 97 5
49 123 21
61 149 42
45 69 49
36 99 3
36 112 6
73 77 26
105 124 32
83 86 42
14 101 36
119 146 38
33 44 11
1 121 42
32 33 5
31 143 33
51 73 49
37 46 36
56 119 16
78 91 57
87 103 29
119 144 31
113 115 11
45 71 45
10 95 21
58 122 31
120 137 4
113 141 25
84 106 54
59 100 54
36 100 37
40 78 41
43 77 54
1 97 2
44 141 44
6 24 30
114 123 4
89 144 24
89 133 31
41 81 14
52 88 31
50 86 46
91 120 28
27 68 57
35 137 36
80 111 54
128 131 21
42 68 51
54 89 18
85 142 12
75 137 58
68 112 52
76 97 39
58 59 40
46 76 54
114 127 15
16 83 47
105 144 7
24 114 12
114 140 27
55 131 34
98 115 25
15 88 45
28 131 57
51 67 52
56 57 7
23 127 2
98 136 10
36 57 25
61 146 21
70 117 3
98 110 24
2 92 52
16 109 54
10 37 10
23 68 19
9 48 57
38 46 53
118 135 48
111 120 38
83 114 14
88 145 26
17 91 57
39 132 48
76 112 1
25 82 31
25 43 21
7 40 57
52 140 3
20 109 38
35 120 48
81 146 7
121 135 15
95 140 43
24 92 56
12 63 52
23 138 6
62 139 5
53 119 17
100 127 37
43 140 26
46 90 5
60 140 51
43 45 58
84 94 38
21 90 60
66 135 29
62 80 17
73 110 1
21 137 28
119 139 37
26 27 47
15 103 36
36 121 12
89 140 30
13 113 10
101 121 13
75 148 17
12 20 30
4 96 25
76 83 53
12 77 43
41 134 51
114 143 56
118 136 1
62 97 57
11 144 54
77 122 15
87 148 49
60 103 53
131 141 19
68 91 45
29 74 60
7 88 11
53 59 18
96 127 2
98 116 42
82 98 7
1 25 4
120 127 2
50 84 44
131 149 4
29 132 1
6 95 8
36 78 17
89 115 54
35 92 60
0 31 27
35 66 12
33 145 32
78 100 16
23 31 48
26 113 13
24 67 52
115 147 25
20 33 22
114 144 59
85 119 2
5 116 3
74 81 10
98 107 42
31 106 52
14 147 58
11 66 43
41 61 17
86 125 57
77 117 35
3 133 45
8 93 60
16 60 60
32 98 59
114 122 36
94 119 33
82 82 3
83 134 10
123 133 40
21 54 35
64 144 12
4 14 27
66 109 57
56 90 58
28 41 45
102 143 15
74 122 5
12 87 43
36 134 46
36 91 54
18 75 36
9 67 41
71 83 39
2 19 33
47 84 11
49 120 4
16 125 3
31 40 28
50 53 8
70 111 18
62 134 27
101 106 6
39 116 22
21 129 5
0 68 13
9 78 60
55 91 40
109 133 33
22 120 28
42 55 4
100 101 13
10 124 0
28 116 59
78 110 13
49 52 51
109 122 1
29 30 26
98 114 54
30 49 44
1 29 40
9 82 58
3 47 60
96 108 13
100 144 36
3 77 20
8 23 45
64 93 6
31 108 52
41 119 23
71 94 10
33 91 58
94 111 60
9 85 15
15 102 43
76 134 60
103 113 13
80 136 40
27 108 49
3 108 56
60 76 15
22 95 53
49 51 50
29 58 50
60 104 45
47 50 32
73 141 35
39 110 31
82 93 1
8 34 60
102 109 59
79 125 9
112 135 26
30 149 50
22 77 12
39 63 52
103 115 59
6 27 57
53 73 57
0 66 32
44 44 39
15 137 57
17 64 12
14 137 35
19 64 24
80 147 4
14 116 21
20 52 33
74 100 36
62 130 3
7 72 11
85 129 55
113 133 30
61 88 20
66 140 2
63 79 51
116 148 41
106 126 45
85 90 27
95 99 53
87 91 7
86 87 56
59 112 5
51 122 40
16 124 26
37 69 23
22 96 53
9 90 37
61 64 27
64 116 26
52 98 22
97 137 4
20 41 1
8 149 34
14 30 44
38 45 14
38 65 4
45 106 3
84 127 5
99 123 56
56 95 45
46 146 47
10 98 58
46 67 40
37 80 21
87 141 22
98 102 21
62 133 35
105 132 41
36 37 1
62 62 37
58 102 10
59 84 48
100 102 8
52 145 16
80 148 14
6 46 22
42 112 42
33 92 21
91 106 60
9 106 52
85 100 33
22 56 30
28 98 36
58 136 56
88 121 50
117 124 29
60 117 57
58 129 39
8 107 36
58 117 21
63 68 36
34 89 35
70 107 60
42 76 59
14 113 30
11 42 57
76 122 15
67 86 20
51 98 40
1 63 34
66 123 18
24 82 41
23 148 22
125 125 52
33 78 52
11 75 46
9 45 34
7 49 5
22 100 51
12 88 53
111 133 27
46 112 3
83 106 11
106 135 49
126 129 23
100 106 44
89 90 56
50 61 19
32 96 38
113 145 39
19 132 58
37 41 15
36 61 12
4 38 6
76 148 8
124 128 37
13 97 55
14 60 59
34 103 44
80 89 38
54 140 26
21 64 0
14 139 46
4 127 46
63 78 28
33 63 42
52 121 34
5 127 57
92 118 42
74 98 0
11 50 37
44 130 3
107 107 16
124 125 47
6 120 26
31 144 53
40 82 6
22 129 14
42 139 14
62 132 10
1 67 35
29 50 20
87 128 23
78 125 17
70 146 15
108 149 48
72 103 5
10 131 0
8 50 58
15 131 28
4 41 8
78 145 45
107 113 57
58 99 15
7 74 41
16 98 19
105 146 56
50 125 28
113 130 51
48 109 59
1 102 24
107 112 7
91 94 60
57 145 37
66 72 55
83 120 6
64 125 39
3 48 31
84 137 40
74 134 51
15 34 4
17 72 30
63 85 50
21 145 9
16 102 24
44 64 45
53 66 58
116 149 40
55 107 58
5 77 36
48 145 28
37 135 3
75 110 14
52 72 56
55 144 11
20 105 22
81 123 5
24 96 49
38 111 7
57 76 0
84 144 49
36 81 14
91 129 48
87 134 4
86 107 37
92 109 37
14 42 58
19 145 34
34 57 41
27 47 51
22 132 53
7 111 27
3 103 57
18 110 39
44 103 41
47 126 29
60 96 1
30 94 3
69 69 44
52 55 7
20 39 39
23 55 17
50 50 10
109 111 22
80 80 16
105 106 15
49 148 17
13 88 43
23 80 38
108 123 38
66 83 32
115 129 46
52 108 57
48 105 11
7 77 43
14 138 1
16 55 10
31 32 19
12 44 19
84 117 27
23 25 39
30 54 52
12 134 31
47 106 43
4 60 23
31 62 11
72 99 33
20 57 57
22 69 46
12 48 10
43 73 51
114 133 51
9 19 28
104 108 19
59 106 38
105 115 21
29 96 4
89 110 22
77 78 33
35 57 39
19 128 41
127 127 1
5 44 33
48 50 36
69 146 22
86 115 1
79 127 6
83 85 48
38 141 46
17 134 54
44 73 5
27 119 31
17 110 42
79 115 49
48 110 10
60 95 33
109 131 18
28 44 0
1 90 1
59 138 39
49 71 24
21 42 57
34 67 30
104 126 24
20 23 47
134 138 45
39 84 35
37 59 44
21 74 3
102 144 14
90 124 48
78 131 20
96 147 59
9 44 43
76 99 28
27 48 33
55 60 58
71 137 59
43 114 41
35 119 32
87 96 1
42 73 7
133 136 31
13 109 41
52 69 35
68 121 55
30 44 31
63 146 59
46 63 18
70 118 48
0 33 54
31 77 19
86 116 3
108 138 22
99 144 60
8 147 28
37 89 57
53 123 7
64 79 44
84 146 49
52 80 50
44 120 4
44 131 23
98 117 14
2 140 35
37 107 5
101 112 9
53 96 0
112 116 33
55 101 52
109 141 28
10 49 35
59 116 25
19 50 15
86 132 28
80 114 54
49 97 54
17 73 51
5 82 54
108 131 16
75 103 33
49 70 15
24 26 32
38 88 54
56 146 20
46 121 19
68 137 30
27 121 59
66 71 44
66 93 3
19 33 57
65 121 41
48 92 60
84 141 10
16 44 56
70 85 54
32 34 48
16 127 40
60 131 19
64 149 26
59 79 10
107 145 48
49 127 52
84 119 7
11 59 48
12 104 51
57 71 49
83 96 42
92 98 42
60 134 49
102 131 50
61 116 24
2 123 57
33 147 46
67 139 32
45 49 11
14 93 44
37 85 36
116 125 41
75 79 3
58 97 24
12 103 11
28 100 60
25 35 13
32 82 12
18 92 35
10 83 20
20 131 7
58 126 47
47 81 20
10 77 1
94 143 53
0 128 51
36 148 5
55 145 46
21 108 20
84 128 15
56 81 48
60 61 33
81 84 14
25 59 33
40 46 44
30 85 23
63 97 3
85 106 17
2 109 9
74 103 16
66 80 20
56 67 57
52 54 33
42 101 55
119 132 3
43 71 15
63 98 49
30 89 21
18 134 48
19 27 22
100 113 46
113 143 26
32 149 10
92 127 7
19 107 41
7 122 21
116 116 57
14 74 33
41 53 1
59 78 33
87 101 36
96 137 10
53 124 37
51 95 7
56 141 2
48 121 37
102 149 37
29 88 60
29 53 31
75 97 46
33 45 20
73 142 21
110 134 48
62 119 58
24 42 21
125 141 36
38 99 14
23 114 42
82 86 49
37 53 6
120 130 42
24 139 36
91 134 58
80 138 60
42 47 18
35 82 54
85 93 19
65 142 23
67 143 60
82 116 25
13 26 36
106 139 52
31 57 10
9 69 55
19 39 51
33 60 19
98 141 35
105 114 58
14 31 39
61 91 53
42 69 30
15 112 57
100 141 16
74 124 6
72 115 3
120 140 44
62 128 31
12 53 30
80 84 32
61 119 51
73 74 34
3 121 16
39 93 15
82 143 3
80 141 39
89 143 8
1 66 2
23 125 32
69 144 49
31 130 42
124 136 41
20 128 8
20 25 38
111 137 1
22 109 17
76 121 40
55 148 12
13 122 51
66 67 56
87 122 22
24 147 9
100 121 0
67 84 49
111 134 54
45 72 28
5 90 31
39 49 53
18 104 11
5 12 1
37 101 13
88 141 21
1 62 33
126 138 22
85 102 52
56 92 53
18 87 49
59 59 42
6 107 39
131 148 15
126 143 29
21 86 27
8 92 22
33 62 7
77 105 25
41 57 55
64 98 17
3 27 47
42 131 2
36 77 45
58 74 53
41 60 19
95 118 39
33 120 11
16 82 42
44 52 57
34 137 59
35 129 52
5 14 47
32 106 0
31 41 44
24 145 58
114 149 53
67 146 8
83 146 41
30 50 45
73 121 46
2 64 27
38 136 47
41 75 57
95 131 27
0 72 14
96 102 2
67 140 13
0 19 33
21 144 49
70 86 3
32 40 17
5 55 1
116 127 2
75 86 18
45 80 41
95 125 15
0 71 8
90 127 2
78 97 56
50 59 45
123 127 53
29 130 21
26 78 8
17 56 23
13 73 39
19 65 50
34 43 50
56 133 43
37 129 25
52 116 0
68 77 59
102 146 55
1 47 0
25 25 5
79 86 21
3 86 28
117 127 48
32 145 30
98 147 59
60 105 3
56 88 43
88 92 12
74 90 37
53 133 14
125 142 5
6 52 50
21 71 53
17 20 35
11 121 36
109 115 47
9 20 20
88 133 25
70 96 41
41 97 51
53 91 59
3 99 15
86 108 41
29 43 33
19 59 28
102 127 22
47 76 41
31 102 10
24 90 45
62 112 43
47 118 50
37 95 5
34 63 12
8 70 17
79 132 15
56 85 48
35 124 52
93 126 49
4 140 33
23 136 32
39 126 25
57 121 41
13 98 29
75 108 9
104 113 2
63 113 50
92 122 31
44 67 9
36 105 60
42 100 15
53 70 8
1 19 6
47 101 13
31 98 20
39 123 60
17 136 33
40 76 39
47 127 55
21 131 1
58 79 20
88 130 10
109 132 32
102 111 40
2 133 0
24 88 31
68 74 20
92 111 40
24 75 13
90 95 4
25 104 19
42 132 54
57 91 53
30 110 47
46 122 55
34 143 27
55 102 27
104 136 1
80 135 31
41 141 33
70 124 35
24 34 59
78 108 26
81 141 28
36 43 41
80 121 48
20 126 31
8 72 55
0 148 5
0 143 17
2 33 27
129 139 41
77 95 11
36 69 52
49 111 40
35 94 21
77 102 52
43 91 23
66 85 52
54 132 18
56 108 30
24 28 52
3 56 29
12 19 31
11 38 36
58 64 23
37 48 46
27 76 41
51 83 1
7 98 39
8 45 26
70 77 14
102 119 29
29 136 11
55 76 59
7 30 57
31 81 35
5 48 35
23 86 5
58 58 10
11 40 57
13 59 41
73 87 7
46 56 10
46 72 57
69 128 58
64 72 50
7 9 41
12 108 13
44 83 34
46 106 56
24 91 17
48 64 22
27 84 53
20 146 42
71 114 49
35 143 0
66 87 17
102 148 50
23 41 28
81 134 5
115 117 6
9 133 5
49 142 30
44 149 28
88 98 52
111 122 22
15 99 54
52 78 38
120 124 13
85 105 18
42 123 50
39 99 0
20 136 18
33 41 35
5 76 8
41 106 54
35 105 19
22 90 15
80 128 9
113 131 27
103 148 16
1 88 23
3 84 48
5 92 56
17 102 10
88 129 22
43 46 1
14 35 55
78 134 34
1 98 19
61 79 53
41 132 30
20 133 22
87 109 47
70 132 26
51 78 37
55 56 50
89 130 25
53 55 23
46 138 59
80 97 26
48 88 54
104 105 43
39 133 57
49 76 46
58 116 55
16 104 60
53 109 11
65 98 14
78 92 24
122 132 28
98 127 7
38 129 28
102 117 12
76 94 1
16 41 38
7 78 33
94 108 2
57 149 46
26 85 40
49 79 60
72 113 26
93 113 40
90 92 59
87 106 36
86 148 26
15 60 43
16 52 18
5 11 38
96 117 11
21 57 57
3 94 10
0 26 0
125 132 27
115 126 14
23 44 39
18 132 46
14 61 60
20 106 24
98 103 46
32 116 20
45 91 54
28 104 43
84 147 55
11 113 35
32 35 39
23 47 57
46 113 41
90 126 59
20 71 22
15 147 3
48 111 34
45 64 0
56 68 47
81 122 48
21 27 41
14 140 10
13 103 24
97 145 35
0 100 52
96 103 60
69 141 54
90 110 1
71 75 25
25 51 14
15 132 29
126 133 1
21 92 17
4 122 53
39 76 19
82 103 13
50 100 49
52 146 7
18 48 53
50 57 2
7 75 2
12 32 32
25 28 59
131 133 50
25 29 36
30 103 33
18 52 54
40 75 27
43 120 19
15 106 36
2 60 5
53 102 4
18 121 30
114 120 17
84 91 4
32 113 38
29 61 0
121 147 32
125 149 26
40 72 5
58 140 4
6 80 11
15 128 3
20 84 30
33 88 4
47 60 15
105 122 45
50 118 59
14 52 15
49 101 33
97 146 52
56 135 46
45 73 1
35 116 24
70 78 28
72 119 47
63 81 36
61 114 58
43 101 34
55 105 42
48 142 5
52 123 46
34 87 30
24 117 8
32 129 50
72 141 22
44 79 7
92 105 33
126 145 22
63 69 27
50 63 7
42 51 32
68 82 30
27 79 56
24 50 2
91 118 45
52 95 3
70 148 42
72 120 24
17 144 24
57 106 48
49 90 28
18 103 15
77 81 25
103 118 28
15 145 19
58 83 17
92 133 47
7 54 42
63 64 54
93 101 23
30 66 48
12 90 0
20 141 3
105 113 42
104 117 50
29 142 6
89 138 25
19 62 50
26 149 34
61 67 18
48 95 26
34 46 19
63 105 24
125 137 47
88 131 16
43 56 38
94 122 22
28 89 60
32 90 48
38 98 22
24 49 19
99 113 51
1 38 49
25 146 6
59 136 46
55 99 41
42 110 60
42 75 41
32 81 38
60 83 21
19 129 42
20 67 31
36 129 57
17 82 26
78 84 57
51 103 18
78 113 45
99 127 36
14 57 20
63 130 29
26 122 39
8 16 55
92 103 45
66 118 7
106 110 48
48 147 19
70 130 58
21 31 51
83 141 52
57 120 46
47 110 13
59 113 29
3 60 15
100 139 18
13 24 55
41 67 14
108 140 21
57 141 42
16 138 48
25 63 38
45 118 37
80 95 34
80 149 30
61 109 56
11 112 2
6 38 10
49 116 55
43 85 10
14 125 30
53 118 1
92 138 30
96 144 29
113 124 35
1 84 47
46 109 53
109 112 11
38 90 24
1 21 19
93 127 40
61 78 32
10 120 54
16 139 15
39 87 49
23 59 9
46 66 22
3 3 59
42 74 32
38 74 45
61 94 5
25 132 38
55 123 37
100 135 2
32 86 14
9 42 26
70 87 13
74 78 11
61 130 39
30 104 19
20 90 29
18 131 0
11 45 19
18 41 42
86 95 33
80 81 36
62 85 56
65 76 1
70 137 19
14 142 22
29 135 59
3 124 8
47 58 20
43 139 20
124 131 35
99 148 49
65 101 58
19 109 59
26 127 43
18 39 0
97 134 21
94 120 29
16 58 37
87 95 42
94 140 25
22 148 43
54 96 58
101 139 44
5 5 4
13 61 9
102 122 9
48 74 43
2 17 6
9 12 40
60 74 5
53 112 28
73 89 55
34 112 14
69 90 50
59 82 56
41 84 12
59 77 57
119 129 44
7 38 32
1 96 17
42 102 33
33 139 37
14 19 32
65 89 25
77 89 15
44 53 58
76 76 57
95 100 4
45 87 5
107 132 5
77 126 12
71 121 15
41 51 32
113 146 17
33 127 51
135 147 59
18 136 10
49 140 41
84 100 56
32 133 8
8 73 20
50 82 49
39 71 27
54 124 45
82 99 25
39 56 21
111 140 1
39 64 7
7 141 13
121 129 2
14 68 25
26 57 23
40 145 1
44 80 35
83 123 57
26 33 43
108 114 7
24 132 34
6 133 45
84 96 55
69 129 30
0 98 29
4 102 13
44 90 54
1 111 18
11 26 60
27 91 37
109 139 14
8 26 8
93 98 51
85 144 49
58 60 17
58 123 16
0 118 41
50 111 1
104 135 58
61 108 32
23 72 55
27 138 2
26 146 56
10 134 13
85 107 5
67 111 16
54 95 12
66 141 19
110 122 20
95 146 0
102 138 23
51 66 47
57 128 46
87 139 49
14 29 29
114 131 21
21 48 14
59 135 29
7 106 10
67 132 38
43 65 14
87 120 24
18 109 57
19 133 0
7 41 10
4 68 50
60 77 50
11 32 26
63 88 47
10 145 6
112 132 20
44 95 22
106 145 32
10 58 6
63 126 46
99 118 40
69 133 6
15 41 17
73 136 27
4 74 45
1 69 58
25 118 37
43 90 58
80 132 10
47 135 45
59 105 36
39 107 9
63 109 6
10 46 2
67 99 47
11 148 53
13 49 13
11 39 59
86 121 51
60 92 50
95 142 17
24 38 1
22 89 46
37 144 20
53 64 30
17 106 57
62 74 35
4 65 40
61 134 49
118 119 4
22 55 18
12 128 56
45 113 30
6 29 25
79 96 11
42 125 44
84 110 20
88 125 48
73 103 13
124 142 2
69 97 57
15 78 9
50 83 36
106 142 38
63 135 45
112 146 10
137 144 19
39 141 38
87 147 5
33 89 8
20 139 22
72 148 30
41 127 39
27 73 6
16 88 17
77 124 34
66 144 52
36 79 58
47 92 2
96 125 10
21 128 24
56 89 25
74 120 51
5 124 48
3 144 15
65 111 21
41 131 52
9 130 38
105 134 26
93 147 32
51 52 46
31 109 9
75 139 20
108 120 29
56 71 60
72 130 6
78 85 27
10 147 17
42 50 27
9 125 43
94 115 23
29 110 0
6 62 34
30 36 10
46 88 58
3 117 33
62 96 59
87 100 32
87 117 39
51 92 5
104 143 47
39 44 45
20 70 41
56 134 23
43 68 20
19 135 11
37 105 5
46 68 53
103 112 23
77 129 21
69 149 23
40 104 34
52 66 44
19 54 11
46 94 38
5 72 48
13 79 52
10 129 7
45 53 0
76 109 23
89 104 49
137 137 18
31 128 13
67 74 23
9 146 37
72 139 18
15 72 31
70 121 37
94 97 33
47 103 27
56 97 21
32 107 0
49 88 8
3 115 20
1 4 49
1 10 44
61 113 14
106 114 4
68 72 19
19 119 41
24 43 27
78 93 60
58 70 51
8 138 33
44 114 10
33 49 31
22 135 41
36 80 3
12 79 40
78 147 35
16 50 37
110 113 28
6 49 15
42 127 4
23 61 60
91 139 49
45 51 34
47 132 21
18 44 56
34 84 35
89 91 33
2 14 21
56 113 6
2 122 56
28 149 15
51 107 21
47 125 11
37 43 21
28 135 27
84 131 56
94 131 4
8 51 57
86 134 2
61 147 16
13 15 42
69 124 49
69 111 55
93 136 25
53 131 30
79 112 59
3 146 50
24 146 32
12 91 30
8 114 48
38 68 2
8 132 49
51 124 30
49 118 12
64 91 33
19 136 0
56 87 39
55 125 16
75 91 14
35 109 59
118 131 15
51 59 24
86 97 4
10 52 51
40 47 42
46 128 28
18 69 23
55 124 1
115 141 58
5 134 46
89 118 23
19 120 21
103 126 35
33 50 32
7 115 10
33 96 59
39 82 1
71 102 47
103 117 29
30 143 54
17 61 31
10 22 37
74 125 28
111 144 23
0 47 52
16 135 2
18 106 55
40 59 17
57 61 3
98 129 24
54 54 16
127 147 46
18 128 42
70 104 58
19 104 10
60 138 47
11 63 59
83 100 55
41 105 46
3 83 59
32 142 18
25 98 24
26 46 32
8 88 4
16 115 28
76 88 15
90 142 7
67 123 56
61 112 7
65 126 16
15 96 19
64 143 54
82 122 7
41 71 25
22 127 46
40 137 32
108 145 59
47 72 3
70 122 9
27 95 47
28 34 46
11 73 26
27 109 24
72 147 1
44 47 13
38 142 58
95 115 35
69 86 36
13 53 56
11 86 60
18 74 10
64 142 11
11 64 60
63 86 22
35 79 4
44 101 9
12 12 31
53 62 33
78 116 22
41 88 52
75 90 1
19 140 36
86 99 27
41 130 37
36 98 40
68 116 24
45 58 60
42 103 31
73 76 26
109 128 21
73 118 44
9 109 0
52 125 14
86 98 30
39 90 54
104 116 25
33 144 18
101 138 38
61 117 60
122 125 47
119 127 48
73 79 7
90 145 29
10 142 46
43 103 42
7 126 17
56 122 16
14 92 14
112 120 3
127 141 3
64 107 60
61 101 41
70 97 40
7 145 51
54 66 10
47 128 49
103 105 6
16 146 41
96 139 49
59 134 46
36 58 3
59 146 19
34 36 59
4 85 7
29 103 12
60 144 36
16 54 50
13 67 34
22 34 51
14 111 2
75 92 16
81 130 13
53 126 17
12 37 50
77 115 45
65 133 17
35 110 5
96 96 31
53 146 2
11 12 38
51 133 45
11 60 30
67 119 24
32 72 35
20 27 11
75 125 58
47 115 8
79 110 4
15 23 29
41 121 21
6 57 46
64 95 50
44 49 27
8 115 34
108 146 19
41 146 4
36 92 17
94 106 44
21 61 43
18 26 13
24 80 2
103 145 8
27 86 56
63 122 16
73 143 16
83 104 13
35 40 32
120 129 59
13 47 8
15 49 52
23 134 22
58 115 16
20 64 39
9 76 46
61 89 10
96 123 0
17 18 59
42 117 40
38 41 6
40 148 11
62 114 31
41 107 0
31 78 59
57 107 19
32 125 18
99 119 53
8 119 30
34 108 44
12 70 18
71 127 38
23 106 57
22 35 15
39 60 48
96 145 60
38 130 58
79 108 27
105 135 30
90 135 52
19 114 5
37 126 4
82 94 4
100 128 58
36 67 55
27 81 0
80 123 2
98 125 49
28 96 12
6 23 35
32 42 54
4 110 7
9 118 3
125 147 36
72 94 0
52 97 25
19 38 58
101 113 5
62 98 39
14 24 55
79 144 34
29 145 2
107 134 44
39 114 57
98 130 46
1 11 49
20 34 1
12 80 50
50 72 45
67 97 42
32 95 60
93 118 38
50 119 57
86 138 28
62 122 27
69 110 48
30 63 16
87 124 26
4 37 50
93 102 26
88 105 34
95 147 37
26 65 1
52 119 42
25 120 56
65 119 59
90 143 42
44 106 43
10 82 50
39 111 7
96 99 36
42 111 20
36 39 41
55 88 33
127 138 30
14 86 23
45 97 19
33 43 5
73 96 48
99 121 4
51 143 44
83 117 8
76 85 8
58 95 37
40 141 29
58 85 38
3 141 22
96 119 20
8 97 28
79 149 44
17 59 19
56 65 31
78 142 14
79 109 42
35 106 2
9 36 27
46 135 38
4 72 19
99 142 18
2 58 36
99 104 50
37 38 48
23 97 27
16 136 15
13 107 50
63 118 55
29 99 31
47 73 29
10 96 17
39 54 30
75 141 24
71 139 60
49 108 15
43 88 49
54 90 27
72 142 16
35 77 60
52 118 55
6 134 56
31 148 5
22 39 19
17 32 45
26 79 51
94 125 57
30 37 45
36 47 34
45 86 57
53 95 14
15 61 43
104 112 46
38 134 48
13 117 30
107 119 37
78 111 42
116 135 27
59 137 52
18 101 55
2 36 39
79 101 5
90 122 57
53 90 25
122 140 37
17 21 7
7 53 28
76 136 23
12 61 1
122 149 11
63 106 43
26 73 23
42 43 56
34 104 1
43 96 13
58 149 42
86 102 55
122 144 26
1 48 13
4 6 14
75 149 33
78 89 4
13 55 23
67 89 18
3 148 53
76 118 25
80 107 3
43 98 36
58 93 6
59 101 24
41 99 39
66 136 49
26 93 33
75 105 49
58 75 4
91 105 30
21 135 23
56 105 32
7 148 30
5 141 19
54 65 32
4 136 57
50 116 23
44 56 54
106 148 19
82 109 30
74 102 27
94 123 43
72 97 13
48 113 28
92 128 49
91 143 45
26 121 0
73 78 2
18 143 4
86 145 24
35 85 33
23 53 43
10 69 17
92 124 11
20 83 34
18 80 51
28 147 44
29 49 21
68 122 55
24 122 59
20 130 30
95 143 5
22 128 30
19 98 19
3 95 57
65 113 14
17 103 19
49 80 22
34 130 9
118 144 58
74 87 39
78 130 10
74 121 30
4 147 24
69 139 49
76 102 28
23 76 28
18 77 58
20 91 34
22 31 21
91 123 31
17 98 25
85 146 49
49 74 39
0 38 39
45 59 57
38 76 19
79 95 45
10 125 34
46 92 48
79 94 35
113 136 20
26 34 15
23 104 49
65 104 50
5 148 25
12 64 28
7 117 58
50 131 42
6 122 7
64 71 48
114 142 21
124 149 14
55 109 34
23 48 33
1 8 39
46 83 21
58 87 16
58 69 30
11 11 17
87 110 31
21 69 19
120 131 22
26 104 9
20 66 18
78 120 59
7 107 7
13 112 2
30 82 56
35 148 34
78 148 18
71 129 34
38 59 34
67 113 30
79 140 22
76 119 2
56 103 55
105 133 10
23 147 36
23 40 56
25 99 48
45 140 46
0 87 43
62 65 12
6 85 21
51 118 28
85 139 4
1 76 41
16 59 28
63 73 52
35 121 4
39 147 59
94 118 32
78 121 7
103 111 13
61 137 13
29 85 11
92 142 42
48 60 51
68 108 32
13 139 2
17 63 53
73 132 26
38 82 25
49 69 19
98 124 38
68 125 6
17 114 22
49 133 26
56 147 8
25 84 9
98 133 17
21 30 52
45 115 54
87 129 4
83 95 20
65 125 35
36 127 40
33 149 16
65 82 31
67 148 29
60 93 15
20 55 8
45 134 39
22 76 12
27 94 44
32 88 10
121 137 12
47 56 31
67 90 8
27 139 41
95 144 32
62 101 11
81 133 15
41 87 26
24 65 35
45 149 43
45 111 45
88 124 19
23 28 15
65 65 56
113 113 41
40 110 8
10 90 39
1 100 0
119 138 6
39 48 26
43 55 13
11 88 40
101 140 53
113 114 19
60 115 43
17 23 20
12 13 57
21 60 52
6 74 6
76 100 42
48 103 34
39 59 11
78 99 15
3 24 56
40 146 33
44 144 4
97 116 1
52 53 26
0 108 50
5 62 39
58 131 28
8 35 51
64 132 59
81 112 35
81 83 5
10 86 39
32 146 11
29 133 29
98 111 9
79 89 19
36 56 16
36 96 18
78 124 11
96 118 38
29 46 52
48 108 28
23 26 48
70 94 23
103 114 33
66 129 17
22 122 50
33 95 55
20 37 9
19 103 33
95 120 13
63 112 35
58 100 4
52 131 1
89 106 31
30 127 23
1 75 52
10 137 32
62 116 58
23 131 47
61 63 30
18 129 15
62 117 26
14 94 59
32 65 14
60 67 33
3 109 31
44 91 19
72 82 31
85 114 11
14 69 31
20 59 2
6 99 40
64 126 7
23 111 8
27 80 1
103 131 20
15 119 10
62 77 35
2 95 29
83 109 34
108 111 41
22 58 46
46 149 24
97 122 36
94 103 26
76 110 10
10 113 46
71 134 53
91 141 40
43 60 26
43 148 21
81 109 19
16 24 20
20 93 47
9 63 16
19 149 57
41 111 1
57 103 50
45 109 6
37 92 31
2 112 36
30 73 16
22 82 19
9 119 47
36 90 21
6 82 43
101 111 9
62 87 59
108 122 31
10 39 37
51 63 43
50 130 54
52 84 18
25 69 14
16 132 47
47 99 10
7 142 26
36 115 55
51 89 31
39 125 7
49 60 40
19 126 23
86 126 52
34 145 28
117 121 52
4 138 17
10 16 50
37 117 60
43 121 3
2 23 28
7 138 1
13 62 54
2 119 34
60 62 56
1 36 4
62 64 56
95 135 4
6 110 60
9 138 19
49 81 45
68 90 54
37 102 41
46 71 3
20 56 1
35 90 49
30 83 54
72 90 5
34 134 53
28 55 51
65 75 23
34 61 47
40 97 46
50 66 46
79 134 7
99 145 56
23 91 14
12 119 9
60 79 18
56 63 43
45 132 36
18 133 35
96 134 43
111 111 60
37 149 27
4 112 3
112 134 20
43 125 26
41 82 43
62 115 13
20 99 11
42 104 31
6 51 2
2 103 39
21 91 33
48 84 19
64 82 15
92 92 50
62 107 0
79 145 2
8 131 56
49 57 46
38 49 24
32 104 16
28 130 3
13 25 16
38 67 12
31 135 1
4 133 26
39 78 54
55 127 50
103 121 50
47 108 38
49 49 15
29 148 26
37 79 6
1 30 57
40 119 16
92 149 56
4 149 34
67 91 54
13 16 26
12 38 35
61 110 19
18 38 36
8 110 32
14 83 27
17 94 25
92 121 17
76 111 5
35 133 22
43 95 48
69 79 31
70 125 32
41 126 19
15 47 25
96 128 57
37 64 54
18 23 59
28 137 59
17 120 44
90 96 17
19 127 56
38 63 28
3 75 44
26 61 16
22 140 56
80 119 17
25 96 22
25 92 0
112 141 58
110 144 27
21 105 59
20 127 21
76 107 15
74 130 12
2 94 45
65 141 10
128 145 17
74 84 48
79 90 16
80 96 18
76 123 16
11 29 15
39 131 5
52 110 39
85 91 3
2 61 8
103 122 12
1 1 22
75 132 43
43 66 5
6 8 28
29 105 28
66 120 31
19 51 49
32 134 18
8 91 26
120 143 44
53 60 54
22 136 2
8 22 19
94 113 39
104 106 14
48 128 6
87 90 39
14 89 8
2 66 23
88 94 60
23 24 44
24 134 8
71 73 41
22 105 29
67 77 3
12 121 49
56 72 2
84 93 48
68 101 30
26 69 43
65 95 26
39 39 30
63 136 3
2 22 41
52 144 3
1 94 45
54 147 25
64 78 4
76 81 53
28 106 52
95 101 14
6 145 37
94 107 14
8 38 54
1 136 24
89 139 48
25 86 40
63 141 60
63 116 21
3 101 36
80 109 22
9 50 42
1 139 57
36 95 30
100 105 34
102 139 39
92 102 27
69 76 38
66 108 5
9 43 36
0 16 38
41 47 37
41 46 3
14 20 11
52 148 6
26 129 38
55 106 39
4 121 46
19 121 27
81 100 39
102 110 52
37 103 37
1 3 57
15 83 10
45 146 19
67 88 48
82 110 32
1 12 25
55 67 40
101 130 42
38 122 4
106 122 29
40 114 11
80 143 3
9 115 33
39 51 7
79 133 19
53 103 52
15 95 35
2 91 52
15 116 59
27 65 45
78 103 58
23 118 42
108 148 30
105 117 57
17 36 52
35 74 31
23 43 41
75 95 28
18 118 29
54 82 40
32 83 53
5 145 47
52 89 52
11 61 10
30 34 31
17 29 43
15 144 44
16 39 7
89 120 14
50 55 29
61 99 18
48 102 20
14 120 36
64 68 40
21 77 50
43 72 34
81 126 35
75 121 30
44 63 1
55 75 33
38 92 23
102 129 28
50 148 38
11 70 18
46 64 42
66 146 29
14 87 35
62 92 11
45 99 27
59 74 38
12 102 5
60 108 51
116 133 41
38 58 3
7 21 59
101 108 3
57 100 36
14 78 2
49 112 47
89 101 56
66 138 11
2 105 28
41 112 14
19 75 21
7 143 16
26 64 54
61 62 56
15 20 39
62 136 32
86 91 57
81 131 18
0 20 33
14 95 34
33 56 7
26 133 3
23 90 56
11 131 32
43 57 14
27 134 14
43 115 49
96 146 25
91 112 12
49 84 39
61 92 55
72 143 4
3 127 7
22 106 57
16 46 47
2 50 44
99 138 49
30 119 55
1 128 44
83 137 50
83 143 14
59 127 58
63 87 35
27 56 55
1 35 0
4 43 22
28 119 57
38 55 27
5 139 60
31 43 32
41 142 50
47 71 8
17 46 24
1 134 34
5 120 20
9 103 4
71 76 58
77 121 22
82 129 25
87 146 54
3 23 4
26 36 12
5 146 37
51 72 52
70 139 12
14 67 45
20 112 1
3 76 16
75 84 32
35 70 3
57 82 14
38 116 11
13 102 42
46 130 12
16 131 59
53 76 42
13 23 19
53 121 17
52 127 47
55 111 21
96 130 16
72 128 46
15 46 35
84 92 6
7 140 5
35 99 10
3 32 12
27 105 48
82 115 56
61 75 16
5 67 60
38 112 10
68 80 54
62 103 58
2 84 23
37 111 1
78 83 5
29 115 26
15 27 39
27 31 34
19 58 57
96 132 24
3 114 24
17 44 37
80 122 19
106 143 43
15 44 32
71 78 0
82 105 10
34 105 2
57 113 58
24 37 18
113 135 31
53 57 1
94 105 14
64 122 4
10 55 32
15 87 33
13 148 20
71 108 50
60 71 39
14 25 50
29 33 13
86 143 54
100 134 38
74 106 20
0 17 37
54 129 50
63 102 24
52 79 37
104 131 1
99 112 52
82 84 18
99 125 37
27 62 60
83 121 10
66 133 46
48 146 6
7 90 37
14 145 54
27 34 42
101 144 26
36 49 27
11 95 45
69 96 11
50 79 17
67 110 52
25 134 56
12 92 13
12 60 48
35 111 18
57 70 13
10 56 12
113 119 53
14 123 5
117 139 58
10 118 54
35 127 44
2 121 49
99 115 4
48 58 44
33 103 31
35 87 53
34 144 50
6 31 21
7 120 25
32 119 36
70 80 31
0 62 28
37 44 41
41 85 27
40 136 16
36 120 54
34 70 45
16 18 46
12 42 57
28 101 1
50 142 54
59 142 44
20 132 6
3 5 7
99 101 39
110 123 20
64 118 54
64 129 11
85 115 28
53 105 5
34 73 57
4 63 4
83 144 49
26 53 18
85 87 19
71 111 48
10 51 27
39 118 41
17 85 49
0 45 41
58 104 27
27 70 32
52 74 12
21 124 38
27 126 17
40 81 11
11 17 11
32 63 34
6 119 43
44 93 19
27 87 28
110 130 21
56 137 24
6 96 16
40 112 39
36 144 57
61 85 57
42 58 7
28 62 35
13 92 45
72 76 32
14 50 29
43 61 7
68 83 34
58 73 12
45 143 47
35 100 53
22 81 3
73 114 37
106 107 59
99 128 14
63 65 33
36 101 7
9 117 18
41 110 13
81 110 26
93 116 49
45 70 45
51 96 6
23 46 57
41 65 12
65 69 38
69 89 39
14 122 18
17 83 30
67 106 59
100 140 40
21 87 5
33 68 27
50 117 15
102 116 37
123 140 28
39 145 28
15 127 58
29 131 17
88 137 21
85 147 60
25 103 1
48 104 49
37 42 23
39 134 50
75 112 43
5 125 54
75 135 20
3 138 38
47 114 21
97 125 51
23 129 24
40 142 26
25 52 17
88 89 2
22 30 14
20 48 31
77 100 10
107 143 50
71 89 8
11 52 57
37 87 51
31 56 14
39 112 31
32 135 58
16 42 49
27 54 11
11 34 35
107 136 29
79 80 31
110 146 24
19 99 10
88 116 41
58 134 51
5 106 31
42 88 10
17 84 22
37 90 58
31 138 48
41 69 28
43 87 19
28 113 51
8 20 9
78 144 44
63 83 22
5 97 30
82 126 3
62 73 25
50 78 56
26 107 20
103 124 35
26 60 27
94 132 33
31 136 9
56 130 20
18 37 22
55 65 41
7 132 55
59 91 45
92 119 22
41 96 17
59 140 53
41 133 48
57 144 54
42 89 2
42 109 24
51 117 46
55 114 0
8 102 24
63 99 56
31 92 35
51 102 10
82 101 59
59 124 26
44 94 18
77 88 12
20 96 5
17 139 21
102 147 36
91 115 3
78 104 43
30 45 50
30 71 32
32 57 40
81 103 10
72 125 30
15 134 49
50 141 60
31 70 36
11 37 20
76 139 42
59 103 43
89 119 41
10 136 0
68 75 23
14 41 15
70 71 17
67 103 50
21 65 14
72 137 39
67 134 60
41 86 36
10 102 42
75 116 16
65 78 18
18 120 47
34 127 39
50 147 27
79 81 9
16 134 14
52 75 45
53 108 41
18 40 38
12 133 12
104 123 48
12 136 22
38 66 41
71 98 41
5 46 35
12 86 25
0 83 8
64 134 55
99 141 56
29 134 58
42 146 16
35 84 23
16 53 4
69 93 25
64 80 21
33 59 48
22 145 52
34 90 4
8 83 7
12 15 1
19 49 37
0 43 1
43 123 49
11 115 52
58 101 47
72 114 4
10 127 58
81 96 19
61 103 56
46 132 44
49 65 13
14 102 41
50 74 34
41 101 9
57 65 44
73 147 22
36 62 1
22 65 20
35 88 17
30 114 14
14 71 57
19 143 50
97 131 37
63 75 29
34 132 33
34 59 42
75 143 41
75 117 37
20 73 4
25 106 30
70 73 6
36 106 27
18 73 0
69 75 49
33 119 39
15 135 4
9 96 26
68 87 34
53 63 5
2 28 5
95 116 21
24 71 56
29 124 42
68 98 38
15 82 3
54 139 51
1 41 43
12 47 14
70 99 18
21 66 44
41 94 47
23 54 58
16 137 45
4 114 16
6 35 36
36 53 49
79 103 43
57 122 5
38 97 28
19 67 26
90 123 57
43 59 26
38 114 54
12 113 60
116 140 53
32 69 1
22 47 55
65 103 47
18 83 27
61 61 19
17 74 52
63 91 17
72 93 5
28 80 32
77 79 28
51 81 12
63 121 31
51 129 28
9 26 38
96 142 14
29 64 43
3 147 48
71 88 43
20 22 45
3 26 57
22 42 50
32 92 21
8 141 1
34 107 27
18 79 43
28 58 26
33 70 4
24 79 5
19 48 9
17 24 32
73 102 14
127 131 23
94 133 55
49 98 16
71 140 11
8 30 16
10 110 54
81 121 9
81 102 48
52 58 53
30 144 41
28 139 20
20 142 40
86 147 53
57 81 23
54 106 6
76 89 25
89 136 48
6 77 16
40 87 16
104 128 39
70 145 11
55 77 6
87 121 10
15 111 39
77 135 12
0 134 51
71 74 32
57 86 27
61 104 50
40 66 47
12 140 52
48 96 16
0 94 26
23 102 42
1 133 17
62 91 18
45 114 36
2 12 16
50 104 7
51 94 15
59 96 47
54 104 54
28 143 55
102 140 6
8 63 52
77 120 33
80 112 37
71 136 34
90 102 1
6 6 41
47 131 54
82 118 8
57 109 34
21 95 2
24 64 51
56 86 19
48 66 40
0 109 38
16 56 54
115 121 51
65 120 5
18 42 48
15 33 4
24 77 45
28 36 1
97 149 4
33 86 1
113 120 14
8 58 43
22 32 22
33 40 6
40 130 52
65 138 23
13 146 24
89 126 9
60 85 51
93 128 54
54 116 14
7 79 12
61 139 27
26 101 54
13 121 10
8 86 57
9 11 27
63 145 53
99 143 27
2 34 53
40 42 50
50 133 51
38 80 2
59 141 45
99 108 32
58 89 0
40 108 36
63 96 46
72 104 42
58 144 28
34 40 54
79 121 37
4 22 41
36 97 37
12 85 13
62 100 51
13 149 39
13 75 14
15 15 57
82 119 24
37 106 54
29 44 31
33 80 51
32 130 42
57 104 9
29 45 5
64 96 22
101 132 7
67 112 57
61 143 56
29 52 17
47 80 1
27 59 30
9 94 25
23 130 16
101 136 51
32 71 58
46 129 14
2 148 29
26 87 7
74 89 8
85 148 2
59 94 14
86 103 32
0 40 14
27 135 49
36 111 39
57 78 7
39 45 53
47 133 20
109 137 11
71 147 29
73 83 3
31 80 55
85 138 58
19 91 34
37 62 22
7 69 31
30 61 37
45 50 6
43 135 37
37 118 24
15 148 3
37 96 51
72 102 28
21 70 28
0 104 32
19 130 28
52 135 52
0 125 24
29 63 35
7 127 53
77 107 22
24 110 10
10 126 19
36 76 60
37 66 5
7 10 18
36 102 24
78 117 14
60 133 5
1 40 26
47 124 33
10 54 14
50 62 23
32 62 21
19 89 14
30 125 49
17 130 48
75 142 22
14 66 53
57 117 10
95 108 34
75 136 55
47 79 28
89 105 18
8 122 15
43 79 50
47 137 20
60 112 51
17 43 23
18 18 28
64 140 40
24 30 18
57 127 20
63 82 33
32 59 17
74 129 11
66 111 44
26 72 2
77 149 1
21 140 54
74 137 28
1 107 13
9 28 43
73 124 18
1 138 44
57 129 59
62 113 48
86 93 41
28 146 52
55 112 51
105 140 40
23 115 60
6 89 25
23 36 57
74 123 18
94 146 44
99 114 44
5 99 42
15 65 43
0 145 42
28 29 50
78 132 54
71 105 17
22 121 24
45 102 47
7 44 27
57 102 7
52 139 22
15 36 55
51 97 30
1 99 44
10 68 8
82 149 5
41 135 28
18 98 7
73 133 28
49 95 25
30 100 52
64 123 2
30 108 40
25 54 21
7 33 8
101 146 56
22 60 58
80 137 37
5 80 44
66 121 20
65 107 44
20 69 27
48 87 6
47 120 20
58 114 41
37 131 38
82 89 6
71 81 3
72 123 18
12 34 54
76 142 5
58 92 39
17 58 31
7 60 27
77 125 13
37 110 32
51 70 7
64 108 20
84 98 27
20 80 22
50 124 5
63 72 36
83 139 1
57 139 56
29 117 24
60 135 10
66 89 4
47 102 59
56 80 20
78 79 32
52 62 24
2 79 43
26 102 11
6 66 32
4 54 1
6 135 17
30 74 18
5 69 18
20 30 44
44 72 52
73 75 59
100 148 42
41 92 9
32 74 4
25 122 38
4 47 58
26 96 14
20 102 53
91 116 27
55 66 21
93 144 52
61 132 31
36 125 22
31 124 60
1 131 5
45 122 11
2 31 34
16 65 27
44 59 32
50 127 29
22 117 60
100 129 47
99 133 31
77 87 19
80 94 47
31 48 2
13 82 28
14 62 31
93 120 60
74 109 19
54 73 15
19 56 17
6 55 8
32 127 60
9 68 56
32 51 44
70 135 31
39 102 60
39 55 18
52 86 9
58 145 5
20 32 53
109 113 27
17 80 39
27 61 6
3 50 16
12 43 30
51 120 14
84 87 47
18 56 30
5 70 9
15 24 47
40 58 33
119 122 17
95 148 35
21 72 51
7 112 53
62 102 27
0 0 8
68 107 8
54 62 22
53 147 8
5 60 49
42 119 2
15 19 15
118 133 19
3 29 27
27 127 32
13 32 46
53 75 28
56 102 35
8 69 35
81 86 35
95 102 14
24 148 25
110 129 23
96 111 15
57 63 23
25 46 58
76 145 16
107 149 53
53 129 44
21 29 25
57 67 37
6 108 54
102 113 28
78 146 27
4 134 47
44 132 3
44 100 0
72 79 22
37 125 48
20 104 8
19 131 10
16 28 32
5 36 8
6 16 5
62 84 3
28 66 37
113 126 12
64 67 52
96 148 43
44 45 10
34 120 41
49 143 9
17 142 13
2 87 54
13 118 54
16 43 14
73 125 30
74 107 10
3 19 8
25 135 39
75 77 27
37 72 25
84 132 54
16 113 9
101 148 48
45 129 9
64 94 42
41 117 27
11 76 18
17 105 12
10 61 14
19 79 37
2 42 46
100 119 60
4 116 43
23 58 41
63 120 39
83 97 26
14 55 39
53 54 39
4 7 11
60 78 39
65 129 21
31 105 46
44 129 15
50 106 50
17 112 54
17 135 17
1 54 19
1 93 42
93 145 10
0 54 59
43 129 30
44 121 60
60 87 50
33 115 5
79 137 18
52 57 3
10 72 8
80 117 16
10 57 8
117 134 27
37 45 34
66 73 41
34 116 51
28 148 4
100 118 13
11 81 11
50 138 52
26 98 43
67 124 17
41 91 34
4 23 31
16 25 29
13 133 33
39 96 43
26 114 50
20 134 60
50 103 45
0 92 44
4 141 51
18 43 39
13 33 50
8 111 18
58 107 23
35 56 21
27 99 3
57 59 33
38 124 40
36 60 6
3 118 40
81 106 16
6 144 21
59 97 42
49 63 59
84 139 21
14 53 29
44 140 6
16 57 0
16 27 32
9 97 20
27 118 51
18 76 14
12 145 16
25 66 36
108 128 45
55 74 55
62 93 37
33 33 14
70 126 25
86 110 11
39 81 40
90 103 46
113 116 27
23 144 28
38 133 38
86 114 57
11 57 3
5 123 58
20 35 45
87 126 42
82 114 40
3 57 29
25 27 13
56 82 56
9 123 31
81 113 2
98 131 16
94 94 19
18 20 40
0 5 18
3 119 47
16 95 55
9 147 11
77 145 53
35 108 11
79 100 48
19 40 21
34 121 4
3 61 33
89 107 6
56 127 25
82 111 11
9 15 33
80 130 44
2 25 5
62 141 33
5 23 21
33 131 54
67 104 55
89 116 56
20 116 41
70 143 36
31 76 47
49 93 29
4 69 18
29 109 52
30 109 41
67 130 45
40 127 2
50 114 16
26 118 19
63 142 35
37 49 46
9 135 20
16 92 25
93 146 19
26 144 32
58 77 11
65 96 45
55 98 60
29 126 44
11 83 22
72 75 58
46 49 42
3 44 2
70 112 50
48 100 22
7 58 38
119 130 44
4 29 22
31 117 0
63 133 19
34 83 15
18 125 27
71 116 60
82 95 23
17 54 30
18 61 15
65 97 13
60 73 13
120 136 56
1 13 58
86 135 37
20 124 16
20 113 2
7 119 39
10 130 18
33 100 35
54 123 38
6 129 18
44 60 26
19 29 19
68 128 58
40 63 47
9 110 53
71 101 0
50 121 26
34 66 19
10 59 22
62 81 38
54 85 44
4 104 12
0 77 57
114 138 15
39 136 23
10 67 35
39 52 26
46 78 7
111 125 18
85 136 50
34 65 2
74 141 0
12 137 50
50 108 3
57 134 23
6 136 20
22 27 2
104 144 48
52 124 2
58 132 53
88 123 44
30 30 48
24 54 6
4 109 16
7 61 43
21 110 46
85 104 30
76 101 19
17 30 3
80 115 29
39 77 39
36 38 25
106 129 16
13 134 58
58 125 14
10 40 3
69 148 7
34 100 7
47 83 22
30 140 52
44 112 49
46 77 20
47 57 58
13 136 15
3 59 18
60 102 28
0 82 23
74 114 28
24 89 13
29 137 18
36 110 4
85 131 20
82 92 45
16 37 21
28 115 28
21 118 35
12 107 4
32 94 30
34 92 32
13 140 23
48 54 35
82 102 32
5 22 51
49 136 26
84 124 6
32 105 41
72 111 44
65 105 13
29 114 6
70 100 16
88 134 40
23 122 16
40 41 56
2 68 48
25 94 22
7 91 6
45 76 8
52 82 39
51 68 53
63 84 26
93 94 8
42 130 4
81 97 8
76 120 42
4 137 28
101 117 12
43 143 3
33 143 54
40 43 50
33 37 52
2 93 50
100 111 8
85 117 37
37 132 9
78 135 9
57 125 41
54 120 1
4 88 29
23 108 35
22 23 5
51 140 36
4 80 36
79 113 41
4 135 52
93 105 35
38 64 25
25 149 53
10 108 32
59 130 46
8 77 34
98 106 24
43 105 53
2 4 5
29 69 42
3 54 49
84 122 57
6 130 39
44 82 52
18 55 45
17 87 17
97 111 8
87 94 45
31 139 29
52 138 16
75 126 36
21 47 26
75 107 9
3 28 13
19 30 26
34 106 40
70 79 31
105 142 24
55 89 39
29 57 40
6 97 38
1 17 55
19 71 22
72 91 29
46 93 44
98 146 24
62 138 26
49 117 46
83 116 21
34 133 15
110 125 56
13 43 46
27 78 35
10 23 6
61 140 7
64 74 28
31 55 40
44 68 38
1 80 49
36 45 54
61 133 7
36 48 12
47 141 46
24 131 23
74 79 48
16 19 7
41 43 34
42 136 13
10 78 41
62 109 42
91 103 33
39 101 36
88 90 55
17 19 30
42 126 50
41 83 49
3 45 43
25 130 43
28 140 55
39 74 45
10 48 2
38 86 33
71 125 0
14 115 51
22 99 42
84 126 19
0 111 6
58 78 53
60 81 44
73 113 15
55 69 53
13 39 60
5 89 1
31 94 16
6 20 18
65 112 36
65 70 46
7 94 4
15 77 6
29 86 46
6 56 58
30 43 35
0 57 51
28 114 49
56 109 8
111 123 13
33 74 21
50 67 45
4 53 34
66 114 54
44 123 17
123 135 41
70 84 23
60 123 44
36 113 14
44 115 45
0 53 44
2 56 11
13 54 15
9 46 57
27 142 4
31 71 39
51 93 6
77 83 55
13 96 15
47 146 24
95 126 25
66 81 13
7 64 27
45 67 51
39 86 59
11 108 12
2 82 8
67 78 24
1 92 60
20 54 23
69 87 46
46 101 54
47 93 33
76 79 45
57 96 33
7 93 5
9 111 41
88 120 40
12 62 33
38 62 3
31 104 55
90 99 33
3 79 36
43 92 29
83 147 26
52 143 50
126 134 32
11 79 42
57 147 41
20 60 53
28 108 5
71 133 55
33 109 56
73 139 2
21 100 25
51 136 51
23 112 17
98 121 19
3 13 35
0 119 27
70 133 47
19 32 18
29 138 24
88 111 28
72 136 22
57 111 53
51 119 48
28 68 11
8 52 15
5 94 49
5 98 38
19 146 25
14 90 57
52 70 14
34 51 52
68 78 6
17 78 50
22 59 14
11 149 18
40 52 2
8 105 43
68 138 43
21 41 6
12 31 28
24 128 60
73 148 40
28 70 35
16 143 33
32 77 44
74 116 16
39 72 25
19 34 44
87 116 22
21 94 40
46 133 17
11 78 19
65 71 18
80 126 47
35 60 37
8 145 16
12 147 49
49 132 4
65 139 18
9 56 35
83 142 18
26 139 10
22 119 1
23 105 60
22 78 41
86 131 44
89 146 41
90 94 52
11 48 38
103 146 58
38 145 18
34 37 29
48 72 57
46 119 16
15 117 41
50 85 45
86 122 31
19 35 10
42 82 44
29 116 30
8 18 32
27 63 6
53 98 17
37 109 24
19 96 27
7 87 27
25 81 0
76 82 22
83 128 25
48 134 34
0 27 20
55 143 42
7 118 12
38 128 7
40 121 41
31 137 55
79 131 45
66 95 4
7 14 49
35 117 56
53 110 33
19 115 55
39 130 49
22 143 31
55 129 18
37 108 2
6 70 45
81 88 14
42 56 33
10 141 12
9 84 21
70 144 14
31 145 23
17 124 19
34 148 16
28 88 7
72 101 0
0 73 16
51 113 45
105 123 52
25 72 24
18 53 34
11 43 51
93 149 42
27 32 41
13 30 32
11 49 6
78 126 21
12 112 56
58 72 36
1 6 31
99 149 42
1 89 11
18 58 7
46 127 54
70 120 56
14 17 20
4 76 3
91 146 31
21 143 1
34 147 57
54 69 12
86 117 27
18 67 39
23 143 46
44 96 11
112 142 2
63 125 50
50 96 21
2 67 20
25 145 39
7 116 2
48 139 60
23 87 25
21 68 60
54 57 53
27 141 13
60 139 51
42 98 13
22 44 0
57 72 55
112 143 36
25 116 27
26 45 7
44 119 60
17 115 49
76 116 45
14 133 2
51 100 31
21 120 4
29 91 23
74 138 4
33 90 24
30 86 31
9 142 37
37 145 32
13 83 58
5 108 1
12 28 2
56 117 25
69 131 47
35 123 14
22 131 19
13 76 24
85 111 2
31 61 57
30 77 51
14 39 43
30 53 31
87 105 10
0 12 54
77 90 33
36 126 38
4 143 17
0 75 36
41 44 24
55 87 39
51 56 27
0 9 1
76 115 41
60 107 27
43 126 15
17 37 14
65 77 38
56 143 37
31 147 26
24 58 48
89 131 38
55 68 31
36 132 37
1 132 14
46 57 53
8 68 24
51 126 43
42 92 1
6 14 43
94 127 48
37 141 29
60 68 1
81 145 48
30 95 32
49 147 30
3 112 50
2 44 2
1 148 7
3 11 31
78 129 22
101 126 49
66 70 16
6 33 6
26 109 13
86 96 27
5 87 46
31 60 56
12 67 58
12 58 60
24 60 44
15 48 49
48 140 9
6 91 24
4 35 43
10 148 38
86 111 32
58 105 26
49 130 46
55 117 26
82 128 44
24 93 0
54 142 46
58 91 56
30 33 46
50 81 39
67 105 21
23 126 19
56 94 22
75 101 28
43 111 33
101 102 50
36 82 54
2 7 3
7 105 27
38 79 18
73 123 47
56 75 55
42 105 19
81 128 59
29 39 17
47 53 54
67 135 50
90 120 48
10 35 1
64 145 40
53 100 40
40 133 48
89 121 42
74 117 28
58 146 42
44 148 34
97 139 24
37 51 40
33 134 21
52 114 0
89 132 2
32 37 2
73 84 6
93 130 21
32 103 49
23 88 25
19 52 49
53 122 3
47 62 16
23 145 34
28 54 16
0 24 47
46 51 23
11 111 11
1 104 19
42 53 44
25 142 16
2 57 23
72 106 48
55 126 49
2 132 8
22 80 38
27 89 52
95 137 26
7 25 35
96 141 6
6 90 42
38 95 37
32 102 7
27 124 10
8 43 0
0 90 13
29 112 18
10 97 58
3 71 6
2 131 27
57 77 56
21 111 28
47 113 16
1 85 13
47 138 17
20 28 10
32 56 37
42 144 34
100 107 51
53 79 11
8 67 11
24 102 45
17 127 55
10 106 29
51 135 18
25 78 53
15 67 19
3 30 45
9 145 44
62 143 34
41 116 25
16 71 37
53 87 11
51 69 34
60 141 53
43 78 14
29 108 47
6 73 48
61 115 25
87 140 4
11 41 35
18 46 29
11 143 30
38 96 37
89 99 14
51 90 30
50 145 39
25 32 36
0 29 6
38 78 34
0 139 36
41 70 10
60 60 41
15 74 11
9 80 30
14 117 27
33 108 60
41 68 59
9 16 57
34 68 9
72 100 27
80 106 18
36 72 11
60 91 28
69 117 8
72 140 38
50 80 31
78 119 52
2 45 46
74 94 43
5 86 17
44 110 25
48 132 32
29 139 25
33 61 15
35 142 42
19 72 23
58 84 32
61 96 58
93 142 58
55 55 54
54 133 17
59 70 17
52 103 56
71 84 15
98 126 7
111 145 47
13 85 45
20 82 14
29 47 29
4 52 21
36 87 22
12 120 1
3 33 16
16 21 31
78 133 5
15 85 55
13 41 23
75 88 22
40 88 28
18 65 53
0 41 26
10 143 60
46 70 2
48 137 17
34 71 30
52 65 25
106 113 26
15 120 9
3 128 40
83 135 5
40 109 1
0 107 52
26 142 58
88 99 19
16 77 31
26 77 53
41 98 5
9 70 45
14 33 40
108 133 17
13 38 24
51 123 29
15 130 54
28 46 52
69 81 29
28 99 8
105 111 24
36 124 7
60 65 10
101 142 17
93 140 28
24 32 10
22 144 43
42 121 16
48 78 10
51 146 20
27 100 4
78 88 47
61 106 55
29 102 24
87 113 42
35 54 53
82 108 36
84 149 16
37 65 29
17 100 0
48 71 51
3 92 1
14 34 44
67 73 19
44 139 6
41 49 13
71 142 46
38 146 54
23 34 24
82 91 12
30 106 46
100 115 29
17 28 6
6 76 35
57 101 27
55 84 28
90 147 56
22 134 50
75 81 2
6 34 37
25 127 56
12 105 28
33 104 39
87 102 42
65 137 40
70 113 28
62 82 50
17 97 34
90 108 17
30 139 2
53 93 30
67 121 37
1 42 18
13 99 4
70 90 10
5 93 40
18 113 55
74 80 29
24 125 44
43 47 30
74 143 45
74 140 12
16 26 1
24 73 29
83 102 53
67 147 44
4 119 17
93 134 19
45 126 13
7 66 47
71 148 13
22 94 13
46 125 41
90 106 36
62 76 17
84 136 7
26 86 33
16 90 50
19 87 14
9 52 27
78 122 46
125 128 47
44 142 25
16 111 18
67 83 33
33 126 56
44 138 1
12 16 15
16 108 45
45 45 0
73 90 16
3 111 10
42 59 1
11 77 43
19 22 45
68 133 46
51 132 42
36 114 10
45 137 32
30 91 43
0 149 5
27 112 43
20 53 9
107 110 51
2 32 5
42 122 47
68 143 59
13 13 16
97 124 12
6 106 13
19 108 56
39 149 21
45 47 13
90 141 14
45 110 60
77 148 40
49 121 21
52 61 43
46 114 53
26 81 12
56 59 10
88 96 39
57 124 10
52 77 22
4 79 6
41 120 27
18 68 60
25 57 42
34 138 11
59 68 56
64 111 38
14 64 6
87 145 17
87 130 29
51 131 51
27 33 43
30 47 5
16 32 57
81 140 25
23 89 60
2 106 32
24 81 28
5 130 34
60 126 10
43 106 6
76 141 50
31 95 49
81 116 48
31 65 51
68 94 34
18 100 4
45 139 14
23 32 32
32 66 20
30 52 37
6 111 20
54 77 60
71 72 19
48 124 53
77 110 54
10 32 57
46 100 11
74 75 1
32 123 36
34 117 10
33 128 38
29 107 29
39 66 57
24 104 13
75 146 18
23 42 27
29 127 27
39 70 36
30 123 39
68 149 17
62 90 32
12 33 16
57 90 18
63 115 16
74 119 42
53 69 22
37 146 22
20 38 24
0 42 8
26 70 37
81 124 51
54 61 33
77 132 10
22 54 28
0 60 41
49 58 52
4 48 1
91 111 14
73 97 36
26 84 10
27 144 35
18 114 40
33 79 38
77 82 21
4 118 41
33 53 21
68 81 48
42 57 43
3 42 57
47 48 26
47 74 10
31 88 23
38 102 56
73 112 53
33 146 25
69 116 0
60 118 27
35 138 5
33 105 0
34 47 28
44 108 33
4 40 44
17 138 14
22 141 1
75 93 58
28 132 59
5 117 15
58 63 60
5 6 23
34 102 48
39 50 39
33 102 59
64 85 56
96 100 28
59 125 8
20 72 46
6 118 44
55 122 35
88 128 11
9 108 36
24 142 27
95 127 12
44 89 33
28 47 15
2 13 60
15 138 3
80 100 47
60 147 28
4 146 5
12 115 35
5 133 31
84 88 60
20 36 59
14 75 28
91 114 44
53 115 23
49 53 8
11 72 49
83 126 30
53 128 14
23 110 19
50 92 57
37 37 1
5 7 17
59 145 7
43 69 47
45 131 13
10 139 15
38 137 53
43 97 38
61 81 16
10 76 10
18 82 60
1 119 31
6 148 25
51 53 21
48 76 20
26 67 34
35 131 48
19 63 48
26 148 47
40 74 27
31 83 21
35 115 7
63 114 13
40 55 57
10 14 31
69 83 9
111 121 52
8 103 43
28 91 48
46 96 34
7 104 1
21 49 40
70 101 9
1 118 38
21 73 24
29 140 29
21 67 56
105 149 19
106 108 35
79 106 9
88 101 10
11 109 43
35 76 4
18 81 51
6 47 55
34 97 40
32 137 47
12 143 14
11 90 50
27 29 32
68 89 32
13 104 55
34 135 47
83 99 11
16 62 18
27 92 49
33 129 48
26 30 50
15 66 18
5 75 15
78 127 59
76 95 40
7 39 6
23 70 47
74 113 21
22 41 9
94 148 53
19 105 36
29 66 60
15 79 38
4 100 1
16 76 32
94 128 4
54 130 15
55 78 43
33 133 3
54 143 31
18 97 12
46 118 25
58 111 15
88 122 4
39 106 4
72 144 52
30 121 25
14 131 26
28 84 47
106 137 37
42 85 15
9 21 42
7 149 13
9 31 37
16 29 29
14 40 30
17 50 11
76 114 17
28 133 23
59 139 30
2 35 51
60 84 55
86 133 21
16 84 19
26 80 52
35 39 22
8 118 49
13 31 46
12 39 27
4 59 59
10 10 46
74 127 31
27 143 11
78 141 18
3 52 1
54 107 9
25 71 16
79 143 60
78 105 7
43 81 60
9 121 55
73 91 37
50 135 47
18 34 17
44 88 4
20 119 26
57 126 5
24 52 42
1 49 37
59 80 20
13 125 41
59 90 4
69 143 23
79 93 41
30 142 46
66 90 10
6 141 4
72 122 3
63 104 40
61 66 28
63 111 50
69 135 8
40 51 60
39 104 57
4 108 55
58 88 26
58 113 36
58 133 38
71 149 37
69 142 18
8 46 24
14 85 33
70 110 35
74 112 2
29 106 18
66 82 1
113 117 45
81 101 1
58 138 44
17 57 23
9 14 54
72 112 44
76 132 47
40 62 15
42 133 42
13 80 19
40 128 33
55 140 9
0 137 16
43 107 32
71 100 34
35 45 8
26 59 15
43 118 30
1 52 60
15 101 21
6 48 13
16 20 30
26 43 21
19 78 6
2 116 22
22 33 13
27 35 42
8 130 26
22 111 1
47 130 48
29 120 46
27 77 46
1 59 9
5 35 30
56 112 28
4 39 16
84 145 55
46 50 2
1 31 20
71 119 30
5 56 31
87 114 20
1 135 30
66 106 2
47 88 3
100 138 22
23 52 15
74 83 50
3 131 36
11 80 12
54 112 45
61 72 14
11 106 3
13 64 9
4 44 37
60 72 49
47 98 21
69 100 15
15 32 23
2 48 24
13 142 40
21 130 38
56 114 59
0 4 8
46 107 33
24 35 48
15 121 48
35 61 25
54 138 3
51 55 0
16 74 5
1 141 59
37 63 14
28 81 44
41 108 19
13 72 37
36 128 15
63 110 32
76 87 47
5 121 47
67 128 10
65 68 56
14 70 31
58 139 56
1 145 53
11 124 12
75 140 25
35 44 28
32 43 35
9 128 29
7 24 5
67 107 45
66 119 44
13 18 25
14 18 54
78 115 55
44 48 7
28 111 1
6 54 19
32 148 16
9 13 40
10 38 60
70 108 54
45 136 51
50 90 33
45 135 24
2 102 46
17 122 34
45 68 46
50 56 6
13 145 46
28 40 14
7 100 12
33 58 56
35 130 18
96 124 57
18 31 1
4 19 55
17 146 32
30 64 59
30 135 16
64 147 52
82 88 32
69 120 7
35 41 54
79 92 23
121 145 60
41 78 1
43 138 24
35 103 1
7 35 15
12 129 9
12 81 20
6 98 10
30 102 17
19 44 6
34 79 1
48 80 12
38 83 30
28 63 25
82 130 21
18 45 54
25 117 21
8 10 11
23 119 9
7 76 25
28 67 55
2 71 46
53 114 49
18 107 45
44 78 29
10 41 19
35 97 55
82 144 57
69 115 26
57 58 49
47 142 25
81 89 4
6 92 29
1 112 29
38 149 4
7 85 58
9 95 20
55 116 20
44 143 19
3 18 5
89 129 59
27 42 26
77 128 55
32 73 16
5 105 48
68 145 57
10 138 14
26 76 4
61 122 19
57 110 14
41 122 18
36 84 31
6 53 52
41 147 17
102 102 25
58 137 31
48 115 39
18 142 19
31 51 58
27 107 44
8 62 37
5 71 9
7 48 17
42 48 35
19 20 50
38 105 56
60 149 32
25 143 41
101 120 4
14 98 2
59 72 42
24 143 34
48 98 21
7 133 46
25 80 12
32 46 46
48 86 18
22 29 15
20 149 34
98 138 7
0 86 26
26 49 5
103 149 12
47 143 19
75 114 1
59 128 40
2 80 16
0 124 6
11 87 2
70 149 40
8 49 38
51 75 46
65 136 15
55 108 43
53 145 55
11 139 31
31 100 0
53 106 30
52 101 43
3 25 37
9 141 34
49 145 41
25 70 18
36 68 29
65 87 41
9 77 17
48 48 18
10 75 14
53 84 17
47 67 11
33 35 6
47 63 24
22 37 37
55 113 0
13 128 44
28 93 10
67 87 60
40 113 48
10 101 49
41 136 0
28 127 34
10 104 3
13 65 8
20 125 29
0 49 2
19 123 46
18 54 4
23 27 40
70 109 11
30 92 2
49 62 8
38 110 45
78 98 32
78 80 29
42 84 8
24 48 30
31 90 17
19 90 3
9 136 51
45 92 30
3 15 3
4 55 40
40 53 19
75 106 48
18 32 33
25 102 34
59 75 36
81 132 12
55 95 10
8 53 27
14 136 30
60 90 1
21 125 27
65 146 55
67 69 12
41 123 23
43 44 31
4 101 35
32 49 58
17 128 34
40 45 30
31 125 14
42 62 1
34 74 56
35 118 19
37 98 4
57 97 21
44 107 55
19 88 5
32 112 0
27 39 45
49 122 43
77 104 11
79 82 44
29 76 38
21 138 30
47 61 9
8 76 41
49 83 49
53 107 47
2 20 60
85 126 25
65 116 4
2 149 33
41 115 23
50 93 36
5 66 25
102 135 49
22 85 42
42 54 19
21 62 2
24 94 20
33 107 3
30 55 49
22 118 39
50 143 13
65 132 2
14 135 38
23 38 59
68 96 36
4 97 24
27 113 43
27 51 15
45 117 11
7 124 42
9 139 23
87 136 52
5 110 51
38 139 19
14 22 17
80 134 13
27 129 53
36 103 34
45 96 38
47 109 0
19 147 11
35 62 16
32 144 26
95 112 46
81 90 51
27 74 46
22 103 18
88 142 39
43 50 5
64 139 47
16 122 60
66 103 45
51 64 3
11 46 9
19 102 21
3 107 34
52 142 57
57 66 18
42 81 42
4 34 43
81 114 32
39 42 7
8 56 31
113 125 14
37 88 45
78 123 57
21 114 3
56 100 20
0 110 52
50 129 0
26 32 43
91 93 47
25 42 24
60 69 2
12 84 11
47 112 15
108 134 3
56 123 7
72 78 38
38 115 37
67 70 22
22 97 3
48 107 7
57 84 14
40 71 53
56 106 19
31 122 33
5 111 37
36 52 58
4 33 58
6 28 58
12 56 56
6 127 28
5 83 31
13 89 4
26 112 23
75 118 20
62 106 27
5 39 1
54 117 24
21 103 56
71 71 14
54 67 16
54 134 26
65 72 34
30 147 35
32 147 5
16 73 35
23 120 30
63 92 60
5 131 26
57 57 23
95 105 4
11 125 37
96 110 45
95 113 45
45 133 20
8 54 7
63 128 19
4 50 42
83 98 24
59 86 52
58 96 25
24 112 12
47 64 47
4 124 39
23 103 34
8 61 32
56 125 47
8 21 35
8 13 41
29 31 50
11 103 48
50 126 60
82 83 49
46 87 44
15 115 56
37 61 37
26 75 10
27 88 9
51 71 21
26 52 14
25 65 32
28 87 35
10 100 38
17 40 38
52 93 29
39 100 33
20 107 40
48 59 12
83 118 42
30 81 57
56 91 5
76 138 43
13 69 18
38 48 60
38 132 46
29 125 59
48 69 14
36 116 59
45 88 39
58 67 27
11 118 3
4 86 51
11 146 42
47 119 42
2 40 14
48 55 44
54 72 53
22 138 55
6 69 60
9 100 9
61 73 1
21 46 37
81 120 7
57 140 35
23 65 18
4 56 16
16 79 11
83 115 44
32 110 7
92 113 32
4 36 20
44 97 42
0 85 23
40 135 32
82 148 17
38 107 17
50 110 46
18 24 12
31 33 40
27 36 55
50 75 28
69 104 56
54 128 18
69 121 49
28 38 4
37 54 28
44 66 0
36 140 4
42 106 22
11 134 58
13 123 41
34 113 34
79 126 34
16 78 23
2 53 4
19 28 32
31 123 33
27 83 23
0 69 25
7 103 24
10 140 30
56 104 30
26 89 29
42 72 15
15 35 27
37 81 26
62 72 13
50 58 32
21 98 7
35 69 2
28 49 33
31 149 29
62 68 23
3 96 7
12 98 58
87 133 60
0 126 5
17 86 41
41 41 59
7 50 25
10 71 42
64 102 55
51 101 19
25 88 51
35 50 48
0 142 56
48 125 18
16 144 58
31 132 37
20 115 59
77 147 9
44 135 48
56 149 49
44 98 18
13 78 22
51 138 42
80 120 28
12 125 0
40 107 7
77 146 18
62 86 53
33 142 10
37 113 29
79 123 37
15 21 28
43 64 52
37 91 23
3 46 23
31 52 13
91 130 39
69 125 41
17 90 38
102 133 38
26 39 39
10 60 25
30 87 11
10 92 50
56 74 2
24 33 5
3 134 35
7 13 7
62 126 17
54 84 54
39 65 2
53 92 15
44 111 56
67 98 16
29 67 10
16 120 5
26 56 20
68 106 49
30 70 22
4 26 5
17 123 40
1 120 37
18 27 32
11 82 15
42 149 15
10 31 14
39 124 8
3 35 7
56 77 48
25 55 46
2 72 45
6 124 48
29 82 20
66 134 22
37 78 10
16 85 10
40 83 60
60 89 47
49 129 14
70 88 45
57 73 9
9 98 57
0 106 12
22 67 16
36 122 52
76 129 28
42 124 60
44 70 42
1 39 6
8 19 2
65 100 18
51 79 42
49 131 45
37 47 5
11 104 38
54 75 35
45 93 57
21 75 19
30 51 37
8 94 46
14 32 37
11 128 30
0 32 26
45 85 36
28 75 17
44 61 50
78 78 17
13 52 39
60 122 40
9 39 48
44 136 57
29 93 35
30 132 30
25 49 48
25 113 50
9 38 3
5 29 27
75 80 53
7 55 11
35 72 40
18 116 43
0 46 42
21 146 13
6 94 36
47 95 25
14 130 28
91 137 44
8 80 28
14 54 27
8 90 23
49 144 6
93 103 51
0 97 47
6 103 19
25 47 13
31 101 9
27 123 23
9 75 58
5 103 55
55 134 43
24 74 55
8 74 38
42 143 20
62 127 57
4 99 6
40 49 44
36 64 48
39 138 5
31 121 38
41 124 11
50 146 22
44 117 10
69 102 14
47 105 10
10 146 60
37 56 16
18 126 43
61 100 15
51 111 24
6 11 23
33 114 45
64 109 44
41 72 17
34 49 2
38 118 58
12 124 2
45 89 17
15 38 42
7 47 37
24 118 4
14 79 56
37 58 53
41 113 9
17 117 30
13 60 11
10 117 49
1 109 53
30 107 23
7 73 21
64 106 52
36 70 26
39 113 50
1 130 1
85 137 24
33 136 49
11 92 57
42 114 10
17 126 53
2 83 50
6 81 26
78 81 17
7 101 56
40 100 42
86 130 45
94 147 1
42 135 48
10 87 33
4 84 59
14 21 27
112 125 50
7 43 52
4 15 8
50 149 49
35 95 38
13 100 11
11 84 40
65 92 0
18 22 53
38 54 48
65 110 19
56 126 58
11 23 2
76 137 2
23 79 12
49 72 26
35 35 59
57 123 60
4 57 52
21 113 47
46 141 32
12 71 38
42 52 49
39 47 27
3 116 8
92 144 13
0 123 5
13 51 9
71 79 23
69 112 57
104 124 39
73 107 55
13 93 32
23 124 34
35 80 2
5 79 28
21 136 37
2 99 41
35 52 16
1 37 35
24 61 22
36 108 36
23 137 37
92 94 14
35 125 15
54 64 39
39 61 40
8 137 15
4 30 29
24 68 38
24 113 18
40 102 1
4 103 17
50 70 46
36 123 42
30 78 47
104 140 29
42 141 20
24 100 39
49 119 27
6 78 59
8 136 4
12 94 35
63 93 53
19 113 3
17 76 35
75 94 34
69 77 7
44 105 8
44 51 32
87 138 34
14 43 14
16 96 16
3 136 51
52 111 41
1 108 15
77 96 8
10 94 7
46 136 48
24 25 37
26 47 58
43 131 10
30 136 49
59 121 40
0 67 21
14 81 34
14 51 18
7 16 27
50 77 38
37 133 24
4 4 27
2 130 30
15 42 44
8 81 35
72 146 3
4 123 27
0 88 54
11 47 49
10 84 52
43 112 39
42 66 9
21 78 13
65 90 34
41 143 53
11 69 35
2 138 48
16 31 23
10 103 21
24 39 36
30 75 12
9 113 4
53 99 7
35 47 57
8 89 17
22 125 11
26 130 4
10 19 33
17 69 21
22 22 31
25 131 21
1 147 51
42 78 21
43 145 59
24 121 8
1 129 6
6 143 10
26 55 40
66 142 54
15 80 46
55 93 9
21 123 36
41 55 12
0 18 43
45 105 22
1 106 22
49 100 20
26 132 43
57 105 59
11 44 31
3 93 44
3 7 42
20 123 45
25 119 26
73 116 17
40 93 40
11 62 57
31 107 59
13 95 53
33 81 32
0 105 56
79 116 8
72 98 60
24 27 58
0 127 20
45 77 35
2 27 7
42 44 26
48 75 12
71 130 16
2 73 47
9 58 56
38 61 53
41 100 18
5 140 58
27 64 38
55 149 45
22 79 19
16 51 53
28 82 19
6 58 9
46 116 34
2 43 48
15 16 5
6 36 52
5 138 58
17 121 40
78 118 33
72 117 16
40 126 15
24 83 11
38 43 36
65 134 27
72 89 40
46 126 5
8 57 34
23 101 49
30 98 18
17 66 55
37 138 52
16 130 28
37 139 19
21 52 52
79 107 55
37 83 35
11 31 50
36 131 46
19 57 52
0 132 42
107 118 54
28 145 19
43 76 46
22 70 14
37 55 37
2 9 45
43 70 31
54 136 59
54 68 41
39 58 39
90 107 29
6 123 24
25 62 51
35 102 37
28 50 49
5 53 16
51 110 59
98 109 51
50 105 39
30 141 3
72 135 18
34 94 41
8 40 26
24 51 13
48 63 35
8 29 55
10 36 43
2 104 44
44 74 50
8 109 32
27 102 58
12 23 16
50 132 11
3 22 41
56 83 56
54 102 52
3 62 48
64 84 1
28 122 11
42 134 59
66 115 44
41 149 51
48 85 11
30 133 15
15 17 17
9 148 21
47 51 35
29 60 59
29 123 46
7 42 19
65 131 58
61 123 60
68 102 36
30 131 11
53 140 56
28 138 42
8 104 11
34 146 22
0 65 51
21 132 6
25 85 36
14 15 57
42 60 23
2 6 5
11 74 24
41 73 0
29 59 13
29 78 40
29 68 47
9 149 8
50 76 39
97 98 44
36 143 12
17 55 26
27 146 13
20 137 27
6 109 2
82 138 53
74 88 48
48 127 9
21 40 15
48 83 10
20 51 31
54 76 50
59 87 0
40 95 3
8 47 34
79 128 21
50 101 1
26 140 21
0 96 16
86 127 29
5 8 11
15 28 29
25 100 24
20 86 52
8 8 60
34 123 12
2 137 9
53 149 17
81 149 48
46 104 41
50 120 36
91 121 19
27 71 9
1 77 4
22 28 48
1 15 7
0 95 24
1 146 6
58 130 31
55 79 57
16 75 13
5 38 52
26 128 30
11 30 51
68 69 31
52 147 50
0 63 49
14 56 26
35 53 43
59 65 1
33 38 7
9 64 58
28 129 13
19 137 16
4 73 45
16 117 41
49 134 4
59 133 4
25 93 27
31 46 14
63 74 12
57 64 55
5 112 3
76 78 43
46 61 47
24 78 51
11 93 12
35 114 46
40 116 18
43 86 42
32 132 24
52 132 46
14 129 44
34 122 5
5 132 44
13 71 35
0 21 52
43 100 55
9 73 24
30 38 1
1 7 40
52 102 46
32 78 34
2 86 50
40 65 22
28 39 37
8 28 11
35 104 1
8 128 26
66 125 6
11 14 39
0 51 53
27 85 26
9 102 34
101 110 0
13 90 42
20 122 0
4 58 26
47 123 5
1 137 18
25 38 55
23 85 52
3 20 22
2 108 19
18 89 22
7 45 52
46 110 3
62 70 32
42 80 23
10 15 58
66 66 45
25 34 35
41 77 33
79 91 38
42 147 13
64 88 41
4 144 34
60 120 9
106 109 48
22 52 4
19 111 39
4 25 1
66 97 23
2 69 2
26 103 15
40 89 50
31 120 34
2 51 40
34 119 58
62 125 26
35 93 49
15 76 30
27 58 13
65 123 46
30 76 60
94 135 3
36 138 37
1 149 23
19 69 27
71 93 39
1 51 40
60 111 0
51 99 1
53 86 42
61 65 48
29 54 32
6 18 39
15 149 29
25 140 7
41 125 6
2 111 37
65 140 44
70 98 17
34 86 23
33 82 27
48 89 49
68 85 6
48 122 8
16 116 34
70 134 23
12 78 5
52 87 5
20 61 35
61 69 23
90 100 6
3 135 47
48 53 38
12 17 55
64 97 33
51 76 33
33 101 31
5 41 50
25 44 7
24 141 52
14 16 45
40 115 41
57 148 22
56 120 50
35 140 2
16 64 0
6 50 8
1 83 39
32 67 48
12 95 14
17 109 55
65 144 4
21 80 23
15 68 53
14 48 60
8 113 48
24 137 56
36 88 56
63 117 36
36 74 38
1 45 24
47 145 10
47 140 42
30 80 51
23 78 23
39 129 10
40 44 48
47 75 53
16 148 47
68 68 20
17 75 51
78 139 38
15 58 9
19 74 3
0 64 1
26 100 57
54 149 24
9 66 3
10 34 16
49 99 12
53 135 11
1 117 14
5 30 58
4 10 49
19 112 57
35 42 21
44 85 16
1 9 12
4 75 5
75 75 34
7 37 20
17 48 34
26 29 16
52 56 35
40 77 33
69 74 56
56 73 8
67 149 7
5 25 45
28 64 56
8 120 3
25 74 9
35 49 28
30 48 22
44 128 47
36 135 46
37 121 14
61 131 19
13 115 46
6 137 56
43 104 35
41 95 44
2 29 20
57 136 29
73 140 60
15 51 28
97 97 17
11 15 42
2 59 4
76 117 37
41 79 9
75 87 53
23 149 58
12 35 57
26 31 47
40 118 3
3 41 29
54 135 6
8 11 23
67 145 46
72 109 4
22 126 24
20 94 6
76 126 12
89 125 35
21 34 3
45 94 31
59 93 30
19 42 9
29 51 5
61 86 45
15 69 23
11 89 1
11 145 31
44 71 43
10 112 16
26 92 9
51 86 33
38 84 29
52 64 28
43 130 13
51 57 21
2 143 1
12 26 23
73 73 10
4 82 28
71 146 14
22 84 33
25 133 42
83 94 45
65 106 34
14 112 51
72 81 7
28 56 22
46 60 36
6 60 58
7 86 27
26 108 46
52 136 36
20 95 31
18 28 6
20 89 57
3 72 23
25 30 2
23 99 19
23 57 45
36 63 23
59 147 8
67 117 53
30 111 2
3 104 36
27 37 37
8 39 49
9 134 12
49 89 53
27 27 38
46 62 36
43 141 54
58 109 2
12 45 27
11 55 34
54 105 46
38 40 14
2 41 14
44 133 24
38 60 27
42 116 35
27 148 28
2 101 45
21 117 26
52 106 13
26 91 0
77 140 37
28 102 41
59 67 37
37 128 44
17 17 45
7 65 38
34 149 8
18 147 25
0 116 48
50 71 32
25 108 59
3 125 20
40 64 51
68 148 46
0 133 8
58 94 51
81 138 36
2 120 23
19 82 2
22 51 33
62 140 60
20 44 21
20 79 14
45 103 22
11 142 39
29 97 57
14 26 48
34 114 9
21 101 28
16 72 56
1 26 30
49 87 41
