20 170
128
111
122
173
129
101
151
165
144
144
119
146
176
176
183
198
157
114
106
192
0 1 20
1 2 19
2 3 36
1 4 39
0 5 29
3 6 49
0 7 36
1 8 9
6 9 12
6 10 22
6 11 45
8 12 21
12 13 48
1 14 38
3 15 32
15 16 7
16 17 43
0 18 7
18 19 38
9 15 45
1 7 36
3 4 37
5 10 51
12 19 7
6 19 12
7 11 20
6 17 27
17 19 33
14 19 57
8 9 48
0 17 37
4 7 60
11 14 45
13 15 54
10 18 14
13 13 44
6 18 41
10 13 0
7 8 23
13 14 56
17 17 41
9 18 24
1 6 34
7 19 8
13 16 47
7 18 5
2 4 57
0 0 17
16 16 25
11 19 37
8 13 41
2 15 29
13 19 10
18 18 46
9 16 30
11 15 54
14 18 30
15 17 28
3 13 20
11 12 53
7 13 22
1 19 46
4 13 8
3 16 39
9 10 20
8 10 12
16 18 22
6 14 34
16 19 2
8 19 58
6 12 18
7 14 6
8 17 55
8 8 5
9 9 9
12 18 40
15 18 53
6 6 58
1 1 1
2 11 41
3 5 1
14 15 0
0 10 53
9 11 10
0 16 20
2 2 12
5 17 9
4 14 0
3 10 30
7 10 53
6 8 56
5 7 24
0 15 27
10 19 56
9 14 18
10 14 7
4 12 30
12 12 35
8 15 25
10 12 33
4 18 17
4 8 33
9 12 31
14 17 10
4 16 3
11 16 37
2 13 45
5 5 43
8 16 47
7 17 18
10 10 40
6 7 46
17 18 41
7 7 14
14 16 49
2 10 14
12 14 18
1 17 19
7 16 56
15 15 16
10 11 9
5 13 34
3 12 20
7 12 33
0 6 29
12 16 14
7 9 39
4 9 24
10 17 19
1 9 13
12 17 53
1 16 53
13 18 39
10 15 18
10 16 41
15 19 17
5 12 54
2 5 56
5 15 29
8 11 46
11 17 1
0 9 8
5 18 32
9 13 55
12 15 57
14 14 38
1 3 9
3 14 40
5 9 21
0 4 57
8 18 46
3 9 12
2 8 37
8 14 43
11 18 52
0 14 47
11 13 50
2 17 6
7 15 21
1 15 52
5 11 32
1 5 26
11 11 2
5 16 27
4 4 57
2 18 48
0 2 6
0 13 36
4 11 18
6 15 24
