55 1430
145
175
152
141
121
106
161
158
124
106
117
124
149
132
114
196
147
170
199
190
174
154
195
121
151
125
190
161
102
142
155
104
136
165
125
199
108
157
191
172
144
173
134
135
162
147
100
114
118
158
177
137
119
183
133
0 1 56
1 2 51
0 3 1
3 4 22
3 5 40
3 6 8
2 7 35
5 8 35
2 9 0
0 10 35
7 11 7
5 12 30
2 13 49
3 14 10
6 15 50
6 16 4
8 17 55
12 18 52
12 19 4
10 20 53
17 21 23
19 22 9
5 23 28
3 24 19
11 25 19
16 26 38
10 27 12
22 28 31
28 29 50
29 30 54
24 31 31
24 32 14
24 33 0
32 34 21
34 35 56
32 36 48
5 37 56
11 38 59
35 39 56
11 40 38
24 41 20
36 42 17
13 43 0
2 44 19
17 45 23
7 46 37
17 47 14
38 48 52
22 49 55
19 50 29
0 51 48
3 52 50
6 53 38
51 54 39
2 26 55
11 13 13
27 27 33
9 25 13
7 18 2
29 49 57
41 44 34
18 43 1
8 21 28
36 40 58
52 54 57
50 52 21
43 47 7
20 39 22
4 25 12
19 41 48
37 53 49
23 43 52
24 43 58
13 27 17
20 37 29
29 37 16
8 42 43
47 52 30
48 49 24
14 29 12
42 42 48
30 35 3
39 53 18
10 35 32
10 46 18
35 45 12
14 27 0
21 35 22
40 45 51
38 40 6
7 35 37
4 42 24
13 13 24
16 27 36
21 28 8
47 53 22
32 54 60
16 43 38
40 40 42
15 29 21
45 45 9
22 47 23
48 48 14
50 51 48
0 6 53
11 21 19
4 26 49
23 46 3
18 54 0
0 20 36
36 48 52
7 43 19
13 50 18
30 52 53
35 38 11
26 26 56
37 54 21
20 46 45
18 42 34
29 36 20
0 5 39
2 32 48
10 24 59
19 49 14
40 48 34
47 47 5
25 40 20
27 28 0
34 40 49
11 24 55
30 31 7
20 51 17
32 50 35
25 49 8
43 52 7
31 39 35
22 38 40
48 54 29
35 42 33
36 49 24
52 52 45
5 22 57
14 35 56
12 39 31
38 41 45
44 53 10
51 51 18
40 50 40
0 7 53
44 45 41
42 50 31
15 22 26
46 50 45
41 52 57
19 38 21
26 30 1
4 47 51
12 24 37
0 48 52
52 53 18
15 24 23
14 51 27
21 21 29
6 39 25
48 53 28
0 38 7
12 45 50
37 52 47
4 24 15
18 18 35
27 39 44
33 44 13
22 27 14
28 52 4
32 40 15
27 52 40
28 32 10
53 53 24
17 50 7
39 50 32
12 15 14
7 12 48
19 40 16
32 32 31
48 51 25
35 50 20
22 53 25
2 14 20
51 52 4
10 51 47
20 44 12
49 49 14
49 51 9
10 16 10
16 52 26
43 43 37
26 28 4
0 26 29
20 54 59
26 32 17
19 52 45
23 51 40
33 47 18
7 52 6
10 14 32
20 21 55
15 38 28
1 42 31
17 25 37
7 25 10
9 14 28
23 32 56
13 20 1
30 45 31
6 52 9
25 50 53
47 51 58
8 28 51
8 13 5
46 52 56
19 27 24
44 50 24
29 40 19
25 28 59
40 44 10
42 51 32
41 48 0
39 48 23
45 53 10
49 52 8
5 7 9
46 47 0
26 33 27
8 43 24
25 47 4
30 54 26
34 51 53
48 52 1
18 44 29
50 54 24
19 32 33
48 50 6
23 24 44
18 21 38
34 49 27
8 20 40
2 10 59
46 53 10
29 29 25
3 23 17
18 38 13
43 54 21
2 16 5
10 34 60
12 32 7
10 37 20
51 53 50
31 34 14
5 51 55
42 43 45
27 41 59
41 45 28
25 54 27
4 18 33
53 54 39
2 37 6
2 35 44
37 51 39
6 7 6
7 13 1
11 32 48
42 44 19
5 44 44
10 21 35
28 44 5
18 27 58
4 46 38
24 40 54
17 53 8
33 43 4
6 12 7
12 44 19
16 28 2
4 7 11
43 45 19
30 49 49
36 47 59
6 43 43
25 52 36
49 54 56
34 47 21
32 51 24
20 25 42
15 42 34
2 46 24
0 23 40
0 8 57
31 46 3
14 46 27
50 50 10
31 31 12
41 49 52
24 54 26
33 52 7
23 34 52
6 9 58
37 38 0
5 30 25
13 22 59
17 43 28
1 19 17
33 37 12
32 45 6
29 31 13
11 34 42
46 46 42
31 38 6
3 44 21
7 24 25
39 47 54
15 21 14
19 25 17
21 47 38
24 47 5
14 23 58
17 22 47
24 24 21
6 8 4
42 54 10
34 39 57
32 53 3
31 43 31
24 52 7
8 29 11
31 32 6
16 16 6
8 30 43
14 14 38
45 49 35
12 36 45
1 44 23
28 48 23
22 48 5
16 32 15
21 37 43
40 52 25
15 17 19
38 46 43
27 48 19
44 44 60
45 47 48
4 31 53
39 44 4
9 36 2
19 26 21
41 54 58
43 46 26
2 34 30
5 14 44
8 33 9
46 51 43
27 51 43
46 49 52
31 37 20
16 20 41
16 35 23
8 53 57
23 40 30
50 53 43
12 16 27
28 30 46
46 48 51
16 38 1
9 23 16
5 15 13
35 37 42
17 51 31
23 37 20
2 18 31
28 28 31
26 39 9
43 44 30
12 20 33
10 44 45
5 28 23
2 33 60
21 32 43
7 21 16
26 42 60
27 49 6
22 25 54
18 29 54
8 50 14
27 34 47
38 54 42
16 37 60
21 49 43
3 45 19
37 42 31
45 54 14
3 37 10
33 42 2
24 25 43
39 54 60
17 40 29
35 49 3
47 48 25
22 22 58
36 38 14
17 20 10
5 5 15
13 53 49
16 19 58
23 42 52
20 40 31
4 16 12
3 21 49
20 29 57
8 32 57
31 47 38
31 44 14
24 42 33
25 46 57
9 28 50
9 10 28
11 45 43
33 53 7
41 41 3
3 20 57
10 10 47
0 35 38
29 51 11
38 47 16
9 43 35
6 42 47
14 25 42
45 51 10
31 53 33
35 47 34
12 22 29
13 36 48
30 37 13
37 44 36
25 25 3
15 27 11
22 54 7
36 43 50
9 35 47
38 38 58
38 49 30
44 48 59
27 32 59
34 54 23
5 11 35
45 48 9
24 48 56
9 51 4
34 43 35
28 34 52
9 48 32
26 43 57
21 36 6
16 46 10
23 38 30
17 38 8
15 25 54
7 22 48
21 40 60
27 53 42
12 51 42
13 33 32
8 26 44
37 39 49
24 51 34
27 43 18
24 29 8
5 50 27
7 38 43
22 44 44
24 39 12
26 47 22
3 33 30
17 33 40
49 53 58
10 38 40
19 44 28
14 16 43
29 50 9
18 35 54
38 50 0
18 20 24
13 37 32
5 47 27
41 51 32
40 41 14
1 12 42
7 36 59
44 46 7
18 19 20
0 0 54
36 39 0
15 40 31
31 51 36
5 6 29
23 36 11
30 32 36
15 35 56
7 30 10
3 17 1
26 29 30
23 27 56
25 37 1
6 37 7
4 48 60
43 48 0
20 23 19
20 34 19
1 45 3
12 53 6
5 52 26
11 15 1
40 43 16
1 4 6
8 15 52
35 41 54
44 49 9
43 53 58
3 36 4
25 48 37
22 52 22
32 42 60
37 37 8
17 36 27
23 53 5
42 52 2
33 54 11
1 20 56
17 35 32
46 54 31
40 49 31
22 33 17
27 50 13
10 30 18
25 36 25
34 46 28
26 51 24
34 50 25
44 51 54
36 50 48
28 31 21
23 39 54
47 54 39
47 50 17
14 41 52
6 11 56
9 13 4
32 37 19
26 40 38
39 41 8
28 50 2
12 52 17
15 34 9
25 45 34
10 49 15
6 13 25
33 50 18
22 34 6
28 39 35
36 52 7
4 30 38
8 35 58
3 22 43
20 38 46
12 21 42
26 48 30
16 23 40
27 36 38
23 48 27
20 32 36
5 29 56
0 46 59
24 37 15
30 40 12
33 41 7
6 34 22
37 41 16
19 23 47
5 35 27
39 45 20
2 28 4
15 53 58
11 42 49
12 30 54
16 41 44
45 46 41
2 47 9
41 50 6
5 19 6
20 31 4
20 48 20
15 36 51
14 53 11
27 47 40
16 42 20
32 46 5
5 42 57
34 44 44
21 44 36
15 28 20
1 33 48
4 37 46
33 48 32
32 47 31
6 51 44
10 11 37
28 40 24
8 34 12
0 11 20
4 4 9
26 53 32
1 15 52
38 45 55
6 38 19
9 47 46
22 43 22
22 51 20
29 39 17
7 10 14
9 26 21
22 23 30
6 18 17
35 43 11
30 33 36
43 49 36
3 16 9
14 33 39
18 31 43
36 37 51
10 32 60
31 40 16
18 22 31
28 47 8
8 46 29
5 48 51
7 23 19
36 45 29
8 14 30
0 28 20
30 34 26
2 22 42
1 31 25
8 45 34
40 46 7
3 12 58
17 19 59
42 49 2
20 30 59
1 50 23
47 49 37
49 50 19
11 48 58
2 54 49
22 45 39
44 54 35
33 35 53
24 35 28
35 46 24
38 43 49
25 38 51
11 44 13
14 21 5
7 28 55
37 46 37
8 37 34
7 41 22
5 24 53
13 16 28
4 15 33
32 48 16
44 52 35
21 45 22
34 37 36
1 11 20
35 35 34
31 35 51
10 25 29
24 44 24
16 18 13
18 36 14
3 42 52
41 53 15
0 22 59
4 20 60
10 48 41
35 51 51
12 17 33
23 44 55
18 48 33
30 30 54
39 49 39
4 33 31
45 50 25
8 8 14
34 41 10
8 44 48
14 31 0
24 26 36
22 40 42
6 40 2
33 36 23
6 10 42
2 53 48
16 44 48
2 31 12
26 27 2
4 9 34
39 52 28
17 34 56
27 54 31
9 34 58
41 43 29
4 35 32
30 39 1
15 47 14
27 37 40
18 51 12
19 39 56
29 35 0
15 19 43
4 34 19
5 32 8
32 33 18
13 39 53
4 10 29
35 52 15
15 15 56
23 41 22
19 33 31
30 50 40
16 48 46
12 26 59
41 46 11
23 54 0
0 40 60
15 32 14
23 50 12
1 3 45
12 27 41
21 39 35
32 43 27
30 42 10
15 50 50
38 53 44
33 34 4
40 51 54
29 33 51
34 34 11
35 44 53
29 52 27
1 21 13
3 34 59
17 17 23
19 53 1
28 43 28
33 33 22
1 22 32
9 53 4
3 26 29
34 36 51
6 33 31
31 52 34
17 39 31
9 38 52
6 14 16
8 40 17
14 39 32
30 47 51
34 48 2
10 39 21
36 44 19
19 47 1
15 44 28
27 30 11
19 24 38
15 52 52
4 21 1
24 49 47
35 36 21
18 41 6
18 50 5
1 23 46
3 19 31
30 51 35
12 33 38
1 49 52
16 53 3
24 45 19
26 54 20
13 19 20
5 46 21
1 18 37
18 39 39
23 33 9
40 54 49
22 42 6
39 42 42
1 35 43
8 27 42
31 49 55
21 54 50
29 42 1
18 26 33
5 13 41
36 41 58
42 47 51
31 36 39
16 54 1
23 47 32
45 52 7
2 24 31
21 25 19
34 45 55
17 18 55
17 26 29
17 28 32
31 50 38
1 7 35
13 47 23
20 52 37
19 30 56
0 17 17
5 31 24
5 45 58
20 42 5
0 47 30
29 34 14
2 45 52
18 45 12
25 30 11
35 54 49
12 42 50
7 54 40
6 41 54
31 54 12
17 49 22
2 52 47
39 40 6
19 35 3
18 37 36
0 2 27
13 31 10
30 38 30
16 40 16
24 50 8
13 34 58
28 49 39
22 41 22
5 18 49
34 53 27
25 44 4
6 20 38
0 53 46
9 31 39
4 6 7
14 20 0
1 43 35
28 42 59
7 34 50
27 38 41
23 23 8
5 27 28
18 32 17
17 41 20
30 44 56
22 30 49
32 39 19
25 26 29
22 37 42
13 25 23
13 48 9
22 46 38
36 36 22
30 36 10
21 52 3
0 30 43
14 38 9
14 18 11
25 27 58
9 30 28
14 49 10
10 43 59
11 35 25
9 39 45
32 35 46
17 27 48
3 54 22
0 27 25
7 51 14
10 42 12
8 39 28
18 46 46
27 35 9
8 31 50
12 46 41
29 38 23
13 46 23
18 52 36
16 45 1
24 30 44
6 22 58
17 46 33
0 24 21
10 47 55
13 17 53
25 34 33
24 38 9
13 41 3
38 44 3
1 46 24
26 34 21
23 25 16
0 14 31
4 32 17
42 46 18
33 51 41
9 50 39
24 46 7
23 49 19
24 36 45
0 15 34
20 49 41
5 49 60
28 46 43
31 33 53
0 44 59
16 51 53
41 47 28
38 39 12
35 48 29
39 43 27
34 42 22
7 8 32
0 21 52
40 47 54
16 29 24
29 53 51
28 35 15
40 42 20
31 42 46
4 44 59
4 41 23
42 45 47
1 39 47
37 47 49
20 35 25
15 18 18
26 36 59
36 53 28
38 42 60
16 22 20
19 43 4
6 32 60
16 36 33
20 20 20
20 45 31
31 41 58
3 30 34
14 52 12
2 38 10
2 39 38
1 10 44
29 45 28
28 54 25
0 32 53
2 50 59
10 31 58
9 19 58
0 39 47
36 46 14
2 8 35
3 31 38
43 51 0
25 41 60
12 50 39
14 30 26
17 23 6
6 27 48
10 36 34
4 54 39
14 17 23
19 28 31
7 37 55
36 51 9
39 39 10
4 19 5
3 13 18
32 41 1
30 43 58
33 38 3
40 53 24
7 20 36
26 52 35
43 50 6
21 50 7
21 22 1
3 11 45
13 42 33
2 15 31
12 47 25
44 47 56
7 40 56
0 25 22
21 51 54
4 52 49
17 42 17
3 10 29
1 36 32
11 19 23
38 51 20
9 54 60
14 44 18
39 51 6
10 50 35
5 53 3
6 17 20
6 54 33
19 29 50
28 41 58
6 25 32
10 45 35
15 49 21
0 43 38
9 37 56
20 47 2
3 48 38
1 17 36
42 53 59
1 48 43
42 48 0
5 16 58
0 52 54
12 49 4
21 53 23
17 32 58
29 44 29
14 15 2
28 53 11
10 18 40
18 53 8
33 45 57
18 34 22
3 35 13
12 12 49
0 16 60
21 29 36
4 39 0
20 27 53
37 43 57
9 41 17
14 48 9
37 50 9
12 40 48
3 27 44
14 43 28
15 54 32
1 41 23
14 32 25
28 33 0
34 52 41
21 34 48
16 33 16
15 46 7
15 51 33
12 34 38
1 47 1
24 53 9
20 33 15
25 33 24
14 54 43
2 17 58
12 31 19
21 33 36
9 12 40
1 26 57
2 40 12
8 49 10
10 13 11
21 26 39
0 45 18
6 44 51
31 48 60
21 48 20
13 21 7
26 50 41
5 38 35
9 17 34
8 9 18
3 43 39
1 34 23
4 36 40
13 18 29
39 46 60
11 14 37
22 39 35
26 37 35
12 28 51
13 54 43
3 3 46
18 40 37
25 42 31
37 48 14
3 28 52
27 42 10
7 7 45
4 23 10
17 54 38
30 53 60
2 29 53
1 1 43
32 52 56
28 45 44
6 47 54
26 41 8
8 25 38
18 24 3
16 21 15
27 31 43
2 3 24
5 17 43
28 37 18
9 42 42
19 34 38
0 4 57
20 53 10
16 34 40
29 43 34
8 47 40
33 46 55
11 11 41
41 42 44
22 32 46
20 36 19
23 31 51
7 42 58
3 41 48
10 41 41
11 50 32
36 54 27
7 17 17
2 43 49
21 43 2
11 17 40
27 45 2
9 29 15
19 45 36
21 46 56
38 52 51
7 26 23
10 15 11
11 36 24
0 33 56
37 40 57
19 20 53
15 23 44
12 41 51
12 43 14
1 5 10
5 21 24
13 45 17
8 24 17
15 39 45
20 22 2
13 29 3
18 33 50
6 29 7
7 33 25
33 40 42
35 40 42
11 53 50
13 49 3
8 22 15
25 53 50
4 49 19
32 38 52
32 49 48
29 47 17
11 46 44
30 41 4
37 45 49
29 48 2
10 33 3
37 49 44
26 46 32
1 16 11
9 32 5
17 48 50
6 28 44
22 31 51
29 32 33
1 40 24
11 28 2
9 49 53
2 30 36
7 31 6
25 32 53
27 44 52
6 24 27
22 26 8
20 26 37
24 27 39
25 51 53
7 47 44
27 40 51
4 43 29
14 50 5
7 49 35
15 31 42
0 19 29
10 23 4
9 24 11
21 38 27
4 17 49
19 48 38
2 12 26
1 29 6
7 45 48
2 48 22
1 53 37
28 36 12
9 40 8
25 39 43
16 25 10
10 22 9
1 38 4
11 30 42
9 52 36
14 40 4
18 25 11
22 24 36
3 50 39
11 39 12
8 10 33
24 34 3
11 16 4
33 39 35
17 52 26
11 20 34
25 29 3
15 26 54
0 34 59
10 54 6
10 40 15
9 16 53
5 54 47
5 43 3
11 47 51
28 38 21
3 40 40
4 5 17
5 41 6
8 52 14
19 21 0
13 52 21
26 35 46
21 42 55
17 30 25
12 35 28
10 17 57
9 15 0
19 42 40
21 41 7
23 28 32
22 35 52
0 42 52
13 30 2
7 32 12
27 29 25
8 23 25
7 48 49
5 10 4
5 34 22
10 12 55
14 47 56
6 19 0
21 30 21
26 44 55
7 27 46
1 9 19
15 33 12
10 53 10
1 8 30
21 27 14
19 19 24
20 28 49
12 54 31
7 53 60
7 50 37
6 23 54
33 49 14
3 15 28
26 31 29
9 33 6
8 36 39
13 24 21
11 31 59
10 26 27
19 31 13
8 41 40
11 37 16
4 28 9
23 26 25
5 20 2
6 21 56
18 47 11
10 29 43
29 54 12
21 24 12
28 51 1
11 52 28
3 8 9
3 38 13
7 19 59
3 51 6
17 29 7
9 45 47
0 50 22
14 34 52
23 30 56
6 35 2
27 33 1
14 28 57
3 53 58
21 23 18
27 46 20
3 18 10
1 14 58
11 33 25
14 24 4
25 35 34
17 44 21
11 22 39
16 39 18
16 24 13
2 51 21
21 31 5
12 37 29
5 9 42
11 29 26
0 49 50
26 49 58
22 36 7
6 30 20
12 38 9
17 37 44
1 37 3
16 17 6
10 19 48
8 16 4
5 33 27
12 48 15
16 31 50
18 28 11
4 22 57
8 18 53
7 15 40
5 36 20
19 37 12
14 19 1
9 46 37
17 31 46
29 41 28
22 50 28
15 20 19
4 11 38
14 26 40
1 28 39
14 42 6
18 49 3
4 50 27
1 54 50
34 38 25
7 16 59
7 14 52
4 53 31
12 23 50
9 21 37
0 12 33
20 41 25
4 27 45
30 46 48
35 53 42
8 19 5
19 54 21
25 31 48
1 51 41
6 46 40
15 30 39
12 13 14
12 14 38
10 28 22
14 45 14
10 52 18
8 38 28
5 26 2
2 2 8
0 9 16
25 43 15
7 44 25
26 45 8
2 27 39
18 30 40
6 49 6
5 39 44
14 22 28
3 32 42
11 23 50
9 44 30
7 29 60
19 36 40
31 45 0
11 12 34
9 18 4
2 20 18
8 51 53
2 6 37
3 47 28
23 45 7
30 48 54
13 15 42
9 11 8
