55 1430
160
159
103
132
194
182
111
192
190
125
196
136
184
181
153
109
132
163
169
132
113
176
135
155
199
120
177
137
189
199
189
145
149
192
137
177
130
114
168
178
120
145
108
138
154
192
163
133
120
182
181
196
154
144
131
0 1 42
0 2 33
0 3 45
1 4 20
1 5 2
5 6 22
6 7 54
1 8 47
2 9 42
9 10 25
0 11 8
1 12 20
5 13 55
0 14 56
5 15 7
9 16 52
11 17 55
8 18 54
13 19 26
15 20 13
1 21 41
4 22 52
6 23 6
7 24 22
7 25 58
17 26 27
22 27 0
11 28 16
8 29 4
17 30 56
20 31 36
7 32 44
7 33 6
31 34 38
18 35 43
13 36 24
27 37 19
8 38 12
11 39 41
19 40 41
31 41 5
26 42 14
8 43 37
1 44 31
42 45 49
1 46 24
28 47 12
33 48 3
45 49 17
0 50 45
37 51 9
35 52 58
9 53 38
8 54 25
7 16 47
0 25 58
50 52 12
44 51 54
18 19 51
47 49 22
30 30 51
38 40 17
10 52 28
21 35 36
22 41 2
34 53 25
9 52 29
14 44 53
46 47 38
20 50 46
52 52 0
29 29 12
11 49 30
1 40 46
28 43 16
2 14 52
37 40 0
41 54 43
43 46 37
36 42 57
17 49 49
4 37 14
47 51 45
31 49 40
14 47 37
52 54 20
18 52 53
16 31 46
31 53 4
37 48 49
0 39 9
53 53 55
30 52 27
9 35 29
47 50 55
16 38 4
46 49 21
13 16 55
35 50 27
9 41 38
13 43 43
23 45 16
7 53 13
6 52 12
41 53 35
8 36 11
18 25 33
43 48 60
51 54 57
36 39 49
6 40 19
44 53 2
29 36 28
48 54 2
27 44 18
29 38 30
24 30 33
52 53 50
40 40 30
10 42 2
42 52 27
14 49 24
27 54 33
43 45 49
45 46 49
7 52 59
7 50 14
25 33 20
4 39 56
14 53 9
49 54 30
21 54 1
38 53 33
38 50 59
13 17 36
6 49 44
19 44 53
31 36 4
33 42 46
21 45 42
25 38 29
27 39 22
38 51 45
3 37 18
5 49 31
13 50 51
12 30 41
38 52 44
46 54 58
49 52 24
3 29 43
44 44 8
49 51 40
6 54 32
6 31 55
35 36 2
31 37 38
8 33 16
28 42 5
43 47 45
47 52 47
5 20 12
43 50 41
43 54 19
32 48 16
16 17 9
49 53 46
31 38 16
21 44 12
11 34 27
50 53 28
5 24 43
23 42 56
8 16 37
15 49 39
3 47 16
18 53 11
10 50 42
30 34 4
24 44 6
42 44 3
45 50 8
39 53 19
8 10 44
21 47 30
48 48 58
0 53 24
44 47 59
44 49 42
23 35 21
37 46 49
44 46 0
13 46 46
35 38 22
45 53 31
27 42 7
36 51 45
22 38 27
11 45 11
22 28 5
37 38 35
4 11 10
1 37 34
50 50 6
51 53 37
24 29 40
6 30 42
1 53 12
20 26 23
21 43 24
51 52 49
23 46 46
29 47 13
4 46 45
23 28 23
4 24 6
22 40 23
34 52 24
5 32 10
51 51 37
13 28 13
17 38 56
17 43 2
27 27 50
6 18 39
23 26 12
8 23 4
13 27 1
19 46 32
40 54 48
16 29 11
37 54 23
40 43 1
28 44 50
39 45 20
38 48 49
15 15 54
1 42 34
0 48 43
2 43 21
27 45 11
13 34 46
24 31 8
53 54 31
25 46 44
19 42 15
26 54 29
0 26 1
2 44 41
29 37 34
32 35 17
32 36 23
15 28 54
31 52 16
31 47 58
5 21 49
16 42 44
17 37 25
20 29 19
15 36 36
33 39 0
36 44 8
16 28 13
41 47 43
17 21 60
27 28 57
47 47 1
3 28 18
15 53 27
42 51 49
5 28 38
21 32 19
0 28 19
26 50 38
3 40 6
11 23 41
2 11 45
6 43 26
44 48 20
2 6 53
29 49 38
41 51 60
37 47 29
31 54 11
19 36 2
3 33 38
41 52 50
22 47 8
13 30 58
30 51 8
14 41 8
13 26 12
16 49 11
29 44 29
34 45 5
8 34 44
39 44 19
9 13 0
33 36 43
27 47 28
38 38 45
12 26 37
34 50 39
7 20 15
0 36 28
31 44 40
2 45 15
33 45 39
19 38 51
43 51 14
6 28 2
36 45 26
32 49 4
46 48 50
4 20 50
13 44 26
16 46 53
19 30 49
5 31 9
30 46 45
13 47 31
7 37 26
40 50 19
45 48 19
37 49 16
18 44 27
48 52 22
1 45 57
45 54 6
9 32 21
9 49 24
26 29 41
34 44 29
17 18 29
27 51 25
26 46 14
28 33 0
21 30 53
25 39 44
4 7 16
28 36 41
11 50 47
42 53 37
15 22 18
38 41 39
5 45 49
29 31 50
1 39 41
16 53 17
9 25 6
5 40 5
9 51 50
35 48 54
1 54 16
37 45 39
41 48 15
0 7 10
19 27 33
19 45 2
28 29 23
14 54 53
0 12 12
50 54 42
1 24 59
34 36 60
20 40 37
24 34 50
37 42 26
10 24 5
3 6 40
29 39 0
1 48 18
38 39 25
14 36 38
18 26 51
39 47 58
34 41 15
42 49 52
1 31 22
37 52 0
0 35 22
9 50 9
28 48 41
40 53 39
1 3 29
19 43 47
28 40 45
34 47 10
28 39 7
16 23 8
39 43 21
23 49 58
23 40 31
11 11 4
20 34 59
17 25 37
39 49 11
8 45 36
37 39 15
37 50 29
7 22 47
2 28 54
6 37 18
20 39 23
11 30 26
33 34 34
35 39 52
29 41 19
44 54 17
23 48 55
42 54 3
10 22 9
24 54 35
21 21 39
0 6 4
25 34 14
15 48 43
24 43 22
39 51 18
7 29 53
39 48 48
26 32 33
23 47 36
4 12 43
40 48 10
18 45 0
15 38 12
45 51 24
24 45 45
6 25 46
9 42 10
12 18 23
41 44 7
7 39 48
16 18 30
16 44 58
48 50 19
0 10 51
18 47 60
6 11 0
40 42 5
35 40 38
1 35 9
47 48 34
30 35 57
10 51 30
34 51 43
24 41 53
29 33 30
19 19 55
34 40 23
10 12 55
41 43 9
0 27 37
18 48 42
2 36 9
33 54 60
23 36 51
12 49 30
33 33 45
5 41 22
26 53 59
14 25 21
36 47 11
17 36 28
22 49 34
0 47 5
21 36 49
38 46 43
25 36 37
0 15 16
4 4 48
13 42 8
21 51 12
46 52 27
9 36 51
33 49 33
4 34 20
8 47 1
33 35 34
17 53 31
10 53 25
10 39 0
44 52 14
1 19 46
4 33 9
19 48 11
15 52 42
5 35 5
33 52 30
8 50 49
15 44 21
16 47 33
26 49 37
23 50 60
36 52 36
39 41 28
6 36 30
5 16 33
36 48 0
1 17 59
8 17 54
7 11 32
15 51 17
40 46 50
43 53 18
44 50 55
12 34 60
9 11 34
21 28 33
16 33 8
8 41 45
42 48 36
12 19 10
29 46 40
17 40 30
16 22 12
9 15 44
37 53 17
24 32 42
41 49 26
7 46 42
46 51 3
38 44 24
20 22 7
47 53 39
3 8 8
16 37 34
24 46 29
17 54 17
22 23 6
40 51 25
24 51 37
25 53 35
46 46 9
8 15 10
46 50 59
14 16 33
17 46 56
0 34 57
29 51 7
15 54 23
27 33 46
23 25 58
19 23 30
7 41 50
33 38 36
38 54 60
26 44 55
36 43 3
33 50 47
36 40 40
25 32 40
24 48 3
38 43 34
1 2 51
26 39 20
7 26 11
32 39 44
28 53 31
40 52 22
32 42 46
43 44 22
29 43 38
7 7 8
11 24 1
29 42 37
3 16 53
45 45 37
18 50 51
9 46 56
38 47 35
14 45 42
37 37 3
1 51 58
39 50 36
19 20 38
7 8 29
4 29 7
0 8 55
40 45 59
9 47 40
20 44 50
37 44 1
13 15 51
34 49 5
19 25 9
19 53 9
21 48 12
48 51 28
9 28 5
4 21 30
12 50 60
36 46 51
5 7 42
42 50 60
22 26 37
12 14 31
43 52 16
2 21 60
17 24 38
22 30 30
3 20 10
41 41 26
17 35 58
15 43 43
2 22 60
34 43 36
40 41 42
33 47 22
5 18 11
25 29 0
4 44 11
10 37 13
38 49 36
19 22 30
16 21 48
7 42 18
40 49 47
2 49 56
17 52 30
33 37 49
41 46 60
0 5 16
14 24 54
19 39 32
17 27 55
12 36 29
10 48 18
41 50 0
14 52 41
16 39 44
6 24 45
35 41 51
22 45 53
3 54 34
15 33 33
28 54 18
5 47 8
25 31 34
29 53 52
20 48 8
13 25 15
24 40 13
21 34 38
2 53 30
2 4 10
49 49 3
26 34 60
48 53 53
27 34 39
19 32 9
7 51 5
3 43 15
34 38 32
40 44 32
47 54 59
13 53 3
22 42 1
5 51 16
23 24 51
8 30 23
8 37 22
8 21 13
32 45 40
25 47 14
7 28 12
17 48 40
12 44 55
4 36 1
1 36 53
11 48 41
30 32 3
45 52 20
11 38 2
13 52 43
21 49 16
4 14 27
27 30 32
42 46 0
35 49 16
16 48 35
12 25 0
28 31 21
26 41 32
35 44 50
39 54 4
2 2 27
13 32 50
23 32 48
43 43 48
6 46 50
27 36 18
6 51 27
2 39 39
12 48 59
20 53 20
28 45 28
25 41 9
7 14 37
5 14 7
6 35 32
29 52 48
32 53 36
30 45 41
9 12 13
19 50 7
37 43 35
30 49 18
25 43 45
27 48 27
36 53 5
20 25 21
19 21 0
20 27 0
32 51 49
5 26 50
1 28 24
39 52 29
19 35 51
9 18 27
26 33 18
17 42 50
20 45 28
19 54 12
7 23 51
2 5 35
5 12 38
2 48 2
3 14 1
15 34 1
36 50 15
20 42 9
12 52 33
9 44 21
42 42 14
22 35 44
12 15 39
34 34 60
35 45 31
50 51 3
20 30 50
16 52 36
2 33 60
21 39 31
33 41 59
0 9 46
33 40 58
2 3 16
9 26 11
28 34 58
15 29 5
21 52 39
8 13 55
4 13 42
13 18 53
29 35 8
0 51 34
35 51 50
11 19 21
14 46 12
29 34 34
21 26 36
31 40 48
16 19 31
23 29 15
34 42 45
26 26 18
20 32 3
36 36 32
1 50 21
2 32 35
14 51 31
14 30 35
49 50 46
2 12 8
3 51 25
23 37 24
18 39 43
6 32 2
32 32 17
27 53 14
12 13 23
41 42 15
4 31 8
28 32 31
3 35 59
25 45 36
36 41 45
1 15 15
16 32 13
31 46 21
6 12 8
42 43 47
12 12 24
25 35 18
3 48 28
15 39 24
19 41 35
39 39 48
6 13 20
32 52 35
20 36 8
29 32 9
0 0 48
4 47 54
14 28 2
26 31 7
5 42 38
0 13 48
32 43 32
10 16 20
24 38 53
2 23 55
6 15 47
21 22 54
17 45 40
30 47 19
3 11 32
26 38 25
45 47 43
25 40 10
3 36 20
24 35 28
1 32 37
32 44 28
24 47 39
4 18 28
23 43 31
26 27 29
3 45 33
12 24 35
9 37 30
1 7 49
17 44 17
5 39 14
23 52 11
11 26 18
0 42 27
14 20 35
46 53 31
10 34 13
14 21 21
10 40 47
15 23 53
33 53 2
14 22 24
23 33 17
2 8 44
21 42 51
9 38 18
16 50 4
5 37 42
23 27 50
26 37 55
15 35 54
35 46 14
30 37 28
23 38 13
12 43 48
6 41 59
6 47 0
30 36 37
31 33 37
9 40 36
25 49 46
32 33 44
14 18 54
19 52 33
4 40 33
42 47 44
20 23 45
16 43 43
14 29 35
11 25 3
15 19 41
5 53 54
19 37 43
23 44 10
5 17 12
9 33 26
6 34 43
12 22 19
27 31 52
11 12 23
6 39 10
8 8 32
37 41 10
38 45 14
24 27 51
12 42 28
17 47 47
3 21 49
18 49 48
21 41 40
14 40 46
2 31 35
6 9 17
2 41 17
6 38 38
32 50 21
35 35 56
3 22 16
11 20 34
22 29 16
28 30 22
41 45 17
13 20 2
32 34 5
16 34 30
4 38 60
6 6 23
14 37 24
28 49 12
33 43 41
6 50 11
31 39 45
8 32 39
6 14 8
4 41 6
25 27 6
29 40 5
23 51 23
3 5 12
11 54 2
6 16 56
21 33 60
35 54 54
24 24 41
14 14 60
13 35 13
10 25 25
25 42 40
30 54 56
11 14 15
3 18 20
10 38 3
36 49 15
22 36 9
4 32 24
8 48 5
0 21 48
22 51 36
20 35 23
31 43 52
7 13 45
19 24 56
3 49 56
3 46 46
3 52 24
5 34 47
19 49 37
12 41 3
15 30 56
10 44 60
9 31 17
40 47 20
5 38 53
26 30 32
12 28 4
20 21 44
29 54 54
8 12 4
1 14 22
14 34 25
28 28 56
26 47 26
29 48 40
17 33 41
8 44 37
11 52 54
25 44 14
9 30 17
10 17 26
39 42 51
35 37 27
23 54 37
15 17 50
17 17 8
3 19 52
8 11 48
0 46 38
15 26 30
30 43 21
14 43 56
8 42 35
14 42 52
27 41 40
35 43 37
18 42 53
17 19 60
24 39 13
2 24 25
3 9 40
26 28 21
12 53 20
14 31 3
4 5 28
4 10 15
17 20 57
5 22 20
15 47 26
35 47 5
38 42 27
25 50 39
3 23 7
3 53 29
39 40 13
48 49 55
12 46 44
10 32 50
24 33 21
24 50 2
28 41 28
17 34 33
23 34 50
3 41 49
11 35 21
26 51 28
5 29 30
36 38 48
8 51 6
7 12 15
43 49 10
24 37 36
12 23 55
19 34 35
31 50 25
2 19 39
6 22 44
21 50 54
22 24 43
31 32 48
4 16 14
9 22 57
10 19 10
32 40 45
16 45 11
32 47 48
18 28 35
21 46 30
28 51 1
3 10 56
16 41 39
32 38 4
27 50 16
18 18 59
2 30 50
3 38 60
7 19 25
17 51 9
1 49 56
2 7 3
30 33 42
14 27 28
33 46 28
24 28 9
34 46 54
32 54 26
0 19 14
6 21 45
18 36 53
20 47 18
11 47 40
26 45 38
3 4 17
16 40 55
17 23 41
24 26 55
7 31 9
9 34 2
5 9 60
10 23 31
25 30 40
16 25 34
8 14 46
10 49 43
30 31 15
16 27 52
34 48 27
8 52 58
11 15 55
3 15 8
24 52 31
8 31 19
7 45 38
18 54 38
26 43 17
20 28 46
23 39 50
0 33 48
8 27 22
17 41 6
44 45 27
2 15 31
30 50 4
9 17 32
31 31 36
24 36 13
16 26 9
26 36 10
25 54 58
18 21 25
21 27 14
13 13 8
36 37 47
2 16 46
1 9 33
12 39 35
0 32 58
14 50 38
28 50 16
8 26 32
3 13 57
1 18 59
4 27 36
36 54 15
2 26 49
23 31 2
11 40 42
10 36 45
13 38 36
7 21 37
30 42 46
7 44 6
29 45 19
18 38 14
11 33 9
0 43 47
22 25 38
19 29 17
19 33 8
13 41 7
18 51 41
6 29 23
15 46 4
13 24 23
6 20 4
12 40 18
12 35 29
32 37 31
20 24 6
18 24 49
22 33 10
25 37 52
12 20 31
28 38 13
24 42 54
7 48 45
10 10 35
20 49 13
8 46 17
27 43 32
10 33 0
16 51 1
22 52 60
35 53 38
17 28 32
10 11 24
7 10 14
22 50 25
20 52 5
27 29 22
2 27 42
4 28 40
34 35 23
8 9 39
2 47 17
17 31 40
12 31 25
27 38 41
1 23 27
24 25 18
14 23 31
1 26 42
2 50 42
17 32 37
35 42 37
10 13 54
4 25 56
8 35 31
15 16 37
6 19 21
5 5 42
19 51 27
15 21 50
0 16 42
4 49 50
6 8 44
12 29 23
24 53 58
16 24 47
14 38 18
22 48 59
9 19 20
0 17 27
14 48 36
20 20 40
5 11 23
22 53 18
22 44 39
3 3 25
22 22 55
20 46 56
1 27 0
26 35 51
0 41 26
18 23 39
25 51 9
13 29 55
15 27 0
8 39 24
10 29 13
7 54 42
31 42 26
20 54 43
15 25 17
22 39 50
33 51 54
1 25 44
28 35 26
33 44 49
9 48 7
13 48 53
8 25 0
6 26 8
3 32 43
15 37 29
8 40 48
13 14 16
12 37 23
34 54 37
7 34 53
9 54 42
10 46 8
22 46 13
18 29 39
12 45 20
9 9 16
27 32 16
26 52 35
5 23 59
28 52 52
6 53 38
18 31 43
7 35 14
7 27 59
6 17 48
8 19 37
17 22 33
12 32 41
20 43 25
31 51 4
20 51 31
14 19 22
18 32 31
0 49 24
2 20 25
30 39 45
9 20 12
26 40 43
1 20 20
28 46 18
18 37 43
15 40 6
14 26 20
6 27 33
0 45 24
3 26 14
2 51 30
11 51 44
39 46 40
18 20 7
10 35 15
13 54 5
30 48 60
31 45 51
3 44 31
0 38 22
4 42 4
30 44 50
10 21 19
15 24 33
11 46 45
0 23 24
27 49 56
11 42 34
11 53 16
34 37 26
23 30 28
15 45 27
2 10 25
4 6 30
11 43 20
12 27 29
17 39 57
2 35 36
14 39 47
18 22 21
2 54 12
13 23 43
4 53 45
27 46 30
2 38 24
21 24 9
25 26 1
1 1 52
17 29 54
4 23 58
23 23 38
4 26 3
13 49 51
6 42 43
15 18 37
10 41 25
12 17 45
12 51 60
0 24 35
5 8 31
10 47 27
17 50 9
12 38 28
12 54 11
20 33 5
22 31 19
25 25 19
34 39 56
5 50 21
15 31 17
15 50 16
7 18 29
0 4 46
3 27 18
30 53 15
5 52 19
21 53 13
18 46 58
12 33 43
25 52 48
0 22 40
5 33 14
6 44 30
10 45 31
1 30 47
20 38 55
9 43 22
22 43 53
10 20 37
13 21 55
3 7 38
16 16 19
0 54 50
6 48 19
9 14 5
21 25 24
23 53 18
2 13 13
11 37 41
29 30 37
27 40 24
5 30 56
9 23 21
9 27 48
21 29 40
4 8 55
21 40 6
30 41 22
0 20 22
3 24 56
19 28 25
12 47 32
8 28 3
32 41 25
1 22 35
0 52 29
31 48 19
11 36 51
18 34 39
2 40 41
8 24 15
4 45 10
5 10 6
11 32 59
10 31 39
2 42 54
0 31 40
1 13 58
13 37 7
3 50 4
4 50 8
29 50 41
11 21 49
18 30 27
2 34 2
10 27 44
11 22 49
22 34 58
0 30 41
14 15 13
10 14 43
7 30 57
14 33 18
19 31 11
25 48 15
25 28 8
4 52 1
26 48 44
5 25 27
14 17 17
11 27 39
3 34 26
21 31 38
11 44 26
7 9 30
18 41 52
11 18 32
10 43 44
1 10 7
32 46 9
20 41 27
4 17 34
3 39 47
30 38 53
23 41 56
15 32 38
11 13 19
24 49 2
7 47 38
14 35 49
1 38 20
