100 4450
127
134
134
111
111
107
117
143
165
145
172
199
121
197
164
152
147
177
119
120
119
162
120
132
193
183
165
183
115
137
191
146
125
192
133
162
188
128
151
197
115
176
136
187
132
182
121
121
176
188
162
195
127
118
152
148
115
116
189
105
113
109
197
135
197
185
131
128
184
164
179
176
146
148
167
196
156
112
149
137
176
130
137
185
175
137
146
190
163
133
129
195
106
194
139
176
163
199
128
200
0 1 33
0 2 53
1 3 51
1 4 18
4 5 59
4 6 60
5 7 24
3 8 27
7 9 13
3 10 21
9 11 52
11 12 51
3 13 20
4 14 54
6 15 46
8 16 58
14 17 30
1 18 23
6 19 27
17 20 20
20 21 1
11 22 21
1 23 51
4 24 16
14 25 10
4 26 17
15 27 11
1 28 43
24 29 16
10 30 58
22 31 8
20 32 52
17 33 48
25 34 43
24 35 47
22 36 16
1 37 15
11 38 25
13 39 59
8 40 42
16 41 43
28 42 28
15 43 22
7 44 32
23 45 14
7 46 52
42 47 15
1 48 56
33 49 15
12 50 8
30 51 7
14 52 27
29 53 49
14 54 18
44 55 50
21 56 36
8 57 5
36 58 59
17 59 56
8 60 34
28 61 3
39 62 53
27 63 2
30 64 10
47 65 16
5 66 7
1 67 51
11 68 58
33 69 29
24 70 44
38 71 8
0 72 53
27 73 47
46 74 34
67 75 44
38 76 3
56 77 1
16 78 24
24 79 5
74 80 56
21 81 33
38 82 57
55 83 13
21 84 0
39 85 30
77 86 27
86 87 13
60 88 10
60 89 42
30 90 17
7 91 48
64 92 1
4 93 21
2 94 14
73 95 15
53 96 38
89 97 31
65 98 20
91 99 44
77 97 19
32 87 22
56 60 45
8 99 45
97 97 35
72 74 33
17 23 58
2 80 20
85 94 40
40 41 28
94 97 60
78 83 35
5 36 51
6 48 12
9 9 27
62 91 46
86 95 47
14 86 50
5 6 58
59 86 17
9 18 56
57 77 5
57 99 30
54 61 26
5 40 16
73 91 53
88 98 2
59 66 51
38 87 41
19 93 45
44 67 50
78 90 1
39 88 7
17 88 37
52 86 54
72 93 60
53 56 58
36 55 60
63 67 7
53 55 42
34 69 50
55 67 47
46 91 46
50 68 10
72 89 15
79 89 54
88 92 54
74 97 51
16 59 56
12 92 36
55 76 0
49 64 39
77 89 51
71 79 55
12 58 33
18 72 16
45 70 26
19 72 29
60 76 55
73 99 32
96 97 20
28 30 11
53 73 48
12 72 34
24 40 42
61 81 57
42 96 35
49 92 3
81 84 60
4 16 23
56 92 9
11 39 50
67 79 45
67 78 50
22 67 38
72 92 8
17 66 36
11 98 12
96 96 57
48 71 46
79 95 36
6 34 34
8 20 27
98 99 8
79 87 47
76 96 50
32 79 37
8 85 11
83 86 40
35 42 15
29 87 51
2 95 3
0 15 53
84 95 27
1 11 44
62 76 42
72 72 58
91 95 16
95 99 6
47 92 3
40 54 50
92 94 28
22 73 8
46 96 23
43 61 36
21 63 36
38 56 15
17 70 9
54 54 22
16 85 27
90 92 1
30 31 46
41 51 21
68 91 51
24 59 9
70 70 52
60 66 37
94 95 43
59 91 27
13 70 14
1 92 9
62 93 0
74 95 20
22 33 21
55 90 22
78 82 29
48 86 4
33 74 8
81 88 46
27 51 36
72 76 51
63 89 53
71 92 12
37 74 12
30 40 11
81 97 26
65 79 27
53 94 30
46 50 5
40 91 41
78 85 20
61 94 32
34 74 34
16 93 33
61 85 6
49 66 36
25 58 7
2 52 5
13 83 42
86 97 52
0 66 39
58 97 42
88 99 24
76 88 60
31 82 55
55 81 18
67 76 50
53 88 37
15 61 39
43 84 3
92 98 6
35 55 59
75 92 47
64 71 13
58 88 14
47 82 18
52 73 47
43 55 5
13 14 25
79 85 20
11 20 52
33 68 13
84 99 14
21 34 29
72 75 9
50 81 15
96 99 30
84 92 7
14 27 30
78 96 33
12 55 40
17 58 42
11 66 5
36 84 10
19 75 0
86 93 37
14 58 7
92 99 46
15 79 54
76 82 60
59 90 38
76 80 40
90 99 4
39 74 42
65 69 9
1 42 14
70 71 0
8 15 49
49 96 21
36 90 1
34 76 29
40 71 40
19 69 27
90 91 20
11 88 15
42 45 13
61 95 44
13 45 4
47 71 13
29 29 12
64 80 31
33 33 45
35 84 48
0 29 44
12 30 49
7 25 29
53 92 44
51 92 16
17 39 55
70 79 40
46 89 31
51 72 35
40 44 50
13 67 21
35 38 9
6 87 19
0 37 49
89 95 54
28 84 41
16 49 12
47 85 34
84 87 14
41 77 5
97 98 58
39 99 43
82 91 14
97 99 51
60 94 57
85 99 59
55 57 11
89 91 49
47 86 9
36 91 45
33 65 58
16 31 7
95 96 23
26 79 42
14 96 39
20 47 3
60 84 38
65 76 4
36 93 5
3 57 11
56 96 15
55 64 46
57 95 45
76 86 20
8 97 54
73 77 54
73 84 12
36 74 50
15 39 31
15 31 36
45 81 44
60 62 55
38 83 38
27 77 48
44 78 35
9 66 11
26 96 27
65 87 59
61 73 25
94 98 16
7 76 58
63 99 36
44 64 55
57 69 12
3 70 27
67 96 18
59 69 55
9 37 19
50 89 20
21 26 57
84 97 24
82 84 40
52 87 5
92 95 32
10 97 8
80 86 14
26 93 50
46 97 32
70 84 44
75 76 7
25 61 21
15 85 24
34 51 43
91 97 27
93 95 51
43 63 24
47 55 4
6 73 3
92 93 53
78 98 33
1 90 24
13 79 17
74 74 8
26 29 8
48 54 10
56 61 9
90 94 15
64 72 39
0 21 57
85 90 37
70 98 39
17 17 25
71 74 10
15 74 35
60 61 30
26 51 13
35 91 40
63 73 26
11 44 44
67 81 51
58 96 29
1 20 19
35 93 16
38 67 52
14 37 6
70 80 10
48 53 58
29 70 40
4 25 40
28 77 21
9 24 30
35 89 46
5 23 23
60 65 23
8 49 2
68 97 8
77 88 27
78 88 31
2 97 42
19 85 7
83 89 45
30 60 46
73 87 27
44 51 2
22 75 28
2 6 8
24 96 9
73 89 42
39 70 31
18 81 57
14 88 26
59 72 33
42 43 30
1 12 53
36 39 10
98 98 54
23 68 45
81 95 32
51 70 15
32 99 45
39 95 17
17 74 47
56 75 40
4 70 24
6 16 29
17 34 6
36 57 29
22 52 27
35 57 49
11 21 6
85 86 46
63 71 1
30 36 6
17 92 43
34 52 15
52 63 40
4 40 51
72 94 0
82 82 27
86 99 51
0 84 56
65 75 31
8 81 49
66 95 13
20 39 36
92 92 0
63 64 32
34 64 57
91 91 45
58 93 35
32 63 4
42 48 27
93 96 21
77 99 43
4 91 49
66 83 11
34 85 58
23 65 25
69 96 8
54 97 27
95 98 18
78 95 35
3 32 5
45 55 18
66 91 10
42 97 55
52 79 20
8 96 22
26 36 10
33 84 38
39 73 38
25 64 37
54 63 20
53 76 40
68 94 38
70 97 36
6 38 36
3 67 16
43 94 8
1 40 15
57 66 55
24 61 9
51 96 42
20 91 30
83 98 55
82 89 28
51 66 8
27 83 57
54 68 11
46 93 16
5 49 37
90 95 56
85 91 11
16 66 58
50 73 16
0 89 10
18 97 46
7 36 12
37 42 39
63 79 42
13 58 8
63 83 54
33 72 10
37 45 7
63 69 10
40 49 47
48 49 60
14 51 25
75 97 15
66 67 20
45 93 35
39 58 50
50 93 20
29 40 6
13 75 33
73 90 60
29 98 5
57 81 55
44 71 35
49 58 52
60 78 6
45 71 41
65 96 26
54 80 14
88 89 27
59 70 16
56 94 9
58 63 21
13 49 14
74 92 30
90 96 28
54 59 9
91 98 46
67 70 11
42 46 14
64 96 41
61 87 24
11 86 18
27 86 60
75 80 29
7 12 35
39 71 5
57 64 23
63 78 40
72 78 33
71 98 48
24 54 5
50 91 55
71 73 41
63 94 44
42 63 22
54 66 40
67 98 3
52 98 11
44 63 17
17 40 42
57 68 9
82 85 20
61 72 30
93 98 34
73 92 1
75 84 39
23 72 9
5 14 22
34 47 20
34 41 8
10 87 29
87 94 54
21 60 14
29 69 32
28 46 5
5 28 52
3 31 3
60 77 6
40 67 11
7 34 19
75 79 26
48 87 20
42 82 54
39 60 12
22 50 51
27 64 50
74 75 50
78 97 48
55 62 13
77 81 50
38 45 52
47 88 48
37 86 46
62 84 9
19 56 18
42 68 47
0 5 26
21 55 17
41 62 1
16 76 35
54 65 14
73 80 29
11 31 20
35 44 23
85 85 57
57 65 11
53 81 42
76 89 30
85 95 0
38 81 54
29 93 24
51 61 15
58 59 27
5 42 20
61 88 7
22 66 18
22 93 6
62 78 15
85 89 47
69 74 21
29 61 10
48 88 39
0 73 6
32 92 17
53 61 26
22 32 50
48 65 3
94 99 16
35 37 39
29 56 46
25 29 37
79 84 10
25 51 17
37 52 6
49 51 54
87 99 27
20 20 0
46 70 3
76 97 16
63 75 33
3 90 6
19 76 32
90 98 39
3 79 50
78 81 53
61 64 22
36 88 11
5 74 11
22 90 3
72 87 23
69 84 18
73 75 41
33 61 17
67 83 59
19 39 6
44 46 49
23 58 42
26 62 28
52 59 25
65 86 25
68 69 1
86 96 15
68 80 36
43 67 36
35 47 32
27 82 14
77 98 58
47 89 57
37 59 43
10 43 26
12 15 58
48 62 51
12 26 20
48 95 26
24 31 36
11 96 1
46 90 60
72 79 35
54 82 38
2 23 14
22 54 5
23 53 44
40 50 27
29 45 37
0 61 42
1 36 9
10 61 23
54 85 10
80 91 1
27 95 43
62 90 45
10 44 14
50 54 5
59 80 48
7 31 7
15 88 24
82 99 54
19 73 42
13 82 49
0 74 14
12 25 51
24 45 21
69 76 37
23 57 32
7 71 38
1 32 45
18 75 59
69 92 53
5 52 47
29 49 42
49 79 1
40 68 38
55 80 32
2 43 41
73 83 33
51 73 11
56 86 53
45 86 39
50 67 39
58 70 59
73 73 31
7 72 45
89 92 41
69 82 48
18 48 21
44 49 4
14 40 2
41 79 50
32 95 7
1 97 4
95 95 14
67 69 10
52 58 24
10 24 49
60 60 59
85 96 58
19 58 47
40 96 55
48 74 13
23 52 20
62 95 7
80 81 24
33 42 42
93 97 60
26 43 25
2 84 59
0 67 43
66 99 10
20 40 26
1 82 49
28 92 8
1 99 50
31 97 27
47 73 34
36 61 58
90 97 0
81 94 39
15 22 7
16 35 48
1 70 38
78 84 60
68 79 5
87 91 30
75 82 17
90 90 13
69 95 4
35 77 41
52 64 12
9 32 32
5 37 48
12 33 12
41 95 26
96 98 26
39 57 19
5 85 44
13 34 26
41 43 40
13 29 26
62 65 58
85 93 6
43 97 34
60 90 54
48 72 4
66 96 18
43 65 16
63 65 7
92 97 38
37 63 46
24 50 22
56 82 20
70 88 51
30 92 0
79 99 3
84 90 31
29 48 42
43 47 13
60 97 2
77 93 3
27 96 41
81 86 56
74 77 29
54 56 56
16 54 33
21 62 60
4 17 34
6 53 11
57 84 58
63 96 24
66 73 13
46 61 42
48 64 21
2 60 45
23 77 37
20 49 33
54 76 45
73 97 41
80 84 42
87 95 47
92 96 54
2 13 19
58 73 53
84 86 34
82 87 41
16 21 49
43 83 24
72 83 52
13 21 54
51 60 30
85 87 33
44 87 27
80 99 51
15 30 57
65 78 30
36 95 19
6 70 36
63 81 32
58 86 41
76 90 11
17 98 12
5 8 55
81 85 3
84 93 19
55 75 10
2 68 13
7 13 26
47 50 51
32 55 1
5 90 10
50 69 22
59 77 33
57 57 48
90 93 9
46 64 56
56 90 17
28 35 25
25 73 55
43 87 19
88 94 38
33 45 49
94 96 60
73 76 31
31 67 10
67 90 2
74 96 37
47 81 36
16 89 18
33 56 49
67 99 13
45 76 46
51 59 3
66 76 54
32 50 18
31 95 31
20 65 17
61 99 27
44 89 30
32 90 48
18 59 41
37 82 38
69 70 21
10 77 50
37 72 16
56 85 54
17 82 24
52 57 45
4 52 3
30 57 6
7 18 33
3 73 14
74 83 4
20 38 57
25 85 3
6 99 7
19 62 51
88 88 46
8 80 56
34 77 10
20 56 1
50 95 6
24 39 6
93 93 23
40 93 8
3 16 60
6 60 22
60 83 53
40 65 24
29 43 22
42 85 11
59 64 2
49 55 9
76 98 37
69 98 16
41 42 49
12 73 22
9 67 31
28 54 12
81 87 2
28 70 20
63 92 2
46 94 10
26 65 48
35 64 7
59 78 31
62 71 34
58 76 33
3 66 23
8 44 34
68 84 5
36 83 49
87 97 32
11 11 52
67 92 0
47 70 40
59 79 57
29 65 57
23 89 21
68 92 32
65 73 54
13 54 5
72 82 49
70 72 58
58 90 33
75 91 6
29 58 58
2 45 49
13 65 20
61 89 26
11 56 5
15 53 15
79 79 53
71 77 2
14 57 11
1 7 16
53 75 20
1 34 21
57 70 52
23 32 5
14 74 48
37 88 56
49 67 33
47 77 36
54 84 29
45 97 47
59 67 4
72 91 50
20 78 2
0 57 31
84 84 52
29 74 24
51 75 49
74 84 48
11 81 5
22 59 42
11 14 3
20 79 28
46 98 17
21 68 52
69 78 30
28 81 56
61 83 21
36 72 53
56 99 20
14 20 11
37 49 23
19 32 36
89 96 26
17 51 51
81 83 14
69 77 55
4 63 53
50 76 39
58 92 12
7 27 27
39 89 28
75 95 31
6 59 34
27 53 58
8 88 34
69 80 31
65 70 28
19 77 21
40 81 25
36 97 18
74 91 35
8 41 19
77 83 23
3 6 35
61 61 12
31 96 42
49 53 40
86 91 37
50 53 38
58 68 25
44 77 22
31 49 46
4 81 5
18 22 11
23 43 4
39 97 54
71 90 49
26 97 5
15 71 21
70 92 26
18 35 5
61 97 36
86 89 35
34 62 60
47 60 27
54 88 0
66 78 44
6 37 55
47 58 27
67 94 36
83 91 53
13 61 10
43 58 36
88 97 43
84 85 31
93 94 59
11 23 11
24 38 53
23 48 8
27 78 16
33 79 25
27 31 16
55 74 2
30 33 57
5 78 57
4 21 29
40 72 4
62 79 14
11 73 36
59 97 42
6 68 29
52 77 4
9 63 23
91 94 25
22 69 10
16 90 23
69 97 9
6 94 29
6 63 4
37 41 1
21 73 39
79 98 32
0 10 33
14 99 5
46 79 11
2 25 9
43 81 19
47 59 20
23 37 5
13 72 31
87 98 11
59 83 22
19 36 37
52 80 20
89 99 53
33 66 46
10 58 10
6 11 46
57 74 22
82 90 52
14 84 55
17 71 0
73 86 45
13 90 16
31 47 15
36 66 55
72 96 22
59 85 40
58 74 55
9 25 37
23 75 24
12 21 15
77 92 43
67 97 2
41 96 46
32 36 37
53 72 58
34 56 49
55 78 36
5 38 39
71 83 20
65 77 6
29 30 2
72 81 58
12 57 32
60 70 11
14 44 43
62 72 53
46 72 60
4 87 3
14 30 22
66 86 31
89 98 38
0 87 0
14 42 60
81 82 51
54 98 24
78 89 7
12 46 59
83 96 10
51 51 17
50 64 10
55 91 31
72 84 16
55 89 0
25 76 49
18 21 15
2 55 49
1 58 18
13 81 36
53 58 37
33 85 51
50 55 16
71 81 8
52 62 7
61 82 10
19 65 58
61 66 51
15 90 20
50 58 10
46 95 24
21 52 25
5 33 28
18 78 19
9 83 6
49 80 53
52 69 52
4 27 57
42 83 30
24 27 34
23 34 1
33 78 14
53 54 42
34 97 26
71 94 55
9 21 20
56 88 11
65 72 29
71 93 32
18 30 54
39 66 37
88 96 50
67 73 26
27 28 8
22 92 35
6 77 45
19 38 47
26 39 25
25 44 9
68 90 57
45 82 57
44 44 4
48 83 31
22 61 29
24 84 47
28 47 44
39 65 4
61 62 7
74 90 8
46 53 16
74 87 50
19 49 40
32 32 0
64 93 53
87 89 12
9 33 34
66 85 60
19 53 50
7 40 27
79 83 25
27 59 59
39 48 29
65 91 52
3 5 51
85 88 54
22 24 47
54 72 6
49 63 7
62 89 0
63 82 44
52 53 34
75 85 51
13 30 17
87 96 8
70 87 47
72 86 57
6 81 11
59 81 8
72 80 54
37 66 45
31 35 6
70 76 4
46 78 34
29 44 8
38 38 2
0 40 38
24 63 10
38 64 43
69 93 49
10 53 9
14 87 47
27 57 49
84 96 17
89 89 9
17 90 23
7 88 14
0 55 26
1 53 3
44 45 40
77 94 59
23 30 38
5 99 28
26 31 36
9 26 5
71 80 36
58 61 23
46 54 6
57 59 18
28 50 41
50 90 9
4 30 49
79 88 10
19 94 36
83 99 37
46 63 25
52 82 47
47 94 46
76 85 57
11 19 3
28 85 12
12 61 15
79 80 3
78 79 56
36 64 2
46 59 20
26 60 41
39 51 47
49 95 15
80 96 27
13 66 20
67 89 56
87 93 58
94 94 27
19 78 52
31 48 13
52 74 60
19 68 50
78 78 54
53 97 46
32 49 22
36 94 23
29 80 24
10 84 18
55 85 60
27 69 49
49 91 54
10 89 54
45 59 8
41 56 38
73 82 49
24 99 16
31 65 53
23 90 1
36 68 8
15 33 18
42 50 27
25 57 9
59 84 18
28 60 52
40 42 16
38 85 10
9 58 20
13 97 29
20 68 3
49 90 58
37 79 57
29 95 33
40 77 46
18 36 23
53 57 19
87 90 28
2 15 44
56 66 44
57 91 38
20 88 39
29 81 57
41 48 7
46 99 44
47 75 29
31 32 4
66 71 40
37 92 47
59 63 59
42 76 32
0 58 26
36 65 22
48 78 47
66 77 51
20 43 21
20 59 3
66 93 48
1 26 37
25 52 11
66 82 42
3 15 51
34 99 27
77 79 11
60 98 42
49 49 30
74 78 45
69 83 29
68 71 20
7 17 42
44 88 32
15 78 54
20 98 35
72 99 1
53 69 10
64 99 44
52 61 32
10 19 10
48 98 46
75 99 23
27 97 50
8 67 24
44 86 47
16 17 18
28 89 44
32 91 49
70 91 9
41 49 9
33 46 12
43 77 51
39 49 33
37 48 57
62 63 51
11 84 11
42 87 2
1 95 51
67 68 57
43 70 19
23 95 30
34 59 33
8 33 42
53 70 33
55 69 26
48 69 15
32 33 23
41 54 48
48 75 25
18 50 8
15 36 49
46 49 0
31 98 15
27 67 59
5 45 49
20 66 1
76 83 50
22 98 10
86 86 6
53 63 24
61 74 8
2 20 16
67 77 39
37 94 57
72 95 35
35 99 0
38 62 22
24 93 7
86 98 2
64 69 33
24 57 17
19 19 58
43 89 40
82 86 20
56 79 15
66 81 17
17 50 7
46 67 57
60 82 17
21 71 5
16 96 43
14 26 31
68 93 19
44 96 4
28 98 17
6 40 37
22 34 28
44 83 2
60 75 12
35 88 26
47 84 15
40 83 37
50 56 24
82 96 59
14 83 39
12 71 54
10 66 42
39 63 30
31 56 3
83 90 33
23 79 47
4 74 31
11 52 32
48 89 6
19 22 39
56 74 57
66 74 55
6 17 9
16 58 18
49 94 51
21 33 46
41 71 11
53 62 13
24 91 37
43 62 58
21 80 20
42 95 43
86 88 22
80 83 54
58 81 32
26 69 29
88 95 34
42 74 56
2 82 12
5 94 13
67 93 9
23 54 26
61 91 19
50 79 29
2 53 23
84 98 50
45 78 29
11 90 46
31 91 4
21 83 19
16 98 20
9 51 1
4 82 27
0 20 52
82 88 39
2 27 51
21 38 53
18 40 36
58 65 7
18 51 1
2 31 18
51 65 35
28 69 47
16 33 24
1 88 16
91 92 41
54 62 25
57 93 42
47 68 45
9 49 29
21 95 45
65 82 58
17 35 10
77 84 4
59 96 6
15 60 1
82 94 12
42 65 21
85 97 42
64 89 60
19 98 9
59 65 29
53 95 60
10 51 17
68 81 53
56 72 4
39 64 55
0 63 9
72 98 15
95 97 41
51 94 31
43 56 52
35 43 37
88 93 47
56 62 11
3 11 9
2 92 55
29 83 15
11 85 45
66 89 51
68 70 54
3 30 43
9 12 41
66 97 26
47 96 36
69 91 43
41 67 59
17 84 57
60 73 53
15 76 31
79 92 32
30 58 19
38 74 22
10 76 44
15 20 33
38 52 31
57 78 54
67 86 27
7 37 12
20 26 3
46 73 42
14 34 43
24 88 40
73 74 18
65 93 42
16 60 46
31 51 46
62 69 33
59 99 41
28 90 3
54 60 54
42 58 46
34 63 55
12 36 6
3 43 53
27 56 2
15 18 42
60 92 43
70 74 11
42 70 45
50 50 55
75 77 31
37 46 40
44 82 37
8 56 50
44 76 35
26 57 43
7 20 31
7 79 1
45 79 59
44 62 44
63 88 13
47 62 35
32 41 31
36 81 52
71 96 20
76 84 58
13 18 12
65 68 42
33 57 25
50 61 53
46 71 18
21 85 21
22 65 57
57 62 30
58 99 49
41 87 20
19 99 44
44 66 43
33 59 52
61 65 32
75 87 33
7 95 14
24 90 50
42 79 22
54 58 33
80 97 49
2 24 38
40 59 52
52 70 10
9 20 24
80 85 2
41 57 30
6 97 16
28 72 20
57 94 18
75 81 3
20 57 29
52 83 40
7 38 42
11 45 41
56 84 47
19 86 36
14 18 31
57 61 22
89 90 29
67 95 23
25 26 42
8 94 0
54 90 48
10 60 49
13 27 33
54 55 28
43 93 17
85 92 0
65 83 27
51 56 58
34 35 3
91 93 29
72 88 23
11 27 40
60 87 12
50 75 56
6 61 48
30 80 34
70 85 11
41 47 33
58 75 49
57 71 10
71 72 1
27 49 48
44 65 49
57 75 32
0 45 40
2 96 59
8 17 59
65 99 51
71 86 45
45 49 3
61 84 19
60 91 47
26 41 60
71 85 28
0 90 6
46 46 40
6 50 58
73 79 0
36 46 13
34 88 36
2 50 37
31 94 23
81 92 50
5 12 32
46 76 36
46 55 15
14 55 19
18 53 39
44 91 6
12 62 37
43 68 17
2 19 27
4 66 10
25 27 17
23 74 39
20 92 24
52 56 22
35 78 5
36 52 46
42 60 25
53 98 7
13 64 27
61 90 49
16 82 30
26 32 46
68 85 2
31 46 35
64 83 52
41 90 60
26 35 43
88 90 34
40 60 51
12 40 13
83 85 22
35 79 60
21 44 55
39 69 57
86 92 43
26 38 40
52 97 48
61 75 51
77 96 17
20 77 22
39 92 16
64 84 44
28 32 13
4 46 3
2 64 0
83 92 5
34 98 34
57 60 2
42 81 59
11 26 11
21 53 13
66 70 4
41 53 43
1 64 47
6 96 58
27 61 38
23 31 53
29 94 60
15 37 41
73 78 46
42 73 53
63 80 50
27 79 58
36 47 21
15 98 58
53 83 23
14 76 53
78 94 51
57 97 33
29 99 44
13 13 2
22 86 19
23 26 46
35 56 50
53 74 49
16 79 27
64 76 51
47 78 36
34 45 25
64 98 21
58 84 21
24 25 10
28 31 17
5 30 40
22 99 57
65 90 40
12 29 9
30 79 44
8 47 35
15 83 60
36 89 36
76 95 34
17 63 5
23 66 23
10 41 41
55 72 3
69 86 37
22 57 8
10 67 9
46 60 24
26 80 15
67 87 1
49 71 55
30 75 44
42 84 50
48 81 54
51 71 35
18 55 58
46 69 6
36 42 42
34 82 2
6 41 33
68 75 51
68 74 12
82 92 37
72 90 12
33 35 43
34 81 44
51 99 46
54 69 27
17 43 7
17 55 27
88 91 46
54 75 57
33 80 3
64 86 36
38 47 33
25 42 16
46 58 37
31 69 46
61 70 39
68 99 57
77 77 25
32 58 43
62 92 9
42 49 58
29 36 2
53 68 12
10 62 25
56 89 1
18 63 34
62 87 12
39 90 20
89 94 56
12 63 58
11 13 25
11 61 44
19 59 18
58 67 14
58 64 57
0 36 50
61 71 18
16 81 19
47 90 7
6 45 46
27 44 26
17 64 19
64 94 30
0 98 44
49 69 20
63 70 49
8 70 1
6 42 51
20 48 25
50 97 39
61 67 6
34 42 4
45 56 32
32 35 33
9 88 45
73 85 43
0 80 44
74 79 15
0 14 0
29 90 23
28 67 21
13 87 20
0 99 55
12 35 7
6 24 59
65 88 14
31 62 19
7 64 34
68 76 39
69 79 33
3 81 10
1 85 54
4 61 21
45 54 44
35 60 17
21 67 7
78 92 13
79 81 53
50 60 20
7 69 18
42 72 45
56 87 48
59 93 26
27 60 57
47 74 36
15 51 17
42 91 32
22 26 54
1 79 14
31 73 29
20 62 37
46 62 38
20 31 12
3 48 58
49 97 51
21 47 19
31 70 29
4 71 42
74 76 7
33 50 49
30 52 33
32 60 15
18 43 28
78 99 56
31 59 23
9 19 17
28 57 14
74 89 15
31 45 13
24 71 41
80 89 50
20 23 12
76 87 47
9 75 42
10 29 45
3 19 58
25 84 1
47 83 36
12 86 34
28 80 30
75 96 31
70 75 51
5 57 1
5 83 48
1 17 48
85 98 54
7 49 13
33 77 49
2 78 54
10 46 10
68 87 10
70 73 6
19 83 47
53 64 60
54 71 26
7 43 22
25 33 55
24 98 33
46 81 3
45 51 31
7 57 9
33 75 24
40 66 8
36 71 32
10 95 50
35 96 37
25 94 28
33 73 53
49 76 33
13 55 16
20 81 40
9 45 27
34 49 8
11 50 60
10 52 3
44 60 33
81 98 9
77 82 23
11 79 10
83 88 9
40 74 26
49 78 4
6 31 23
1 86 33
65 80 24
25 96 51
38 93 27
10 39 9
43 92 18
55 68 28
32 61 15
75 78 0
12 42 21
79 82 17
30 87 55
62 70 14
10 17 35
13 53 8
18 71 43
49 82 12
14 33 56
35 41 1
8 12 48
7 41 42
19 48 8
13 89 52
48 70 30
33 70 12
63 93 52
20 46 46
50 92 54
76 94 38
60 72 57
32 38 15
64 78 16
44 92 60
43 75 29
45 94 43
25 83 18
28 28 0
6 83 53
0 28 26
36 51 42
26 85 1
1 19 18
72 73 8
26 72 32
5 73 18
48 52 50
52 81 47
19 87 26
27 48 53
0 22 50
32 45 40
42 89 14
66 79 14
3 35 14
1 56 18
0 83 35
79 97 38
31 41 18
9 50 51
17 76 59
8 93 55
32 62 43
23 93 18
63 66 51
35 35 47
2 85 12
16 94 25
26 81 35
2 74 8
35 48 31
13 42 33
68 78 37
58 58 45
7 63 58
68 73 30
32 53 39
24 89 9
55 93 56
48 73 0
25 41 10
21 23 34
25 68 45
6 76 49
48 76 13
5 27 23
51 78 2
4 72 6
70 96 30
10 83 47
8 36 12
83 93 58
71 76 42
45 75 35
14 24 16
3 22 56
41 98 13
2 12 22
73 81 40
23 39 9
15 93 4
57 73 3
34 83 49
26 77 19
80 95 59
77 78 47
56 83 27
65 85 49
24 73 30
70 83 31
38 77 51
38 84 11
56 98 58
49 70 30
12 74 16
22 49 20
18 26 28
82 83 29
39 40 40
4 65 37
63 90 38
67 67 4
25 25 37
75 90 9
63 63 8
27 55 0
3 40 10
42 67 44
33 37 41
2 34 10
40 75 54
21 29 0
15 75 44
5 80 40
51 55 49
62 80 20
62 85 31
45 85 50
32 74 15
22 41 0
10 20 59
15 91 11
7 98 7
25 53 15
14 36 47
59 88 39
66 98 7
69 90 19
34 93 56
24 86 42
27 89 44
33 86 40
81 93 34
17 52 11
86 94 27
83 84 57
37 85 45
51 95 10
4 58 23
6 89 24
51 87 52
16 46 6
20 82 36
9 99 34
31 83 25
39 83 23
8 76 55
14 98 44
6 66 40
76 92 60
57 83 48
49 81 50
29 91 26
50 51 48
8 59 13
9 82 13
17 78 2
15 16 26
35 86 29
21 31 58
4 94 11
64 73 33
64 67 31
51 80 6
12 64 13
59 68 40
40 40 22
25 54 30
11 57 39
50 62 22
15 42 13
35 66 39
33 64 15
18 94 52
8 30 14
2 65 43
53 84 25
49 61 48
43 98 15
50 98 28
48 79 4
65 95 26
84 94 17
69 89 17
75 93 9
66 90 57
11 59 50
28 38 55
56 63 20
48 67 33
4 55 14
29 35 10
10 47 19
40 82 48
62 96 50
17 25 16
52 68 40
28 97 16
9 56 8
3 4 19
4 8 23
16 39 5
64 66 8
40 62 12
47 56 3
35 62 28
53 93 47
37 64 59
64 79 48
14 45 35
54 70 6
42 88 51
6 71 8
31 68 52
74 98 32
21 58 39
23 27 34
33 94 58
6 64 41
37 89 7
62 77 57
35 53 55
17 65 31
17 31 31
71 71 30
69 69 7
9 17 9
43 54 22
14 19 14
33 34 60
75 88 35
18 44 19
15 57 36
24 52 7
1 38 16
1 46 3
8 78 23
57 82 22
35 49 24
78 86 52
12 94 41
67 91 15
47 53 54
46 77 58
56 76 50
53 67 19
54 64 9
7 15 21
3 91 56
48 84 22
25 31 22
14 47 39
52 84 8
26 34 53
74 88 18
37 99 56
12 70 12
30 76 47
17 28 19
43 43 15
58 82 19
5 29 3
41 86 57
31 90 32
55 94 50
16 19 21
7 56 3
54 81 41
7 11 23
50 82 48
50 85 42
0 65 49
0 76 17
54 78 16
71 82 1
69 88 38
0 62 39
43 48 21
33 54 6
18 20 20
61 68 37
13 56 3
36 87 44
58 72 19
25 89 42
56 58 53
11 71 14
29 88 43
10 57 24
49 99 6
62 64 54
9 89 40
9 97 31
33 76 19
3 36 27
81 90 44
62 74 22
45 60 46
51 88 18
49 56 36
22 95 54
52 55 17
33 82 54
58 66 47
10 15 35
3 80 12
14 61 22
13 62 21
36 69 45
7 55 53
11 30 0
38 92 25
84 88 52
27 30 14
19 34 6
3 44 2
41 46 54
15 94 16
38 97 26
68 95 33
65 71 47
55 84 3
15 46 28
77 90 37
34 80 31
68 86 17
29 34 45
23 76 11
31 85 25
43 76 31
6 32 13
80 87 11
8 46 33
65 81 26
12 17 12
8 22 35
67 85 50
28 66 49
41 80 5
34 57 7
91 96 6
79 94 16
42 61 43
18 84 41
51 89 27
38 61 42
44 68 45
46 85 24
81 89 4
56 73 43
82 95 32
83 83 54
49 86 52
13 48 11
37 90 7
21 48 26
2 32 40
2 3 8
53 53 8
51 76 46
34 58 48
4 84 46
28 78 44
83 87 51
31 79 30
44 81 49
31 44 1
81 96 17
17 44 47
86 90 4
77 80 26
42 93 24
6 28 31
61 78 7
27 41 40
77 95 33
40 56 48
27 35 27
7 7 60
23 38 29
38 60 15
59 95 12
75 86 5
41 94 1
70 90 41
38 86 36
59 87 36
87 88 12
77 87 44
53 65 37
18 45 51
32 80 19
3 76 16
80 80 48
31 63 12
11 89 39
10 27 24
62 99 17
15 87 58
25 77 10
26 30 11
8 83 14
6 58 16
16 42 48
30 39 30
32 51 15
3 20 2
76 91 4
17 48 30
64 95 45
68 89 32
39 52 39
31 39 21
18 61 42
12 77 23
66 92 14
15 82 49
8 82 10
34 61 27
1 14 59
0 94 17
50 71 52
37 58 41
29 77 53
46 51 52
44 99 11
22 25 57
18 28 58
64 65 43
27 72 38
73 88 18
52 75 21
62 66 54
0 44 56
11 54 47
30 56 19
37 76 21
36 63 13
31 60 27
37 37 56
7 81 2
9 61 49
55 65 55
50 70 56
9 77 44
44 95 45
6 84 17
79 96 29
26 67 52
70 95 10
19 24 58
40 48 43
3 23 59
35 72 31
51 83 30
23 42 53
41 89 28
24 78 49
7 65 35
59 60 43
27 66 3
4 76 5
40 76 33
35 87 26
82 98 6
2 4 43
36 37 45
89 93 12
39 93 33
19 84 3
38 48 25
37 61 18
7 47 35
4 42 6
22 64 7
0 27 11
15 84 3
54 89 4
27 93 8
22 35 25
68 82 33
60 69 44
3 95 31
4 23 19
70 77 37
49 74 17
39 46 2
2 16 12
30 94 12
74 99 60
58 83 9
8 77 5
69 75 1
0 78 28
33 81 18
15 38 35
71 89 30
41 58 51
43 64 15
21 97 29
24 37 18
33 53 12
76 93 36
17 89 7
30 66 31
77 91 32
62 83 42
6 18 36
13 36 47
39 53 41
62 68 47
61 69 25
43 73 7
44 93 2
4 15 46
31 81 10
81 99 48
0 30 43
1 5 33
36 48 29
65 94 41
7 96 28
62 81 24
16 95 2
37 68 55
16 43 16
17 41 37
5 9 20
29 62 31
1 54 11
44 53 44
67 88 46
18 79 50
64 75 26
3 89 37
19 70 11
49 57 48
26 52 31
10 86 13
38 49 3
2 26 25
22 79 31
52 85 43
20 45 8
23 85 58
83 97 18
25 98 24
83 95 28
7 92 52
30 54 57
29 73 23
70 99 55
41 63 20
80 82 14
18 34 43
15 99 1
6 54 56
41 55 31
13 15 22
7 30 32
10 74 43
42 52 15
22 81 19
6 74 40
10 34 8
6 52 14
52 78 27
48 61 24
44 56 27
40 84 2
62 62 17
76 79 58
54 87 17
25 78 1
19 44 51
48 51 1
5 24 31
5 13 48
55 61 40
1 47 49
11 78 5
10 93 50
20 70 27
10 70 18
8 75 45
37 96 51
29 46 58
65 74 12
58 77 40
50 65 26
68 88 17
12 59 2
54 93 20
22 27 35
64 91 35
18 83 10
28 63 17
15 58 57
38 65 32
73 98 27
63 72 59
30 99 2
28 36 38
1 52 49
36 62 48
36 49 23
78 87 20
41 50 47
30 42 22
24 62 15
40 47 51
12 20 9
8 42 59
37 51 59
58 80 3
82 97 32
16 37 0
35 90 45
35 74 60
84 91 32
14 78 13
45 48 7
23 60 2
49 83 26
3 47 43
11 43 9
3 46 0
6 55 59
5 5 18
32 84 11
50 59 45
63 85 14
18 67 44
58 91 41
19 61 45
38 98 31
12 24 19
31 42 60
51 85 40
8 24 27
7 24 57
23 51 18
5 58 52
24 58 34
45 83 50
62 67 57
55 59 33
29 50 29
41 65 60
24 64 20
70 89 18
16 73 46
49 72 34
33 41 1
47 57 32
63 84 31
74 94 58
22 29 51
61 92 31
22 22 19
21 25 2
68 77 40
49 50 47
4 33 20
59 62 47
87 92 27
18 66 53
69 94 13
27 40 13
14 82 13
1 30 55
34 79 58
14 35 30
13 26 33
0 49 3
25 71 42
5 26 58
45 53 45
26 53 53
1 77 1
20 63 8
1 49 25
1 59 25
76 77 15
33 47 53
60 68 50
70 93 45
76 99 20
67 72 29
31 34 6
33 90 29
26 95 54
30 74 48
50 80 10
64 90 12
13 60 17
29 84 32
48 56 59
19 97 19
26 47 25
7 73 8
60 85 60
50 96 22
66 66 10
25 67 2
65 84 51
80 94 36
40 78 19
68 96 0
10 99 55
51 54 40
55 71 9
60 86 26
30 69 23
26 59 34
14 46 22
15 45 39
45 46 4
32 54 53
27 90 22
71 84 27
13 38 43
12 95 4
46 83 42
18 41 38
34 96 42
11 48 23
4 68 53
51 68 16
24 46 41
30 32 52
40 94 53
4 88 9
26 84 11
17 91 60
48 99 59
25 38 23
57 86 41
24 53 21
19 40 25
37 57 49
57 98 16
56 69 40
37 73 27
7 93 35
32 64 57
31 75 6
57 88 30
16 52 30
45 63 41
67 74 54
3 99 33
28 82 60
23 80 17
3 60 59
12 81 29
26 86 15
59 98 54
58 95 32
30 45 16
39 72 45
42 53 38
10 91 35
22 70 53
18 31 10
24 92 14
4 34 14
65 92 20
54 79 58
2 54 58
9 22 1
9 96 41
55 77 50
64 64 42
18 76 35
66 75 16
5 31 53
3 82 46
16 69 30
74 93 22
27 45 29
23 91 29
69 99 24
53 85 30
52 99 53
51 82 3
13 68 35
6 85 52
32 93 0
23 23 15
70 86 55
14 59 8
57 85 6
2 21 49
3 18 36
18 69 55
69 87 24
40 88 14
32 65 3
2 35 54
23 64 47
15 19 39
17 81 58
23 86 48
63 87 44
69 71 4
25 91 8
6 49 50
40 46 20
4 89 46
71 87 20
7 26 27
26 68 27
12 23 23
24 51 4
31 89 24
7 32 16
67 80 42
45 96 55
9 47 39
20 61 18
16 99 25
20 84 27
27 29 21
14 48 26
24 26 16
54 73 21
69 85 17
20 22 12
21 32 51
51 62 44
4 99 17
26 50 11
1 69 54
48 77 9
29 57 0
43 91 50
1 16 19
45 65 2
7 94 10
37 83 52
5 43 29
0 26 5
11 93 14
24 33 58
20 87 13
27 65 48
3 27 60
21 24 54
35 59 31
54 86 48
29 42 58
7 82 6
39 47 15
57 63 45
55 63 39
30 67 7
76 78 2
9 55 56
42 78 17
13 31 1
80 88 56
15 64 46
87 87 48
64 82 34
15 26 44
53 86 60
26 89 38
51 53 9
5 92 7
7 21 11
35 81 52
35 65 54
28 74 23
55 66 24
12 48 56
30 61 36
44 54 31
78 80 30
12 69 16
55 60 52
31 58 24
0 97 37
48 50 49
1 96 55
38 53 22
34 92 13
25 87 33
58 79 47
58 71 24
4 31 19
32 75 26
7 59 48
38 69 29
45 87 24
9 13 55
30 50 43
71 78 52
11 35 52
16 80 28
48 58 47
19 54 10
22 83 12
81 81 46
16 91 30
3 69 23
40 58 40
12 41 15
56 56 21
47 52 32
38 66 5
9 35 7
40 87 4
3 9 33
19 66 42
38 80 52
0 25 33
27 84 48
11 55 0
26 58 34
26 44 10
63 74 31
17 18 36
42 59 10
20 99 6
35 92 47
23 47 1
10 54 45
1 2 55
4 79 2
63 95 43
29 97 7
70 82 1
68 68 51
14 28 60
36 56 33
30 77 19
11 65 30
29 39 37
13 57 34
11 36 6
36 78 19
12 80 0
9 39 4
24 36 11
0 38 26
6 65 45
75 98 58
29 85 22
34 72 33
79 86 41
19 29 38
6 8 25
52 65 8
0 11 35
60 96 32
28 59 19
51 86 31
2 7 30
22 37 22
24 28 50
71 95 0
21 30 44
84 89 58
56 93 11
10 82 39
25 45 13
76 76 40
50 78 4
44 58 45
42 69 31
40 63 58
35 61 29
49 88 1
75 89 8
34 67 0
28 44 22
10 56 34
11 69 0
17 32 42
11 49 56
36 45 13
37 93 7
6 79 13
8 73 44
10 40 28
19 67 17
29 76 29
50 88 29
44 57 42
27 75 52
13 46 30
77 85 60
20 60 54
13 76 11
12 93 4
8 45 32
18 49 11
29 54 60
21 49 18
37 69 44
45 90 22
4 48 16
20 85 17
44 61 5
51 64 23
20 28 10
8 29 31
43 53 1
9 95 21
25 62 9
15 89 36
23 87 27
9 40 5
13 37 59
38 94 14
93 99 44
0 24 13
1 91 56
6 69 28
12 47 47
5 69 21
27 98 25
53 79 33
12 79 21
33 51 34
12 66 40
24 48 13
16 84 32
18 98 50
25 63 12
37 70 47
18 27 35
52 90 1
70 78 21
42 62 40
23 73 35
33 92 52
0 33 31
12 45 43
56 64 60
44 59 20
30 30 24
10 49 38
25 99 36
49 77 18
0 59 7
14 38 18
56 71 23
7 19 41
4 50 43
74 81 26
66 68 57
8 23 4
7 23 17
63 76 1
16 74 21
8 84 8
10 65 8
47 48 49
26 55 23
51 69 55
2 86 32
27 34 35
51 52 10
32 48 56
21 66 45
47 49 15
18 99 46
50 72 21
1 66 25
10 38 47
54 95 31
30 68 21
43 79 30
55 58 54
49 89 22
66 87 36
27 80 60
44 73 33
33 95 11
0 50 27
15 66 59
19 41 30
11 67 31
9 62 10
20 37 56
0 88 2
44 79 57
71 99 38
53 66 38
30 88 7
45 57 31
56 57 2
9 72 56
23 49 17
3 25 60
9 74 53
18 18 0
63 77 59
19 31 14
10 12 7
29 96 0
0 82 40
33 97 0
0 43 36
15 59 60
34 39 46
32 47 33
6 30 1
3 45 14
55 70 46
75 94 55
73 93 15
66 69 55
1 60 6
6 47 57
0 6 36
56 68 32
22 85 31
18 90 18
31 88 27
35 98 49
48 63 56
14 62 42
47 91 51
2 22 43
54 99 24
19 60 45
45 98 10
52 89 36
54 74 6
1 22 49
16 77 30
15 25 56
22 68 4
5 81 55
59 59 51
8 38 24
63 91 16
14 85 2
30 78 54
60 67 26
23 59 40
0 42 22
4 78 16
18 91 44
3 78 48
45 99 40
40 98 28
13 50 45
26 48 1
72 85 55
26 82 7
13 33 50
20 72 54
5 39 13
43 78 13
25 97 15
29 64 5
24 30 39
4 97 31
8 61 17
32 46 29
13 41 57
12 19 15
68 72 49
49 59 26
26 28 25
4 32 24
5 97 1
13 94 3
7 28 31
3 77 57
18 39 32
12 12 33
8 32 5
11 74 53
11 92 13
4 77 17
9 46 52
10 75 11
42 86 3
22 43 58
17 77 48
41 76 58
25 75 7
1 33 10
16 22 44
34 90 7
12 28 11
1 87 7
16 88 51
30 38 45
41 82 28
38 59 8
37 98 6
79 91 2
24 75 43
32 71 2
31 33 4
14 63 35
5 87 35
28 62 33
21 65 9
0 0 22
34 34 37
19 55 10
45 69 11
52 52 48
4 9 13
54 83 9
4 62 58
32 44 59
14 50 52
27 74 22
2 41 37
51 84 8
53 78 59
51 63 8
28 45 30
6 92 50
12 99 5
24 44 11
6 6 43
32 56 32
18 93 52
72 77 28
38 44 58
61 86 26
18 80 23
0 18 32
3 63 7
4 45 22
11 94 55
47 67 8
41 83 51
47 95 20
44 80 1
56 78 49
25 37 28
20 86 25
9 44 23
31 54 33
21 82 16
22 51 18
25 93 46
40 95 4
51 90 47
19 88 16
19 30 38
52 93 38
29 82 40
57 72 47
19 71 13
32 42 29
46 68 39
21 79 14
5 41 48
44 98 4
50 83 4
42 55 26
79 90 24
36 86 16
45 95 56
58 69 23
47 51 13
49 73 39
58 98 10
31 71 56
50 84 33
3 94 24
1 65 30
8 35 49
40 85 55
14 73 42
26 42 58
10 33 7
15 35 50
39 96 18
29 38 59
47 47 0
55 86 25
16 26 34
37 75 45
28 40 9
43 90 32
34 78 23
36 98 1
59 76 16
47 61 27
30 47 56
28 87 4
23 99 13
47 98 3
5 67 0
59 61 24
8 11 27
26 98 0
20 73 7
6 78 33
35 69 40
24 81 43
81 91 17
15 24 33
8 51 57
56 80 8
12 91 7
10 11 21
41 66 40
5 50 6
24 60 17
8 39 38
73 94 16
43 44 17
29 66 15
39 42 43
23 78 3
6 27 34
6 51 34
2 75 5
8 68 44
5 11 7
11 34 30
70 94 43
31 72 11
12 18 44
42 57 9
10 68 43
10 98 15
21 41 16
75 83 49
60 79 8
37 97 17
2 98 19
46 86 53
55 97 38
11 41 57
44 50 19
12 38 35
6 35 55
22 40 27
4 4 37
16 61 58
52 91 58
21 78 8
56 70 49
31 99 5
32 73 54
27 91 22
47 54 21
55 95 38
58 89 45
22 39 15
47 93 51
30 98 59
39 76 18
61 96 48
49 75 48
28 86 26
26 49 50
38 51 19
49 54 37
19 43 21
4 57 27
17 30 19
39 98 52
47 64 42
10 32 1
28 29 5
44 85 27
59 74 12
80 93 15
54 96 34
47 97 2
0 17 4
15 41 1
17 29 57
61 98 13
70 81 20
45 61 17
36 77 39
13 96 26
41 74 31
11 15 14
7 85 54
20 89 16
21 59 55
50 52 25
36 54 16
48 97 36
5 47 5
34 38 27
16 48 43
35 36 54
10 31 14
41 59 24
44 48 33
59 73 18
2 57 22
8 95 59
49 65 36
54 94 49
24 42 28
65 97 43
52 95 24
27 32 7
8 14 31
11 70 12
45 52 5
15 54 48
9 41 39
18 56 8
33 83 11
66 72 54
46 47 20
48 96 22
23 44 40
63 97 24
11 53 10
45 64 10
14 68 19
51 57 36
31 55 10
33 89 43
1 8 17
2 69 21
35 70 46
60 93 3
73 96 9
25 72 33
37 91 3
27 62 28
5 53 15
29 89 16
9 31 55
19 96 59
55 55 42
21 77 45
28 79 3
20 83 24
24 85 27
5 60 35
9 69 33
67 84 35
27 33 57
9 78 53
13 99 0
39 84 3
26 45 27
56 81 40
22 30 42
32 40 22
57 76 32
45 50 7
38 55 14
5 71 31
11 75 33
5 82 3
31 64 22
27 58 54
29 37 46
31 74 31
30 70 24
27 54 23
32 83 49
50 94 27
18 74 50
12 83 17
41 64 48
30 93 60
47 72 49
5 55 35
7 50 2
28 49 3
41 75 3
4 44 15
12 89 5
38 89 51
36 38 11
6 43 51
33 38 29
65 67 24
42 75 42
14 90 22
39 61 0
25 74 42
5 16 41
35 80 17
82 93 42
23 55 47
39 68 51
42 98 37
52 96 39
57 58 9
55 73 30
16 71 42
49 60 5
29 52 18
9 93 43
25 28 54
11 58 21
17 87 54
9 90 4
26 26 41
40 90 52
3 41 46
29 47 38
24 49 56
13 16 29
22 63 17
51 74 8
7 99 18
17 42 34
22 78 19
43 50 36
26 78 21
16 68 13
20 95 59
45 80 23
19 46 11
36 80 33
20 30 35
0 13 51
30 46 39
25 47 11
18 64 10
57 87 27
19 89 32
14 14 1
21 39 15
39 94 27
9 86 47
14 75 29
41 78 5
21 94 9
46 87 47
61 93 49
22 74 32
26 70 8
28 55 12
80 92 56
30 86 22
57 67 36
29 71 58
14 93 39
49 85 33
21 98 11
76 81 54
31 92 51
11 42 3
12 54 12
31 53 45
9 59 22
22 96 42
2 63 41
29 33 10
39 80 6
52 72 0
14 32 18
40 53 46
11 40 31
41 93 45
39 45 50
32 78 3
9 71 14
27 71 57
49 68 57
28 56 38
43 95 27
60 81 46
18 86 42
29 72 45
37 81 8
45 74 18
55 79 39
36 96 18
14 66 40
7 54 12
3 14 46
52 71 16
17 47 38
3 26 28
3 53 60
47 66 10
23 41 18
32 72 2
37 80 57
27 88 9
2 10 40
18 24 46
0 71 54
8 52 0
26 27 45
10 21 38
35 94 24
11 18 12
15 44 25
28 33 39
8 31 1
27 81 54
10 85 33
2 90 12
32 82 50
50 86 42
20 74 53
4 20 42
13 51 42
5 48 7
8 48 25
17 69 50
67 82 52
7 62 20
28 58 59
30 85 11
35 73 8
30 81 55
5 79 38
74 86 54
6 75 40
28 91 27
42 94 51
60 64 56
9 14 25
18 52 40
49 93 58
36 50 44
19 92 39
21 90 58
21 69 25
6 95 40
7 83 19
17 97 19
31 77 38
19 23 17
3 83 51
7 10 46
43 96 58
43 52 36
15 72 26
47 79 37
21 22 13
33 43 20
36 44 43
13 78 41
62 94 47
2 91 25
26 46 5
28 41 13
24 67 9
18 73 50
1 13 35
17 19 38
4 36 45
43 82 58
13 98 45
43 85 15
7 74 20
50 87 37
31 57 57
34 36 36
18 47 37
3 72 12
38 91 2
12 52 13
1 21 26
34 87 8
58 94 46
14 94 55
16 72 3
42 80 21
27 92 33
59 71 0
24 72 42
48 85 1
20 24 18
12 44 17
62 73 38
55 88 57
42 64 59
33 71 36
23 46 1
31 66 43
20 58 13
13 80 7
62 98 49
36 43 8
16 40 11
28 53 59
26 37 3
39 50 0
21 92 35
17 38 15
71 97 24
4 64 17
9 30 37
38 40 58
11 16 22
16 65 37
2 83 8
7 67 36
13 93 58
56 95 37
12 37 10
54 91 35
25 82 13
52 54 60
35 39 56
57 92 20
56 97 55
64 74 40
61 63 59
51 81 10
9 48 25
10 63 56
21 54 50
13 43 42
35 95 11
24 77 27
33 60 11
15 50 50
4 75 49
28 37 1
10 48 15
34 50 26
51 97 33
62 82 4
64 88 53
17 67 49
52 67 33
30 95 18
83 94 60
19 28 2
66 80 17
46 48 7
36 67 43
23 82 1
51 98 60
48 66 46
60 99 17
53 60 34
30 43 2
12 60 17
8 21 1
39 79 20
37 44 59
37 56 53
1 50 35
8 65 20
1 15 55
11 32 4
16 55 38
28 64 27
26 76 45
15 32 38
2 87 3
24 82 28
71 88 12
25 86 58
3 28 18
44 94 10
14 92 28
7 61 38
48 93 57
21 36 28
64 68 52
24 87 32
69 73 49
16 97 24
2 46 18
47 87 42
34 44 54
38 57 33
41 61 59
41 70 18
18 60 14
21 74 40
75 75 22
51 93 12
48 80 5
2 79 21
36 82 31
21 43 26
21 28 6
9 34 51
32 37 10
42 66 7
46 82 41
30 37 52
4 13 25
4 53 32
17 56 1
54 57 6
40 51 39
43 46 46
7 58 20
48 90 6
53 80 7
17 27 37
0 46 31
8 13 30
68 98 55
80 98 36
44 72 44
32 77 39
15 52 10
11 95 7
4 39 41
59 82 38
27 50 60
30 83 16
13 32 7
25 59 49
9 27 55
65 66 36
40 55 41
34 84 34
22 76 12
44 69 35
17 75 24
20 80 53
36 53 31
12 14 21
17 21 40
37 55 26
3 87 51
35 63 18
31 87 45
5 68 23
22 47 59
6 62 59
20 41 16
26 88 32
2 38 14
29 55 45
53 99 47
19 79 47
12 82 3
19 57 21
16 18 57
22 53 32
24 56 23
17 93 6
53 59 6
25 79 44
29 59 28
14 21 35
32 66 37
46 66 32
1 61 48
26 90 28
11 28 20
1 57 6
12 51 8
21 37 21
4 10 3
8 50 42
5 70 30
47 99 29
25 70 3
39 77 10
66 84 41
4 47 42
49 84 11
38 75 59
0 96 39
33 98 7
15 21 22
27 43 11
3 24 29
56 65 18
32 57 50
0 81 4
7 48 9
16 62 30
9 79 27
5 18 21
23 81 40
36 73 48
19 37 3
13 92 26
4 28 52
8 72 42
37 40 15
15 81 47
0 4 41
31 38 45
60 74 28
12 43 60
4 51 25
5 35 17
19 21 11
13 74 31
7 22 3
34 53 15
2 29 24
2 62 57
50 77 10
52 66 16
72 97 22
37 53 17
47 80 6
64 70 34
10 90 24
13 59 31
15 96 3
12 16 19
7 68 46
0 19 19
9 64 33
35 75 39
0 77 10
1 89 57
1 98 57
14 67 51
38 78 32
26 56 32
9 92 46
8 69 43
5 86 60
17 49 38
33 62 48
43 66 54
12 13 23
5 44 60
57 90 36
15 77 8
39 59 38
34 65 32
41 72 29
48 59 28
15 68 38
2 47 30
23 40 2
55 99 39
54 67 51
11 25 25
36 92 16
5 10 33
43 72 38
41 88 32
37 54 44
32 85 10
1 80 56
45 66 57
30 72 24
36 75 55
10 14 45
19 26 44
35 71 49
5 20 11
40 86 27
20 64 24
36 60 58
29 79 9
16 34 3
5 91 12
45 89 13
41 97 19
13 84 0
45 92 43
8 8 26
27 76 3
25 49 30
43 69 3
6 90 53
21 42 23
67 71 55
57 79 8
12 75 51
15 80 50
3 49 38
28 65 36
2 28 33
71 75 48
10 73 23
7 45 25
44 70 3
7 75 12
6 98 24
58 78 17
15 97 42
14 41 58
25 81 12
8 64 58
19 25 37
25 55 34
16 57 23
15 40 6
18 29 1
8 58 37
32 52 6
62 88 20
11 99 12
38 70 45
11 37 37
5 62 56
64 77 31
5 54 28
53 82 31
47 63 29
45 62 25
11 47 12
23 28 0
19 91 21
21 35 11
11 72 41
0 48 17
1 27 33
29 75 27
22 48 1
1 81 15
36 59 2
41 41 29
63 68 18
6 72 56
8 18 35
40 69 1
24 97 33
2 76 21
25 92 6
17 45 4
25 48 18
15 63 42
40 79 34
52 92 6
22 45 4
20 53 18
14 95 22
43 51 3
3 65 37
29 86 53
23 62 29
18 89 29
17 79 30
31 36 44
23 33 29
15 95 12
18 95 14
1 73 49
22 38 1
68 83 35
36 70 20
1 24 37
45 47 48
28 94 24
58 62 15
28 95 25
26 40 14
0 91 53
42 54 24
54 92 18
8 91 50
55 96 10
41 84 53
6 36 23
24 43 43
27 94 42
13 88 47
12 84 17
17 68 51
10 64 49
56 59 12
30 65 21
23 24 22
9 98 44
31 61 7
63 86 42
32 81 51
6 7 43
16 27 14
48 94 13
23 61 59
20 76 25
13 44 12
22 84 42
50 74 35
30 82 50
37 60 13
18 96 51
10 59 0
1 10 23
2 67 57
11 29 11
60 95 60
71 91 6
2 58 19
14 81 9
9 38 47
1 25 29
4 54 19
7 8 21
66 88 5
17 22 57
4 29 6
35 40 17
14 71 26
49 52 52
55 56 34
59 89 10
46 57 48
43 74 21
79 93 26
38 79 4
28 39 18
40 57 3
30 91 4
33 55 30
58 60 47
10 23 60
25 88 18
25 90 2
80 90 3
22 28 41
4 56 6
31 43 26
37 84 43
11 80 39
64 97 32
65 65 57
19 45 36
23 70 56
78 93 20
48 92 25
10 16 37
18 25 0
0 93 29
43 59 4
20 97 27
1 76 0
39 43 38
48 68 57
8 53 26
2 72 55
30 35 20
3 88 45
74 82 53
8 25 40
62 97 3
25 36 46
41 81 18
28 52 31
45 58 55
31 50 36
0 95 7
61 76 46
27 99 14
28 43 4
45 67 55
40 45 39
24 65 13
45 77 40
14 23 12
24 80 12
33 63 44
1 29 56
1 93 38
64 85 20
5 72 28
24 32 45
34 46 6
39 55 44
3 17 47
25 66 42
16 86 16
44 74 14
2 49 7
27 38 52
41 85 23
37 95 9
10 55 22
14 22 5
0 51 55
14 53 27
7 33 17
38 90 57
1 39 9
3 37 18
38 99 58
65 89 43
10 26 0
5 63 56
2 36 39
33 40 21
10 10 16
52 94 5
51 58 0
20 55 35
8 92 51
36 36 37
33 99 41
32 59 52
18 33 1
8 37 46
44 84 32
4 86 8
23 29 48
6 20 11
3 7 25
10 88 28
21 76 30
18 37 23
25 43 29
10 18 56
22 71 43
22 94 24
5 32 34
35 52 46
1 62 35
18 23 54
57 89 42
35 85 35
23 56 33
34 71 10
21 57 41
6 86 36
48 55 41
3 71 56
61 79 7
42 56 4
17 54 48
33 91 37
9 23 1
59 94 58
30 63 47
19 35 27
25 56 5
30 89 26
2 51 55
0 85 41
29 92 18
21 87 52
28 83 49
11 91 53
30 59 29
3 62 55
33 39 27
30 96 53
32 98 49
25 35 28
9 94 36
24 94 9
19 42 60
60 71 58
50 57 54
52 60 52
27 27 33
5 98 53
21 99 51
74 85 3
12 88 25
49 62 9
20 44 0
11 64 49
12 32 26
38 63 50
6 57 31
46 80 13
28 88 23
3 34 8
35 45 23
14 79 43
7 51 36
21 93 21
18 42 44
6 33 41
21 40 18
0 70 6
3 85 50
27 70 20
30 84 59
27 37 21
16 24 15
13 40 3
34 89 29
0 35 37
25 30 32
63 98 44
31 84 25
1 75 35
28 73 20
34 94 17
5 25 60
1 44 40
69 72 4
1 84 8
10 80 23
3 38 32
14 64 8
30 44 49
14 43 33
43 71 5
29 78 19
14 15 15
66 94 55
19 90 53
44 97 38
23 83 50
53 90 50
12 67 22
18 32 7
10 72 1
26 33 11
23 88 3
44 52 19
2 81 13
3 21 58
23 50 40
16 23 32
27 87 23
16 51 46
9 80 57
18 88 6
16 64 41
22 46 36
42 99 3
20 93 15
15 56 4
23 63 60
55 98 29
8 79 0
21 21 9
30 41 8
25 46 20
4 35 0
3 3 40
4 22 42
69 81 42
9 36 25
53 89 47
49 98 16
15 15 58
26 99 8
19 80 23
31 76 33
4 83 18
2 42 42
15 47 55
23 98 54
16 63 21
40 80 6
39 78 52
29 60 57
26 75 9
5 75 17
41 92 8
35 97 0
31 86 33
55 92 49
22 97 52
2 73 46
42 77 47
5 93 39
2 99 16
40 61 38
8 26 19
1 78 23
7 87 22
59 92 42
0 68 8
14 77 0
4 90 4
7 84 57
23 92 31
32 88 21
55 87 42
56 67 47
39 86 35
46 84 40
22 91 8
30 73 29
32 69 18
7 90 2
32 76 56
34 37 5
78 91 43
12 27 50
17 36 36
39 67 34
13 17 26
3 93 25
32 39 21
8 90 21
11 77 32
18 58 47
15 92 6
0 7 43
34 55 37
33 48 47
40 52 60
22 87 57
10 37 2
48 91 52
17 53 49
3 68 41
2 33 34
20 71 18
31 93 16
8 10 44
25 39 43
62 86 17
17 80 13
2 39 4
58 85 7
23 69 8
38 39 51
15 34 49
10 96 56
20 54 2
18 70 36
46 52 35
1 74 37
29 32 41
41 73 2
39 54 44
11 63 2
43 86 34
26 71 29
16 75 48
36 99 32
8 34 31
17 96 27
25 69 11
46 75 51
26 87 5
13 22 12
19 74 4
21 88 15
28 76 1
12 49 53
51 79 42
62 75 59
0 86 59
12 76 48
27 36 16
0 54 4
10 69 28
35 76 55
4 41 39
38 72 35
18 82 59
27 39 50
6 93 30
32 43 21
4 37 35
19 50 54
26 54 42
12 22 51
38 42 19
28 34 23
40 92 46
34 70 17
14 39 52
9 65 2
3 84 20
17 37 48
41 99 21
22 88 36
27 68 54
48 82 4
4 92 20
14 91 32
41 44 44
21 64 43
