20 170
195
118
130
170
111
159
131
145
184
185
157
191
163
128
118
170
144
138
188
129
0 1 27
0 2 57
1 3 36
3 4 21
1 5 47
0 6 18
6 7 60
3 8 42
0 9 43
4 10 13
2 11 9
8 12 25
8 13 49
8 14 27
10 15 57
10 16 22
13 17 58
9 18 26
14 19 57
10 17 54
3 6 54
12 15 24
1 10 42
12 13 47
9 15 8
2 8 43
1 15 38
14 15 8
12 16 32
5 16 16
13 15 4
9 9 27
12 18 23
6 16 42
11 11 30
11 16 46
7 14 43
1 8 12
3 3 18
3 11 41
7 13 46
4 6 3
9 11 55
11 18 12
18 19 28
4 7 27
13 18 59
18 18 50
6 14 26
11 14 19
7 19 45
8 11 60
6 8 36
8 16 36
4 17 20
16 17 15
11 13 46
13 19 45
17 19 16
11 15 33
2 9 21
2 5 49
2 18 27
16 16 7
0 11 1
3 16 57
4 15 35
2 16 37
8 15 29
9 19 57
10 10 52
15 17 10
8 19 12
8 8 10
7 16 12
8 10 17
3 17 55
10 18 16
10 19 41
1 13 58
9 16 17
4 4 26
6 12 17
5 8 7
2 19 47
15 15 7
1 7 49
17 17 19
3 13 49
7 15 26
2 3 30
3 19 23
5 5 0
12 17 59
0 4 57
10 14 12
4 19 46
14 16 47
5 6 7
11 17 26
16 19 43
5 9 24
0 12 43
7 17 1
12 12 57
6 18 36
17 18 57
15 16 6
9 17 5
5 11 25
2 14 45
1 9 22
14 18 48
7 9 14
10 11 16
11 19 8
4 13 56
1 18 30
15 18 1
10 12 20
3 9 24
14 14 30
10 13 51
2 12 2
5 10 51
15 19 52
2 10 45
12 14 21
11 12 22
5 17 56
7 18 52
9 14 60
13 16 53
3 14 46
8 18 58
7 12 19
4 11 13
4 9 44
12 19 17
3 12 37
6 10 28
16 18 7
6 9 20
0 10 31
6 11 9
4 5 42
6 13 45
5 12 3
0 3 25
7 11 3
5 14 2
4 8 55
7 7 29
13 14 27
0 13 8
6 6 60
3 7 57
6 15 43
8 9 12
14 17 3
0 19 48
5 19 58
1 2 5
4 16 24
1 4 43
1 6 60
4 12 58
2 6 29
5 15 40
3 15 57
