40 740
195
118
130
170
111
159
131
145
184
185
157
191
163
128
118
170
144
138
188
129
198
133
159
154
146
142
108
140
100
149
196
182
144
127
193
132
134
192
116
101
0 1 9
0 2 25
2 3 49
0 4 27
0 5 57
0 6 22
5 7 58
1 8 26
2 9 57
7 10 2
10 11 54
2 12 19
5 13 14
0 14 24
1 15 11
1 16 24
11 17 47
9 18 31
11 19 27
2 20 43
8 21 3
11 22 47
16 23 8
5 24 0
1 25 56
21 26 16
2 27 16
3 28 49
15 29 60
8 30 17
30 31 13
2 32 23
26 33 16
29 34 3
32 35 30
10 36 12
34 37 5
26 38 46
25 39 3
20 28 12
8 37 12
28 37 33
21 35 18
34 36 41
0 21 23
30 35 46
11 39 3
30 36 55
33 37 12
31 32 28
19 20 27
25 29 59
27 31 13
14 28 50
33 38 25
35 37 28
36 37 46
9 23 26
21 34 19
38 39 23
26 29 45
12 23 60
22 33 29
31 35 32
25 25 36
12 28 36
18 35 20
10 14 40
5 12 46
9 13 59
9 29 16
7 11 40
0 38 33
4 11 21
32 39 49
3 23 53
26 28 27
37 39 7
19 34 1
0 11 57
20 39 35
27 36 37
19 35 40
8 19 57
7 16 52
4 27 12
38 38 44
29 29 10
23 26 12
15 39 17
20 24 55
25 38 16
37 38 41
21 36 3
3 8 51
18 39 58
11 23 48
10 38 17
36 36 8
2 22 26
18 28 38
24 24 17
27 32 10
31 38 45
14 31 7
15 18 48
26 30 18
11 29 19
29 38 28
25 32 51
28 32 14
19 24 47
30 37 51
17 17 7
14 36 49
8 16 19
31 34 49
37 37 35
15 34 26
6 27 30
5 36 59
13 38 41
26 32 59
8 22 49
29 33 21
18 29 0
12 35 19
9 24 12
29 31 20
7 21 15
0 20 22
25 36 47
3 25 30
33 34 7
22 31 9
0 19 26
1 21 7
33 36 46
35 36 56
27 30 24
6 10 43
4 17 22
6 32 1
19 31 36
26 37 16
16 38 57
17 36 24
26 36 28
2 8 39
5 34 36
5 21 6
5 27 5
34 34 25
28 34 9
7 22 45
26 31 18
20 36 48
27 29 14
20 31 4
19 39 16
18 38 59
4 7 17
3 39 8
8 32 6
28 29 1
19 23 20
12 27 44
22 28 24
28 28 30
22 35 51
18 37 46
32 37 29
3 17 51
6 29 57
16 22 43
2 34 45
5 11 13
23 36 11
14 17 33
29 35 25
2 35 20
11 28 10
6 26 22
23 23 40
10 22 56
1 28 53
10 37 3
22 36 14
11 32 52
25 27 60
13 35 53
16 39 1
0 34 58
0 26 0
17 38 3
18 21 49
14 32 34
4 8 19
3 37 13
9 15 39
24 31 20
8 17 16
11 34 38
16 24 18
35 35 56
1 35 16
13 14 48
31 36 4
15 22 51
5 19 44
16 31 17
34 38 37
2 28 28
3 32 14
28 30 50
5 17 9
15 35 20
6 8 19
11 30 9
24 36 25
15 16 49
3 21 4
36 39 54
2 29 60
20 33 42
33 39 52
29 32 21
35 38 60
21 32 32
34 35 50
8 33 35
9 17 51
2 10 23
1 32 21
7 32 37
22 26 27
23 31 25
7 20 48
2 7 3
1 13 1
1 37 25
24 26 24
10 28 55
21 28 24
7 33 52
20 26 10
6 12 27
32 33 24
21 24 32
20 27 44
9 32 12
19 29 14
15 25 54
9 34 3
10 10 7
18 30 29
19 21 21
6 6 37
15 21 2
23 37 47
17 24 23
0 25 4
1 22 25
8 24 51
22 29 25
26 26 8
23 35 39
13 16 37
5 16 34
26 39 43
5 23 31
14 21 56
33 33 12
30 33 3
13 13 1
10 12 27
1 9 39
34 39 48
22 32 51
22 34 30
9 22 2
10 16 44
17 32 51
20 25 43
11 35 60
13 22 14
3 29 21
2 11 47
7 36 30
3 4 40
1 31 16
14 18 12
21 22 23
23 34 47
4 38 59
19 27 24
27 27 34
3 36 33
36 38 32
25 26 43
1 5 9
10 25 38
1 1 53
25 31 55
6 38 58
19 33 53
1 26 48
7 15 25
12 30 34
15 33 4
6 18 54
11 38 24
7 26 18
12 17 45
23 33 40
17 33 24
5 26 39
20 38 2
24 33 21
5 15 24
17 27 43
10 32 30
2 33 9
8 8 52
22 23 3
17 21 1
19 32 40
5 32 38
11 20 36
23 25 40
31 37 20
20 23 1
14 16 52
23 32 7
5 33 45
17 23 39
9 30 26
31 39 29
27 28 9
30 34 13
9 10 36
32 38 6
9 11 48
10 34 45
10 20 34
0 12 30
27 34 8
3 6 43
33 35 14
2 30 42
21 30 36
21 37 55
14 23 10
2 13 9
29 37 53
18 19 20
0 31 53
8 23 25
16 36 60
15 26 41
16 20 15
26 35 25
3 15 23
7 27 6
18 22 44
6 28 47
24 34 34
32 32 4
17 39 7
4 37 57
10 29 1
11 26 44
12 39 28
4 13 16
16 16 23
31 31 42
18 31 5
16 30 37
20 22 25
2 38 57
0 7 4
16 27 60
7 19 23
9 9 34
25 30 17
9 37 13
10 26 0
12 21 38
15 31 9
0 32 24
22 30 4
2 23 56
14 24 16
12 37 22
1 19 35
1 4 24
28 36 32
1 39 17
7 7 17
3 19 21
0 24 51
0 30 39
23 24 37
10 24 39
32 36 19
24 35 17
23 30 59
27 37 16
2 31 41
7 38 55
21 21 43
13 29 29
22 22 22
12 20 1
1 11 58
15 15 45
30 30 40
18 34 24
29 39 11
19 37 13
20 21 9
5 37 13
25 28 20
8 26 28
24 39 56
9 38 29
19 30 1
16 35 46
4 26 49
4 12 53
1 38 27
8 9 14
15 36 8
15 17 14
16 32 54
7 12 37
13 32 31
21 27 22
13 21 27
13 19 24
0 37 21
18 32 55
10 13 42
21 31 1
5 25 4
11 16 39
24 30 41
14 33 20
16 37 30
3 10 29
6 35 46
4 19 41
19 38 48
12 29 23
2 39 30
2 18 4
8 27 8
6 19 57
2 2 42
18 26 46
16 19 15
27 39 23
6 39 54
29 30 54
10 19 59
7 31 35
24 38 16
2 37 27
17 35 37
3 31 25
15 23 24
18 23 3
7 29 45
20 29 30
35 39 11
12 18 39
20 30 18
20 20 10
30 32 40
11 15 22
13 31 25
15 27 31
6 31 28
6 37 44
7 8 11
27 33 10
15 30 16
21 25 36
18 24 39
8 28 2
22 27 6
10 39 34
22 39 46
4 33 16
28 38 20
26 34 52
9 19 7
27 35 40
4 6 30
10 27 4
21 33 48
1 7 58
25 37 32
15 24 59
31 33 21
14 27 48
16 28 26
17 37 60
9 28 36
19 25 38
14 19 53
14 30 1
0 0 30
14 34 32
13 26 26
5 6 40
5 35 12
8 36 2
9 39 1
17 19 1
23 39 17
8 38 17
4 31 16
8 13 10
8 18 57
5 8 40
3 30 58
19 19 49
10 21 50
9 20 22
13 30 23
12 15 38
6 7 9
7 17 37
30 38 56
6 9 6
3 24 1
8 20 21
4 9 24
4 34 37
13 18 2
6 17 38
21 38 38
11 12 59
3 26 45
21 39 20
17 31 57
13 37 11
24 37 36
4 15 26
16 33 32
18 27 56
14 37 14
8 25 24
12 14 22
20 37 16
13 34 60
6 14 4
28 31 0
16 18 38
22 24 4
14 22 50
16 21 30
13 36 32
11 36 48
23 38 18
16 17 11
14 35 26
18 20 37
0 33 22
19 36 41
12 38 45
17 29 0
17 30 60
25 35 4
9 27 41
24 32 46
13 17 15
15 19 42
14 38 60
7 24 17
0 9 49
18 25 31
6 30 10
15 38 3
13 24 55
0 39 53
8 34 21
0 17 41
12 12 14
20 34 58
24 25 34
12 13 21
7 39 25
5 38 19
6 11 22
17 18 15
30 39 45
15 20 24
14 39 33
5 9 2
4 4 36
3 33 49
19 26 53
0 3 15
17 28 36
0 22 9
3 38 19
3 22 13
24 27 55
25 33 50
1 6 42
14 14 30
4 5 10
11 18 54
13 25 49
4 14 54
7 9 3
7 35 35
1 12 5
19 22 48
12 24 24
7 30 22
0 29 16
17 20 24
11 21 5
6 23 38
7 37 32
5 31 58
2 17 34
8 10 51
8 39 51
11 11 31
4 10 20
3 20 40
32 34 26
3 3 48
5 29 57
4 36 28
28 33 3
11 37 56
12 26 28
0 35 35
21 23 57
12 34 53
13 20 48
12 19 53
26 27 41
0 27 34
11 31 17
25 34 47
14 29 11
9 35 57
21 29 58
16 29 3
14 25 44
11 27 47
20 32 36
11 24 35
11 33 23
17 34 18
10 31 36
4 21 27
4 32 52
23 28 43
1 2 40
14 15 16
15 37 30
4 30 46
9 25 6
28 39 44
13 39 55
2 19 6
1 33 29
9 36 44
6 21 22
12 25 45
18 33 8
12 36 32
23 29 14
12 32 17
6 24 30
6 15 54
1 36 60
29 36 35
1 29 43
3 13 16
2 21 24
15 32 11
16 25 8
2 16 59
3 14 50
0 23 47
16 26 21
14 20 9
8 35 13
3 16 50
10 18 60
6 22 55
12 22 0
20 35 45
22 37 3
4 22 45
10 33 5
0 28 6
0 18 6
5 22 49
9 14 0
8 12 40
27 38 43
2 15 39
18 18 6
23 27 57
0 13 4
13 33 23
3 11 11
17 25 57
1 17 16
9 16 1
15 28 10
11 13 17
3 12 22
2 25 50
6 25 7
1 18 16
9 33 49
7 14 26
17 26 31
2 5 36
1 14 49
18 36 23
1 23 31
5 14 34
2 14 57
22 38 55
12 33 25
28 35 37
19 28 39
0 15 22
3 7 45
