15 90
195
118
130
170
111
159
131
145
184
185
157
191
163
128
118
0 1 25
1 2 31
2 3 32
0 4 48
0 5 29
3 6 34
5 7 18
7 8 39
6 9 28
5 10 38
4 11 22
6 12 35
1 13 53
11 14 40
4 6 21
9 13 57
13 14 26
13 13 39
11 11 54
1 8 24
1 12 8
10 13 43
8 12 38
8 14 8
7 11 32
1 11 16
9 10 4
2 2 60
5 12 27
8 11 42
11 12 60
9 11 46
2 9 43
8 9 12
7 12 12
1 10 33
8 8 18
11 13 41
7 9 3
8 10 50
5 13 25
10 10 46
4 5 45
12 12 36
0 6 20
2 11 46
6 11 16
0 13 33
2 14 27
7 10 39
7 13 37
9 12 57
5 14 12
3 3 55
4 10 5
6 7 41
12 13 3
1 3 51
10 14 48
9 9 26
12 14 18
6 13 51
5 5 14
2 4 51
0 14 49
4 4 26
5 11 59
0 0 0
8 13 15
1 1 22
10 11 47
9 14 46
6 10 24
4 9 36
5 9 28
1 7 9
1 5 45
7 14 18
5 8 22
4 12 26
3 4 14
5 6 4
4 7 14
7 7 56
10 12 46
0 3 43
1 14 13
0 2 21
2 7 10
0 9 13
