20 170
179
168
145
179
139
184
148
178
186
166
180
179
162
180
179
122
160
145
116
153
0 1 40
1 2 23
1 3 7
2 4 5
1 5 34
2 6 36
1 7 30
7 8 49
5 9 55
8 10 5
8 11 40
10 12 43
7 13 44
11 14 19
0 15 52
14 16 12
13 17 50
14 18 12
15 19 41
12 15 15
15 17 32
8 14 27
1 10 29
17 18 6
6 6 58
18 18 53
14 14 53
6 10 31
13 14 44
3 11 49
8 13 11
12 12 45
0 2 55
2 18 13
4 10 30
6 17 11
6 16 3
2 5 16
10 11 38
12 17 22
9 12 52
10 17 28
16 16 15
18 19 6
9 13 36
7 19 44
13 15 42
17 19 3
10 15 58
8 12 43
3 7 27
5 18 54
14 19 32
16 18 59
3 14 6
7 17 32
7 9 56
5 14 7
0 12 4
17 17 36
1 14 11
11 12 56
9 14 55
11 15 0
10 19 6
0 13 41
16 17 55
6 11 50
4 11 1
0 17 11
1 8 34
10 18 51
9 18 33
13 13 43
15 18 28
9 16 15
13 18 33
12 19 16
4 6 54
7 10 29
4 9 55
8 19 6
4 13 43
1 12 48
4 17 30
4 4 39
6 14 42
9 10 59
7 16 10
7 12 49
4 8 1
0 9 55
0 16 17
15 16 18
11 17 25
6 12 25
2 11 52
6 8 18
10 16 22
14 15 10
3 12 14
11 19 35
4 16 10
0 18 28
2 8 54
3 19 18
8 9 10
9 9 8
10 14 38
8 16 38
3 10 25
13 19 60
6 18 36
13 16 57
1 16 46
8 15 3
16 19 49
11 18 13
12 18 3
4 19 44
7 7 15
14 17 37
3 8 30
11 11 19
7 11 33
3 17 12
0 0 29
4 15 21
3 3 28
4 5 31
6 15 29
5 11 13
5 15 0
9 15 24
1 1 10
11 13 21
5 10 40
6 9 25
5 8 7
9 17 43
6 7 56
10 10 49
12 13 39
5 5 9
9 19 34
2 7 6
2 16 33
2 19 53
8 8 6
1 9 18
7 14 11
6 13 2
15 15 51
3 15 8
0 8 21
1 18 56
3 9 38
11 16 35
2 15 28
0 4 22
12 16 35
8 17 4
0 6 10
12 14 31
0 5 40
2 12 31
5 19 37
0 19 2
5 6 59
1 17 44
