20 170
162
104
148
110
147
145
171
118
104
102
115
101
189
189
147
159
170
191
124
188
0 1 13
0 2 42
2 3 38
3 4 56
3 5 12
0 6 20
5 7 11
0 8 37
2 9 41
1 10 31
0 11 22
8 12 14
4 13 46
8 14 46
11 15 5
4 16 51
11 17 27
9 18 52
2 19 18
18 19 46
15 19 37
12 16 49
18 18 55
14 17 6
13 15 44
13 14 1
17 19 44
8 13 49
15 16 48
8 15 60
5 8 8
3 12 52
2 5 16
8 10 2
9 14 43
13 13 15
17 18 10
0 4 29
13 17 31
11 13 3
0 7 4
7 16 10
1 3 15
11 12 50
3 11 5
9 11 45
4 18 44
11 14 27
5 18 48
5 17 31
16 18 16
11 16 26
15 15 31
13 19 28
14 15 2
4 5 24
8 18 2
0 15 10
0 3 31
1 12 38
3 3 2
17 17 23
12 14 12
10 12 31
9 12 60
10 14 4
7 7 25
2 15 55
10 10 55
8 9 16
1 6 15
12 17 38
6 18 51
9 17 38
8 19 41
6 12 32
12 19 44
10 18 34
9 15 55
4 10 33
10 16 3
1 15 35
7 8 29
6 15 49
4 4 51
8 17 42
16 17 17
15 17 27
3 15 4
5 15 59
11 19 6
2 4 25
10 19 57
1 17 6
14 16 20
7 13 59
1 13 31
10 13 9
2 12 11
7 12 46
0 18 37
9 13 52
2 11 12
1 19 13
6 14 45
3 6 26
14 19 60
0 12 12
12 15 12
4 19 54
10 15 56
1 16 7
1 8 50
5 14 34
2 10 39
9 9 15
4 7 28
2 2 28
6 16 29
7 17 56
6 8 41
7 9 57
2 7 50
1 7 47
14 14 20
0 19 59
8 11 57
3 14 59
7 15 3
9 10 49
3 10 24
5 13 12
6 9 56
1 14 7
10 17 2
1 1 23
4 6 58
11 18 29
5 5 47
6 11 9
2 17 10
3 16 6
0 0 10
16 19 19
3 17 17
1 2 47
12 12 25
2 8 20
9 16 17
5 9 47
5 10 39
6 17 29
6 6 54
3 18 24
8 8 48
11 11 2
0 14 33
5 12 52
4 11 11
0 13 51
15 18 33
4 14 38
13 16 7
16 16 25
6 13 16
0 9 45
2 14 6
4 9 9
12 13 56
9 19 8
