150 10425
161
127
161
149
129
150
138
197
126
104
167
154
100
144
128
112
160
153
138
116
137
119
178
132
106
105
198
152
161
189
198
183
120
162
155
151
192
139
200
121
164
100
119
132
102
184
129
120
142
138
175
192
147
174
112
168
143
176
156
122
141
111
195
150
146
148
162
183
169
178
127
164
106
126
159
177
163
166
185
118
172
194
130
131
140
123
150
145
104
153
159
189
111
146
112
166
135
118
108
157
186
171
140
163
138
142
118
112
157
181
117
176
169
104
101
198
134
147
199
117
182
147
170
145
110
153
108
164
153
144
127
159
138
118
175
141
191
193
188
179
128
149
146
135
148
183
116
121
124
109
0 1 33
0 2 48
1 3 45
1 4 20
2 5 26
2 6 60
0 7 50
1 8 34
6 9 21
2 10 17
5 11 37
6 12 15
0 13 57
8 14 42
2 15 49
3 16 44
2 17 51
13 18 9
15 19 13
8 20 3
16 21 15
7 22 10
0 23 49
2 24 57
16 25 18
11 26 40
16 27 44
20 28 37
10 29 37
4 30 40
17 31 20
15 32 6
17 33 36
19 34 38
28 35 44
4 36 49
4 37 4
2 38 35
31 39 5
3 40 22
32 41 15
17 42 16
17 43 51
4 44 9
27 45 30
28 46 40
38 47 36
33 48 2
4 49 45
2 50 4
20 51 13
6 52 51
34 53 10
16 54 0
22 55 48
31 56 45
49 57 59
37 58 17
57 59 37
10 60 56
46 61 34
56 62 11
40 63 6
25 64 16
44 65 57
12 66 50
13 67 50
47 68 6
44 69 56
49 70 13
70 71 9
33 72 60
24 73 13
24 74 26
13 75 1
70 76 56
65 77 4
8 78 17
35 79 35
46 80 33
21 81 46
58 82 8
72 83 8
11 84 52
49 85 11
76 86 1
32 87 47
6 88 8
75 89 52
3 90 24
20 91 46
64 92 1
42 93 17
88 94 45
35 95 30
0 96 28
72 97 12
55 98 25
4 99 46
14 100 20
52 101 2
52 102 11
71 103 55
40 104 13
83 105 51
58 106 16
42 107 52
70 108 27
84 109 60
104 110 55
70 111 23
52 112 35
50 113 9
95 114 50
19 115 37
2 116 6
13 117 27
59 118 37
73 119 1
45 120 55
74 121 4
27 122 22
103 123 55
16 124 8
35 125 44
102 126 31
83 127 3
49 128 33
65 129 21
93 130 5
33 131 36
89 132 23
132 133 52
17 134 38
11 135 29
117 136 48
87 137 37
64 138 36
104 139 1
87 140 21
53 141 59
40 142 2
112 143 15
143 144 34
2 145 50
137 146 20
33 147 40
93 148 46
16 149 57
148 148 47
80 140 19
38 110 16
139 147 11
115 116 8
86 131 49
110 148 53
6 11 0
20 130 19
143 148 38
27 109 56
80 111 21
96 143 51
119 122 59
87 110 6
32 135 4
73 120 30
67 137 42
14 110 43
19 67 51
48 120 10
138 148 57
21 25 31
63 82 20
73 145 15
146 149 2
55 114 15
120 134 7
21 140 50
107 140 46
44 116 40
100 111 55
67 95 35
96 148 24
44 79 10
79 111 11
97 149 43
128 143 13
128 140 43
130 147 55
128 131 16
101 110 59
85 100 18
66 144 26
81 102 56
94 100 41
20 73 43
66 146 26
60 64 42
129 146 6
46 72 0
135 143 16
17 94 52
56 78 35
48 71 3
26 128 42
106 142 6
113 113 60
24 28 8
114 119 33
12 19 22
99 123 21
70 122 35
46 89 27
27 38 36
19 133 7
95 99 2
21 83 6
30 50 11
93 114 24
23 104 19
18 126 37
84 132 58
141 141 30
88 141 42
27 88 8
122 122 25
83 85 6
108 115 16
126 141 26
97 117 26
54 137 44
97 134 20
11 30 19
1 61 27
70 131 0
130 143 32
29 99 38
52 71 42
1 69 18
7 91 29
113 135 49
146 146 15
15 91 37
127 134 13
135 147 55
110 149 37
124 127 23
63 142 0
143 149 50
0 39 43
49 69 26
126 138 21
129 148 8
109 114 46
60 131 2
121 130 54
62 118 32
23 53 32
38 68 38
130 139 46
46 108 20
24 129 28
59 113 55
50 50 50
45 130 29
148 149 13
81 135 4
3 138 15
113 130 21
32 32 21
125 139 36
134 135 37
47 48 3
98 145 7
15 145 59
35 38 51
124 134 47
62 98 33
18 72 10
108 136 36
89 142 6
124 130 30
126 128 33
31 57 60
85 90 45
67 88 9
9 44 2
146 147 49
9 81 15
78 83 25
17 140 20
94 143 56
114 138 31
100 132 26
54 77 52
11 63 49
131 147 2
8 77 40
17 90 31
2 106 36
119 141 25
43 51 46
104 109 28
129 144 49
123 134 29
113 146 25
87 98 50
82 98 15
127 140 30
130 136 56
112 135 42
78 106 32
97 127 38
20 143 46
0 67 19
107 110 11
42 124 8
100 107 16
92 104 12
49 143 38
127 131 51
78 90 37
10 103 33
55 67 47
51 129 18
18 139 48
33 99 42
55 107 60
98 100 8
26 90 15
74 136 0
134 137 52
99 119 37
49 55 34
25 74 54
56 84 14
93 128 13
103 104 25
31 92 60
147 149 25
53 112 36
62 121 27
90 99 18
115 121 30
47 138 52
74 93 33
105 146 39
100 109 35
20 33 35
96 105 50
40 103 20
115 130 38
3 110 25
124 126 37
29 88 50
27 46 34
11 78 40
80 92 45
132 144 54
147 147 59
42 55 45
87 143 7
119 125 12
99 102 4
71 72 26
110 146 45
80 123 40
84 131 51
8 128 54
76 126 38
62 101 58
145 148 51
5 74 18
62 75 51
70 145 59
84 145 29
22 114 52
25 77 26
43 109 8
1 75 35
96 110 49
13 131 40
77 95 25
108 122 46
25 66 19
78 81 46
84 128 24
33 79 59
82 95 46
29 92 41
3 77 0
50 76 24
110 139 27
15 21 8
22 76 14
15 118 4
77 129 44
129 143 20
44 94 0
108 109 17
85 129 27
35 104 4
147 148 20
134 140 20
80 125 20
28 108 45
50 59 58
73 89 27
133 145 43
1 77 56
30 90 15
137 143 45
50 70 18
42 44 35
20 67 46
55 70 8
117 118 35
83 97 10
27 127 54
27 149 35
51 125 39
56 70 20
78 141 18
68 123 1
89 139 34
55 79 53
58 96 15
117 143 10
122 131 48
13 119 53
51 133 59
119 119 29
10 61 51
42 101 49
127 147 52
50 71 52
124 131 33
38 137 51
109 137 33
136 146 46
74 103 35
69 127 0
81 136 34
79 85 27
20 94 29
35 59 7
14 27 54
84 87 55
54 98 29
107 115 29
50 54 33
138 141 0
10 107 8
41 85 55
33 92 3
66 70 20
45 106 55
65 121 35
95 125 2
60 117 40
136 148 12
94 139 42
71 96 15
31 52 59
67 84 42
79 149 37
123 137 42
69 138 34
120 125 52
143 145 27
69 101 14
123 126 48
59 147 23
18 36 6
36 99 14
53 90 43
67 120 8
123 123 60
63 114 33
97 126 51
139 145 55
61 121 22
70 70 52
3 52 5
6 10 36
3 93 23
66 102 10
34 71 4
87 129 14
137 140 59
63 84 55
87 123 6
41 75 6
96 140 59
0 5 20
128 149 5
128 134 39
66 135 47
103 144 52
61 67 55
115 136 15
144 149 57
19 89 51
90 146 27
89 141 36
109 129 24
66 78 28
133 148 44
71 135 16
107 138 32
49 114 10
128 128 16
18 119 28
104 115 59
115 148 10
77 97 34
64 109 36
61 113 7
55 104 18
16 35 28
91 116 4
82 124 57
73 84 6
87 141 30
19 25 57
29 77 54
140 143 9
87 101 33
48 75 6
136 142 45
50 52 10
83 115 8
104 121 33
32 121 56
96 133 38
61 109 12
20 110 26
126 136 18
40 138 44
86 90 32
52 88 1
22 43 51
92 119 33
55 106 28
128 144 9
20 60 34
80 109 6
57 124 22
95 98 29
101 114 47
111 116 58
32 80 0
55 96 29
52 83 51
61 80 24
111 132 40
34 48 4
90 135 30
46 120 8
111 133 5
123 145 10
58 61 46
139 144 39
65 101 49
115 125 29
22 68 4
142 146 30
22 51 53
58 130 6
79 138 5
144 145 40
127 142 32
5 81 51
69 140 6
107 116 8
111 129 30
18 91 32
144 148 38
49 141 20
105 136 24
90 125 50
46 56 16
68 137 35
88 143 38
133 143 41
14 83 43
112 115 51
43 107 4
105 110 6
131 142 59
139 142 59
80 144 54
99 140 15
52 98 38
47 108 46
36 60 38
3 126 37
24 62 46
127 145 24
27 61 9
37 136 35
59 61 18
39 96 12
31 66 57
140 140 18
66 148 32
100 112 44
119 136 43
3 82 35
82 137 23
6 58 4
11 124 58
49 111 35
91 147 27
72 77 46
82 138 24
102 105 24
12 124 28
133 141 52
47 128 52
90 97 17
45 138 28
95 138 47
79 105 59
6 34 29
96 115 21
67 77 1
30 62 51
39 97 5
2 143 45
44 64 23
8 11 8
9 22 56
21 63 53
69 132 47
120 136 2
91 112 12
137 141 41
60 133 8
102 132 14
53 149 24
127 133 12
74 122 50
41 96 43
7 114 55
126 142 5
95 148 22
91 139 17
145 149 60
124 136 57
139 139 26
131 144 28
57 90 29
82 82 26
51 140 55
63 140 37
23 84 60
129 129 58
38 131 0
10 73 38
6 148 25
117 134 31
93 141 23
99 120 18
79 113 21
111 136 4
41 84 28
11 143 18
145 146 57
89 130 59
10 43 56
46 55 48
56 147 37
97 118 56
21 98 4
102 125 44
54 138 52
126 147 6
95 146 6
145 145 18
106 118 26
57 139 27
72 96 30
60 116 0
76 127 51
76 147 5
132 147 60
58 68 44
68 98 12
11 58 24
3 107 30
11 113 43
18 26 30
103 142 32
33 55 49
87 148 50
109 119 52
113 131 33
137 144 9
53 70 26
96 127 16
50 94 24
29 80 28
72 86 41
94 104 39
66 114 60
45 77 27
15 147 38
62 112 27
74 147 46
26 127 39
37 46 34
38 59 10
27 118 54
70 120 16
18 69 42
15 43 14
33 74 15
10 65 15
138 149 19
37 67 38
124 133 59
95 144 32
45 118 30
100 108 44
10 102 18
118 140 15
141 144 40
77 99 13
54 114 8
10 71 8
116 137 32
142 148 58
26 131 8
102 137 1
69 72 33
132 137 54
131 140 53
49 125 7
116 117 12
104 126 42
139 149 38
67 133 35
52 147 19
75 86 21
42 146 26
69 95 0
39 58 8
14 94 16
69 134 11
25 28 24
142 142 15
64 80 36
4 123 49
144 146 35
115 147 53
136 145 3
23 118 14
16 141 9
3 135 50
49 107 29
75 116 28
114 139 43
107 125 46
88 126 7
88 145 33
104 117 11
124 132 57
36 112 0
83 123 48
28 28 41
4 34 20
119 127 43
46 87 25
17 142 22
50 95 8
19 91 60
66 79 50
63 63 37
9 105 21
56 107 46
16 36 51
42 134 15
72 95 10
30 42 45
42 87 47
72 100 26
110 114 7
26 95 46
112 141 7
5 121 29
15 49 54
135 145 31
86 132 41
21 86 0
60 80 50
67 148 3
77 96 10
64 143 15
125 146 34
119 120 43
106 119 49
94 125 25
131 131 25
20 88 18
33 43 51
130 131 27
45 131 2
74 113 1
100 121 28
129 137 21
23 36 34
142 149 14
129 135 9
121 135 36
6 116 56
136 139 26
11 33 18
3 21 58
66 149 11
131 148 17
134 149 54
68 93 10
84 89 21
6 141 30
86 92 29
18 82 37
35 36 46
99 124 47
99 143 32
48 108 17
11 27 29
22 100 9
61 118 6
69 100 0
135 144 22
111 124 54
137 148 16
126 148 58
65 85 48
85 86 29
4 28 57
5 7 27
117 132 22
52 115 57
34 134 23
40 93 15
42 135 29
69 110 33
53 125 56
63 91 57
60 67 10
5 37 27
33 145 20
33 100 16
75 98 58
14 133 18
45 49 58
85 85 46
73 105 36
53 59 5
56 115 2
5 113 31
130 138 35
0 122 6
34 80 12
75 95 37
4 62 16
110 144 19
115 129 21
94 128 29
6 124 15
116 116 50
84 104 57
62 129 6
14 82 55
138 142 27
61 135 19
104 137 52
3 80 19
74 142 51
44 121 58
62 62 8
16 65 22
15 92 2
87 96 5
30 54 60
134 139 4
88 117 49
67 87 10
96 107 14
82 115 11
34 122 3
19 40 40
12 30 39
55 142 53
78 125 14
114 133 52
84 120 26
59 103 57
69 84 34
16 101 32
16 31 32
13 113 53
19 86 15
138 140 20
19 142 53
64 105 16
0 9 56
52 140 17
143 146 9
132 135 49
107 118 54
135 138 45
75 75 6
84 123 45
12 83 58
90 105 35
121 136 60
48 102 5
65 73 51
105 109 47
25 57 25
55 77 14
60 134 45
35 105 22
102 117 5
90 145 44
69 114 57
77 85 40
110 141 14
141 145 47
138 146 8
28 80 19
30 129 8
30 92 53
49 121 0
122 142 19
97 138 44
56 120 9
42 127 41
106 140 2
81 142 15
24 111 16
26 145 46
43 96 12
35 115 44
43 46 9
37 54 54
128 147 42
26 59 7
52 123 14
24 130 53
5 69 23
55 141 3
124 149 52
59 108 54
52 59 37
144 144 32
123 149 60
27 129 0
39 71 10
55 129 27
6 128 17
53 100 53
45 133 22
35 133 58
16 70 37
142 147 23
82 101 29
8 122 54
7 41 13
21 29 10
54 129 32
99 145 10
45 93 13
35 135 14
140 142 59
124 128 13
81 107 50
67 111 14
83 90 32
98 113 26
90 139 55
7 130 47
71 136 45
121 145 8
116 131 5
66 74 11
20 76 29
2 9 37
87 132 16
131 136 23
37 100 28
102 149 59
107 149 51
79 143 22
25 146 55
90 90 11
67 82 25
42 111 44
19 52 27
45 89 22
22 115 55
22 37 51
72 118 50
15 59 31
66 132 14
25 103 23
140 145 17
119 132 31
6 132 14
129 133 33
121 148 39
39 84 11
32 130 1
74 80 26
55 85 1
64 120 21
18 42 51
88 123 22
86 127 45
44 129 48
2 28 41
77 104 49
46 54 57
71 79 19
85 123 55
47 99 16
5 82 54
12 18 45
66 100 25
91 108 21
13 114 13
86 94 8
53 113 44
23 73 44
49 58 26
28 106 43
90 143 47
20 80 50
86 101 7
56 85 36
137 137 7
18 135 4
25 135 17
118 132 43
80 137 54
19 75 52
65 105 47
112 125 39
7 70 7
94 95 56
51 110 3
18 22 12
31 137 54
144 147 14
14 14 1
80 135 44
47 74 35
32 138 40
92 134 20
41 55 38
65 108 9
113 118 43
65 66 2
127 130 31
30 142 47
75 142 35
55 101 35
92 99 34
108 108 41
136 138 37
50 120 1
19 101 34
100 124 37
110 124 24
16 93 57
82 84 36
10 135 29
17 114 56
14 135 18
4 96 57
44 149 35
102 130 35
11 106 44
100 131 51
64 85 54
126 126 10
67 115 39
79 147 11
33 143 36
53 58 21
22 121 31
56 110 28
89 107 59
0 126 25
18 129 5
108 121 40
21 93 23
108 145 33
109 136 58
86 93 39
131 138 22
46 93 6
101 126 56
40 60 59
70 124 45
99 118 26
81 132 58
106 133 39
51 122 27
7 75 14
43 129 9
64 98 41
101 149 0
82 106 17
93 137 35
127 128 26
56 124 24
122 125 44
36 82 12
139 143 12
116 125 18
3 91 6
136 149 57
74 84 19
34 137 13
50 101 4
27 57 7
110 143 56
55 119 24
105 120 28
95 102 27
76 77 17
4 104 26
68 68 44
24 88 8
68 72 12
91 126 31
80 85 57
2 63 59
105 107 46
36 103 46
112 140 1
66 129 48
88 133 23
122 139 21
55 62 1
118 120 21
58 138 24
26 140 23
8 45 24
18 19 45
123 147 48
78 82 58
14 130 22
101 105 19
19 95 40
60 107 7
64 70 17
6 129 12
25 120 51
86 134 41
73 136 43
73 98 55
77 136 3
103 103 35
35 108 39
6 78 56
126 127 36
80 94 54
18 98 4
122 132 17
98 98 6
103 111 42
107 137 42
101 134 45
81 92 22
55 134 53
81 97 46
35 50 6
3 57 35
79 98 6
65 114 17
111 121 1
133 136 8
5 118 4
27 101 25
103 112 6
122 147 7
29 59 40
62 123 52
31 95 17
7 111 20
116 139 20
131 134 20
10 118 26
137 139 45
3 96 24
97 122 22
99 117 17
5 55 13
61 86 13
1 49 12
6 20 11
52 145 49
129 142 26
46 65 25
101 113 44
25 127 33
59 121 15
79 100 32
133 146 56
15 58 4
46 149 20
40 119 55
50 69 44
102 114 34
36 107 4
107 124 47
65 122 41
24 107 46
42 94 29
71 95 39
61 119 31
88 127 54
10 45 17
83 96 11
29 135 28
23 119 56
76 121 22
80 143 19
6 110 46
66 131 2
87 111 39
108 138 55
22 60 54
2 22 33
95 143 7
106 111 0
29 53 15
109 132 1
105 144 43
101 104 5
97 147 14
84 143 0
131 135 16
96 108 55
51 71 24
76 111 33
57 118 50
128 148 39
94 103 59
40 130 42
91 117 4
27 31 4
88 110 18
107 131 4
70 146 44
92 138 36
132 132 53
120 146 21
54 126 57
48 54 26
92 114 17
14 62 5
5 13 22
13 86 59
18 20 33
69 120 14
107 121 42
113 126 14
131 137 59
15 55 60
92 135 29
28 141 53
136 140 22
30 141 13
11 118 12
35 100 32
12 33 8
15 133 22
88 120 46
76 98 11
74 112 33
75 87 30
81 91 31
81 99 0
48 112 39
122 134 9
102 109 35
54 145 28
1 94 23
79 115 41
91 123 19
115 122 42
117 122 14
24 85 43
135 149 30
20 24 49
36 51 43
107 111 5
109 118 30
32 108 15
91 136 21
29 44 9
76 97 14
119 135 16
1 114 55
43 142 40
22 38 35
92 148 46
110 113 5
27 146 47
13 102 25
30 34 40
1 25 18
101 143 45
92 144 17
50 124 46
44 75 36
5 110 28
114 149 6
89 128 2
45 82 3
76 145 1
3 122 20
107 109 35
83 104 49
139 140 37
60 104 47
69 97 58
93 144 4
133 134 19
110 112 24
64 122 41
109 147 57
64 110 32
46 138 14
87 105 37
58 125 31
119 133 1
87 145 33
81 108 42
16 104 46
44 55 44
52 63 38
126 133 0
9 72 42
18 68 20
16 128 48
37 117 34
121 149 6
113 134 24
57 148 39
109 140 7
129 130 46
53 110 16
13 149 56
106 120 27
20 114 50
15 79 38
111 127 3
100 147 42
141 148 44
42 68 0
15 96 3
85 109 32
19 37 0
59 146 45
135 139 24
1 137 29
61 64 12
131 149 30
34 145 13
41 46 47
141 146 25
56 128 56
67 124 33
44 125 23
4 61 22
4 19 7
81 133 26
19 90 49
12 108 56
108 114 23
84 106 8
122 149 20
97 98 46
45 145 12
76 135 46
39 101 56
114 121 53
103 134 11
114 140 12
123 129 17
47 58 8
47 54 19
96 139 43
10 108 9
4 90 20
24 128 56
97 107 5
66 66 20
44 147 12
46 97 23
15 121 27
124 144 37
51 59 59
17 52 50
59 81 25
85 95 46
67 73 41
19 43 13
68 88 32
132 146 40
77 130 42
64 124 56
84 112 16
137 142 43
44 137 12
99 144 23
32 74 55
21 53 15
91 97 57
6 146 15
103 135 25
82 123 42
109 144 32
41 91 53
85 119 7
20 66 16
71 144 31
4 115 8
17 126 50
87 135 5
64 72 27
14 103 33
61 66 7
91 109 19
126 146 4
97 135 46
103 131 12
62 97 45
43 112 18
56 149 60
125 127 5
61 79 42
102 104 8
52 92 7
96 141 55
69 149 7
94 137 33
48 76 46
119 145 59
113 133 36
8 83 8
126 143 30
140 141 2
31 41 40
143 143 12
64 100 38
10 84 14
7 120 1
110 134 7
98 110 50
97 103 11
136 147 5
68 120 27
57 112 57
49 148 50
74 137 5
2 129 34
50 81 32
117 119 15
88 140 3
11 20 26
74 140 22
49 140 12
53 56 30
108 139 27
32 43 0
38 91 51
35 60 1
15 89 3
90 113 36
63 113 30
30 98 23
67 99 11
104 118 18
98 135 13
78 129 43
123 135 41
50 91 17
37 99 28
44 53 56
105 131 56
125 148 19
26 132 47
15 37 35
105 149 39
41 73 13
106 139 39
99 101 52
36 67 42
83 109 33
133 133 41
13 30 1
38 109 21
83 125 1
37 69 23
67 117 46
50 73 50
57 75 3
119 131 42
95 139 24
57 110 5
118 133 3
76 144 32
5 50 34
38 141 13
126 131 53
72 72 54
58 98 53
12 143 9
5 61 18
11 105 33
93 113 27
37 121 0
26 121 42
123 143 11
62 117 51
60 130 30
38 129 8
77 84 3
22 56 47
98 127 44
132 145 0
71 138 30
5 48 43
30 119 44
140 144 11
0 138 40
87 130 50
8 46 22
118 139 45
91 149 44
69 96 49
27 120 49
52 91 0
50 135 57
24 94 12
133 135 50
94 102 60
123 141 40
137 147 39
124 145 33
43 86 21
108 149 37
17 81 40
50 119 13
35 65 48
50 84 34
14 108 40
93 136 8
39 130 17
86 105 29
105 126 8
68 85 30
8 24 1
6 15 46
121 138 18
133 149 1
137 138 53
18 63 6
132 138 49
121 133 40
85 113 8
71 143 41
84 124 38
49 117 9
61 82 51
108 137 39
32 100 21
132 136 30
75 76 5
95 147 35
21 74 28
39 94 47
33 148 30
24 30 25
50 77 48
65 142 57
5 114 53
103 137 18
35 129 1
64 86 20
52 52 11
35 122 8
73 107 50
110 119 38
4 72 17
17 47 55
118 130 0
24 33 58
83 136 45
49 104 34
96 109 57
93 111 43
54 100 35
30 105 4
94 109 7
43 117 38
120 130 45
112 126 22
79 119 19
43 105 5
28 149 49
34 94 36
84 90 14
39 131 16
89 138 19
22 130 34
17 104 34
68 108 42
42 133 52
55 138 15
141 142 5
136 141 39
106 144 43
83 119 21
93 138 51
108 148 48
4 73 15
87 106 45
88 149 31
129 140 13
54 78 44
132 149 58
110 116 44
105 133 47
91 98 39
78 101 12
131 139 2
100 119 28
116 145 55
22 67 46
15 108 54
115 132 18
34 55 11
36 45 22
5 89 51
48 90 33
57 109 33
40 49 2
130 140 1
26 133 19
44 99 59
18 142 57
5 79 58
5 146 41
50 112 8
9 106 35
30 81 31
133 144 6
96 146 35
0 97 34
93 120 17
23 30 29
36 63 12
70 75 6
142 143 26
7 9 19
33 128 48
7 83 32
95 128 43
42 142 30
2 92 26
3 144 56
48 77 57
65 124 40
36 94 6
85 104 43
53 130 2
130 141 28
85 121 29
135 141 51
28 53 12
18 124 42
121 137 0
1 144 32
19 83 32
101 102 50
118 127 11
51 62 59
79 132 42
30 57 39
101 147 2
14 72 5
26 119 15
73 122 33
57 100 30
127 149 16
19 49 26
11 119 34
112 142 41
62 81 3
41 120 29
128 145 6
86 111 33
0 103 55
113 139 46
56 99 41
128 132 26
66 73 2
46 105 30
47 52 55
89 110 11
35 40 7
34 135 43
135 135 16
117 146 52
4 129 57
67 140 37
75 125 55
11 50 38
129 147 48
119 134 41
1 31 54
105 111 3
78 133 14
87 138 4
12 110 55
0 113 4
5 53 33
18 118 11
17 108 45
105 114 53
19 144 49
84 99 60
116 135 42
8 130 8
85 138 22
85 97 16
8 108 18
0 148 50
70 116 26
35 62 31
54 101 6
129 145 0
47 70 50
43 65 3
47 53 4
51 73 52
29 94 7
122 124 7
7 66 9
62 126 53
6 26 4
15 144 46
59 77 48
109 125 55
3 116 28
79 90 54
45 129 6
130 145 60
18 85 31
90 116 19
46 131 36
92 96 30
58 67 44
98 133 31
83 87 49
90 138 46
134 143 15
114 123 45
73 123 28
67 91 43
3 58 42
33 107 45
123 144 4
96 147 56
127 139 33
12 64 23
15 27 44
103 129 53
50 105 45
27 91 26
101 103 43
7 106 55
9 68 3
61 96 25
18 92 7
63 136 36
14 90 49
7 18 35
115 118 11
29 79 25
53 92 15
53 147 40
24 80 19
116 129 40
64 133 5
27 60 18
130 133 26
16 20 10
47 129 34
18 75 2
2 101 28
135 137 4
26 38 13
22 69 17
25 93 15
63 106 54
45 147 53
15 85 53
126 145 4
72 140 26
51 100 13
92 139 8
19 47 50
99 122 26
105 130 55
94 106 21
62 132 20
119 149 4
19 126 3
24 90 40
14 16 3
8 136 3
12 148 55
65 133 37
62 86 29
71 123 14
14 98 8
72 73 53
10 58 29
98 139 22
142 144 49
68 104 42
18 140 2
7 124 9
54 64 22
54 124 34
82 99 18
22 94 10
110 122 23
108 120 22
44 100 2
118 126 4
82 118 34
145 147 29
38 146 4
24 124 12
96 145 51
84 113 2
65 103 1
16 137 19
55 105 46
39 72 51
39 118 8
47 131 60
9 140 32
70 103 34
5 59 33
42 119 0
32 120 8
42 109 8
109 112 10
68 134 7
55 103 48
132 148 44
64 99 54
59 96 58
59 143 19
126 135 19
66 95 27
106 145 37
128 133 15
33 103 8
111 138 57
127 129 1
62 127 53
53 97 60
79 133 57
109 127 38
102 107 7
60 132 27
20 104 17
46 119 21
35 80 22
46 133 54
127 146 35
68 113 41
123 133 30
101 108 8
52 100 44
103 117 6
56 61 17
125 135 41
130 134 21
84 108 4
49 81 43
17 86 1
91 115 21
104 138 17
98 109 0
109 128 24
34 77 4
40 71 6
74 128 51
1 116 46
98 137 60
1 90 29
11 104 58
54 61 52
106 131 51
138 139 41
86 104 33
81 138 39
43 93 20
44 59 39
38 51 46
87 131 46
67 79 29
51 102 24
94 132 56
13 95 36
10 72 40
36 38 46
61 68 4
51 63 35
15 42 34
109 110 21
77 146 21
114 117 45
105 108 12
84 138 6
87 113 23
81 117 1
55 122 1
15 90 42
113 148 59
85 143 11
52 70 13
25 82 35
73 126 33
106 146 2
24 96 56
97 108 31
104 141 10
74 81 42
6 112 32
61 133 33
95 140 31
6 59 53
94 129 31
87 122 39
124 138 21
116 124 15
108 135 44
28 119 32
92 98 41
115 140 37
46 117 7
119 137 45
21 69 46
25 30 19
6 8 59
90 104 18
132 143 43
18 45 30
52 142 12
117 135 3
95 104 15
11 56 9
49 97 35
33 104 30
113 136 27
103 141 27
0 31 10
50 98 1
82 91 37
56 112 11
69 111 30
98 101 53
35 53 33
16 73 13
15 143 44
26 46 16
61 143 53
67 143 55
8 94 42
35 99 57
35 109 22
35 138 13
34 87 27
30 146 53
23 96 13
109 135 57
95 105 43
37 70 28
51 104 21
24 123 3
13 101 51
0 125 57
72 93 35
63 95 57
93 118 6
80 103 12
98 118 28
21 91 50
60 136 46
5 100 56
109 120 17
111 142 53
118 129 10
119 142 5
123 127 56
79 131 4
46 112 52
121 125 30
77 147 7
100 126 13
61 81 3
112 124 14
98 125 41
68 127 58
83 113 39
88 129 49
141 143 56
101 137 57
2 148 9
107 139 37
40 96 38
113 147 48
112 123 32
4 118 0
32 36 58
6 98 18
15 56 57
105 141 36
36 97 40
14 68 52
16 80 49
59 111 10
122 133 18
100 110 25
141 149 33
28 43 13
117 145 52
41 101 2
71 100 6
40 81 25
89 140 46
98 143 22
8 89 14
146 148 38
15 122 48
27 64 6
4 21 55
120 129 18
112 119 53
5 84 37
48 139 46
109 116 7
3 114 57
13 133 50
87 100 35
140 146 4
4 9 57
13 116 14
75 100 12
14 129 2
84 133 19
53 144 57
78 136 44
39 111 13
98 106 14
34 65 57
62 89 29
130 132 58
38 67 1
58 84 33
92 141 50
43 54 60
103 148 57
77 134 9
107 128 12
70 149 18
122 138 5
50 148 31
48 66 49
106 128 0
14 79 54
72 132 33
99 130 44
111 120 52
9 131 11
93 129 5
29 61 9
56 136 14
74 130 49
132 141 8
77 117 22
38 143 7
50 75 16
15 66 46
108 113 16
79 129 53
43 43 37
13 87 25
93 121 40
88 89 47
87 97 29
120 140 57
85 126 5
6 137 38
70 130 52
38 138 41
104 146 10
115 133 20
87 88 38
55 99 28
15 80 1
30 91 46
63 144 0
74 106 54
2 88 8
106 117 3
127 144 34
93 143 36
139 148 37
29 113 12
101 145 51
134 142 49
49 49 53
90 119 1
98 122 3
32 137 1
28 57 1
39 116 22
29 50 43
105 132 49
104 133 29
118 137 52
16 79 18
114 122 14
79 97 45
8 88 34
34 98 46
53 105 51
73 121 51
100 128 22
63 124 1
32 88 1
20 140 41
54 57 47
4 82 57
138 143 15
37 81 17
91 121 24
92 105 9
92 131 39
112 116 56
62 88 4
23 58 42
116 142 15
58 141 2
3 61 3
125 140 7
67 104 38
94 97 37
77 80 26
101 117 32
99 103 42
95 135 19
51 109 54
116 132 60
123 130 7
104 135 15
92 117 31
49 98 3
92 132 22
52 139 36
54 116 6
68 77 35
18 127 0
32 134 49
63 103 11
97 129 30
129 149 30
25 142 28
98 107 19
38 105 40
85 103 41
3 121 24
12 86 45
125 142 57
125 134 47
34 140 18
75 104 4
85 101 25
108 132 34
24 86 46
87 90 29
103 132 43
9 13 3
131 133 25
44 63 35
115 115 4
80 110 54
45 121 52
17 68 27
26 81 6
62 141 1
4 48 34
80 116 40
87 109 4
28 76 42
0 142 44
68 96 57
111 134 48
13 128 29
29 104 39
10 59 48
87 147 41
5 30 29
104 148 18
93 104 36
110 126 4
49 118 31
92 108 58
118 142 52
1 27 52
37 116 55
3 78 33
2 147 5
86 149 57
2 65 0
116 144 30
48 127 23
59 75 46
52 67 15
44 91 39
81 126 38
23 134 18
118 125 23
99 107 16
11 55 51
115 127 37
60 121 17
5 41 21
63 125 33
13 40 23
1 23 18
27 49 52
117 130 46
42 86 34
41 105 0
44 138 4
19 56 55
69 80 44
59 117 48
11 93 2
70 82 58
47 145 49
49 99 56
73 140 11
10 94 6
38 93 50
12 97 60
125 125 38
0 145 34
10 57 55
84 98 21
82 149 37
122 140 58
72 99 32
95 133 40
32 97 57
115 142 43
120 123 34
71 78 12
11 138 29
89 134 39
21 78 6
33 97 17
35 78 55
73 128 46
122 141 36
1 105 37
37 118 31
120 135 40
22 23 56
90 109 52
17 21 40
25 68 29
48 78 36
136 136 18
75 117 9
48 133 4
69 105 33
102 131 5
102 103 20
43 69 1
14 39 15
43 78 46
63 85 57
134 145 52
23 40 43
93 115 10
15 115 51
129 132 3
47 85 9
82 86 58
100 105 19
115 143 3
61 116 28
0 110 0
81 116 50
115 144 19
32 42 23
23 72 14
20 34 27
95 95 5
78 105 28
60 74 45
64 108 57
10 74 41
67 114 48
111 148 32
43 99 9
97 139 0
33 82 33
5 127 34
110 137 46
104 130 21
35 139 50
92 107 56
40 48 54
61 65 47
75 96 30
72 74 34
45 54 51
33 102 36
74 144 6
52 124 43
105 134 55
7 12 22
34 139 18
95 149 6
101 141 35
74 145 1
46 83 3
43 136 23
68 114 57
52 114 54
53 101 8
69 118 18
41 44 1
65 80 34
5 68 58
77 78 20
88 111 33
77 102 0
96 102 3
26 73 20
94 131 27
94 133 26
89 121 24
39 112 9
59 102 15
135 136 56
51 80 55
128 137 43
73 73 23
82 127 53
26 55 52
92 149 36
73 77 48
67 130 31
121 143 60
44 141 23
107 107 45
116 148 14
105 142 19
61 73 50
110 129 12
39 42 50
33 123 24
43 122 42
91 111 30
72 102 33
69 98 30
51 70 29
45 74 44
98 146 57
11 88 31
85 111 30
25 124 27
3 43 59
47 115 29
54 133 34
69 136 40
43 73 13
71 84 50
89 129 13
111 111 43
117 148 47
120 141 22
12 121 54
59 62 0
43 66 27
88 124 8
96 117 32
76 76 15
114 141 57
93 108 46
119 140 31
3 117 31
60 79 34
107 126 37
40 98 27
50 90 28
127 127 9
111 146 56
44 115 51
39 65 1
71 98 2
17 83 18
65 131 47
33 113 19
99 141 20
99 138 31
103 140 7
1 143 51
31 70 34
71 101 60
48 86 19
103 110 26
107 135 28
22 84 51
7 90 0
71 145 26
21 118 2
96 137 4
24 60 4
45 45 28
64 128 16
99 134 43
64 83 37
118 143 48
60 106 23
36 125 51
82 120 9
40 69 48
89 106 40
129 138 16
103 149 21
6 87 8
7 30 50
56 68 19
76 114 24
75 84 50
108 127 40
134 148 8
81 101 48
11 139 21
13 70 57
36 102 8
87 92 57
93 134 36
14 87 0
132 140 52
72 146 52
79 139 12
113 127 44
117 149 39
117 142 18
3 4 1
59 123 11
48 140 29
97 114 38
78 113 0
9 139 25
121 140 19
130 137 23
36 41 11
62 96 39
121 141 26
130 135 44
79 146 50
119 130 21
91 118 38
126 129 45
45 105 9
31 37 49
5 23 36
86 137 17
85 128 2
97 97 26
88 105 14
47 105 32
57 77 1
23 80 40
128 130 32
31 103 56
118 147 6
33 140 26
76 105 52
2 32 2
97 105 52
86 133 14
34 54 0
81 144 29
89 148 1
11 95 48
25 41 1
82 108 24
118 118 9
21 76 14
52 131 43
14 59 12
5 18 44
68 130 32
78 115 51
74 141 7
73 94 54
44 101 33
28 135 56
107 114 32
16 146 44
74 97 47
31 145 17
2 41 42
46 141 57
102 120 3
84 135 19
110 147 36
8 90 1
55 88 6
51 68 58
36 123 51
124 142 57
63 137 45
9 26 26
26 61 60
102 138 30
54 143 25
98 132 42
84 139 60
76 79 5
83 141 53
70 102 44
17 50 60
103 121 49
26 93 25
8 27 16
29 145 21
119 121 0
73 143 52
108 110 14
69 108 50
3 26 11
102 144 58
57 70 57
22 44 54
49 77 47
113 116 52
63 78 57
31 40 40
76 146 32
84 84 54
51 55 31
134 141 48
14 49 51
39 120 56
42 73 46
91 133 8
101 123 28
16 83 10
29 55 22
143 147 38
3 10 37
6 84 17
92 110 50
81 139 20
46 47 8
41 103 53
17 78 45
91 103 22
10 98 40
114 115 36
93 99 56
26 125 14
53 53 19
57 108 25
1 47 15
21 129 23
57 132 42
0 34 52
127 137 20
22 29 48
14 114 30
30 85 46
111 112 49
2 97 8
12 98 57
82 105 13
54 123 38
27 62 36
35 64 26
4 18 55
116 130 3
6 56 8
74 96 41
54 148 45
31 82 38
86 110 11
33 76 32
26 109 8
53 132 56
24 35 1
109 141 39
2 39 21
120 147 21
120 139 11
22 26 40
77 122 39
80 139 47
11 32 33
60 141 3
9 77 22
2 80 24
53 111 22
33 50 43
72 110 20
66 117 16
51 90 55
51 126 34
35 84 4
62 107 10
138 147 32
37 68 18
46 126 35
43 121 56
56 81 37
32 132 44
39 64 10
25 53 4
18 138 53
90 108 42
108 124 57
65 135 7
92 142 55
127 148 12
13 137 42
44 70 23
96 114 6
83 126 10
101 127 4
9 146 5
106 127 2
57 104 7
27 112 37
41 116 40
14 40 47
90 94 9
51 99 57
99 112 11
64 95 59
7 132 11
11 108 55
30 127 49
69 107 15
3 38 31
38 125 27
52 81 12
70 96 29
37 114 22
136 144 6
98 129 42
29 120 37
42 140 22
33 129 33
98 142 23
135 148 51
46 102 6
50 145 10
94 105 3
53 66 41
13 58 34
59 136 39
61 111 8
22 110 31
99 110 20
126 149 31
22 53 48
47 130 35
36 78 23
34 81 23
67 102 60
110 128 55
134 146 39
7 54 7
47 146 35
128 146 20
123 140 20
36 135 1
42 47 21
13 126 54
12 31 30
93 107 53
12 82 21
105 140 57
20 144 14
41 134 16
10 66 38
3 128 11
111 147 60
2 35 29
123 132 38
105 143 37
114 120 6
50 72 46
13 142 38
70 140 15
77 135 43
108 119 44
118 146 9
56 66 9
60 143 46
103 114 51
109 124 55
125 126 42
94 148 59
18 149 19
98 112 48
118 138 13
6 99 3
64 136 40
74 85 57
89 101 22
23 132 55
104 114 22
89 118 24
17 51 7
129 131 27
17 97 55
42 102 20
64 75 51
16 119 37
126 140 24
36 49 5
44 128 47
120 143 31
32 33 42
32 79 52
0 87 57
89 92 3
55 126 6
102 111 31
41 57 39
4 79 0
74 88 60
100 120 31
10 47 35
6 24 54
44 54 16
4 64 18
73 130 0
68 81 10
49 68 22
122 129 60
104 125 6
44 95 24
65 100 32
13 118 39
113 128 12
7 26 39
64 93 17
60 139 42
7 20 56
12 146 22
23 85 40
10 92 31
86 114 55
45 75 43
31 136 45
60 112 35
14 58 44
49 120 0
123 124 41
1 52 11
17 145 41
52 74 55
23 91 27
2 47 57
78 114 40
10 49 31
32 92 50
85 132 51
0 107 1
71 127 22
50 62 12
111 117 10
94 101 53
20 64 25
13 93 60
15 36 51
79 103 41
30 139 19
88 112 40
20 100 2
61 102 54
39 68 50
60 149 8
26 45 5
4 87 30
39 78 7
106 148 9
120 128 40
66 86 60
46 113 45
87 118 21
94 142 1
93 140 24
9 14 27
78 118 34
18 93 29
7 117 52
46 144 21
20 21 59
111 122 33
95 122 12
3 37 49
37 146 4
40 123 48
91 106 57
11 46 13
101 128 39
41 43 60
74 76 15
60 61 47
138 145 8
12 133 17
48 74 8
131 146 36
6 130 51
76 80 53
47 80 11
112 144 18
28 36 49
112 137 44
57 68 44
86 103 5
68 76 16
42 82 44
56 131 3
96 98 51
36 77 46
15 125 47
112 132 9
55 83 46
82 129 26
30 97 6
87 142 23
17 23 38
20 92 3
38 115 8
53 96 37
125 137 48
101 119 29
116 133 43
69 124 2
56 133 5
0 149 30
26 69 21
87 146 45
64 116 50
133 142 7
111 145 60
48 52 45
77 142 18
36 118 14
78 93 30
114 132 45
105 105 24
69 123 26
74 138 3
15 86 48
74 126 43
33 94 26
78 127 10
94 135 37
109 111 10
47 60 5
37 115 12
118 135 38
22 62 15
78 131 16
32 148 52
118 144 36
9 136 27
86 108 33
19 92 9
38 98 26
6 39 9
53 138 11
137 145 39
2 137 3
50 79 23
75 101 32
31 130 50
87 116 36
98 121 30
80 91 19
48 70 13
19 97 20
128 136 6
44 90 9
80 120 37
7 23 3
14 61 1
50 106 4
133 147 0
35 49 28
49 66 43
4 140 45
24 31 59
85 144 10
48 132 12
15 131 52
97 125 23
42 149 25
35 47 44
51 117 36
95 130 33
92 101 43
16 108 28
14 92 22
85 93 16
94 141 1
106 138 10
102 148 15
126 132 42
4 111 25
89 94 13
34 83 25
94 119 12
105 139 31
52 56 7
0 55 4
83 100 52
58 144 9
93 142 51
43 59 7
62 116 36
22 119 28
117 123 53
14 35 2
9 127 25
42 138 48
2 130 20
73 138 2
2 86 4
20 30 49
58 127 33
1 81 35
49 144 48
16 147 50
46 64 36
120 120 14
19 105 5
28 128 52
84 105 5
78 80 12
90 149 26
31 119 42
78 102 35
74 120 53
24 103 3
103 109 31
111 149 14
15 137 22
56 118 24
128 139 39
71 146 17
28 75 19
39 133 21
106 113 53
55 116 9
102 140 25
120 138 51
95 109 10
111 140 32
78 121 29
107 117 5
106 124 0
32 90 59
108 131 50
74 78 58
83 131 16
37 83 59
49 92 9
12 63 60
82 109 17
43 140 14
18 24 11
77 89 0
17 98 19
42 145 23
24 105 7
84 122 2
19 66 27
5 133 24
86 107 8
71 121 46
10 40 0
3 105 18
45 51 8
2 40 22
58 122 9
77 138 35
112 148 22
47 121 2
20 62 47
39 51 10
6 13 39
44 85 45
111 113 36
108 123 21
54 95 50
62 125 16
22 137 32
85 124 23
17 38 12
109 131 45
54 82 47
61 100 29
19 146 12
109 123 14
25 108 14
8 85 52
53 86 25
30 135 25
42 62 10
54 76 29
81 82 48
85 91 26
42 92 48
44 66 21
82 146 16
0 10 43
67 103 52
26 148 51
54 67 26
116 119 26
49 89 39
10 38 20
30 70 30
71 92 58
24 75 6
93 132 45
81 103 56
18 79 46
19 118 60
94 124 33
100 142 32
135 142 19
46 110 17
28 105 37
82 147 20
17 29 57
0 101 3
16 129 27
64 149 36
74 124 14
128 141 53
99 139 55
120 127 54
104 131 17
90 133 16
45 47 43
32 54 23
95 118 50
11 129 18
5 87 59
80 124 31
21 35 30
108 118 44
43 132 11
95 117 5
50 87 2
12 78 31
22 104 14
116 122 8
55 117 9
99 126 0
19 70 0
140 147 7
3 11 57
15 94 34
28 99 1
33 141 13
5 104 44
20 44 28
42 95 52
48 72 21
41 49 10
39 114 44
118 131 36
69 86 29
73 115 10
40 144 34
8 49 46
26 110 0
72 144 18
4 58 27
29 119 17
0 89 9
32 136 19
105 127 19
5 141 6
40 47 22
33 58 60
12 35 14
117 137 38
27 105 38
63 105 26
89 144 32
109 133 3
50 110 42
88 132 55
96 125 39
80 114 27
63 149 55
21 57 36
139 146 24
71 141 12
41 130 39
23 140 20
56 140 51
123 146 38
35 114 34
15 138 60
24 59 3
110 127 58
39 134 54
23 64 44
54 128 9
100 118 56
32 55 2
42 83 38
120 126 55
79 84 54
15 116 22
119 143 60
101 135 9
37 87 39
18 88 60
112 118 19
8 125 45
90 100 31
80 98 3
5 93 32
8 22 32
30 71 33
97 113 4
77 82 15
8 30 60
58 88 45
17 62 13
25 115 39
24 57 51
68 115 40
112 131 27
55 89 8
109 149 8
111 141 20
14 24 28
25 141 2
103 146 9
5 149 13
47 118 18
60 62 5
24 42 3
8 141 52
21 67 3
34 97 16
41 56 55
40 134 60
57 87 40
123 125 14
37 120 34
88 95 19
63 65 58
133 137 2
74 135 36
69 83 43
83 130 50
83 143 58
136 143 34
90 107 60
98 144 45
49 103 43
32 49 42
27 43 42
54 56 10
73 92 18
79 93 50
140 149 13
65 70 26
36 80 19
33 70 55
30 52 24
76 94 60
99 131 51
52 135 13
117 120 14
1 112 36
10 116 0
14 146 47
63 87 4
26 85 37
85 114 42
62 93 50
95 113 41
19 74 55
41 121 7
133 139 25
61 141 13
65 91 28
44 50 58
58 89 20
62 90 37
20 57 0
23 121 21
60 142 26
122 144 50
82 97 1
2 123 24
66 81 8
23 143 53
64 119 26
44 82 57
109 117 9
80 129 11
89 113 34
72 111 18
91 114 25
7 113 0
89 95 20
4 88 51
4 121 37
115 117 34
103 118 24
17 115 60
124 124 43
15 111 57
90 95 37
26 143 19
64 145 18
60 124 30
120 145 51
31 96 27
104 111 53
112 117 56
37 142 10
1 103 19
59 78 34
69 115 17
87 126 21
53 91 45
69 91 54
17 41 14
16 18 9
24 145 46
106 116 43
45 97 59
125 128 2
124 139 5
110 120 55
34 95 48
84 116 5
14 80 20
33 69 10
38 86 46
41 86 4
121 121 4
72 114 32
4 14 50
117 129 37
59 120 47
53 104 5
104 119 19
13 138 24
115 146 17
43 116 37
78 84 44
125 143 8
0 134 11
35 113 59
19 149 50
94 107 50
17 102 45
23 126 1
31 46 30
59 60 37
102 112 25
94 136 23
32 37 20
105 123 17
79 106 46
49 146 50
110 117 9
75 144 21
96 112 2
47 111 58
14 54 32
71 107 56
16 103 6
7 49 39
25 126 8
109 139 49
134 134 17
123 138 49
75 91 28
89 89 58
125 141 45
99 132 10
105 125 3
60 127 14
56 143 59
86 106 57
42 110 2
22 58 7
31 58 3
23 63 28
102 134 30
43 108 56
23 25 58
120 132 55
38 95 43
89 98 13
11 85 11
33 53 21
25 133 45
20 121 19
14 65 51
57 138 60
103 139 46
53 88 59
70 105 51
65 65 45
60 90 1
121 123 41
130 142 55
83 93 27
5 52 54
99 114 52
136 137 22
37 101 11
101 109 1
10 126 55
115 137 0
67 100 10
51 120 19
85 88 40
82 121 11
6 80 46
28 136 22
36 57 17
23 88 57
19 127 27
67 109 21
19 135 44
48 96 41
56 102 16
34 102 55
37 41 15
4 101 45
25 100 52
99 105 56
13 81 38
71 73 12
91 140 21
106 109 14
96 104 27
21 119 52
8 103 60
6 105 60
88 91 44
113 142 22
68 128 15
1 19 17
89 147 55
115 131 44
93 135 27
137 149 19
80 128 55
115 119 56
43 114 4
18 32 17
10 34 35
79 137 13
68 99 21
21 126 43
104 132 47
111 123 49
113 119 15
53 140 10
30 113 3
47 50 37
75 129 45
51 78 29
52 84 47
62 83 14
37 108 18
72 105 36
101 129 1
88 146 8
82 90 59
108 143 14
61 129 26
30 32 0
20 93 8
38 42 31
28 111 10
100 133 42
3 119 28
44 114 15
114 142 57
109 115 51
97 132 48
109 126 2
49 93 27
13 29 40
85 99 25
52 94 41
67 146 56
42 64 21
31 55 38
97 110 33
90 141 50
2 83 16
5 126 42
103 116 50
26 101 46
41 125 57
23 29 31
118 149 23
95 107 6
66 94 36
63 148 27
94 138 31
23 95 27
97 133 37
106 110 48
38 70 29
127 141 49
130 130 45
100 122 15
15 65 29
17 113 4
138 138 32
117 126 6
113 115 16
17 58 48
34 120 6
12 88 34
3 141 5
61 63 21
71 110 41
56 101 54
96 144 50
12 70 2
73 87 14
114 116 42
49 126 6
77 115 15
54 139 43
84 125 19
7 77 3
55 66 26
21 133 49
34 111 2
31 93 15
95 111 12
128 135 52
26 40 19
45 98 41
142 145 25
99 100 26
69 144 9
120 122 12
36 116 2
96 118 52
130 144 10
78 120 33
93 98 52
134 138 27
5 14 27
30 134 57
44 52 34
42 129 6
130 148 48
40 88 34
48 100 59
96 128 12
75 118 48
18 53 5
15 103 34
140 148 18
102 146 36
39 85 9
110 118 10
93 101 15
5 73 57
96 134 31
95 120 26
88 128 7
53 74 54
43 103 42
97 142 32
55 132 25
54 109 17
31 144 6
3 85 47
43 128 18
95 127 18
29 128 49
54 92 25
107 123 2
34 68 9
48 141 33
19 94 49
20 47 54
73 134 58
24 76 46
83 91 44
98 105 49
109 121 39
62 142 5
28 44 50
58 65 27
27 145 39
125 131 53
9 57 2
55 112 23
38 74 30
59 131 0
29 62 18
61 134 60
73 81 27
83 137 37
41 81 52
11 121 8
58 81 43
25 34 23
78 98 28
65 118 21
6 36 35
27 79 57
106 134 3
25 85 5
42 98 45
8 63 4
82 87 11
79 127 8
4 50 58
12 34 42
5 20 21
39 39 48
13 68 4
38 114 36
38 84 23
13 115 4
7 42 41
5 119 58
83 83 36
110 145 49
2 64 43
6 17 42
22 27 24
3 129 10
20 102 16
84 149 6
31 122 29
76 149 43
74 131 6
51 76 2
103 106 56
36 113 60
21 50 6
3 146 36
123 136 37
3 86 57
51 123 23
134 147 24
62 87 22
131 143 55
82 143 26
49 59 22
4 116 37
15 35 18
21 77 38
39 128 36
42 105 15
63 127 56
70 147 28
90 115 14
27 37 2
73 118 2
133 138 4
102 121 20
25 90 11
67 90 43
121 122 26
41 139 15
49 73 57
77 148 41
11 134 23
95 131 11
96 119 33
20 29 11
91 122 32
127 143 2
33 34 9
97 120 19
42 126 58
110 131 28
53 107 28
56 122 13
64 65 33
58 140 60
47 123 17
27 135 38
5 51 16
20 82 60
105 116 32
134 136 2
22 92 60
12 137 13
23 139 45
11 112 7
141 147 36
94 110 40
29 45 50
79 79 23
0 115 43
44 117 17
101 136 46
71 130 33
28 104 60
32 105 44
77 83 0
73 108 60
53 116 29
34 43 29
102 110 4
81 89 47
20 42 50
4 45 48
114 135 43
35 141 7
80 149 60
126 130 42
44 71 40
73 95 58
55 120 42
71 88 24
84 114 59
100 115 39
21 73 13
55 146 13
40 62 13
75 137 1
70 77 16
39 105 44
70 113 14
27 33 11
35 106 13
111 139 59
83 101 47
13 97 26
86 135 28
95 116 20
105 122 59
67 132 12
104 140 0
38 65 25
117 139 5
76 90 12
7 131 2
7 17 45
122 146 47
38 85 24
58 133 21
16 81 18
91 135 54
119 128 58
23 133 42
0 45 4
26 149 60
92 147 19
99 135 33
118 122 8
52 121 27
3 23 24
95 129 17
28 54 24
60 100 3
0 86 35
103 113 8
67 118 9
122 148 39
44 44 11
39 106 35
33 144 34
126 139 42
30 75 7
100 116 30
101 133 19
16 143 3
89 122 24
41 61 29
31 102 12
14 96 40
23 70 51
97 112 24
16 126 47
65 79 33
14 50 15
48 121 43
128 129 5
83 121 43
84 97 35
129 139 21
51 106 10
23 111 54
28 115 1
57 85 4
20 136 14
11 65 10
71 137 55
54 141 39
74 119 11
2 120 21
65 134 43
7 43 4
90 129 10
10 31 58
50 60 29
54 55 39
51 142 7
73 127 16
5 116 34
56 137 25
11 100 59
11 103 42
10 55 26
35 107 59
78 87 52
12 24 59
3 132 9
85 118 4
90 126 34
32 72 47
87 128 56
87 114 36
57 99 58
17 91 56
64 91 57
66 80 6
44 122 45
102 123 55
4 22 48
106 122 50
24 110 24
111 131 46
82 119 49
66 127 24
21 147 57
101 106 55
48 93 53
8 105 6
16 45 30
67 112 51
77 127 25
20 149 39
73 125 16
38 97 51
47 140 4
42 91 59
15 23 30
28 30 13
37 96 29
8 115 54
21 87 47
50 117 2
73 102 32
78 99 26
47 77 59
11 19 58
5 131 56
33 130 12
133 140 17
121 127 40
45 110 59
57 122 1
3 19 26
115 123 55
35 120 17
64 135 24
92 102 30
36 117 46
106 136 22
122 143 17
75 134 49
1 60 4
10 69 49
101 144 21
18 81 13
3 97 43
46 130 46
62 108 1
62 135 6
39 80 5
63 75 30
22 142 38
28 143 2
90 127 37
24 89 23
44 45 53
110 115 37
67 81 1
108 128 22
62 104 30
3 145 20
68 100 59
82 110 28
4 32 33
126 134 51
47 98 13
82 111 6
54 94 57
50 108 44
5 9 17
108 134 0
23 79 19
89 136 15
58 142 7
43 80 38
102 141 47
70 106 29
35 149 4
45 79 27
0 74 49
15 22 0
42 121 35
36 70 60
24 93 31
52 95 48
105 137 4
53 136 16
56 73 5
50 85 35
30 35 59
75 82 39
1 101 54
37 90 36
24 136 43
102 129 34
138 144 49
15 62 30
3 75 21
45 128 51
40 110 9
32 149 22
74 94 28
85 105 1
16 16 20
20 101 44
33 65 59
100 100 41
63 138 32
11 60 14
58 123 4
44 102 60
44 76 27
124 147 0
78 108 42
20 109 52
54 59 14
60 102 25
84 134 57
2 94 44
13 72 13
9 42 31
40 145 0
53 67 40
9 39 59
7 103 47
23 116 24
84 88 10
50 80 34
18 121 9
76 100 25
122 127 60
23 62 19
22 116 18
11 83 2
61 130 51
88 118 47
72 135 55
44 77 34
7 21 44
66 136 2
38 117 58
23 59 3
99 113 13
45 71 32
64 88 53
23 42 12
81 110 23
61 89 46
57 116 0
51 144 5
49 101 21
53 76 40
14 134 1
44 87 11
81 95 42
36 126 21
19 24 52
21 142 10
128 142 24
46 128 12
14 29 30
30 144 14
27 75 28
34 72 15
0 6 21
38 104 20
71 104 24
103 136 57
25 50 44
12 67 21
80 88 27
45 107 33
1 107 45
86 123 31
100 146 9
16 133 29
120 137 39
91 95 33
22 88 43
65 81 17
23 94 11
27 70 59
88 114 56
35 48 55
98 128 30
17 121 36
72 98 57
123 142 30
55 76 14
31 36 57
87 95 18
10 99 13
57 62 38
106 126 60
104 144 9
48 81 9
56 89 11
45 53 59
56 106 24
78 103 9
74 91 41
91 141 60
26 138 2
67 119 34
38 127 24
37 85 34
97 140 57
89 112 13
1 138 14
52 82 38
30 43 33
58 79 6
107 119 53
100 138 23
34 51 37
74 87 27
55 135 56
70 104 7
121 128 45
8 15 21
62 139 25
34 63 40
97 145 24
33 110 37
90 132 21
122 130 40
30 128 46
69 133 3
4 112 36
24 122 53
117 121 6
16 53 0
3 14 19
98 134 57
21 43 22
9 141 10
44 130 40
13 132 19
74 132 17
44 67 8
10 15 59
125 147 50
98 130 49
52 127 41
15 29 17
95 108 32
15 47 59
53 145 37
78 144 40
30 138 52
34 75 32
105 117 44
78 147 48
65 87 38
46 53 43
34 100 41
9 109 9
80 127 55
40 115 1
88 142 14
132 139 24
91 104 53
53 117 5
29 124 2
85 107 32
3 67 12
11 144 44
72 92 10
81 146 3
8 66 50
6 145 2
111 143 10
59 68 30
29 134 53
4 114 59
46 106 3
35 54 25
114 146 60
84 119 40
69 130 23
8 13 27
80 142 1
118 134 2
104 128 8
99 148 5
29 39 38
38 139 27
53 120 43
70 135 7
51 112 29
10 52 17
56 58 25
71 114 5
39 135 10
83 138 11
8 86 57
5 135 46
49 72 22
31 35 29
114 143 59
81 86 30
77 92 13
98 114 0
25 37 18
67 69 46
52 90 50
57 96 60
113 144 46
1 2 25
36 139 3
2 139 14
8 113 21
21 116 17
105 106 35
96 142 58
20 90 51
86 89 19
114 126 38
1 147 10
33 134 60
93 126 19
4 65 34
13 103 25
135 146 54
8 143 29
18 46 12
29 101 19
12 84 31
103 147 6
32 102 55
16 110 30
75 133 3
2 131 44
31 50 49
55 121 15
93 97 44
46 121 36
94 149 32
8 87 13
72 94 18
53 71 28
71 115 36
4 42 25
68 73 20
76 89 28
89 108 48
121 139 18
30 51 44
33 93 28
41 68 22
76 84 2
3 118 26
110 125 35
95 145 49
105 128 4
8 47 35
72 108 53
52 57 46
7 74 44
35 127 23
52 125 24
34 138 55
6 61 52
29 38 59
32 51 24
62 80 44
40 44 45
118 141 29
12 111 30
9 65 16
57 137 19
105 145 52
37 75 42
71 133 14
6 120 25
86 119 2
96 136 40
92 133 43
28 95 17
91 129 49
42 114 0
59 99 37
53 148 22
108 144 59
55 130 23
15 112 49
26 79 32
84 121 37
55 143 22
68 118 44
82 100 10
53 135 12
86 113 29
59 107 45
28 47 20
116 140 9
7 16 11
35 146 17
35 111 53
1 39 35
100 129 55
57 79 44
38 52 13
79 118 26
50 58 26
8 73 39
56 77 49
61 144 50
108 129 40
31 44 52
53 57 54
75 120 53
69 137 33
27 104 46
64 134 29
65 72 37
48 126 59
26 112 43
79 87 30
6 139 17
13 134 60
42 42 26
52 86 59
70 126 48
98 120 14
113 124 7
67 145 14
54 58 2
77 119 0
20 119 34
106 107 40
1 142 48
63 101 36
77 140 23
87 93 3
10 129 50
117 138 45
92 94 53
25 56 52
26 123 11
39 82 8
90 114 43
121 129 14
61 93 12
87 99 7
63 102 58
97 143 11
48 97 28
55 58 55
105 113 41
30 31 42
92 106 58
5 15 45
102 113 54
8 144 46
11 148 35
73 74 52
15 50 44
27 128 51
19 80 41
97 131 30
93 145 49
5 22 3
21 46 39
4 98 42
102 122 7
31 131 23
7 98 31
24 79 60
37 133 2
27 55 56
58 143 49
3 17 8
9 61 30
32 109 4
83 107 0
111 115 46
71 142 40
76 124 5
2 108 24
101 122 41
80 117 59
100 137 45
9 138 1
51 127 24
100 123 34
74 125 53
56 72 49
42 97 26
106 106 45
14 15 19
34 57 41
116 118 15
64 125 2
52 106 47
67 128 56
71 91 26
63 77 8
3 123 9
10 117 15
43 97 55
32 145 32
56 65 17
39 102 36
36 121 29
43 149 5
25 43 21
22 98 60
81 128 45
87 133 3
118 148 30
124 129 0
58 120 4
9 23 11
59 124 8
103 126 39
12 13 9
33 62 34
21 102 48
41 79 18
14 34 6
80 138 16
36 109 21
34 128 37
31 65 28
29 132 60
88 119 29
112 146 10
42 147 57
59 89 37
10 106 17
86 128 31
68 148 24
28 130 17
33 81 43
28 52 37
114 145 14
105 119 39
124 135 12
43 68 48
89 133 37
69 74 13
46 71 32
97 99 49
5 107 19
63 135 57
42 63 60
91 110 17
81 118 11
24 40 18
98 149 41
67 67 28
100 104 2
81 149 32
38 142 35
122 137 1
66 137 39
14 91 17
109 145 26
12 40 16
39 92 11
9 17 60
111 135 25
86 115 53
72 128 34
10 125 13
99 99 60
15 135 6
139 141 22
41 131 2
68 122 53
24 66 24
25 61 45
54 88 39
61 62 40
10 112 50
69 85 40
3 31 25
66 116 48
1 56 28
83 129 28
59 138 6
21 88 0
41 122 8
83 135 44
40 55 55
127 135 24
14 123 5
1 102 0
102 127 6
6 104 14
47 94 44
31 147 59
96 120 48
24 25 26
42 130 28
70 110 31
27 51 8
112 121 39
67 86 5
15 99 40
127 136 2
44 98 15
65 116 16
62 113 26
37 109 50
66 104 14
45 56 13
77 109 34
73 133 30
29 85 19
80 90 43
104 145 45
6 62 44
7 100 37
83 84 30
132 134 14
64 84 28
67 127 44
6 74 55
19 141 48
40 132 25
33 138 44
46 76 34
11 64 29
36 115 35
88 88 60
59 145 55
43 88 43
48 114 42
20 61 16
101 111 0
49 78 12
61 107 29
72 106 33
54 62 49
24 34 16
84 95 48
20 72 8
5 8 48
35 96 43
82 131 45
0 100 57
64 101 13
71 97 8
64 107 42
29 31 24
37 50 57
75 106 11
2 52 38
13 129 35
36 59 36
3 53 26
119 148 2
41 127 49
18 65 29
29 91 32
107 144 29
106 125 37
118 128 23
27 147 11
83 110 15
32 124 10
9 134 8
96 124 11
54 147 49
118 136 56
75 110 3
66 97 12
114 124 3
30 93 6
59 93 45
86 97 48
86 124 31
34 38 52
30 88 15
57 61 46
115 126 21
37 39 13
100 145 4
9 122 54
42 116 8
19 123 2
27 148 8
91 145 35
36 148 30
4 81 3
28 63 58
1 145 41
91 131 6
68 82 38
43 57 19
65 94 41
52 97 38
111 126 21
44 105 48
36 149 9
26 64 3
2 146 58
95 115 55
93 133 53
41 42 33
5 91 45
26 115 3
36 84 49
73 79 16
54 105 31
3 71 35
43 63 29
44 132 18
39 41 31
66 128 29
117 147 60
60 101 0
51 51 12
39 53 39
65 144 33
16 66 3
129 136 60
39 52 54
116 147 47
112 134 13
37 89 30
74 143 56
106 112 42
57 63 47
113 114 8
40 51 50
81 119 19
76 125 2
34 89 18
22 136 55
19 50 53
70 83 42
78 146 29
52 129 19
124 137 34
82 133 54
42 137 9
23 35 5
9 124 4
52 80 9
8 69 20
103 120 45
55 128 6
50 149 58
91 120 43
81 115 45
43 115 55
70 133 29
43 92 36
2 19 29
73 82 56
76 129 49
43 58 45
94 121 20
12 106 48
64 79 40
9 103 2
53 131 7
88 109 6
9 110 58
38 41 23
119 129 28
31 138 56
24 102 42
17 110 30
73 90 26
37 129 36
30 61 27
85 87 46
84 142 58
22 45 15
15 53 4
104 108 54
126 144 16
54 146 20
87 136 23
79 88 47
28 89 11
20 58 22
129 141 30
29 98 36
4 141 28
2 77 22
30 99 16
81 147 57
48 53 45
69 135 31
39 55 18
53 63 42
58 108 35
36 144 14
16 86 18
15 24 44
135 140 55
18 112 2
103 122 48
13 22 31
16 115 18
99 133 35
42 131 53
24 70 38
14 132 17
40 86 18
45 125 42
103 133 49
68 139 23
0 37 13
51 64 34
107 136 20
54 112 5
49 86 47
23 110 20
68 116 18
31 77 56
41 100 31
17 63 59
4 130 18
30 55 30
16 46 50
41 145 20
65 111 10
78 88 14
95 132 45
47 56 3
78 110 54
8 119 34
51 135 22
90 134 8
24 52 16
18 77 32
55 55 21
1 149 14
25 71 42
62 84 52
16 48 23
50 122 27
77 101 36
54 96 8
6 55 9
102 128 20
63 98 11
47 110 24
0 44 34
3 106 54
127 138 14
21 144 20
79 81 54
34 105 22
13 105 1
4 126 57
80 82 34
50 130 44
36 101 45
8 10 52
14 139 15
2 84 10
20 148 57
80 131 20
58 115 40
82 145 44
77 128 26
20 32 42
85 106 29
58 107 28
29 142 52
71 109 28
88 98 31
21 109 21
64 141 26
74 86 13
59 135 46
47 137 40
100 114 59
75 148 29
55 148 10
58 147 20
66 141 16
4 143 2
86 142 17
107 148 27
47 79 57
18 31 49
54 142 40
73 116 59
91 101 5
5 106 57
64 114 54
65 68 48
66 77 11
83 134 39
84 130 36
2 96 59
81 81 18
34 141 5
114 118 57
102 133 41
11 14 11
12 47 32
57 82 45
32 69 35
53 126 13
81 124 52
110 140 55
49 137 22
89 149 42
63 126 21
10 24 47
43 75 29
56 83 23
98 99 16
14 31 52
102 142 33
80 80 50
87 139 50
91 100 41
34 60 1
47 126 58
29 72 22
26 63 13
111 144 37
2 68 36
88 148 50
9 126 36
121 144 36
4 100 25
106 143 6
90 91 13
22 90 57
99 146 47
67 122 53
13 124 29
9 76 16
7 67 2
23 54 4
2 87 6
51 149 50
47 132 24
52 136 33
2 37 59
15 84 38
114 131 51
93 139 26
40 56 60
29 103 29
30 117 1
99 104 58
105 115 5
40 113 25
27 136 42
70 86 20
46 129 7
125 145 17
58 80 51
37 127 56
124 143 50
9 111 60
15 107 19
28 87 57
19 78 60
53 133 17
1 84 21
22 61 14
63 76 9
5 88 44
43 91 48
6 67 5
23 60 30
37 82 44
59 137 18
37 98 47
59 130 51
17 59 56
111 125 28
5 76 43
0 136 3
77 103 4
101 101 43
94 118 28
112 129 18
112 138 22
33 60 8
96 132 25
44 56 15
10 27 3
65 147 23
34 149 7
44 131 18
104 106 35
40 135 40
108 133 6
77 118 16
35 63 34
93 125 42
39 149 47
113 122 50
58 58 60
106 114 4
29 90 52
15 73 15
53 103 48
98 148 59
54 115 35
7 134 25
80 119 38
11 86 32
20 22 30
13 144 33
29 131 3
43 120 49
23 131 35
87 112 34
99 125 60
30 110 45
32 64 52
74 104 26
33 142 48
69 106 24
36 37 1
20 96 1
10 87 41
28 123 26
46 115 21
16 47 2
58 137 53
27 131 31
15 40 27
92 121 18
36 133 38
11 45 51
13 120 55
4 113 1
4 131 30
5 105 43
22 31 26
77 112 44
9 100 56
47 96 55
109 142 39
8 101 13
56 87 34
101 139 34
12 115 41
80 112 32
43 85 3
49 105 49
6 122 56
20 107 38
104 113 45
5 38 45
39 67 36
15 45 60
87 134 41
118 123 47
39 99 35
116 136 11
71 89 12
82 130 27
94 108 24
87 120 5
112 130 55
19 137 17
85 139 24
6 32 2
16 22 26
58 121 32
47 142 56
10 85 23
2 45 41
72 109 41
90 147 60
88 137 4
1 131 43
48 135 36
82 96 45
7 101 44
16 85 13
98 147 29
68 125 52
18 59 60
0 35 37
101 125 13
76 133 27
80 133 41
80 84 29
50 82 50
106 129 5
79 89 46
41 90 32
7 28 34
15 20 48
4 137 2
76 131 46
24 125 40
76 122 40
57 106 19
4 63 20
118 119 20
35 119 17
2 105 16
61 78 46
99 115 4
41 112 32
76 82 36
112 147 22
46 111 51
57 69 17
47 120 24
52 53 30
72 117 55
8 138 40
23 89 48
50 63 21
24 134 12
39 142 24
55 87 4
10 122 13
7 112 10
47 67 25
43 83 3
109 122 56
26 67 54
73 137 50
71 77 2
41 102 12
89 90 8
71 149 7
29 96 23
33 77 41
97 119 37
16 24 24
98 115 34
59 101 11
0 30 12
121 146 18
17 137 12
77 139 42
51 81 27
69 146 40
104 116 13
71 102 6
1 72 50
14 21 1
53 127 43
46 52 15
132 142 3
106 141 16
14 93 40
36 47 58
10 32 48
95 100 14
84 115 45
69 69 22
8 16 20
82 142 54
18 38 6
22 57 58
31 111 41
11 123 22
116 141 50
0 21 53
34 96 43
4 97 0
41 110 11
0 129 23
17 26 58
91 93 33
53 134 35
30 37 42
83 94 43
35 77 4
74 116 53
18 95 45
112 112 6
30 107 7
10 123 18
8 62 19
82 113 42
32 66 9
49 124 16
90 121 50
54 149 54
130 149 9
76 119 60
60 109 0
37 37 4
79 110 32
80 99 21
48 56 14
41 41 2
84 111 39
46 90 2
24 81 36
123 148 13
80 97 6
66 111 53
100 127 12
11 66 9
55 133 57
86 140 26
10 44 30
54 135 39
63 132 9
7 19 32
30 77 30
92 129 10
81 131 45
60 129 23
114 148 5
52 143 13
38 130 20
83 124 25
66 124 24
62 85 41
47 134 2
52 93 9
67 108 34
1 109 15
39 103 47
59 79 30
84 148 31
88 138 41
62 133 2
45 139 50
0 48 27
80 105 46
15 76 28
107 132 44
11 31 22
71 126 27
22 143 16
18 125 42
24 117 16
78 117 3
71 112 20
38 39 39
75 143 3
41 123 45
69 92 49
95 97 23
7 69 26
74 100 12
38 46 40
62 111 15
15 87 6
95 103 60
22 34 8
99 142 23
40 64 22
76 116 23
36 83 51
40 139 56
21 137 9
39 44 29
36 55 48
8 140 23
109 146 15
72 112 29
27 144 32
29 141 24
58 146 33
17 135 55
24 113 7
13 55 29
22 96 44
79 96 7
52 122 29
53 85 16
85 133 39
98 126 47
40 65 13
97 104 12
69 78 37
9 15 29
32 67 39
121 142 18
76 96 52
79 83 56
125 130 22
36 44 17
0 143 5
115 139 23
82 134 38
26 98 10
48 48 4
51 107 26
28 92 11
88 108 5
30 66 50
99 147 6
93 119 8
29 137 45
69 119 20
41 80 49
13 59 5
70 100 22
19 131 17
54 83 18
120 142 60
23 28 7
79 134 46
37 47 24
67 85 31
86 91 39
102 136 55
86 143 58
61 91 60
17 131 9
38 89 26
19 64 36
38 66 22
18 100 14
38 71 35
2 107 56
28 132 42
95 110 41
63 118 44
85 89 10
113 138 22
35 148 45
26 43 47
21 125 12
88 115 24
30 122 42
54 140 11
9 115 0
64 147 5
52 96 49
125 133 54
36 119 55
52 62 30
44 46 14
51 58 26
71 108 44
31 81 17
71 105 34
54 110 26
79 101 42
71 87 29
46 62 1
89 125 59
44 81 12
39 90 49
1 55 57
48 49 7
10 86 17
50 107 12
80 130 37
3 63 54
95 106 39
48 89 40
21 139 11
34 86 7
47 95 34
111 119 13
56 123 6
37 84 42
2 134 48
106 108 38
48 138 57
88 96 35
7 53 40
107 112 6
49 74 45
55 82 31
7 31 19
85 135 47
36 110 59
9 64 59
73 144 53
85 131 54
81 84 32
38 61 13
77 98 32
41 54 23
72 87 38
31 34 43
42 84 8
34 126 9
38 116 32
44 119 50
54 125 22
30 143 51
89 137 11
6 45 33
80 102 60
20 97 43
126 137 57
80 141 30
81 100 1
6 28 6
61 138 24
5 137 36
93 124 57
117 144 57
84 86 35
2 14 21
23 82 11
22 148 31
9 27 44
109 113 52
68 121 16
6 16 46
35 69 8
49 134 54
41 74 50
49 64 7
51 146 47
51 105 22
100 106 37
50 118 25
107 130 26
31 91 22
108 125 14
115 120 45
87 108 31
61 83 22
120 124 2
105 147 16
18 52 46
3 25 25
48 117 23
57 74 2
115 141 30
3 108 30
75 130 16
78 130 26
38 77 46
124 125 5
62 115 37
49 67 2
18 54 60
0 141 39
5 78 31
66 142 51
91 94 55
97 109 15
23 50 13
54 132 57
29 110 0
59 74 28
121 131 31
108 130 34
23 147 49
38 76 24
13 26 23
70 107 24
41 136 0
21 107 13
4 40 59
111 137 51
51 98 58
67 89 4
64 126 12
8 110 12
56 113 37
84 147 27
66 109 53
46 51 39
94 144 43
39 54 21
41 129 17
9 90 27
56 74 26
116 123 25
5 63 35
75 139 16
49 50 12
27 123 50
26 116 15
4 51 50
49 91 24
13 15 56
108 146 4
36 36 4
114 127 47
55 91 1
53 75 49
70 73 49
93 96 55
56 114 20
99 109 21
72 82 18
40 140 27
14 73 35
12 49 30
38 99 57
73 132 29
17 70 56
54 68 52
92 109 60
62 77 9
85 142 40
100 134 35
43 62 22
46 137 13
89 104 3
45 113 43
46 99 9
27 78 16
118 145 23
77 107 18
24 116 35
28 60 55
93 117 4
56 127 19
85 134 35
9 32 51
9 31 23
80 115 23
51 94 32
25 121 38
50 133 15
74 118 35
103 125 58
117 131 8
1 148 2
58 124 14
13 31 34
110 136 8
8 131 25
98 131 10
68 131 31
67 68 34
36 138 7
16 51 37
73 85 18
101 146 13
104 127 9
17 130 58
106 147 49
24 104 19
56 129 18
79 123 51
2 48 2
52 85 38
98 124 52
8 107 21
46 88 3
32 94 9
119 144 17
113 141 35
86 129 52
28 102 36
103 108 24
30 123 15
1 16 36
9 18 1
99 136 4
14 128 17
58 75 10
45 132 54
62 144 25
9 24 17
66 85 53
81 143 29
75 85 3
38 103 1
24 121 23
17 107 15
29 112 49
25 45 30
112 145 32
25 119 40
89 111 6
85 125 30
15 127 38
86 130 2
32 83 44
69 148 0
2 29 48
81 140 55
76 123 2
64 113 0
77 120 40
107 143 6
5 35 17
134 144 40
31 54 51
11 75 27
76 109 24
59 128 58
117 141 25
7 13 58
62 74 41
59 73 42
6 68 34
33 71 50
1 126 22
40 94 43
49 127 43
46 136 28
0 66 48
100 130 19
110 133 0
15 75 44
30 87 60
43 131 17
94 140 16
49 112 20
8 137 49
57 76 0
74 95 42
71 90 47
8 40 4
12 59 0
100 136 22
60 87 1
22 145 60
9 88 52
20 35 0
76 83 49
55 56 3
0 70 14
15 134 52
33 121 29
106 135 29
55 61 27
78 95 48
21 48 0
15 63 55
30 58 49
33 49 0
47 81 28
36 106 58
45 112 33
73 75 35
20 26 11
4 46 8
40 146 58
40 97 60
109 138 13
7 127 18
105 129 25
47 90 25
73 112 53
40 84 17
25 70 52
67 141 58
113 149 10
47 84 7
88 104 57
37 52 21
77 144 22
23 57 54
113 121 39
20 69 23
5 143 30
70 88 14
51 66 53
71 124 53
44 73 46
78 145 1
81 113 12
33 106 26
93 116 53
11 35 41
122 123 9
37 38 60
110 121 21
52 99 17
71 75 6
40 117 52
102 115 0
100 101 26
24 61 55
22 35 21
38 79 34
3 104 58
17 28 12
14 36 31
113 117 32
72 119 1
0 82 2
65 120 46
71 129 8
62 100 14
21 134 47
1 113 57
42 46 7
0 117 46
41 89 51
35 132 13
35 43 2
86 121 21
83 103 25
58 132 47
93 95 32
71 80 16
44 80 1
38 102 10
14 137 52
16 32 44
87 125 15
68 102 14
96 101 51
43 61 47
5 44 42
38 101 26
78 142 59
41 72 47
119 124 37
62 91 19
8 81 35
11 142 46
101 118 54
41 114 25
84 127 32
60 115 46
90 137 37
78 86 20
18 89 33
45 126 50
114 125 43
31 115 31
66 88 53
14 101 58
122 135 48
83 120 52
40 82 58
78 148 19
32 70 51
39 91 7
112 133 49
13 28 6
111 114 60
47 62 13
42 57 31
102 102 4
26 117 3
95 101 13
66 96 38
32 112 6
35 52 36
57 126 18
88 136 41
0 99 16
40 50 27
49 79 47
114 128 27
24 98 19
27 119 46
66 91 17
26 103 41
12 149 40
55 65 25
42 50 19
64 76 54
108 112 34
84 107 52
5 122 49
32 68 49
118 124 17
32 116 41
76 112 44
43 47 54
10 130 11
78 109 2
43 89 55
64 132 23
83 128 4
19 82 7
16 107 52
93 100 36
6 76 47
42 112 36
21 114 58
90 96 35
78 123 39
86 139 31
56 130 16
84 94 55
62 148 40
86 145 34
0 50 1
28 55 36
98 119 60
79 104 44
20 78 15
35 71 3
92 140 51
25 116 27
8 75 34
7 10 60
100 143 11
53 93 52
28 56 1
15 82 14
66 133 43
74 83 25
37 48 46
82 126 3
55 111 33
9 58 28
18 50 19
98 103 55
97 124 12
22 144 15
20 41 12
15 123 4
33 68 12
31 73 25
99 111 5
57 146 14
2 18 27
67 144 35
80 106 43
43 84 15
52 108 57
23 142 57
70 85 31
106 121 49
55 108 20
36 100 11
106 137 27
25 31 55
25 42 34
60 63 11
37 40 0
39 60 29
77 100 59
45 124 26
29 67 45
116 149 44
100 135 60
10 144 9
14 140 10
28 116 54
79 124 34
72 90 47
82 122 4
17 116 35
65 143 21
12 136 22
77 121 27
19 122 50
85 127 46
91 146 20
64 123 20
18 25 9
33 78 58
19 130 22
50 56 36
6 18 54
124 146 31
28 124 52
81 112 27
2 49 39
62 99 23
42 81 19
65 84 44
83 89 10
85 137 54
56 111 1
59 66 9
25 130 32
76 99 37
69 89 15
50 123 6
30 84 54
51 85 0
48 64 7
123 139 55
29 78 4
14 126 27
102 108 25
1 136 14
72 84 41
112 149 30
78 132 47
57 147 32
48 144 6
61 123 52
27 93 6
122 136 11
59 115 8
16 33 57
91 144 32
28 62 24
48 95 3
41 67 6
84 144 25
122 145 19
119 138 6
76 134 39
39 75 8
39 126 7
71 131 16
20 50 40
20 55 29
68 126 30
45 63 48
37 78 57
25 136 29
55 139 30
69 112 11
37 63 58
10 93 25
17 147 34
71 106 58
3 34 54
60 94 21
73 99 15
39 86 28
42 71 11
21 141 37
47 122 45
5 16 44
45 136 4
26 146 3
46 145 51
82 114 50
76 136 57
78 94 32
104 124 22
1 37 13
4 12 7
10 46 47
23 130 18
97 111 24
31 106 60
61 105 13
76 120 51
41 111 6
47 112 19
56 109 26
50 99 19
4 76 41
9 92 3
12 87 2
102 119 28
80 93 17
56 95 18
19 138 41
27 92 3
45 116 41
89 91 52
15 140 45
65 138 22
5 54 1
94 122 19
79 117 1
23 144 14
93 110 34
7 144 34
35 87 21
117 124 59
21 51 36
48 147 53
83 145 6
30 112 60
88 113 8
23 37 44
79 95 56
67 74 50
50 116 26
56 103 6
55 147 44
5 112 44
56 64 9
60 78 8
77 125 21
37 124 38
28 82 30
65 148 18
21 72 54
45 52 22
4 95 50
24 69 15
96 121 34
53 143 27
53 62 46
56 56 51
98 138 10
18 105 37
84 118 31
66 90 12
16 75 57
86 98 7
44 143 16
19 128 59
45 66 10
33 40 28
77 91 17
88 107 1
19 79 55
63 79 31
16 127 19
7 121 51
78 78 10
47 86 30
16 55 14
20 27 30
93 94 56
21 64 40
37 91 29
54 107 50
65 140 45
14 56 58
25 122 32
50 132 43
89 99 47
86 138 5
86 125 47
2 140 32
44 61 12
17 82 20
39 121 23
11 38 53
48 105 12
23 23 19
16 134 12
57 140 5
79 126 18
1 11 37
41 108 24
48 128 34
21 135 26
89 103 30
64 111 9
30 36 19
96 106 58
115 138 8
11 125 8
104 122 45
51 141 28
8 53 37
22 126 29
114 136 23
72 88 3
50 51 36
39 141 29
45 141 20
39 46 9
3 79 33
100 113 57
70 90 11
116 134 3
56 139 47
13 32 7
40 147 18
28 110 49
30 69 14
59 86 17
20 25 24
106 123 32
46 95 43
63 119 25
29 107 32
91 128 35
30 44 58
92 127 43
105 112 31
2 54 6
51 60 3
37 147 1
41 126 42
31 42 7
70 117 15
39 132 24
91 105 9
91 102 59
63 74 51
5 49 40
26 57 22
37 138 25
67 70 38
116 121 16
88 100 14
59 67 17
100 148 7
40 127 40
30 40 12
61 131 38
28 147 28
113 125 2
93 122 17
11 12 54
100 144 0
61 136 52
2 104 30
113 140 35
9 99 45
74 90 59
62 69 38
17 54 16
26 96 53
66 110 10
52 103 42
18 110 41
7 115 42
17 39 49
78 143 45
110 123 6
27 143 58
88 101 9
87 121 7
70 136 39
98 136 30
83 116 19
8 71 47
63 68 37
31 116 56
73 86 1
10 33 14
63 69 9
3 140 35
57 83 38
54 136 6
7 50 20
2 42 0
96 122 21
61 90 0
36 111 60
38 75 11
53 108 23
33 42 19
53 98 20
59 122 15
57 105 6
58 129 5
57 86 35
28 91 13
59 100 42
5 67 54
8 121 46
64 96 54
7 24 32
47 88 5
124 141 25
49 63 30
42 65 24
43 148 15
4 83 26
101 148 31
56 94 16
31 85 0
33 88 55
3 48 37
60 84 58
91 107 49
89 131 30
37 119 33
74 134 56
7 109 6
7 15 18
56 146 56
125 136 13
103 127 11
55 59 16
45 65 50
33 124 15
116 127 44
46 70 23
83 99 48
58 139 22
17 44 10
66 122 25
2 115 1
54 90 45
53 61 18
89 146 49
48 129 33
36 40 52
46 82 46
112 120 55
32 122 38
22 112 2
49 82 42
119 123 4
84 100 55
57 101 55
47 51 9
53 95 49
17 64 13
2 142 3
7 58 24
31 67 45
68 138 48
92 97 47
120 131 37
13 33 24
1 124 54
31 98 53
13 146 28
13 19 34
92 123 20
65 74 51
131 141 49
81 120 32
8 55 14
5 62 53
80 126 26
11 87 10
16 123 11
76 140 53
52 75 4
104 134 47
3 39 34
14 55 36
6 70 30
94 112 56
75 93 9
43 130 8
96 113 54
52 133 47
75 102 50
22 28 41
24 144 16
2 98 30
31 59 1
13 106 48
36 132 53
39 117 19
1 5 2
58 116 11
80 118 30
68 75 31
24 45 53
113 145 24
4 85 19
39 140 3
6 142 52
115 134 44
75 123 11
101 116 0
8 74 53
52 60 17
112 136 12
107 133 19
41 66 19
41 138 49
21 42 39
9 38 49
61 108 19
28 129 18
8 96 4
71 117 44
67 98 23
37 134 2
46 125 28
45 144 28
61 85 38
21 100 13
51 87 57
29 130 11
95 124 14
40 114 29
5 103 12
73 104 17
4 39 39
111 118 49
15 97 6
21 96 48
44 106 8
30 126 14
47 75 29
58 136 0
64 106 20
15 34 27
38 73 15
94 126 43
34 93 32
49 135 6
38 54 17
69 122 21
19 108 1
130 146 15
7 45 36
16 68 59
24 44 39
37 97 46
72 145 40
41 118 50
57 72 7
60 66 35
21 24 8
23 26 35
57 84 19
20 52 35
63 122 49
43 55 26
27 84 17
3 73 51
15 70 3
59 92 22
83 142 7
6 123 17
6 86 28
35 117 44
64 102 5
28 61 17
92 95 38
65 106 18
35 45 10
67 96 52
94 130 46
72 139 50
52 111 0
62 130 56
45 103 27
21 105 37
5 12 30
16 117 6
49 65 45
56 98 38
57 94 23
15 98 28
57 127 5
26 29 18
41 148 43
6 23 32
12 89 18
52 117 59
17 30 8
99 127 59
65 78 33
101 124 17
32 57 22
1 106 35
109 130 50
4 107 14
64 97 46
4 7 26
39 63 37
71 74 12
74 139 15
13 80 45
27 97 35
91 127 16
29 121 59
45 78 9
57 131 9
0 32 53
53 99 11
114 144 54
29 73 8
70 95 52
35 73 13
12 69 31
117 117 60
7 95 34
103 138 59
97 121 7
25 99 50
94 117 13
53 64 56
81 96 27
2 125 29
3 113 44
29 123 32
46 78 31
47 106 39
123 131 5
68 111 15
95 136 30
53 122 32
61 97 32
96 116 39
4 74 56
75 112 2
107 141 44
110 135 13
46 57 48
29 117 22
85 102 12
25 125 29
22 123 17
36 58 11
29 144 14
75 105 3
82 141 43
27 100 37
91 124 33
54 89 16
67 71 24
56 69 46
52 87 5
38 63 12
6 100 55
79 82 29
65 113 34
17 40 29
96 123 40
90 128 35
1 130 5
75 83 21
18 108 44
1 64 7
125 149 41
35 143 27
38 100 10
27 130 40
10 25 21
73 96 31
69 145 46
19 129 18
65 75 52
104 143 60
112 113 8
20 131 47
71 93 59
32 85 29
81 129 46
44 48 55
73 124 17
21 130 39
36 69 19
114 134 53
19 46 8
9 94 30
24 140 9
64 115 50
20 116 59
22 22 39
45 135 29
74 89 57
81 109 15
28 31 46
32 48 30
74 105 40
19 96 18
85 146 33
6 85 16
107 127 47
0 144 51
13 35 0
117 133 13
36 88 44
83 140 19
131 145 30
64 74 39
31 133 23
13 52 35
75 81 4
33 33 23
59 106 17
49 87 19
46 148 3
101 142 2
37 80 51
59 83 10
1 50 43
75 78 47
89 114 18
14 41 33
77 106 21
12 26 13
2 79 27
21 52 52
3 70 5
0 54 53
57 80 19
70 127 6
19 124 49
0 47 31
19 73 59
1 26 53
55 73 18
38 81 36
19 140 10
73 103 30
59 72 3
48 142 13
120 144 7
41 109 11
30 68 38
41 50 29
22 24 21
23 32 32
69 93 54
39 83 5
61 114 32
11 41 13
74 127 42
16 62 8
2 55 42
44 139 57
28 66 23
40 95 9
14 119 9
12 101 0
54 79 16
62 114 54
4 23 31
30 100 26
68 145 20
61 103 44
23 128 20
83 118 29
9 48 36
54 75 6
85 130 19
8 65 33
50 102 28
63 129 43
20 113 46
40 122 9
55 81 60
9 75 4
22 101 42
25 104 54
7 116 42
65 112 40
26 77 16
92 100 50
34 64 50
49 80 12
9 104 15
108 142 24
11 132 58
89 100 39
40 43 37
8 43 58
25 118 12
37 132 36
49 83 34
31 113 52
87 124 36
58 90 18
110 138 0
4 120 16
105 121 55
6 92 35
58 104 20
2 128 60
25 129 50
39 61 33
2 59 11
16 44 38
76 137 32
83 139 4
22 133 41
93 127 48
34 67 46
62 140 39
78 104 44
39 73 1
12 112 50
82 83 9
12 113 36
103 130 14
92 126 60
125 132 24
65 93 56
52 61 34
94 99 27
3 92 21
94 120 9
29 48 15
12 77 19
37 137 50
121 126 37
14 145 41
61 106 15
80 87 24
9 149 46
82 148 17
109 134 45
84 126 52
46 63 24
26 51 53
27 53 25
88 144 52
55 149 19
113 137 9
112 122 23
68 89 50
22 135 16
33 125 23
19 71 31
50 57 15
96 130 41
69 94 12
11 149 7
24 67 44
58 66 5
40 92 18
64 82 38
86 102 36
34 127 6
42 77 35
75 141 48
70 143 40
77 114 26
17 84 6
4 117 39
41 94 7
72 89 38
30 116 52
77 105 10
62 110 35
48 131 33
18 94 42
70 91 58
36 73 34
4 54 30
97 101 60
54 93 33
3 33 45
39 40 7
33 139 40
68 84 12
38 126 51
54 54 32
43 87 20
64 94 20
112 128 2
67 138 0
22 30 47
16 29 2
12 131 43
58 97 44
54 74 45
43 118 9
15 110 8
85 98 49
56 138 55
60 68 49
60 92 15
28 86 31
48 84 19
32 38 38
44 108 37
66 107 28
2 58 41
67 113 39
84 141 6
10 63 11
34 78 46
110 130 12
81 85 17
1 80 58
28 121 7
79 80 4
89 145 9
30 41 35
1 43 19
79 130 23
11 82 52
35 46 29
36 127 55
36 72 51
65 123 6
100 103 20
11 92 41
25 40 46
26 44 15
28 83 29
14 124 5
49 149 28
115 124 59
48 62 6
1 104 36
7 14 24
90 142 34
51 119 57
45 104 9
56 141 13
16 116 28
45 62 20
25 137 34
42 69 18
46 60 18
10 64 28
34 133 51
13 127 25
50 96 18
92 124 1
98 140 47
78 107 12
44 146 34
70 94 5
63 73 5
34 109 13
73 97 60
125 144 32
54 69 29
116 120 50
39 66 6
85 115 47
46 127 15
45 91 25
54 131 39
6 108 50
77 131 29
28 88 6
86 112 30
65 110 10
60 148 56
28 125 15
54 87 57
76 139 11
68 90 60
31 134 21
51 61 56
38 147 38
7 8 19
120 149 12
116 126 34
90 98 6
32 81 28
61 88 43
9 147 51
103 145 38
94 123 1
0 38 14
76 142 41
77 90 45
81 148 41
53 114 47
48 92 12
51 130 21
113 132 22
110 132 20
119 139 35
24 72 38
71 116 2
16 130 58
31 74 15
30 101 39
65 126 28
7 119 13
16 58 36
31 146 39
25 132 37
18 113 30
101 140 31
87 149 49
86 117 32
12 42 42
16 43 30
3 87 50
84 85 35
90 92 53
101 121 55
66 139 10
13 39 50
73 93 12
14 127 17
28 137 4
90 103 3
56 92 46
39 122 47
99 121 21
40 89 9
48 149 38
67 83 5
82 135 44
7 87 53
23 31 25
15 16 46
70 137 32
42 122 30
8 67 17
18 62 42
104 105 45
121 124 34
20 132 13
42 43 39
1 128 12
15 128 55
28 67 29
107 145 54
50 121 17
58 112 12
41 106 39
61 95 0
45 134 15
8 58 44
19 22 17
16 105 32
60 93 48
42 45 28
21 54 9
60 147 38
12 62 39
102 124 38
44 83 14
104 123 30
33 112 16
49 131 41
26 76 7
83 112 4
33 73 45
13 89 1
31 112 26
89 143 24
7 139 24
83 144 12
40 75 30
3 134 39
12 55 59
37 149 24
54 144 16
82 93 1
65 76 6
78 96 24
35 97 1
32 129 30
68 83 6
72 126 49
14 47 7
69 142 0
51 143 14
8 44 11
31 121 46
55 68 17
74 74 39
23 83 3
28 71 22
70 118 12
42 74 11
55 57 58
23 65 9
108 140 49
40 52 39
32 59 14
32 47 15
14 77 15
41 135 47
70 101 58
71 120 53
77 77 25
52 134 35
59 144 9
27 142 10
27 32 26
28 70 48
93 149 48
27 102 54
85 122 42
102 135 29
47 101 13
3 101 50
9 56 35
55 123 17
65 115 59
47 114 8
2 85 8
8 80 57
76 104 60
69 71 41
21 26 17
17 138 43
45 111 16
2 75 56
122 126 8
3 47 51
73 148 22
0 147 53
34 99 48
2 100 56
41 144 0
19 87 22
85 149 48
57 93 31
51 82 55
58 62 25
85 112 8
3 5 25
109 109 31
56 88 33
100 125 23
46 98 57
0 68 27
72 125 52
58 126 14
107 122 50
31 51 33
24 32 40
50 86 26
19 53 13
23 137 55
14 48 35
73 111 20
65 107 50
35 55 14
5 33 19
42 104 46
8 134 17
23 99 41
37 125 50
30 63 21
90 110 36
47 135 34
8 82 9
65 139 11
43 52 8
63 120 18
33 118 26
42 67 21
0 60 19
23 77 23
55 140 35
5 34 38
95 112 30
62 65 60
76 107 52
38 132 4
11 140 29
22 65 10
10 124 51
18 23 44
11 147 27
6 25 16
75 145 55
75 128 0
45 55 49
44 68 24
114 129 27
31 32 28
15 48 18
22 41 55
68 74 4
26 142 26
13 49 55
2 110 56
43 48 42
44 124 53
14 116 33
93 131 16
12 120 5
39 47 29
109 148 26
30 48 56
1 79 48
40 143 42
58 77 50
68 147 43
23 127 54
90 136 1
61 98 0
70 115 56
39 124 47
114 137 32
10 91 12
80 148 50
23 105 45
37 139 15
51 52 57
73 149 6
96 100 27
73 139 38
76 93 18
55 100 14
69 81 54
67 76 30
117 140 0
25 73 59
28 78 44
48 124 53
74 108 42
43 110 54
42 115 14
29 68 50
101 138 23
108 141 6
59 95 12
61 101 57
44 51 28
66 140 18
34 115 16
34 131 6
60 111 55
29 82 36
55 92 50
47 125 14
63 99 2
21 41 19
59 82 46
14 117 17
87 117 3
21 101 17
37 95 1
50 103 46
1 123 56
23 27 1
38 133 52
86 136 23
40 76 59
56 63 58
34 44 12
53 72 43
129 134 28
33 98 44
26 88 33
23 39 35
19 38 19
19 28 28
69 79 30
48 83 57
86 96 10
85 148 31
40 101 47
77 88 51
17 18 11
38 62 56
5 136 58
38 148 37
128 138 34
72 113 29
60 144 43
46 74 46
113 143 21
36 85 44
26 126 44
103 105 41
40 118 54
79 94 42
31 125 22
43 143 33
2 27 20
37 128 39
28 114 30
75 146 48
58 119 13
41 58 47
47 89 40
12 127 28
39 136 44
60 82 57
70 84 53
29 93 22
49 84 35
17 65 48
84 140 19
22 89 4
66 113 35
52 68 55
1 48 53
44 96 44
2 81 53
7 141 46
68 101 3
119 126 21
49 100 41
64 130 23
72 124 43
0 8 10
75 103 3
24 127 6
13 77 26
92 136 16
102 143 9
64 81 16
55 95 27
61 128 25
70 109 14
77 86 52
53 128 15
1 71 37
58 95 25
23 47 19
78 126 38
107 120 54
51 132 55
60 69 21
0 0 11
91 142 11
85 116 21
39 89 48
33 95 17
20 49 42
86 120 47
18 43 24
43 56 16
1 66 14
68 143 24
117 125 26
33 96 44
25 69 13
23 138 50
34 116 10
11 11 34
4 142 41
33 75 34
1 141 16
44 135 33
38 121 1
25 38 53
16 71 16
49 94 52
12 76 55
66 145 1
10 26 14
56 135 39
16 111 48
23 46 37
17 143 36
19 59 26
7 146 52
31 45 24
75 124 29
21 47 5
113 123 33
36 39 4
45 67 43
42 90 58
0 15 7
23 56 39
35 116 10
77 126 27
2 20 27
8 56 58
90 130 21
101 131 36
72 129 6
17 75 57
39 143 24
33 36 53
96 131 43
48 145 45
21 62 42
72 91 2
9 49 26
87 107 51
78 124 59
48 136 29
81 83 51
29 52 11
68 103 31
36 145 44
5 134 21
55 144 10
0 72 49
31 149 34
114 130 18
71 148 41
23 44 19
8 117 60
44 103 13
94 94 7
11 59 33
24 95 53
10 113 49
15 109 41
82 112 15
68 87 14
40 70 60
91 91 60
40 90 21
16 63 30
70 132 29
31 60 17
36 146 22
46 94 48
2 57 2
59 84 31
20 126 10
70 93 29
4 109 57
87 89 54
89 102 22
68 105 27
35 57 41
121 132 46
124 148 44
27 56 3
4 103 34
30 140 26
120 133 45
23 112 6
10 50 34
7 140 35
4 66 48
47 71 17
57 114 54
33 64 29
27 115 0
94 134 36
51 96 38
24 82 51
24 38 2
29 114 51
23 123 21
22 113 52
116 128 28
9 95 2
113 120 50
59 142 0
113 129 4
14 95 31
75 114 43
29 64 6
91 113 49
7 136 14
68 86 39
2 111 38
46 81 58
1 24 46
20 54 21
17 32 5
2 102 48
52 72 44
10 134 10
24 133 49
32 44 23
9 71 13
74 114 49
43 90 12
19 27 15
66 126 32
97 137 57
5 10 15
26 97 22
82 89 55
18 78 50
26 42 15
105 135 18
24 83 15
29 115 41
3 124 22
9 25 51
73 91 6
67 123 20
63 131 49
100 117 53
1 86 2
15 83 31
69 131 18
26 54 38
29 60 9
50 53 37
2 34 51
48 101 43
94 114 1
59 94 39
67 126 15
34 123 56
75 88 28
91 138 57
25 65 10
67 125 54
2 30 19
19 39 58
66 125 37
52 54 42
50 78 2
4 68 10
12 43 29
83 117 57
22 47 16
4 13 14
79 122 49
25 92 39
0 63 43
32 93 7
9 145 24
106 149 40
36 137 10
88 103 39
24 41 51
105 118 43
99 149 46
17 35 36
80 132 48
104 112 8
32 84 36
70 129 56
51 116 30
2 117 14
28 41 13
73 146 22
11 62 14
95 137 33
64 142 8
20 111 58
80 145 24
29 46 56
42 54 26
59 63 10
41 69 25
85 140 21
9 142 35
65 109 6
60 120 32
92 112 50
49 142 34
10 97 26
68 70 44
92 103 20
14 25 49
42 80 7
67 75 8
73 83 26
8 145 6
35 91 21
36 53 1
20 127 32
59 97 47
110 142 9
94 145 1
29 147 21
25 140 24
31 79 20
114 114 24
50 131 21
24 109 49
1 62 25
83 148 48
116 143 30
84 103 35
76 88 6
30 74 17
12 93 53
63 71 45
59 110 1
1 97 24
47 59 17
53 118 3
77 110 10
35 41 21
51 69 12
67 110 58
31 47 11
26 111 29
9 144 15
55 109 34
103 119 15
82 103 1
9 120 12
1 117 50
48 60 4
17 20 42
34 62 56
5 64 60
62 68 37
40 148 51
79 121 50
17 48 27
62 94 13
40 109 24
26 30 44
65 89 36
1 6 50
57 141 14
13 62 4
104 136 58
117 128 2
61 132 28
19 60 51
1 100 28
34 47 60
9 63 22
7 59 13
20 147 27
78 92 31
101 130 16
66 120 28
1 139 24
78 149 30
13 110 8
16 28 57
60 128 2
115 135 16
79 91 41
116 146 45
118 121 44
58 101 25
33 51 47
49 62 0
23 129 12
63 112 43
66 69 0
66 75 22
86 116 56
17 111 15
17 66 47
7 37 15
76 102 53
32 95 47
77 116 13
6 135 49
89 109 52
88 97 23
13 45 38
85 110 26
100 102 22
79 86 21
28 145 46
42 88 2
6 38 12
12 109 13
16 106 34
18 120 12
22 147 56
103 115 51
28 103 40
20 87 43
19 26 0
31 140 49
36 81 51
59 69 8
3 100 5
4 53 49
37 44 39
64 68 22
13 148 52
71 85 54
51 136 49
16 144 12
13 147 5
58 71 46
22 141 1
13 64 14
35 92 48
28 69 56
69 82 48
100 149 55
41 70 24
6 71 2
14 22 32
54 84 14
65 67 34
105 148 22
20 117 6
25 72 38
1 40 18
2 70 26
61 124 52
44 104 23
41 117 32
14 67 59
14 85 12
30 39 27
22 149 7
99 106 5
67 149 15
7 123 34
61 61 17
48 122 17
75 108 13
90 131 23
11 96 17
30 45 35
96 111 5
27 34 57
53 115 54
100 141 17
55 90 10
53 139 10
59 119 44
20 83 38
84 146 22
12 102 59
21 34 45
50 136 27
38 135 7
11 71 25
39 76 14
9 117 58
49 54 22
60 85 24
56 132 49
0 16 30
52 109 49
50 88 48
18 37 11
88 139 58
63 94 60
83 86 50
4 133 7
72 116 3
18 56 59
19 114 52
28 120 33
43 145 28
10 101 45
59 112 30
50 93 50
46 48 54
2 46 20
23 49 53
70 89 51
41 77 31
42 118 14
61 120 11
18 30 38
21 60 42
72 103 48
10 82 25
80 147 19
40 116 28
70 97 5
61 115 7
4 122 56
116 138 0
9 54 15
28 64 52
29 105 35
23 81 6
23 97 21
54 121 39
37 122 25
29 95 42
53 94 12
50 83 29
16 82 16
42 125 55
58 149 42
2 8 55
82 92 51
87 104 24
93 106 42
31 86 39
37 86 51
83 111 44
63 92 48
62 78 29
24 141 20
75 131 35
27 124 52
12 46 7
21 122 58
18 122 7
46 49 5
96 99 24
49 96 23
78 100 29
22 124 1
81 87 23
20 37 45
4 89 22
11 21 59
38 92 25
75 136 39
10 68 38
28 45 55
34 40 26
52 126 31
29 66 4
80 81 26
29 84 33
5 32 0
77 87 45
71 111 22
54 73 42
30 33 36
15 31 30
65 98 47
39 147 37
14 45 35
76 106 19
40 125 52
21 92 2
9 125 41
48 58 58
35 140 54
31 117 35
13 14 13
22 122 34
53 102 40
82 107 32
94 115 28
104 142 6
127 132 10
31 124 44
42 106 28
50 64 34
60 89 37
66 147 5
4 29 14
7 138 5
19 109 17
91 134 41
34 103 24
61 74 35
48 119 39
8 79 22
5 5 52
34 121 23
65 132 49
74 129 11
55 80 53
36 134 10
74 111 32
75 94 40
98 111 29
39 79 31
32 45 2
38 140 51
59 65 2
31 68 46
11 107 32
63 121 58
53 54 14
37 126 41
26 124 52
75 138 57
15 44 55
87 115 16
2 91 60
7 7 46
75 111 2
23 41 51
32 142 28
19 88 47
78 91 22
62 122 40
61 84 37
75 99 56
64 146 31
81 123 24
11 70 34
2 21 33
28 146 16
62 70 17
15 136 15
66 82 57
13 104 55
3 88 42
34 101 26
9 9 6
101 132 1
81 122 50
28 49 16
7 35 0
70 87 43
13 135 26
4 124 25
38 72 2
42 49 56
14 64 16
69 76 55
2 66 57
112 127 38
89 124 53
7 128 31
30 67 10
50 144 43
31 123 16
108 111 26
14 115 25
95 96 53
62 136 21
32 118 33
40 129 14
79 148 37
74 133 30
35 81 43
97 128 44
115 128 28
17 117 32
25 75 30
80 83 31
17 123 52
28 144 14
36 120 29
112 139 41
65 130 40
23 38 51
36 52 37
9 60 58
34 88 53
72 75 10
76 117 48
47 133 18
59 140 24
17 17 58
21 49 52
47 144 55
76 128 21
21 79 9
65 119 22
51 75 35
92 92 1
37 55 4
10 119 55
14 149 4
38 88 32
28 118 26
97 115 46
31 107 4
8 61 19
94 116 16
33 109 43
82 116 20
82 128 45
22 75 50
2 53 46
73 114 15
80 100 29
63 97 41
4 8 44
47 116 2
35 126 59
65 88 56
48 104 3
91 130 58
49 115 35
55 102 47
65 95 6
9 50 27
8 102 52
35 145 30
14 99 17
91 148 35
59 109 53
32 119 15
12 90 55
42 66 23
20 86 42
17 112 48
86 126 25
71 134 3
48 88 15
35 121 8
60 146 16
90 140 15
15 104 25
74 148 3
44 144 45
69 143 7
27 133 39
26 34 26
24 92 58
56 148 53
23 34 20
75 80 1
119 147 46
65 99 40
20 98 10
14 51 10
88 92 48
51 137 40
37 74 32
48 50 29
64 90 7
18 66 8
11 91 22
18 40 23
88 99 32
78 119 52
78 111 59
53 55 14
11 102 33
16 135 0
52 58 18
49 102 23
11 43 0
57 123 10
62 76 23
25 84 1
66 92 8
21 108 13
36 87 24
81 130 40
64 104 49
41 128 60
34 143 41
64 144 38
74 99 40
44 89 45
39 49 54
6 140 20
107 142 49
44 118 51
56 67 15
84 96 23
23 117 23
32 40 41
9 121 54
94 98 3
75 79 47
40 85 50
62 147 29
22 32 11
114 147 22
28 84 4
9 98 11
19 102 34
80 96 30
35 136 40
12 53 12
16 125 7
39 88 17
22 42 44
44 57 25
20 145 19
32 110 43
10 70 11
89 117 36
13 51 16
48 115 5
36 95 25
9 112 2
39 87 41
61 112 51
39 57 60
111 130 22
23 45 46
62 103 42
54 97 0
15 124 24
53 65 40
13 71 46
1 13 30
79 125 51
44 58 57
82 94 42
65 71 60
35 130 13
36 74 9
35 94 14
76 130 22
79 140 10
67 131 16
15 52 31
12 73 32
51 95 53
54 108 44
12 117 43
2 12 15
7 148 11
18 33 9
14 106 31
8 142 29
52 138 4
101 120 18
10 22 42
8 97 46
74 92 54
29 97 34
1 9 5
70 79 24
108 126 27
33 67 8
58 78 29
72 133 29
8 34 7
35 67 18
11 117 51
97 148 17
15 30 45
31 118 56
38 112 33
25 144 25
15 46 29
63 117 46
13 143 53
41 133 5
21 90 25
99 128 48
54 130 22
41 76 53
33 63 13
18 115 48
85 120 9
42 103 7
89 119 54
59 114 23
69 87 10
57 58 24
42 85 2
18 18 11
57 134 36
75 90 47
10 10 4
27 42 42
117 127 10
56 71 15
94 111 11
11 53 0
30 115 26
45 88 23
73 141 55
57 67 53
7 48 29
22 95 27
70 138 18
25 46 57
24 147 1
33 39 56
6 147 26
54 63 45
24 49 41
33 135 37
21 39 4
87 119 38
68 117 49
32 131 9
89 116 30
41 97 39
0 131 26
67 135 31
98 102 30
17 76 11
19 65 35
10 132 17
79 145 0
38 144 8
6 73 28
69 99 54
49 138 26
41 137 6
80 86 60
31 104 20
14 78 44
64 137 33
20 39 44
30 131 9
9 45 27
27 113 58
57 136 21
104 149 1
0 29 27
75 92 43
41 45 55
41 83 43
0 106 25
64 103 41
54 91 50
13 48 13
56 116 48
68 106 16
7 72 33
68 146 12
65 104 45
98 116 30
37 140 25
26 35 7
19 112 46
45 50 31
63 143 53
71 71 48
30 96 18
28 68 21
25 26 56
44 136 37
69 147 23
44 92 2
61 122 51
61 127 9
16 59 29
67 136 55
62 149 41
6 57 40
38 87 31
65 125 22
29 30 43
10 39 24
18 67 8
37 111 12
18 147 2
82 144 35
69 125 59
70 80 23
13 92 36
40 121 7
33 44 1
86 99 0
31 33 59
72 138 35
40 54 43
33 57 30
51 79 35
43 124 13
68 95 52
15 25 13
88 93 30
21 127 25
106 130 13
52 66 40
15 71 49
10 95 15
35 56 60
27 69 9
41 64 43
73 135 31
63 100 40
25 83 51
71 82 23
36 75 24
79 114 5
62 145 58
17 34 20
71 139 52
26 102 19
24 137 53
78 139 13
39 45 45
83 133 27
20 146 38
57 102 12
21 44 10
8 99 21
16 64 39
53 82 26
25 123 23
80 122 25
110 111 39
4 57 3
28 133 43
54 80 26
6 31 26
38 40 34
25 76 20
12 132 36
95 123 23
28 90 5
73 147 16
119 146 47
10 30 20
102 118 7
85 96 49
26 70 15
23 52 47
63 88 37
104 120 17
16 23 38
92 130 52
88 147 48
86 109 30
43 101 12
33 133 49
43 113 18
83 146 21
43 139 23
57 144 59
31 84 60
32 60 44
55 63 55
12 81 51
77 141 12
9 40 59
47 136 51
9 89 49
115 145 35
28 127 17
0 127 22
31 128 42
56 96 56
131 132 26
92 125 12
12 114 26
68 119 7
69 70 19
55 69 57
61 71 25
35 75 5
14 144 43
74 109 57
97 144 10
71 122 34
69 109 10
66 118 35
19 143 45
82 104 60
86 95 39
30 53 5
68 149 18
38 136 34
28 42 42
32 63 12
41 143 48
6 21 22
84 137 18
7 137 39
9 73 13
30 38 58
32 104 54
66 108 36
17 124 32
66 134 7
74 146 19
22 80 46
0 49 7
81 93 38
92 122 55
16 92 45
66 143 56
37 102 37
26 28 0
22 103 20
32 61 53
6 125 9
73 100 58
50 109 26
23 92 27
48 68 26
51 93 37
14 111 36
11 97 29
9 113 19
17 92 39
49 76 57
81 127 38
57 133 45
90 106 20
11 51 51
69 104 45
46 116 34
5 99 22
8 68 14
33 105 13
26 86 43
30 102 56
59 64 38
6 93 52
21 128 4
58 93 12
23 55 14
24 84 35
56 126 16
74 75 37
38 50 25
76 92 27
17 27 11
67 105 47
33 126 30
36 42 14
81 125 0
58 118 32
42 143 40
103 128 21
33 46 24
60 118 54
65 136 60
26 62 26
41 95 57
0 116 50
11 72 53
31 135 10
66 121 4
86 118 49
49 95 48
81 114 60
18 103 44
23 76 57
31 64 20
5 96 24
125 138 49
5 66 28
20 120 33
120 121 53
16 94 11
68 94 27
15 54 49
41 88 27
29 51 30
8 12 54
14 147 29
90 112 43
58 111 11
0 73 24
42 60 28
28 33 37
20 142 55
89 127 27
51 91 36
21 80 3
39 146 32
86 144 19
0 57 21
28 73 20
8 91 55
32 140 57
101 115 15
1 22 10
66 72 7
0 118 33
76 110 13
29 71 33
11 116 27
26 78 34
44 109 23
32 75 30
29 42 9
8 123 49
5 125 32
68 110 25
75 113 15
31 72 23
64 87 11
40 106 52
19 145 48
45 149 52
39 93 5
45 68 21
33 87 49
4 139 3
1 95 21
47 69 26
36 122 4
45 58 11
41 62 20
38 49 7
50 128 12
20 59 12
47 49 22
77 145 3
26 135 40
88 134 37
88 106 23
14 109 12
13 91 18
30 76 53
115 149 15
58 114 43
93 123 23
78 138 20
56 75 7
51 83 13
71 147 50
11 22 41
21 89 36
39 137 18
74 123 43
62 71 15
68 133 23
111 128 53
71 132 32
29 57 53
6 46 23
26 39 56
70 148 55
16 122 54
18 73 1
92 145 32
30 136 24
16 113 2
44 134 11
40 137 54
42 51 36
0 52 38
92 115 55
58 145 1
70 128 30
96 135 58
43 106 46
85 147 48
5 6 43
28 93 53
11 37 20
50 97 18
41 53 1
25 91 57
17 60 21
88 102 16
33 115 49
58 86 25
20 129 54
35 58 10
89 96 5
96 149 40
33 119 55
37 53 46
78 116 6
21 32 51
83 122 1
13 85 32
46 142 47
19 62 4
21 75 34
25 105 58
49 116 4
76 81 18
49 51 37
38 108 45
16 77 46
10 133 20
29 116 3
45 127 27
4 16 20
47 141 42
15 114 10
67 93 52
65 128 32
64 131 13
49 88 19
0 65 11
14 23 38
50 115 26
1 20 56
5 140 47
12 122 5
86 148 31
97 116 55
65 96 59
33 116 30
45 108 9
5 24 13
80 134 52
38 145 48
69 116 45
3 84 35
12 17 9
31 83 25
24 29 17
9 21 0
59 133 41
16 84 27
124 140 4
51 54 3
52 65 57
87 87 51
59 85 18
52 116 49
34 84 29
8 111 25
56 121 19
53 68 24
6 27 22
17 95 41
13 53 54
27 81 36
78 97 29
19 58 52
32 114 60
40 57 47
96 138 36
107 147 39
6 109 1
23 109 55
22 140 0
13 125 26
46 107 35
10 56 32
33 101 22
8 76 45
99 116 23
92 137 21
38 107 43
78 134 21
48 63 22
44 62 11
84 101 47
43 133 54
24 46 31
83 147 33
36 128 7
5 40 8
20 135 0
4 67 19
63 81 55
74 107 41
32 106 8
10 143 10
10 41 38
17 120 40
34 91 25
10 121 51
53 79 9
80 146 44
6 37 23
58 87 7
49 130 12
45 101 53
2 43 43
97 130 2
5 147 14
44 126 19
39 48 40
70 119 39
31 142 1
22 132 49
66 84 21
51 67 44
34 70 3
17 89 4
3 36 44
68 124 10
15 69 59
1 46 29
47 104 19
121 134 24
123 128 0
65 69 28
99 129 60
9 51 51
5 92 21
8 139 11
67 92 45
79 135 32
16 97 10
86 147 2
77 133 21
65 149 17
44 60 60
52 141 57
0 112 8
29 140 22
55 93 5
9 59 30
10 67 19
62 131 52
0 94 8
24 120 54
3 56 53
72 104 27
93 146 2
43 77 1
23 115 40
3 76 5
64 71 38
27 80 26
67 134 15
63 123 59
3 131 58
84 117 9
6 50 14
26 129 5
30 125 27
103 107 37
59 80 10
8 9 43
56 86 11
87 91 47
6 47 49
27 89 38
50 127 6
50 137 10
18 57 25
17 61 22
25 81 47
32 126 3
0 12 39
16 74 27
94 96 31
65 145 40
70 78 48
32 53 22
8 126 25
42 132 34
18 99 19
73 80 42
9 43 1
100 139 42
100 140 41
73 106 21
21 38 46
73 109 28
32 78 57
71 128 22
10 110 40
46 86 18
20 128 26
25 27 29
63 145 19
37 59 58
64 121 28
6 90 52
67 139 13
6 7 7
38 48 33
6 6 45
24 146 3
43 138 23
25 143 0
96 129 37
19 132 49
11 67 38
65 83 42
42 72 28
71 99 21
40 83 14
0 56 5
10 149 5
45 90 15
85 136 17
63 133 17
0 53 50
81 105 16
70 142 12
35 76 41
58 113 10
91 137 7
26 141 48
14 142 29
57 73 52
7 107 26
61 75 38
66 138 26
29 75 50
61 87 58
77 111 24
61 76 19
10 53 41
28 112 31
58 109 46
81 106 37
71 119 44
3 72 37
14 84 13
56 82 35
1 44 4
56 100 18
36 141 14
9 108 54
9 143 29
30 65 37
66 101 51
33 45 31
1 83 17
43 53 56
39 110 60
24 108 17
41 104 44
9 66 34
49 147 32
46 140 39
102 106 11
62 124 1
62 64 30
15 130 24
20 124 3
34 112 49
11 74 23
72 147 59
0 14 42
18 55 47
34 129 40
1 93 4
57 60 24
91 143 4
76 132 13
19 21 30
94 147 41
77 137 43
9 30 59
7 25 14
19 117 8
85 141 45
12 65 9
13 43 58
108 116 23
18 28 35
87 144 52
54 104 48
26 50 49
17 57 31
49 129 51
40 87 28
43 125 56
23 106 10
56 142 49
37 65 38
34 45 59
48 130 49
13 16 2
94 146 45
109 143 7
63 64 16
9 11 47
32 125 47
68 132 37
19 45 24
34 113 3
73 129 13
33 122 5
25 109 49
34 146 27
103 143 5
56 117 40
69 90 25
28 117 42
93 112 25
28 126 25
15 18 60
10 105 21
21 112 49
32 35 21
23 103 27
63 116 9
15 95 32
25 80 15
88 121 13
36 56 23
15 67 26
40 126 15
24 106 30
10 127 43
87 103 40
41 146 57
73 113 47
22 131 9
8 72 16
54 66 51
14 44 59
79 128 32
21 143 38
60 71 20
26 139 11
24 53 44
68 71 4
51 101 30
69 113 30
49 71 41
32 133 55
54 102 49
22 107 36
7 76 36
14 52 16
55 72 50
24 112 1
12 147 1
33 83 34
47 113 60
25 114 37
95 141 13
22 118 32
69 75 13
7 46 51
59 125 53
37 110 27
9 119 51
53 87 38
47 82 20
58 100 23
53 106 40
57 113 43
38 122 35
3 7 38
28 131 32
46 132 29
30 30 25
24 51 38
1 30 20
90 144 4
4 106 54
39 115 3
13 57 13
64 129 7
48 109 21
61 110 19
0 25 22
23 98 43
62 146 51
1 41 35
33 41 54
28 100 59
10 131 31
37 103 8
25 25 11
11 77 25
18 107 20
54 122 31
82 139 0
25 149 47
21 148 43
56 80 56
16 109 14
40 112 55
0 128 56
61 72 36
0 111 38
59 88 2
56 91 41
36 147 30
19 110 7
77 94 47
68 129 34
27 116 55
92 93 48
99 137 13
47 139 24
28 98 49
71 113 38
11 101 38
10 54 4
48 80 25
6 144 41
92 143 28
16 99 50
31 108 53
34 73 21
125 129 24
29 106 29
18 27 43
37 42 33
66 103 24
15 101 9
77 149 38
2 69 51
1 28 34
89 123 32
55 71 52
31 63 0
41 48 6
45 87 49
42 75 35
4 94 58
81 88 2
39 107 47
58 128 25
4 134 6
89 105 36
9 101 18
36 76 40
39 69 57
61 77 51
48 118 60
16 114 18
49 110 29
24 143 40
13 73 53
68 69 30
60 88 3
81 104 50
37 72 58
60 97 47
40 108 23
30 114 22
64 78 60
103 124 38
39 74 18
1 134 41
1 1 52
46 58 9
104 129 51
3 13 46
32 52 53
27 36 30
59 148 43
44 111 22
34 119 37
24 43 25
102 145 18
55 145 44
10 148 24
51 114 0
28 148 11
32 107 4
22 48 27
44 74 19
82 88 7
7 125 7
11 16 16
34 58 52
22 109 6
27 83 12
13 47 44
47 47 51
4 47 4
34 106 52
63 139 54
19 98 31
49 90 29
10 42 8
7 73 14
23 67 11
43 45 28
41 99 28
16 142 45
69 129 25
44 110 46
27 132 29
61 140 17
7 84 60
25 47 19
90 148 39
48 57 4
31 129 14
7 32 50
42 76 60
40 99 46
39 70 8
44 140 22
24 26 24
16 69 25
17 132 48
61 148 33
33 90 36
56 105 19
53 80 27
20 85 53
21 61 37
57 130 46
45 61 27
34 132 26
10 141 7
38 119 4
7 40 18
30 109 2
42 120 15
69 73 35
22 120 13
46 147 1
31 90 45
21 132 1
9 135 33
2 76 29
73 142 42
25 44 37
2 113 24
30 83 24
63 72 19
101 112 40
87 102 31
21 59 53
27 52 6
27 77 46
3 45 25
15 113 8
83 106 28
0 20 4
68 135 6
27 90 19
35 134 35
1 54 32
1 58 56
86 100 2
104 147 51
18 90 0
71 118 35
11 23 16
26 33 13
67 121 18
32 101 20
4 92 1
1 121 18
13 25 49
56 108 37
47 64 5
35 83 29
51 65 47
65 102 59
42 52 45
13 74 53
34 107 2
32 143 48
35 90 27
8 133 1
47 61 59
20 65 21
30 64 49
65 117 8
32 103 27
83 98 9
32 86 12
2 90 55
45 86 16
7 65 24
72 141 24
53 89 16
49 53 45
84 91 16
9 86 22
64 148 46
20 115 52
4 25 58
27 54 46
54 106 8
29 70 1
75 115 37
9 130 12
88 116 44
1 127 34
15 129 41
16 96 8
55 118 50
83 92 28
21 106 50
22 50 40
29 32 55
13 76 43
68 140 10
8 51 48
70 139 38
21 23 5
72 78 15
21 121 41
20 40 49
11 98 20
18 58 8
4 146 30
20 31 27
21 95 4
0 90 16
7 143 36
3 6 29
17 71 15
0 88 47
42 99 48
85 145 48
5 19 29
66 130 14
12 80 5
54 103 46
72 120 28
25 51 16
4 6 27
2 114 51
1 118 20
44 113 57
26 113 11
13 123 52
67 94 8
59 127 47
4 27 9
72 79 50
0 83 54
89 115 51
102 147 60
9 148 19
6 91 14
14 136 28
70 123 0
70 141 54
48 123 9
79 136 59
31 105 28
37 123 33
107 108 2
28 48 18
24 63 30
21 123 11
16 87 18
32 139 29
8 41 47
91 92 39
2 109 32
24 149 16
43 127 53
98 123 48
106 132 23
4 5 7
44 120 34
45 81 6
10 17 36
18 109 23
10 139 45
35 72 23
56 144 40
57 91 57
69 102 8
91 99 16
36 136 56
29 33 55
19 42 24
74 101 49
6 63 14
10 75 30
2 119 24
30 118 10
47 97 10
75 119 39
41 51 12
108 147 13
2 44 18
10 146 51
44 145 60
20 75 28
72 130 46
72 123 44
29 29 43
3 50 50
45 64 22
48 55 52
37 79 9
67 116 43
79 112 57
3 112 42
28 97 32
48 148 13
20 138 13
55 74 8
26 74 58
22 146 8
14 60 57
43 71 53
26 58 10
26 106 38
45 102 52
19 57 53
64 117 48
77 132 33
77 124 41
82 140 46
60 77 13
13 139 9
65 82 11
2 112 18
14 86 13
63 108 53
45 99 17
46 59 47
15 146 1
12 20 6
112 114 6
11 80 50
39 129 21
47 102 24
14 28 32
62 79 20
25 35 39
59 98 18
8 146 54
23 48 5
7 55 16
33 47 25
6 33 56
34 35 44
99 108 16
70 121 53
52 146 19
47 119 43
11 49 48
91 132 44
25 32 6
5 148 0
57 145 60
39 127 47
2 51 17
11 39 23
31 114 47
73 110 39
57 142 19
48 94 26
78 137 42
90 120 40
76 148 9
34 59 16
14 32 24
6 49 20
59 132 36
8 112 15
26 89 58
25 89 28
84 129 53
63 104 5
7 133 9
66 87 3
48 113 29
46 50 59
60 76 45
4 105 54
1 91 48
9 80 12
10 12 43
13 54 30
36 96 34
53 146 54
20 71 39
3 127 20
66 93 52
46 84 49
40 66 45
106 115 17
25 96 6
51 97 55
28 85 38
47 127 57
49 61 30
61 147 11
88 90 59
0 78 42
3 51 1
60 70 42
72 131 55
39 104 46
12 85 53
34 76 52
3 69 18
37 88 0
1 10 50
26 66 46
52 77 23
61 117 47
57 115 13
23 122 45
0 64 3
21 146 27
101 107 20
73 88 50
22 36 59
57 119 49
52 55 58
57 92 35
61 145 38
14 89 13
55 86 15
72 115 7
12 44 50
4 11 41
26 94 1
68 80 52
61 92 26
70 112 51
25 54 12
29 139 11
41 60 6
63 93 11
16 140 16
37 43 36
25 79 33
89 97 47
46 101 35
25 113 32
79 144 36
11 94 10
69 88 5
63 110 6
7 88 47
19 134 54
18 96 11
23 135 27
95 126 43
24 101 42
13 141 0
32 58 6
6 82 54
24 37 23
17 87 50
34 147 50
42 148 49
35 37 34
18 76 39
70 99 36
11 29 52
27 41 57
21 113 22
13 130 54
24 56 33
57 111 44
60 83 18
58 92 6
35 74 49
22 74 19
5 42 29
12 144 43
43 144 18
97 100 51
51 134 17
21 104 42
83 95 10
91 96 11
39 43 48
74 77 27
34 142 32
7 63 15
17 127 56
61 149 5
68 109 45
1 17 11
22 99 0
24 139 30
9 118 46
53 121 41
36 89 33
70 74 45
2 67 12
3 99 49
67 142 11
70 144 5
33 127 46
31 53 39
14 125 26
10 137 57
34 90 54
11 25 47
28 29 30
43 67 30
60 145 32
7 34 36
2 26 54
97 146 23
73 78 41
53 81 39
3 20 58
58 73 18
68 107 29
72 148 57
60 86 14
88 125 37
64 64 44
10 11 50
15 61 11
6 14 60
50 61 36
3 15 7
110 110 20
28 134 35
33 59 42
22 77 33
13 41 13
19 55 4
14 105 3
4 60 13
38 58 56
21 145 46
43 50 1
93 109 1
75 126 39
28 72 34
48 107 42
44 107 59
41 107 34
38 128 51
0 11 42
68 141 30
5 85 40
25 59 50
42 89 46
62 67 10
29 43 58
84 102 7
28 37 50
2 144 28
10 89 25
3 35 60
23 90 44
29 111 40
60 122 6
62 95 32
12 29 58
20 134 31
27 65 54
64 140 20
26 108 9
6 69 31
14 19 20
13 111 1
31 48 2
37 45 8
7 62 46
39 62 38
67 72 54
63 86 34
20 79 0
12 79 46
37 64 13
22 46 18
47 63 27
84 110 7
2 141 31
52 76 55
14 33 31
2 16 57
2 132 44
25 148 29
7 104 30
84 92 44
26 49 38
4 86 17
39 56 52
28 38 40
58 103 38
23 51 3
38 82 58
13 65 9
14 112 12
13 107 6
63 67 53
18 41 46
42 123 15
48 110 41
80 107 17
26 118 50
33 37 57
13 122 46
30 106 36
5 26 27
47 93 52
28 34 32
32 111 13
58 110 45
5 43 20
22 87 33
57 98 41
27 108 38
45 48 53
56 76 22
12 37 22
29 69 16
12 99 12
45 85 16
92 116 6
55 127 6
54 81 19
50 68 39
12 12 14
56 60 18
30 86 25
8 18 11
64 69 30
29 133 43
14 42 0
70 98 57
12 104 51
41 115 27
14 120 26
5 109 23
97 141 36
57 121 50
54 134 0
20 46 16
29 74 46
78 79 39
37 145 15
62 106 21
59 59 21
80 89 21
45 96 49
50 111 5
68 79 22
41 82 16
4 69 14
51 128 29
96 96 43
17 141 46
20 123 30
8 8 20
52 130 31
0 130 49
7 145 4
1 146 39
102 139 14
8 132 17
61 70 3
8 127 17
22 134 13
86 122 38
65 146 56
54 127 15
55 125 11
50 134 40
32 113 35
31 101 29
19 113 54
91 125 38
47 83 50
1 18 16
46 146 2
9 16 37
30 82 53
18 134 8
77 143 20
67 106 54
21 45 42
18 144 50
28 39 18
107 129 57
23 120 50
10 14 40
27 40 24
30 49 13
108 117 28
49 60 30
51 111 42
53 137 25
37 60 16
14 63 53
29 47 35
72 101 49
6 101 30
7 102 26
18 21 5
54 71 31
38 56 44
67 107 42
16 17 21
52 132 28
22 63 5
31 127 1
18 143 53
1 120 18
42 128 47
50 138 38
23 136 16
12 41 16
47 76 20
30 108 58
58 134 8
53 142 27
4 24 5
27 73 44
19 103 46
56 79 8
18 39 51
4 17 24
16 26 48
12 96 26
42 139 13
0 133 36
82 102 18
61 126 7
9 93 8
9 102 51
21 70 23
26 91 20
31 126 42
105 124 44
62 128 43
13 109 31
11 110 23
0 124 47
50 114 50
104 104 38
72 149 48
5 120 52
29 83 44
67 147 45
29 125 34
74 102 18
59 90 38
90 111 33
76 103 59
43 146 10
2 73 49
31 139 18
28 58 23
0 62 33
0 24 14
12 123 42
10 48 46
44 88 9
32 73 42
10 96 11
0 59 40
79 142 8
96 126 9
64 112 33
120 148 44
78 128 0
23 114 20
60 123 53
39 98 54
14 57 55
97 136 44
25 102 36
2 138 42
81 121 48
30 59 30
36 114 0
9 123 56
45 109 5
6 29 47
16 19 1
50 125 20
53 84 34
60 98 36
79 109 59
7 122 33
3 133 50
12 28 27
5 115 43
22 33 41
25 49 56
76 108 16
34 52 38
52 118 13
21 138 36
24 131 27
58 131 44
1 85 30
29 143 16
1 68 51
4 138 8
17 55 57
36 48 40
26 144 27
39 108 19
25 97 11
14 20 9
33 114 9
52 113 47
94 113 54
1 67 25
28 96 7
4 125 35
54 111 10
5 28 32
20 141 7
3 111 57
90 123 56
3 62 35
51 121 60
43 100 41
48 116 53
0 28 41
58 60 22
7 126 22
50 66 37
57 81 40
48 82 28
34 41 50
17 25 42
19 107 31
44 93 20
20 105 46
90 93 55
58 74 60
50 92 15
82 125 30
37 135 37
2 74 34
27 117 49
26 82 13
104 107 20
90 122 31
9 62 55
60 138 24
44 127 32
38 64 31
38 80 22
40 131 50
33 56 54
66 98 34
4 93 45
6 83 45
3 12 29
0 91 48
36 66 35
7 11 41
2 126 14
29 65 34
46 85 26
6 64 45
2 62 45
17 109 42
20 77 14
47 91 21
8 28 18
37 130 3
29 87 19
97 123 49
39 77 16
80 104 31
16 112 21
11 133 1
35 42 20
27 126 6
25 138 1
64 118 39
39 109 1
79 141 22
10 128 26
29 56 40
53 73 31
63 109 30
21 117 36
59 116 14
19 99 58
4 59 3
75 77 48
35 137 36
12 32 16
27 27 42
18 130 9
34 69 33
15 33 32
5 90 39
53 77 21
57 129 4
40 61 3
19 44 12
10 120 38
7 51 50
38 83 30
5 111 41
15 68 54
36 131 31
16 118 8
24 99 59
51 88 34
68 92 26
21 85 7
32 65 47
21 31 30
69 126 54
76 141 18
4 145 1
38 123 34
48 146 37
53 60 42
51 131 41
66 112 56
24 48 57
76 85 1
76 143 19
11 126 23
49 56 3
4 91 16
73 131 9
39 119 23
24 118 57
80 95 31
61 146 59
62 119 55
49 106 45
60 73 25
43 111 16
40 74 36
35 93 8
19 19 37
2 135 4
57 97 59
76 95 14
37 113 27
8 106 52
95 119 14
40 59 51
48 87 53
26 130 47
19 48 19
43 137 19
27 85 30
6 81 30
22 64 27
29 40 27
47 143 54
32 82 19
41 98 18
50 143 23
6 107 55
24 77 32
27 106 39
6 119 34
65 90 21
27 139 46
45 83 37
42 58 33
54 72 13
13 83 7
66 119 34
63 141 50
20 48 31
46 109 14
11 42 40
30 147 53
10 111 18
39 81 7
17 122 54
3 65 9
7 97 58
23 141 17
21 28 58
41 52 14
15 149 25
45 76 34
60 75 17
44 133 5
23 86 46
28 101 12
22 85 37
28 59 14
107 113 52
76 78 40
19 111 59
50 129 2
19 125 12
45 94 58
69 139 20
74 149 52
25 86 49
6 19 38
17 88 41
71 83 46
74 98 39
54 86 47
17 146 42
60 96 21
16 42 29
9 116 8
38 53 48
6 51 38
36 43 14
66 76 52
94 127 53
27 63 50
29 138 22
51 103 60
15 57 39
0 105 23
28 113 3
40 78 33
44 86 6
98 104 59
51 72 24
60 105 7
52 128 28
29 122 40
18 141 32
8 84 11
73 76 55
40 120 11
43 76 55
51 77 54
92 120 45
18 86 29
2 7 13
48 134 54
15 64 23
83 102 9
15 60 57
91 119 35
1 110 46
96 97 23
59 105 36
25 94 7
83 114 23
43 60 4
68 136 50
5 47 57
52 78 11
40 80 15
13 21 20
1 129 14
32 99 41
53 109 13
57 66 1
14 138 33
19 41 11
92 113 34
58 135 5
71 125 14
38 57 14
54 118 57
31 75 6
6 48 21
71 81 11
45 137 29
26 80 0
122 128 38
21 36 49
13 42 2
5 57 34
7 29 36
25 88 11
19 93 23
62 120 30
9 29 16
85 108 33
49 109 39
5 142 6
19 116 59
34 50 44
18 136 30
12 126 49
45 148 5
22 39 14
48 91 13
4 128 20
40 72 33
7 64 56
2 2 19
32 98 60
27 44 31
7 39 22
4 26 60
29 127 43
20 118 34
34 148 1
45 119 7
22 117 59
20 45 15
19 121 19
3 94 29
95 134 32
1 99 58
6 138 41
20 139 51
24 47 34
24 39 57
75 147 25
63 96 50
8 118 45
5 132 48
54 85 28
45 84 36
63 134 31
21 56 21
61 69 59
23 69 60
46 100 59
40 53 5
59 91 33
45 146 42
10 83 37
3 44 0
1 108 10
67 80 7
37 143 25
18 71 15
72 134 19
2 149 27
45 117 51
40 42 44
12 116 56
66 83 33
54 99 7
23 108 26
80 136 38
32 91 12
38 120 53
47 117 36
77 79 39
9 132 57
21 84 54
75 127 34
34 110 40
10 28 54
58 99 50
77 113 2
81 90 36
50 67 52
25 134 34
12 56 38
3 130 20
4 31 22
32 147 39
17 101 32
45 142 17
21 120 20
34 79 25
60 65 17
10 35 23
35 101 8
80 121 55
25 98 25
2 133 51
95 121 24
38 38 29
83 149 35
3 59 29
57 128 27
15 93 9
57 71 16
1 38 56
51 139 43
17 99 4
48 111 4
76 101 40
17 69 18
2 95 26
66 106 0
3 54 7
8 23 36
30 124 2
40 77 59
48 125 18
84 93 23
23 146 46
79 120 13
15 142 45
25 36 35
18 35 51
83 108 55
5 130 19
2 72 27
46 46 54
13 140 56
16 39 16
35 51 30
26 136 57
45 115 10
57 65 48
13 84 35
23 102 24
74 117 3
58 83 21
48 106 24
70 72 36
28 50 11
22 93 40
27 86 10
9 85 9
20 53 29
75 132 31
5 39 48
22 52 18
2 71 38
84 136 11
46 67 17
43 134 59
24 27 47
21 30 3
1 51 28
47 109 25
47 124 9
10 18 31
10 142 33
47 149 53
38 78 29
13 112 8
6 44 19
13 66 35
58 148 33
36 65 60
7 44 53
25 112 26
25 60 47
25 111 41
68 91 16
39 50 50
5 46 16
70 125 6
33 66 31
82 85 18
89 93 25
12 141 44
6 111 35
5 124 57
17 67 25
3 142 46
3 41 20
1 14 36
60 60 44
18 34 57
3 95 30
17 148 45
75 97 15
45 100 28
20 99 3
33 85 17
18 44 9
81 137 21
47 65 51
5 29 26
80 113 6
63 147 60
50 142 12
75 135 29
15 148 22
58 76 59
12 74 49
69 77 34
66 89 25
0 71 23
0 139 38
13 56 25
48 65 36
45 92 53
58 63 36
45 73 52
24 119 24
12 145 29
18 128 3
42 61 21
45 57 54
10 37 33
8 120 21
12 142 17
43 102 8
60 95 58
10 80 2
50 55 27
36 50 21
12 139 30
90 118 53
8 42 19
12 23 28
44 72 48
75 140 41
72 80 44
30 94 42
22 78 37
19 120 48
9 91 23
41 59 24
32 123 57
40 105 8
49 75 1
87 127 27
66 68 51
13 17 11
107 146 40
37 66 41
0 51 45
55 84 1
83 132 42
10 76 37
51 86 11
2 56 21
0 137 51
64 77 9
16 72 53
73 117 15
24 115 59
37 94 24
17 96 2
12 71 47
40 102 14
9 70 53
19 119 51
22 128 7
43 147 26
50 141 38
8 21 20
73 101 3
93 93 13
17 119 15
93 105 38
77 123 31
79 102 7
55 124 19
31 143 7
41 47 1
50 104 5
19 81 27
24 36 58
72 76 59
60 137 9
16 49 15
60 113 60
26 60 23
18 64 40
95 142 40
12 100 41
30 78 9
6 77 28
10 145 30
15 119 7
45 123 10
81 98 5
20 137 54
14 122 46
13 145 34
77 93 50
11 73 12
37 141 43
49 136 28
52 73 36
0 36 38
16 88 25
3 22 3
18 104 10
92 128 11
42 136 58
10 109 36
12 25 32
97 106 32
7 38 15
26 47 6
69 103 51
16 131 22
14 18 15
11 127 59
5 97 53
37 71 29
19 32 51
12 45 7
21 55 19
32 128 15
34 125 3
29 76 28
72 107 11
72 122 21
6 126 53
4 132 34
15 105 45
25 52 46
55 136 24
27 140 8
8 93 3
26 122 60
24 148 10
8 98 8
20 84 52
37 105 11
52 120 14
57 57 3
68 144 44
6 22 59
14 102 1
28 122 48
8 57 40
38 113 47
56 93 34
12 138 24
11 136 28
60 140 50
48 73 23
44 97 13
90 101 18
36 90 18
107 134 57
50 100 33
12 57 4
3 3 3
8 26 40
45 70 53
0 27 30
26 31 31
22 59 25
16 132 7
24 138 30
25 139 39
34 85 17
23 145 30
51 57 14
12 129 20
7 149 36
86 87 32
41 71 8
4 10 32
21 103 15
35 131 54
19 148 51
27 50 17
14 38 26
11 120 6
44 78 34
121 147 9
22 127 40
11 90 55
0 119 55
22 138 37
46 139 20
1 140 1
20 103 50
25 101 7
8 124 15
7 110 29
17 80 42
37 76 57
26 120 54
43 81 18
51 115 35
11 130 59
1 125 58
31 94 53
13 98 42
52 64 54
76 138 38
81 141 14
5 86 59
24 24 14
0 33 23
1 45 42
27 96 51
35 123 4
62 137 59
89 126 27
31 61 41
13 46 18
52 144 31
30 72 1
54 119 60
0 26 55
13 60 60
11 17 52
7 79 17
4 127 46
9 78 30
12 95 38
51 124 37
19 51 14
28 51 25
23 43 57
6 30 9
93 103 20
18 49 45
49 132 51
49 108 3
33 89 3
40 136 6
20 70 33
62 73 42
10 136 33
69 117 56
51 74 24
75 107 34
13 108 47
12 91 36
25 110 11
23 149 10
58 64 43
51 108 18
37 62 8
42 100 53
19 68 59
32 144 18
50 147 4
21 110 5
19 136 56
3 49 16
3 29 11
34 34 35
36 61 55
1 36 44
4 136 56
8 36 2
67 129 39
8 70 49
34 66 47
93 102 49
17 22 56
68 142 2
72 121 18
50 65 30
3 139 37
27 30 2
55 78 53
30 95 17
49 139 58
4 110 42
20 23 13
18 111 46
1 82 3
22 49 47
2 121 45
12 75 5
4 71 31
88 131 30
34 37 31
79 92 35
27 137 6
52 79 25
18 146 6
44 148 30
38 149 37
85 94 15
16 136 36
70 134 55
9 37 43
37 77 12
41 93 17
56 59 45
25 145 33
12 68 29
47 66 7
24 142 22
54 120 35
26 99 27
19 36 57
19 30 23
26 68 33
27 99 44
24 114 24
21 149 30
0 104 42
6 106 21
20 133 22
56 125 43
17 37 36
38 90 43
29 34 13
60 81 42
80 101 17
23 93 42
75 109 47
15 78 45
2 11 17
23 66 57
25 117 32
74 82 20
3 55 9
3 8 26
6 43 3
41 149 14
88 130 24
47 92 51
7 81 18
0 18 8
30 89 29
23 78 42
17 149 48
59 126 54
20 125 35
40 133 11
89 135 51
56 90 20
34 46 42
20 108 17
12 60 32
24 135 33
31 71 10
1 70 13
11 28 30
8 60 14
89 120 37
24 58 30
9 137 56
46 68 28
60 103 26
30 149 24
9 129 41
5 95 48
0 40 36
13 13 16
29 100 53
27 67 23
27 71 17
35 98 15
48 67 5
9 34 44
18 101 9
27 103 34
0 43 45
5 56 3
43 79 9
36 91 30
53 119 7
92 111 20
58 59 13
79 107 2
6 134 28
39 113 51
5 25 50
11 13 30
59 76 28
31 88 14
2 61 15
7 99 53
27 48 9
56 145 35
35 85 11
35 82 36
0 58 48
24 50 4
2 13 24
25 67 5
64 66 48
16 76 41
5 83 15
0 81 11
17 128 38
30 73 19
0 75 59
19 106 46
41 92 20
11 114 33
76 87 3
30 133 21
20 36 32
17 144 0
45 140 11
53 69 30
11 122 29
21 33 31
16 95 10
10 77 47
41 142 6
51 145 2
57 89 60
23 148 28
66 67 14
26 104 22
17 129 5
55 64 41
35 66 15
7 92 0
13 44 4
51 84 51
6 143 58
29 49 36
37 51 8
82 117 35
41 147 60
17 139 31
32 34 14
19 69 5
13 38 4
18 106 34
55 137 20
47 78 41
31 31 17
31 38 32
20 56 38
44 49 16
11 76 50
26 114 37
3 98 22
25 39 48
34 92 15
43 64 50
34 82 32
30 132 33
11 145 47
62 109 20
52 149 19
10 88 60
26 105 38
78 140 51
59 149 29
15 74 53
35 70 2
9 74 2
19 100 30
17 103 28
33 91 20
8 25 32
7 71 3
6 60 36
6 42 50
0 102 13
40 68 11
5 94 16
29 63 29
40 45 53
12 15 7
52 107 43
68 97 30
50 139 37
5 102 52
20 38 4
55 94 20
64 139 54
18 47 29
35 61 52
26 37 51
60 91 33
29 102 36
17 46 20
8 48 17
36 142 12
64 89 10
9 128 53
52 105 24
40 141 43
14 118 42
39 100 6
21 94 40
60 72 56
40 58 9
97 102 3
9 83 5
8 35 57
65 86 41
33 86 52
1 15 29
56 119 47
90 117 26
23 107 3
12 94 50
33 137 51
31 132 41
57 135 39
12 54 54
81 111 36
48 51 27
71 94 42
46 122 37
25 33 46
40 91 57
63 115 35
61 104 2
30 46 1
35 144 23
62 134 33
27 94 42
52 137 22
16 148 0
3 74 50
26 26 14
2 89 59
65 97 30
72 81 21
16 56 15
63 90 19
18 123 53
66 105 56
48 137 50
2 118 34
17 45 19
1 63 37
31 78 58
72 137 30
6 121 26
4 38 23
11 34 6
0 93 1
5 144 16
43 135 2
31 97 32
33 111 26
2 82 40
86 86 20
22 108 3
21 136 36
12 118 16
69 141 52
4 15 54
26 27 26
9 96 33
0 92 29
26 56 28
30 79 21
27 66 18
21 99 25
0 42 43
21 40 26
27 134 53
27 74 55
42 96 51
59 71 56
8 31 7
82 136 46
57 64 40
58 72 50
17 125 33
0 46 37
18 51 60
42 144 26
11 99 41
39 59 47
18 83 28
16 100 21
2 23 8
46 69 11
41 63 45
12 14 3
11 18 24
34 118 21
60 99 36
68 78 15
16 41 53
50 89 7
16 50 58
12 16 32
31 80 2
13 24 23
32 141 46
31 109 24
98 141 19
10 21 9
24 71 3
5 17 38
40 149 39
12 48 45
71 140 39
49 145 37
43 94 56
62 143 39
36 46 28
40 107 43
47 100 52
58 70 22
4 77 5
23 68 26
35 88 21
93 147 7
90 102 10
5 60 43
39 139 10
9 33 12
42 48 14
66 99 52
42 108 26
24 100 32
23 124 25
40 40 49
46 118 10
8 147 32
77 81 39
1 32 24
53 83 28
27 114 12
53 123 57
2 33 0
78 85 49
51 56 19
43 104 59
16 38 30
58 105 50
3 24 4
49 52 60
28 142 39
35 110 59
5 101 2
27 98 43
60 114 31
60 135 44
39 125 51
37 104 50
66 115 22
14 17 52
0 22 38
57 125 25
15 77 26
18 116 46
62 82 12
27 138 60
6 66 22
32 76 50
12 130 50
9 52 11
24 126 36
34 117 47
43 70 25
15 26 2
7 85 9
48 59 12
46 92 26
7 82 28
18 61 9
50 140 31
27 110 60
8 39 18
9 12 5
87 94 49
12 128 50
19 33 46
52 89 47
10 20 55
79 116 28
38 45 28
6 54 59
63 66 19
32 62 8
46 79 12
61 125 17
21 82 1
40 73 5
35 112 19
88 122 26
62 102 26
14 66 23
28 32 56
38 106 48
22 73 53
78 122 23
51 148 16
55 115 2
11 40 59
46 66 39
3 120 49
48 143 27
40 79 39
44 123 43
16 78 29
0 19 4
36 71 49
62 66 9
9 36 33
8 149 51
29 41 28
65 92 40
25 78 3
12 140 2
3 83 51
5 98 59
13 34 27
14 43 43
16 120 28
57 78 43
63 83 44
35 89 6
16 40 22
4 78 7
65 141 29
22 54 39
4 56 56
34 36 45
75 149 5
19 76 21
1 7 49
96 103 10
11 131 25
40 128 54
