25 275
179
168
145
179
139
184
148
178
186
166
180
179
162
180
179
122
160
145
116
153
158
111
118
121
199
0 1 25
1 2 55
1 3 28
2 4 28
3 5 27
5 6 46
5 7 20
1 8 25
5 9 44
5 10 25
6 11 60
8 12 51
10 13 4
13 14 49
11 15 13
6 16 37
2 17 57
6 18 21
6 19 37
5 20 32
0 21 5
5 22 51
12 23 29
21 24 56
20 24 58
16 17 53
20 23 53
13 15 31
7 21 57
3 9 44
12 12 17
10 14 49
22 23 28
0 18 54
0 7 11
13 23 55
16 23 13
15 19 30
4 22 25
11 22 11
3 21 3
7 10 16
18 19 38
6 12 22
9 10 52
18 20 28
6 10 15
6 23 6
1 4 10
22 22 36
5 12 44
9 23 33
3 14 42
17 24 3
21 21 46
19 22 58
7 12 28
16 20 43
16 21 32
12 13 59
1 10 12
15 20 6
11 13 32
14 24 56
20 22 4
23 24 35
4 12 13
16 16 36
15 23 11
7 19 55
17 18 0
8 16 8
5 17 27
10 22 8
14 20 32
19 23 31
14 16 16
8 10 41
5 18 11
19 20 24
6 14 36
14 22 1
14 23 11
8 11 34
21 23 51
0 5 33
5 13 43
8 14 15
18 24 15
6 21 21
9 13 1
11 23 33
15 18 16
13 24 37
16 22 39
16 19 55
0 11 42
2 10 43
10 23 48
0 8 6
8 15 30
8 13 39
10 16 22
1 20 10
4 8 31
3 13 17
15 21 18
17 19 22
2 14 18
3 8 8
18 23 14
12 24 10
4 23 28
3 6 11
9 17 34
6 9 9
14 14 8
18 18 38
9 9 32
23 23 38
1 5 6
2 16 25
0 4 60
21 22 6
13 22 58
11 24 21
3 17 46
1 13 29
16 24 9
7 24 32
8 9 49
7 23 13
14 15 44
14 18 15
3 12 49
11 17 8
5 21 26
1 17 42
7 13 29
9 14 47
2 8 1
5 11 32
17 22 28
2 18 29
11 19 0
2 23 10
5 24 29
8 21 25
8 20 49
20 20 40
6 17 21
10 15 46
20 21 57
4 5 19
4 21 6
0 22 3
3 15 45
18 21 21
4 9 19
2 6 21
10 11 58
12 21 26
11 14 25
12 22 48
3 23 16
12 19 5
12 16 45
13 13 43
7 14 24
16 18 39
14 17 49
12 14 17
18 22 22
7 7 11
2 2 57
0 16 58
9 12 60
9 19 45
8 19 44
3 22 56
3 19 24
3 4 50
4 15 12
15 22 8
17 23 32
1 9 18
19 21 51
9 22 59
6 20 11
15 17 0
7 8 2
1 22 54
1 16 42
19 24 19
13 19 20
0 9 23
17 21 9
19 19 7
2 12 41
8 24 31
4 11 13
6 13 2
1 21 22
22 24 38
8 22 27
4 19 47
1 6 46
13 20 47
1 24 45
14 21 35
4 17 33
0 19 28
15 24 7
10 24 10
0 10 26
4 16 4
10 18 41
2 5 25
9 16 11
2 13 4
14 19 9
2 24 52
3 7 38
9 21 6
2 7 23
15 16 57
13 16 46
5 16 30
0 20 29
1 12 8
12 15 43
11 21 50
5 19 60
4 10 59
0 0 54
0 15 2
0 17 18
1 11 48
8 8 50
17 20 17
11 11 54
17 17 4
15 15 50
6 15 40
6 8 7
7 15 13
7 18 46
6 22 22
2 21 41
2 3 23
9 15 26
0 2 53
11 20 46
13 21 26
0 12 55
10 20 36
0 14 51
9 18 10
12 18 22
4 6 55
8 23 6
9 24 35
5 8 19
10 19 47
3 20 39
7 20 47
7 11 11
10 21 15
3 10 21
6 24 47
1 7 32
2 22 18
6 7 50
10 12 8
0 24 25
