15 90
180
143
176
158
156
175
154
128
161
185
189
142
166
196
189
0 1 37
1 2 56
2 3 43
2 4 19
2 5 52
3 6 28
4 7 14
3 8 14
0 9 57
9 10 49
4 11 9
1 12 32
3 13 57
4 14 9
10 11 49
7 14 23
4 13 27
2 2 46
6 14 19
13 14 14
9 9 29
5 10 28
12 12 50
3 14 26
8 8 18
5 6 22
11 14 22
5 11 27
1 14 36
11 11 41
0 2 57
3 12 23
6 11 4
0 12 54
13 13 40
2 14 14
12 13 1
2 13 25
1 1 22
8 14 3
9 14 11
9 11 46
6 13 4
0 4 44
5 14 55
4 12 17
0 0 47
11 13 28
9 13 14
4 8 55
10 14 6
5 12 22
6 10 23
2 7 32
0 10 20
11 12 36
3 5 33
1 13 33
0 13 29
1 7 20
8 9 9
2 10 13
9 12 60
10 10 26
6 9 44
4 6 34
3 4 32
6 8 10
4 4 8
5 7 33
10 12 25
1 5 56
2 11 57
4 9 49
6 12 0
12 14 19
7 12 30
5 13 14
7 8 0
5 5 30
6 7 35
3 9 4
1 11 59
3 7 22
1 9 12
7 10 39
2 8 5
3 10 22
6 6 30
8 11 54
