100 4450
195
120
153
152
146
127
158
115
187
164
129
109
113
192
193
174
173
129
156
180
121
178
101
166
154
127
129
155
106
105
103
154
114
198
110
105
129
150
149
145
180
124
103
178
173
153
172
186
175
155
187
121
132
196
174
154
138
100
156
172
170
113
126
166
129
144
160
103
155
191
142
153
167
139
116
158
170
120
120
200
168
122
122
143
171
109
153
200
113
139
188
183
182
166
118
191
106
105
190
114
0 1 36
0 2 22
2 3 8
1 4 30
4 5 31
3 6 36
2 7 29
7 8 24
7 9 47
6 10 12
9 11 55
2 12 30
4 13 33
1 14 50
4 15 47
10 16 46
15 17 60
17 18 7
8 19 25
9 20 37
0 21 3
9 22 8
17 23 5
12 24 49
12 25 23
11 26 50
25 27 25
5 28 48
12 29 24
16 30 57
28 31 50
3 32 47
9 33 19
21 34 1
3 35 48
2 36 60
26 37 14
32 38 29
10 39 25
23 40 55
27 41 45
40 42 12
25 43 57
36 44 55
0 45 54
7 46 39
33 47 8
8 48 41
45 49 36
21 50 28
34 51 14
23 52 1
44 53 24
9 54 56
6 55 31
0 56 3
1 57 7
2 58 13
5 59 23
18 60 53
20 61 34
19 62 15
19 63 7
14 64 1
2 65 28
37 66 22
64 67 45
13 68 43
1 69 53
51 70 17
34 71 8
64 72 19
4 73 17
40 74 58
14 75 24
61 76 21
70 77 39
72 78 57
39 79 54
39 80 38
13 81 58
9 82 59
53 83 18
53 84 11
55 85 22
18 86 40
58 87 6
75 88 0
2 89 51
6 90 37
23 91 52
35 92 36
30 93 49
62 94 38
32 95 13
35 96 41
74 97 28
69 98 8
11 99 8
38 79 32
4 10 47
2 43 24
26 36 50
8 74 44
6 66 15
63 65 22
98 99 14
81 97 37
47 49 54
48 78 30
97 97 1
86 88 41
47 81 57
82 86 56
16 33 26
58 83 53
18 67 54
66 87 51
60 99 48
45 61 38
29 44 13
94 95 29
34 47 10
83 91 56
67 93 59
7 83 12
78 79 49
95 98 31
89 96 36
60 79 21
80 87 53
32 43 11
53 59 51
57 98 16
18 71 57
8 49 15
56 65 58
53 73 37
68 68 17
47 83 49
9 12 27
27 43 16
88 99 50
84 95 52
42 68 35
10 65 44
87 92 40
79 80 38
43 92 3
78 97 33
72 93 59
0 18 42
76 85 29
11 76 42
82 97 23
94 98 18
12 71 54
9 55 11
50 92 19
29 56 21
32 61 25
75 87 30
43 61 40
73 78 28
77 95 47
59 85 30
76 76 50
17 39 39
33 56 22
85 93 31
15 51 54
7 74 52
13 44 45
21 67 15
85 86 53
50 63 6
92 92 2
60 80 19
32 55 25
81 95 53
73 96 25
90 94 36
4 41 17
2 29 54
16 37 14
57 79 37
78 86 50
75 83 37
13 58 52
34 67 44
76 93 45
7 43 50
36 89 56
98 98 53
24 40 41
39 39 7
92 99 24
24 62 58
0 32 56
61 85 29
82 95 55
84 86 43
59 72 59
26 57 59
55 72 39
1 15 23
19 88 0
5 48 55
72 88 25
44 44 18
28 64 9
83 94 9
70 70 49
51 60 55
29 96 44
78 81 59
61 75 22
56 70 45
3 82 5
92 98 9
83 92 1
27 74 45
19 82 0
4 28 5
18 21 55
39 95 26
15 19 43
68 91 45
73 81 8
77 97 54
26 83 35
82 87 47
91 95 29
62 82 41
69 88 49
53 57 36
42 44 49
4 84 55
85 90 30
88 94 18
46 46 19
2 70 57
86 99 39
31 35 52
0 34 44
86 97 39
28 77 39
46 59 54
69 89 59
36 51 35
52 74 14
63 88 51
31 57 18
89 92 13
48 80 19
47 73 15
78 89 15
32 92 26
55 92 1
78 87 7
68 71 34
95 97 54
4 98 42
60 61 37
14 21 23
61 66 10
27 90 22
75 86 42
93 97 9
83 87 54
2 32 29
66 83 58
54 91 43
53 79 58
52 95 5
78 84 44
15 46 11
57 99 23
31 86 34
27 82 45
5 93 30
44 91 32
16 58 55
67 92 57
65 89 59
27 27 48
21 75 13
88 95 36
84 89 52
13 27 10
42 59 36
39 76 8
96 96 54
25 45 36
64 66 4
45 66 25
81 93 1
14 71 30
15 83 30
7 34 29
72 74 54
88 93 12
7 57 36
76 86 27
96 99 14
48 93 14
34 35 49
1 55 6
8 21 17
13 60 53
14 62 4
1 45 2
10 21 60
42 81 54
0 5 54
11 66 35
61 79 50
42 48 5
74 84 24
25 59 42
2 13 32
24 98 43
42 82 15
78 93 24
44 71 3
31 36 22
27 85 50
94 96 49
58 94 38
89 95 56
72 80 44
31 87 29
19 25 35
77 88 10
33 73 56
15 23 14
49 78 45
87 91 46
48 86 53
54 87 13
4 59 20
95 99 20
76 84 3
85 89 46
39 83 60
90 93 0
96 98 37
33 71 50
69 70 35
70 99 33
50 99 2
31 54 6
92 97 13
81 91 0
54 70 12
38 95 11
27 42 21
53 94 12
11 34 37
60 94 12
74 78 11
10 84 14
20 54 32
7 14 18
14 66 55
79 82 31
86 93 28
17 20 46
27 44 43
50 82 27
51 95 1
73 87 11
37 38 37
66 74 45
88 88 57
15 95 16
87 87 13
79 81 12
90 90 55
50 86 38
72 85 10
9 51 27
32 34 36
70 90 10
53 70 51
50 75 47
58 78 23
75 94 9
9 16 43
62 73 7
79 87 16
11 59 26
73 82 31
2 51 48
4 7 58
34 42 14
40 68 47
63 73 5
71 90 53
12 34 12
73 89 22
60 73 57
31 47 5
62 78 20
27 96 59
69 90 24
6 75 9
72 72 52
5 15 32
1 65 23
40 93 3
44 88 41
90 98 6
80 95 33
65 87 16
11 45 17
10 88 14
70 87 12
48 87 17
76 90 8
86 87 25
10 30 13
56 74 33
7 29 57
0 77 6
11 18 14
36 98 18
53 77 25
32 49 35
49 88 26
90 97 31
24 75 23
2 78 29
16 95 55
31 51 50
33 53 37
17 79 31
45 89 49
41 61 8
48 76 7
19 85 21
65 83 49
59 74 43
56 87 56
76 89 36
4 31 14
4 64 44
15 74 60
60 76 1
80 89 57
96 97 43
50 95 54
97 99 16
60 66 34
10 92 25
30 52 60
3 58 7
13 13 58
60 70 20
97 98 36
41 53 34
23 48 29
15 66 53
56 94 59
49 84 33
9 75 59
60 78 46
28 74 43
92 96 40
27 98 23
63 72 51
17 61 42
64 99 29
51 97 35
10 98 23
7 11 51
92 95 11
0 63 49
70 79 25
94 99 11
1 9 41
48 71 52
23 70 3
10 14 52
21 23 9
51 86 7
80 80 15
68 73 57
32 40 0
3 70 46
58 82 36
69 91 10
0 79 20
31 68 15
78 82 52
11 13 55
66 73 54
53 93 17
3 53 1
32 71 12
59 97 60
86 94 39
95 95 48
14 19 59
6 17 48
70 91 3
28 88 2
81 81 39
7 66 59
11 41 3
57 97 30
15 77 39
38 85 56
56 57 2
62 63 51
30 73 30
41 94 36
76 95 17
6 42 31
20 83 6
75 93 22
72 90 56
52 78 40
10 33 53
8 87 46
7 22 10
64 90 8
63 77 29
81 83 24
16 73 42
36 79 59
57 89 22
55 94 26
54 72 43
5 52 30
75 77 4
78 96 21
61 93 14
19 94 57
52 57 11
17 19 17
42 77 15
26 31 4
26 66 18
41 44 23
1 67 27
15 53 40
20 79 31
0 43 49
53 97 11
70 71 49
17 30 6
80 92 4
48 89 28
71 84 31
43 43 23
56 60 36
67 72 55
77 83 40
58 68 44
49 53 30
49 95 58
44 74 21
38 46 38
16 67 41
50 56 42
6 47 44
18 26 21
50 94 58
1 97 36
77 82 56
43 83 6
94 94 13
19 44 39
20 29 19
17 77 58
25 91 9
57 70 32
82 93 38
35 67 42
19 27 29
41 92 30
47 87 3
17 25 19
30 81 35
15 98 8
5 82 38
26 40 4
40 75 52
12 80 24
80 97 9
31 48 38
83 83 8
84 96 0
41 60 27
74 86 5
71 73 39
62 79 36
29 35 47
55 57 17
63 79 22
39 65 17
75 79 51
27 34 49
91 93 54
13 49 47
59 79 46
49 58 28
73 90 1
17 38 27
29 99 49
44 76 4
24 67 52
23 95 24
0 68 4
54 84 42
51 63 42
86 98 45
64 84 56
66 66 10
66 76 50
46 67 30
60 87 54
50 52 49
23 97 35
92 94 14
54 99 44
85 96 58
70 72 56
85 92 46
71 80 54
66 85 18
74 94 24
12 59 60
34 56 0
41 89 6
65 92 50
12 84 30
52 61 49
29 42 9
43 89 36
53 89 23
32 47 40
11 57 45
34 60 60
15 57 23
75 84 54
88 97 48
63 95 9
60 83 34
6 85 45
19 69 27
80 81 18
91 97 40
84 88 59
0 19 32
24 50 30
14 81 44
18 48 52
60 75 40
93 96 39
78 85 31
11 23 54
36 57 27
56 72 36
36 83 8
16 27 53
24 66 40
7 10 9
81 92 30
37 49 2
33 83 11
42 69 36
53 69 60
68 92 24
59 96 39
77 79 56
46 47 59
69 97 30
68 97 4
54 75 35
20 37 43
56 76 44
25 78 8
69 95 53
90 96 20
9 44 18
9 92 55
58 61 8
72 95 14
52 76 51
56 84 1
70 83 27
32 84 38
30 41 50
73 88 16
54 65 22
86 91 56
81 82 55
15 73 32
32 69 38
87 88 33
43 49 6
14 79 36
49 50 14
93 93 31
51 98 31
31 65 48
91 92 21
93 98 45
59 60 58
59 91 38
64 97 1
11 49 21
0 74 40
12 54 46
60 82 41
41 55 43
6 19 34
6 20 17
28 43 47
48 73 48
43 56 30
45 82 27
67 81 58
92 93 39
13 91 24
64 81 49
29 82 2
18 75 46
83 90 34
12 64 60
41 86 33
18 28 56
49 77 46
54 92 43
84 92 10
35 72 20
32 74 27
7 12 13
57 95 3
16 34 24
3 44 10
32 48 3
81 90 4
87 89 53
34 61 27
88 96 25
35 57 48
0 27 40
59 93 38
89 94 39
61 68 60
56 91 57
38 61 16
20 23 23
87 98 60
0 50 39
27 70 21
44 54 12
36 96 38
14 77 31
46 77 60
85 97 39
10 90 55
57 65 50
48 97 25
54 62 54
86 96 36
70 75 36
33 97 59
9 90 22
19 54 11
38 64 50
57 93 41
34 34 53
69 72 33
10 12 30
54 97 23
66 86 9
53 90 50
22 83 9
76 87 25
50 54 8
59 64 20
29 69 51
48 52 11
41 79 56
12 30 11
79 99 10
65 71 32
18 23 33
17 45 5
51 67 12
40 77 32
16 90 5
87 97 24
72 84 39
20 51 49
43 54 18
55 82 48
11 51 5
28 48 31
74 81 12
51 89 26
71 98 32
33 79 7
63 96 35
91 98 54
79 83 28
60 97 36
88 98 21
44 94 2
81 99 46
17 65 59
70 96 6
77 92 51
66 68 24
23 66 22
51 57 49
58 92 28
15 44 11
9 94 9
10 74 8
25 82 44
16 24 28
34 41 18
28 44 30
49 64 43
63 74 22
95 96 49
93 94 44
9 26 29
54 56 19
24 30 36
22 35 21
43 78 46
17 27 47
29 84 60
57 58 40
41 45 41
28 29 14
65 95 54
82 88 4
32 50 40
79 94 17
26 99 38
15 25 38
29 77 24
51 69 1
14 59 60
12 85 20
33 98 37
70 95 49
51 80 49
3 46 34
47 70 16
63 92 49
60 95 20
26 68 28
6 74 7
1 42 48
20 76 50
85 94 24
37 84 36
66 77 55
14 33 4
22 94 30
76 77 36
13 95 25
46 57 28
49 87 45
14 17 48
16 25 13
42 89 54
59 71 40
64 94 50
16 65 51
47 64 5
48 58 27
14 55 44
53 85 45
68 99 33
3 17 22
23 64 51
57 57 28
85 98 43
40 95 16
4 42 19
31 59 32
5 68 57
70 98 9
8 98 2
16 77 1
38 75 48
85 88 52
76 82 17
20 32 20
39 94 29
70 88 24
47 69 31
61 77 16
49 54 22
18 95 34
66 89 45
66 98 39
29 62 17
21 58 17
78 95 53
89 90 47
21 37 23
52 70 55
83 96 17
37 75 2
30 43 48
65 81 23
88 90 53
37 69 5
36 67 52
86 92 53
26 85 60
9 73 27
25 76 45
10 96 25
22 74 16
71 75 57
67 82 3
71 72 15
79 84 45
33 80 43
50 61 16
54 55 42
23 39 22
6 52 28
10 49 57
35 71 12
82 85 17
67 71 32
33 77 58
41 87 5
14 91 17
42 52 21
13 30 13
65 78 16
56 61 55
46 78 10
74 89 24
55 84 45
64 69 44
7 24 44
10 44 33
71 74 8
15 45 51
17 69 22
55 76 7
62 68 23
9 48 53
85 85 23
49 91 53
84 87 22
40 81 23
33 40 18
31 92 50
27 28 46
27 32 16
89 91 12
69 79 3
7 97 44
59 84 35
14 53 10
78 91 26
40 91 2
31 88 47
59 62 27
0 4 14
71 92 14
50 51 11
79 89 0
39 50 2
29 41 60
13 14 46
12 50 20
23 84 56
89 89 18
39 73 26
56 88 14
22 90 54
91 91 33
77 90 5
50 85 54
3 14 6
38 58 25
30 57 19
82 91 5
66 91 12
9 53 14
71 93 2
44 81 24
24 35 25
80 94 56
24 93 50
43 53 20
67 84 7
59 69 11
0 84 60
75 76 7
36 42 25
14 46 38
83 98 24
91 99 43
70 80 12
59 68 39
67 70 59
58 75 8
24 27 41
60 91 11
46 52 14
65 77 60
18 34 55
87 96 43
36 84 47
30 96 37
27 39 51
15 92 7
84 91 45
35 36 37
29 72 19
74 95 23
30 65 7
22 31 3
80 99 0
6 57 50
4 55 44
11 53 24
51 62 36
49 72 6
16 80 31
10 31 49
61 96 6
54 83 0
78 98 52
54 61 0
28 68 3
58 80 4
75 82 8
38 43 23
65 80 7
63 64 50
34 46 54
2 16 42
45 97 13
74 90 3
87 93 18
16 71 37
15 35 20
12 86 48
49 80 27
73 95 51
43 74 50
12 68 28
71 85 1
13 84 51
8 25 44
37 61 19
32 51 11
64 75 29
54 71 2
41 64 0
16 23 13
33 35 53
64 73 27
19 93 49
70 82 39
7 44 33
24 34 9
8 37 27
45 78 21
71 88 14
57 88 25
59 81 42
11 56 12
25 66 23
70 74 23
45 50 19
19 41 32
64 98 3
9 99 1
58 76 52
55 66 47
20 91 27
69 81 47
13 62 33
22 37 27
14 52 22
45 60 18
85 99 37
42 56 21
69 82 55
39 63 60
48 53 4
40 60 27
23 81 17
63 98 52
56 90 22
3 87 37
42 65 12
78 92 53
36 90 10
77 78 51
89 98 2
19 84 21
31 90 39
80 85 58
23 99 22
76 81 39
51 90 46
64 65 22
73 91 36
82 98 38
29 64 16
90 91 4
26 45 45
31 45 20
34 78 1
6 92 21
72 92 48
60 63 55
0 99 33
49 49 59
81 89 58
28 99 58
12 36 48
35 43 41
55 69 4
21 90 26
52 77 47
83 93 53
50 50 56
1 28 8
64 96 57
12 16 0
25 73 33
28 70 16
13 66 41
59 80 34
67 75 41
19 28 41
18 74 41
76 91 33
1 12 20
10 38 29
14 68 16
14 65 45
36 78 32
63 76 43
16 21 32
45 91 41
61 91 46
19 90 60
50 93 38
54 95 51
7 56 55
7 58 5
15 47 23
78 78 54
1 94 40
4 65 11
54 76 12
29 32 12
23 73 1
42 91 55
35 90 19
10 91 52
33 67 12
19 55 1
27 50 24
51 54 9
47 76 40
22 68 40
0 10 22
0 70 54
73 93 55
11 88 23
36 50 38
42 94 13
38 84 32
58 81 22
23 44 34
28 83 35
49 76 28
55 64 1
56 62 48
43 85 39
28 36 52
60 67 38
65 76 7
20 68 23
3 11 7
59 95 43
36 76 57
11 65 1
67 67 1
73 80 59
93 95 50
58 63 41
11 61 27
4 40 22
26 86 26
64 85 34
46 85 33
53 82 9
41 59 0
17 96 56
28 82 35
19 20 27
8 61 25
8 17 48
38 82 18
33 75 42
67 86 3
8 72 60
39 69 56
62 93 16
69 83 59
13 88 16
37 82 50
16 74 13
67 74 31
51 87 21
63 81 17
17 44 50
53 80 59
3 9 42
14 38 50
34 72 45
40 55 58
14 20 7
62 89 34
34 58 22
75 98 43
39 47 13
45 95 56
29 90 59
27 51 29
19 73 0
75 80 31
69 87 43
42 99 13
52 73 20
12 51 29
66 90 21
64 70 5
9 59 20
32 78 16
76 99 42
27 81 16
75 95 11
21 83 17
47 80 46
52 82 52
77 86 13
8 40 2
16 54 43
4 49 57
49 97 41
51 65 10
31 82 14
45 47 29
66 84 8
56 98 11
45 48 3
41 68 47
1 53 59
41 99 38
30 88 11
51 64 59
67 89 57
46 90 59
38 92 22
7 76 59
51 85 39
31 34 41
9 49 6
12 38 57
31 83 21
5 9 19
49 71 37
7 54 57
22 92 47
8 41 58
42 80 38
37 85 55
46 50 31
53 91 27
47 92 20
47 93 1
36 39 46
61 88 17
37 96 45
79 93 45
73 92 36
34 74 11
53 81 13
44 68 46
71 94 21
11 22 4
47 77 1
63 87 0
46 86 44
55 75 52
30 63 57
13 22 27
73 83 57
75 99 27
67 78 10
33 57 10
29 97 3
61 81 30
11 38 59
3 43 41
7 68 43
22 22 17
40 87 3
21 62 41
68 96 30
71 86 43
79 90 53
58 60 53
21 72 43
54 77 11
89 93 19
84 99 48
50 96 56
46 87 23
44 63 9
25 52 0
68 82 20
62 71 8
31 84 60
31 58 60
11 64 7
11 14 41
53 58 28
68 72 3
19 42 0
24 48 56
19 23 52
6 7 24
46 94 38
5 36 52
45 67 3
5 73 53
37 43 34
18 39 47
59 75 29
45 63 57
11 86 5
59 63 11
36 94 9
38 39 30
16 42 57
41 96 10
22 78 58
55 65 53
13 51 3
14 23 13
14 86 23
66 67 45
61 62 51
73 94 27
44 90 57
4 85 29
54 67 20
40 79 50
13 18 58
13 53 35
39 43 8
17 80 52
55 55 27
33 84 3
47 63 60
88 92 48
32 45 0
84 90 44
24 74 58
43 67 7
58 71 27
15 91 23
2 38 51
26 74 48
11 32 34
9 70 54
52 59 36
58 59 37
36 80 45
50 80 29
22 50 55
20 34 54
16 93 28
3 63 5
74 87 40
19 80 49
26 88 34
49 60 36
86 86 30
17 86 9
16 70 11
59 99 23
91 96 25
16 17 54
18 58 19
6 45 0
60 98 15
1 33 29
0 15 55
73 85 25
19 83 9
87 94 55
16 50 40
80 88 39
64 92 13
1 85 29
49 68 3
44 49 55
6 39 53
39 78 13
26 73 58
19 98 41
39 49 1
29 45 19
82 92 22
61 67 21
21 47 0
31 74 25
43 72 51
21 85 60
40 58 58
2 44 34
77 85 17
53 65 59
20 48 16
22 88 14
22 49 46
94 97 24
4 57 15
40 43 37
56 71 9
57 63 17
76 94 41
16 36 6
52 54 43
60 85 19
76 80 41
40 67 9
74 80 40
62 96 54
81 98 16
11 60 32
26 51 30
12 48 39
48 82 2
19 97 9
3 12 52
10 40 15
43 59 55
57 62 39
23 80 35
8 77 38
34 68 20
65 73 39
37 90 26
45 80 56
3 95 3
13 63 0
6 53 8
24 99 1
6 62 37
56 82 54
12 82 41
18 63 60
6 96 21
28 32 13
52 84 55
43 93 15
57 84 23
69 78 16
61 82 50
2 79 4
55 56 9
80 82 40
35 85 31
62 62 16
52 98 25
59 78 29
43 90 15
3 97 20
29 53 23
0 47 28
86 90 54
8 11 12
70 81 45
9 56 8
22 70 27
8 23 49
8 31 9
83 89 6
39 46 50
6 11 38
47 53 14
23 75 36
66 82 22
20 94 50
58 86 21
8 97 10
33 63 59
71 79 36
46 74 49
40 46 18
20 74 43
55 87 57
28 47 51
16 57 7
47 52 53
19 26 27
31 31 34
0 82 10
6 37 29
0 41 47
18 35 16
11 11 6
26 92 10
39 42 2
46 55 5
18 80 0
21 51 3
15 40 35
77 96 3
36 72 57
79 92 53
30 92 1
16 98 39
26 91 23
11 84 2
20 47 42
75 78 2
33 96 24
17 28 49
0 49 32
30 75 59
71 97 36
45 52 15
43 79 25
53 72 25
21 61 57
77 77 33
21 36 34
58 64 36
38 52 29
80 93 60
76 97 57
86 89 40
9 91 5
62 98 34
41 46 41
19 67 50
49 63 8
9 77 12
25 37 1
62 67 37
35 94 46
50 65 59
41 66 25
18 18 17
73 99 16
2 64 41
52 99 26
88 89 38
49 70 47
53 53 9
35 84 44
25 36 45
80 90 42
65 98 6
32 76 52
89 97 50
1 60 22
18 29 54
44 60 43
32 96 47
32 36 52
71 77 36
3 22 14
14 80 31
71 78 20
37 46 40
15 18 41
25 56 26
89 99 21
46 75 43
9 84 13
27 46 53
28 28 27
3 23 19
44 46 29
0 57 0
13 96 8
35 62 41
12 49 9
93 99 0
23 55 18
16 56 28
4 80 26
39 66 11
38 93 14
58 62 33
79 79 10
5 29 1
8 68 36
38 54 56
24 83 16
67 79 20
27 54 25
65 72 38
38 48 9
71 99 48
47 91 4
71 76 52
41 65 21
39 41 53
40 99 22
34 97 18
6 40 45
5 24 38
23 88 30
57 86 47
45 77 56
13 76 48
12 60 4
21 24 27
49 86 55
57 77 18
7 69 7
6 76 43
84 98 4
3 33 39
56 58 41
52 87 6
57 81 5
3 94 27
14 44 2
24 46 29
14 15 43
40 59 48
87 90 14
48 57 3
34 45 1
24 58 5
68 81 26
30 98 29
30 87 13
42 90 11
8 95 9
68 70 36
51 78 43
87 99 19
47 51 14
69 80 36
52 89 1
4 67 53
68 83 14
31 66 29
53 71 29
14 93 13
56 79 37
33 81 19
23 83 21
44 99 43
12 44 19
33 89 57
75 97 58
28 81 50
1 71 53
77 99 52
17 53 33
30 37 56
30 82 50
16 79 39
29 75 37
66 99 34
34 82 33
65 68 50
36 45 25
56 86 39
35 86 50
37 92 25
31 32 49
17 95 56
22 96 35
38 59 23
41 81 45
50 87 58
52 65 8
45 56 48
41 82 17
15 69 7
69 75 46
21 91 35
2 60 2
70 97 45
34 73 6
3 72 42
38 66 59
30 61 42
7 64 29
55 98 59
39 89 1
40 54 1
13 85 18
20 86 49
49 69 21
29 76 32
48 66 38
23 42 19
47 84 18
82 82 45
3 36 49
44 89 30
42 67 22
45 94 8
47 62 57
91 94 26
64 76 43
5 23 7
4 78 51
12 45 53
51 76 8
70 89 19
8 75 43
1 51 59
20 65 26
12 27 20
32 46 1
37 56 24
32 52 10
0 66 0
72 89 2
18 96 32
30 47 58
52 62 50
4 54 32
5 85 34
90 99 35
26 52 0
11 98 31
0 67 32
43 76 54
43 82 40
38 51 28
54 58 29
78 99 40
44 51 46
66 81 12
78 94 26
31 43 13
20 55 12
25 57 28
53 86 48
26 63 25
22 55 8
17 98 55
10 23 12
73 84 47
65 99 53
64 64 16
38 86 17
29 50 30
66 71 35
80 84 27
85 87 39
30 86 28
30 34 7
23 56 13
14 27 26
44 58 60
13 48 5
11 46 8
59 70 30
55 60 18
19 76 55
83 99 8
54 93 29
41 88 41
50 90 14
63 94 48
2 69 3
30 46 16
30 69 8
53 95 57
11 50 21
55 83 16
33 66 42
57 90 0
24 95 5
71 95 4
18 32 41
53 76 16
20 63 30
90 95 59
25 98 9
6 51 13
55 59 11
39 40 17
29 67 4
72 81 15
33 54 44
82 94 30
41 97 59
74 77 9
55 91 18
31 95 47
7 35 11
5 22 16
12 22 12
79 88 60
33 87 25
62 72 13
12 63 35
10 93 60
42 78 36
13 36 37
53 74 58
8 59 23
37 41 45
48 51 42
83 84 16
9 27 14
13 41 2
65 65 15
0 97 8
43 88 3
33 33 46
51 56 55
58 93 1
20 88 42
43 51 29
66 96 4
63 70 42
61 86 19
29 70 51
8 28 36
24 51 53
57 96 55
83 88 5
63 69 13
77 91 34
84 97 33
33 70 52
12 42 57
27 66 57
19 57 56
35 66 50
43 87 53
28 33 14
68 90 49
26 55 30
44 45 17
45 79 25
50 84 13
15 89 49
39 58 55
66 79 46
90 92 40
11 89 60
12 20 40
9 74 31
12 78 17
30 49 14
29 88 15
15 86 21
59 83 41
72 86 6
3 56 15
12 26 48
35 44 22
76 78 50
65 70 35
25 63 28
29 60 47
8 78 46
15 81 15
63 75 25
46 65 29
25 51 46
21 84 59
47 61 32
31 76 43
82 83 20
21 28 22
71 91 7
64 71 26
81 87 37
16 60 60
57 83 22
75 92 30
30 74 20
24 87 27
74 79 27
31 73 19
26 35 11
51 55 55
14 41 31
31 61 15
5 17 30
44 86 13
45 51 43
43 71 55
55 97 2
35 58 47
44 64 13
81 84 50
39 70 59
52 79 46
69 76 6
2 52 16
13 87 10
37 40 58
27 99 55
42 75 44
56 63 40
16 75 20
32 32 33
69 84 14
16 16 43
58 91 39
4 82 23
45 90 6
68 86 14
76 83 8
27 30 24
29 51 1
35 52 18
31 63 13
0 11 8
62 64 4
21 25 48
37 87 56
15 58 16
2 50 31
8 54 26
59 76 55
35 79 34
23 57 54
18 54 32
24 91 53
25 40 24
85 95 44
24 44 60
23 96 49
83 85 58
24 55 23
51 79 54
51 59 26
33 72 45
46 98 52
72 96 24
15 88 46
44 80 47
2 59 36
7 85 25
49 56 49
59 89 22
77 81 31
0 39 58
15 39 8
27 49 29
22 69 8
20 60 16
2 74 54
48 56 14
26 79 23
3 85 30
85 91 27
10 43 10
10 42 48
33 51 27
61 64 41
68 74 48
12 93 32
73 77 42
45 70 57
7 77 4
68 93 12
63 82 22
2 80 2
36 47 24
32 94 45
36 59 31
88 91 53
55 61 28
39 96 20
54 89 55
9 67 50
23 41 12
31 85 55
44 70 21
38 91 48
30 72 22
71 82 21
41 50 28
63 83 30
24 92 37
13 54 1
0 6 31
31 49 16
34 79 56
35 53 29
60 62 15
59 94 12
29 86 17
1 29 10
83 86 37
28 90 31
10 22 11
38 99 58
59 98 44
47 82 5
71 81 34
82 90 32
1 90 42
5 34 31
40 98 56
20 93 0
40 45 51
20 26 30
55 71 6
23 86 13
42 58 27
2 6 60
47 65 11
1 48 15
44 47 28
67 98 2
37 91 0
24 31 54
69 74 11
75 91 59
35 78 53
72 82 25
0 93 39
22 61 20
37 72 22
62 95 60
57 75 55
4 93 53
13 45 44
43 80 59
13 65 36
33 74 42
29 46 24
22 86 5
26 62 40
25 55 21
75 96 22
52 69 46
65 85 31
16 38 45
69 96 30
8 81 51
22 32 21
25 64 2
29 58 42
62 86 49
37 99 25
53 56 36
59 87 41
57 67 19
2 40 33
49 79 47
14 56 41
47 85 9
11 68 28
50 58 12
32 83 6
15 15 56
76 79 22
35 83 3
14 88 59
73 74 15
26 97 50
44 96 54
27 55 4
61 83 22
25 31 2
20 69 15
29 47 31
71 96 31
14 92 7
22 98 32
59 59 19
17 78 47
73 97 31
66 69 21
70 78 16
36 87 44
31 67 12
38 41 37
80 91 54
70 92 56
19 49 13
37 89 52
17 36 17
15 82 4
37 60 10
62 74 25
2 28 30
52 52 51
13 92 41
55 89 3
61 84 58
56 77 4
70 85 52
25 41 54
40 47 15
47 95 56
72 94 47
0 58 0
25 86 35
5 55 55
73 75 15
27 73 15
56 89 44
4 63 46
47 86 49
48 61 4
64 83 60
4 51 19
28 51 42
60 69 52
54 80 55
1 7 17
16 68 27
2 82 60
37 47 42
52 72 26
33 48 6
8 76 30
42 93 43
83 97 16
74 88 21
17 48 60
73 98 34
5 45 26
41 42 16
22 39 52
34 92 48
63 67 22
8 65 18
53 87 56
13 15 48
54 57 44
22 82 7
32 91 58
52 55 35
48 95 29
50 72 31
60 72 5
14 49 29
73 76 39
21 53 39
13 71 21
27 63 24
9 34 5
36 82 32
4 43 24
39 91 43
41 75 1
68 89 51
23 46 22
4 9 5
34 94 56
21 48 31
37 67 60
16 83 7
6 50 51
66 75 35
68 94 29
26 96 42
35 38 22
60 60 52
61 65 17
63 99 3
22 47 18
59 88 55
45 88 13
6 89 40
23 49 22
22 45 53
49 57 43
40 41 34
23 62 2
8 57 39
60 89 38
33 42 18
59 82 58
45 75 11
12 32 36
4 90 25
50 57 11
74 99 2
25 96 51
20 35 57
74 85 58
41 43 21
59 90 28
22 27 42
9 43 10
79 98 56
65 74 30
18 88 45
46 81 7
5 54 45
39 93 48
34 69 35
63 86 27
80 83 7
51 84 3
39 72 22
29 78 3
58 69 48
25 54 36
10 46 58
14 45 20
32 75 14
28 40 34
5 80 60
41 80 29
50 66 23
17 76 25
45 69 27
28 61 23
7 42 9
33 65 41
20 59 13
61 69 34
18 62 26
23 53 14
21 73 17
5 51 31
2 99 49
21 98 11
5 67 15
7 96 49
31 55 52
28 34 29
68 95 32
17 50 43
30 45 41
20 97 23
4 25 58
13 64 60
76 96 1
62 84 27
63 89 32
24 28 35
44 72 3
5 81 56
32 99 9
14 43 17
52 66 48
22 91 50
31 62 38
67 87 6
20 57 31
15 27 6
3 79 55
52 93 17
69 73 49
12 65 2
18 64 2
62 90 59
5 20 27
36 65 50
71 89 10
21 69 51
7 89 49
19 30 10
16 19 14
18 85 41
78 80 44
37 63 49
6 8 22
28 46 28
54 74 29
59 92 5
36 46 16
50 64 8
6 41 16
15 80 54
23 23 49
50 68 20
37 62 8
37 95 1
16 18 13
60 68 49
0 72 29
30 97 25
19 64 45
7 40 55
5 21 40
72 99 35
56 67 49
35 93 52
79 91 51
40 88 11
17 72 18
35 51 57
46 58 8
12 52 48
48 81 7
49 67 34
37 78 22
16 97 59
39 52 40
55 93 56
6 48 59
21 99 39
28 91 43
31 40 4
41 83 1
42 53 55
20 78 24
63 93 44
28 60 11
44 78 47
71 87 28
30 80 36
30 99 39
47 75 0
37 94 0
55 81 2
58 84 45
29 61 56
55 95 27
22 25 50
39 99 12
52 97 44
74 93 34
18 52 31
15 76 38
3 19 0
55 58 55
20 49 35
34 59 34
15 48 36
11 27 16
26 48 32
35 39 51
42 66 20
69 93 60
52 64 23
39 98 52
24 61 59
22 89 46
16 81 32
41 90 49
46 84 46
41 41 13
24 96 42
18 25 15
71 83 13
47 98 1
60 77 37
19 71 43
33 95 52
36 93 12
44 92 51
6 82 32
20 82 46
34 40 33
66 95 59
35 48 59
27 37 45
29 93 45
66 72 54
69 99 37
30 39 46
30 30 15
36 99 55
8 24 60
66 80 56
35 45 52
32 70 7
15 32 20
36 69 11
5 8 9
56 69 18
26 87 17
9 45 35
2 9 51
7 31 54
43 45 46
22 81 34
6 30 15
60 74 0
70 84 26
33 37 43
15 41 31
47 99 20
58 70 32
54 59 0
65 93 19
58 99 32
1 99 22
30 91 4
79 85 49
8 43 34
46 72 19
34 90 25
36 43 52
81 96 51
32 58 10
81 88 1
13 75 20
3 55 31
60 92 21
22 85 13
34 87 58
39 74 28
38 81 5
9 61 12
68 78 30
29 31 2
72 73 32
18 97 31
19 81 41
9 35 57
25 79 54
45 96 14
27 33 29
24 80 60
8 89 32
36 77 34
20 28 24
16 78 54
65 94 52
18 47 53
27 62 53
22 64 55
13 29 1
52 63 56
56 97 19
59 77 38
15 75 49
40 92 7
33 41 29
46 49 24
3 42 7
20 22 52
43 96 57
72 98 16
1 74 3
7 26 46
16 26 10
28 72 46
61 80 24
76 88 49
35 50 48
3 74 58
53 96 54
70 94 2
32 41 52
20 46 2
24 45 22
69 86 53
31 77 16
58 98 34
23 45 45
28 95 11
76 92 0
48 74 37
37 64 17
54 69 17
59 65 60
26 78 25
2 22 49
29 81 14
22 76 31
42 84 10
23 29 34
3 40 5
7 98 22
0 61 46
47 59 16
17 49 20
36 95 47
16 31 12
41 76 28
40 40 29
50 79 34
20 99 13
5 89 49
16 32 48
30 55 60
20 70 3
23 65 54
33 62 49
3 93 44
1 11 52
84 85 39
6 86 13
31 89 21
17 34 26
1 77 29
79 97 45
5 6 33
67 99 29
31 39 31
30 60 33
56 56 59
21 38 6
23 37 16
49 98 18
43 75 16
60 81 16
19 47 54
5 33 19
74 82 9
54 96 8
4 95 37
39 56 36
13 47 20
0 8 40
34 76 8
21 44 10
24 47 50
41 51 22
21 92 28
3 69 22
9 88 58
36 63 15
18 98 2
56 92 28
61 98 47
23 58 16
58 58 17
39 55 11
35 54 11
3 99 29
58 74 46
54 81 36
34 62 37
11 55 10
64 86 57
31 52 43
10 67 46
62 91 55
52 96 1
37 81 14
26 60 29
26 67 10
26 47 34
52 56 58
20 44 15
17 99 54
31 56 1
26 69 47
25 68 9
2 35 44
74 92 41
62 99 5
44 75 37
23 34 38
7 92 13
26 64 51
5 87 8
20 85 26
68 87 44
13 26 29
15 90 6
8 52 24
23 27 37
30 68 22
7 67 53
0 14 46
0 3 59
21 93 41
18 87 32
4 23 3
72 91 10
7 90 5
14 97 27
14 32 3
24 68 56
63 85 15
4 34 2
68 88 2
45 74 40
24 78 40
40 49 31
20 40 25
11 87 35
10 63 5
56 96 27
40 57 41
16 35 55
66 70 17
23 74 5
61 97 27
26 80 5
21 26 50
37 54 18
49 75 12
23 35 41
5 90 8
77 94 4
48 69 40
30 48 20
40 78 48
47 57 5
17 90 14
50 73 51
58 66 16
45 93 2
3 54 25
51 68 30
22 87 16
11 52 42
23 31 39
18 45 55
52 71 19
4 27 37
32 33 12
23 51 1
67 73 15
44 98 24
4 17 2
21 89 39
25 87 24
32 97 31
58 89 22
67 91 52
21 96 27
28 35 25
14 37 31
0 95 51
65 67 44
6 80 54
51 74 25
57 64 28
3 66 29
23 79 43
32 44 13
32 86 11
35 59 31
7 75 40
46 80 15
38 65 37
74 83 20
45 54 1
75 75 27
64 74 6
11 69 31
8 47 19
32 65 50
25 75 49
24 71 40
49 61 24
29 68 57
37 37 43
41 49 0
30 31 43
4 39 10
9 87 20
30 85 32
46 79 22
67 96 12
84 94 23
2 14 44
34 83 34
65 86 39
31 99 19
69 71 49
62 85 12
13 61 5
30 94 49
33 94 56
49 74 60
25 61 46
21 46 20
8 12 21
48 75 34
34 93 3
17 60 59
47 97 5
54 64 44
61 99 5
66 88 9
40 86 15
18 82 6
34 48 27
22 23 20
45 68 26
66 92 50
44 52 12
15 28 5
9 21 15
32 35 31
13 43 29
74 98 44
9 25 18
5 30 13
42 86 26
21 65 51
29 95 4
45 99 24
20 31 34
41 78 60
34 89 57
50 67 53
7 93 4
2 94 9
3 77 25
11 78 34
40 70 58
25 42 6
11 73 41
57 71 32
38 70 28
21 94 17
51 99 27
19 59 53
67 76 45
17 58 26
20 25 12
3 89 0
24 73 33
38 80 46
7 49 21
7 71 6
4 68 15
20 45 7
11 37 4
8 39 26
33 92 35
48 72 24
35 37 15
22 30 2
59 66 13
16 84 40
5 50 55
43 50 14
28 94 14
13 28 10
0 22 48
32 68 19
8 42 51
37 65 41
42 60 7
49 83 45
5 19 12
42 71 52
45 98 59
41 67 35
28 58 15
18 78 48
36 54 12
65 69 54
73 86 50
49 96 37
46 99 17
35 40 39
10 27 50
3 65 6
51 51 32
73 73 3
5 70 37
16 85 10
12 57 34
9 58 37
21 22 28
24 29 1
22 53 13
79 95 22
17 73 45
61 63 48
65 75 39
17 37 50
19 87 57
21 29 23
15 97 7
36 68 29
29 87 57
13 40 26
45 87 16
70 86 56
32 62 18
53 98 5
47 60 35
26 44 18
58 65 3
28 55 35
43 69 43
32 82 46
52 75 45
11 83 3
4 22 37
14 42 28
54 88 7
2 45 56
19 36 4
11 80 23
8 62 24
19 29 8
43 84 32
37 93 15
39 60 34
29 73 0
56 95 13
48 48 41
31 94 33
81 86 36
76 98 32
53 66 21
11 33 21
35 87 47
20 30 24
37 39 9
64 88 20
80 98 26
57 72 33
36 75 38
9 23 47
48 67 53
64 87 31
24 94 25
34 43 18
27 48 17
28 84 35
18 31 50
9 10 18
2 84 27
33 93 24
23 98 60
52 88 5
38 62 45
9 78 5
78 83 32
56 66 3
29 54 40
41 84 13
10 19 60
9 18 2
18 99 27
2 17 38
35 98 34
9 24 6
21 80 37
79 96 58
21 63 26
28 53 55
52 80 31
19 68 53
24 38 28
64 95 48
42 72 3
77 89 30
47 54 19
20 42 54
53 61 34
41 57 60
41 47 1
5 58 14
51 72 29
61 90 27
4 48 31
27 76 16
68 75 27
29 43 31
7 61 4
69 92 52
81 94 1
46 97 0
69 69 57
18 83 41
4 61 7
51 88 2
20 62 2
68 80 18
44 82 23
61 73 38
36 58 13
21 43 18
20 56 18
5 38 59
10 60 16
57 74 19
1 62 35
23 82 37
21 33 15
15 99 31
52 85 35
82 99 53
19 92 29
42 92 27
40 44 9
48 70 37
52 92 9
24 64 54
44 67 8
27 92 40
72 83 58
68 79 32
12 62 39
45 64 7
37 53 7
2 75 44
13 69 22
52 53 33
35 49 3
2 77 39
84 93 60
17 21 54
27 52 18
15 20 43
1 52 23
55 77 29
46 71 43
18 36 46
0 13 9
52 58 35
82 96 6
52 83 47
14 72 2
2 57 42
34 77 6
32 90 50
12 35 20
6 12 9
64 80 55
15 49 18
17 40 0
9 29 0
28 65 51
1 13 23
47 78 36
11 30 44
68 84 55
1 87 16
8 36 43
21 32 42
38 68 32
22 36 9
12 41 59
53 60 55
42 73 27
28 39 27
59 86 27
69 77 33
58 79 39
41 77 56
64 82 31
14 24 30
30 79 45
29 39 5
48 91 36
6 35 18
3 20 28
8 64 16
0 90 40
60 71 6
32 37 20
15 31 40
34 96 1
21 55 32
50 83 44
12 33 8
3 92 4
56 64 26
37 55 27
72 79 20
15 64 9
6 63 47
2 97 43
9 96 47
51 77 34
84 84 60
12 19 33
3 5 37
38 73 32
53 68 21
38 53 49
6 83 27
17 47 24
34 99 28
1 59 36
13 80 18
50 77 54
40 61 21
23 89 14
27 83 58
36 41 59
26 50 11
48 64 35
13 98 8
12 40 20
26 70 12
50 88 15
24 90 39
10 70 40
7 53 45
16 52 41
64 91 2
66 93 12
54 98 16
44 87 43
51 83 55
10 41 34
30 84 27
19 52 27
49 90 46
3 81 3
40 85 4
82 84 27
14 50 36
14 89 34
40 48 21
32 88 11
46 61 13
27 40 44
8 70 50
46 92 44
14 39 22
65 84 4
65 82 30
39 84 31
13 17 52
28 67 27
6 81 51
16 86 10
1 1 32
62 76 12
5 7 25
18 90 21
10 72 38
4 79 41
7 94 60
69 85 21
3 91 40
4 32 20
60 96 44
11 19 36
24 59 17
39 92 3
19 31 32
49 99 39
26 89 10
43 64 12
0 29 34
12 77 5
48 65 16
50 70 32
35 56 9
64 89 27
40 69 28
56 73 25
17 55 11
31 41 52
1 6 25
56 93 33
6 13 1
29 30 10
12 31 10
26 95 41
24 41 40
1 82 46
55 78 12
13 89 35
2 98 12
19 34 26
10 20 37
34 49 48
46 93 43
38 88 30
2 4 2
28 59 3
78 90 20
20 72 12
40 94 33
38 38 24
58 88 25
61 87 38
7 95 23
33 58 38
20 21 15
7 15 57
5 84 13
28 79 27
63 78 57
38 55 3
74 91 50
4 71 45
38 74 11
24 77 24
15 87 41
55 90 2
17 32 57
46 51 5
72 77 6
38 89 26
37 74 0
6 44 11
6 9 48
39 68 59
5 65 41
43 98 16
68 77 48
22 63 27
26 84 13
24 39 57
33 59 51
5 10 13
36 74 4
36 88 40
60 84 31
4 94 0
57 85 34
12 90 35
36 36 33
21 66 9
60 65 26
13 50 5
58 77 13
25 33 44
68 85 25
46 70 19
5 97 47
12 61 22
9 79 45
6 25 32
27 87 34
15 62 0
27 36 28
6 61 27
56 99 45
36 52 59
41 70 47
28 38 2
15 55 15
24 85 15
23 38 51
61 94 60
21 79 35
26 49 54
2 10 8
5 77 57
67 68 51
4 66 39
9 9 39
42 98 31
13 33 7
24 33 8
15 37 32
65 79 46
29 71 50
75 90 54
48 62 47
35 41 17
51 96 7
62 80 39
49 73 39
30 70 55
50 71 12
5 40 38
48 54 23
10 62 7
40 72 10
23 76 40
3 4 6
45 57 35
1 84 54
28 37 56
66 78 35
25 90 13
48 59 35
22 38 16
31 50 48
67 77 33
48 85 1
30 90 27
43 58 43
43 95 19
37 97 33
62 77 39
38 83 24
9 32 50
42 95 46
25 99 5
50 78 10
83 95 12
1 50 36
12 98 1
14 74 4
29 80 17
41 91 52
33 34 41
40 89 47
12 14 29
18 20 19
27 47 25
16 45 15
25 71 15
30 35 19
14 82 35
46 88 12
1 75 10
34 37 46
3 50 37
6 95 24
66 94 28
48 60 49
1 16 14
82 89 12
16 46 48
21 70 42
18 44 47
11 93 44
87 95 41
25 38 44
16 22 35
28 57 20
20 38 23
75 81 12
16 66 21
50 69 43
4 77 53
8 88 37
37 71 22
6 77 41
86 95 3
20 90 6
13 70 14
51 52 34
3 47 0
42 87 4
19 45 14
13 46 42
6 46 14
74 74 46
24 52 8
32 59 38
77 98 33
0 65 12
47 90 7
54 78 10
42 47 9
18 76 43
18 56 48
11 12 56
2 11 38
27 57 3
54 82 51
19 95 49
32 63 53
4 11 32
13 20 27
2 27 0
21 77 48
40 83 34
4 36 46
11 31 15
10 79 50
72 97 26
67 85 37
27 68 58
53 67 4
4 8 50
11 20 39
55 96 27
13 74 51
39 67 52
21 42 24
1 17 60
29 33 34
61 74 1
39 59 7
67 94 50
27 75 42
58 85 29
74 75 10
0 38 25
77 84 58
63 71 37
19 79 58
11 29 25
48 50 50
19 72 48
4 47 8
40 66 13
43 77 39
18 59 53
23 92 53
22 28 23
27 69 12
37 88 53
46 54 21
39 87 36
51 73 6
37 80 46
37 86 31
66 97 10
0 96 33
38 67 37
50 98 7
29 79 54
1 36 5
24 72 32
13 34 48
26 26 54
0 28 24
59 61 44
5 53 60
14 87 41
10 87 37
1 2 59
17 85 48
80 96 24
29 94 41
7 79 52
60 90 30
26 43 18
27 61 4
48 79 6
31 38 38
6 67 41
22 54 58
3 26 37
23 85 46
33 82 23
53 78 27
10 13 3
67 90 11
3 64 47
18 93 54
57 61 22
37 59 46
11 81 38
33 78 11
20 98 44
47 68 38
37 98 58
5 62 18
28 75 58
30 76 57
7 87 43
52 91 0
35 88 23
44 85 2
21 35 13
46 96 38
56 83 0
5 63 58
67 97 7
17 26 56
42 46 54
12 83 32
62 92 29
24 32 59
28 85 47
19 86 3
77 93 49
16 62 57
3 84 18
5 35 25
17 56 51
62 83 28
40 52 42
32 73 23
47 47 2
10 15 7
34 75 47
37 42 49
52 67 53
57 68 60
45 59 1
4 62 34
39 88 26
2 71 7
25 62 52
10 45 59
12 21 54
11 44 60
58 73 28
4 24 25
15 43 15
49 94 15
23 61 4
7 21 14
32 85 1
18 91 49
15 84 21
3 86 27
12 88 32
32 60 53
29 34 52
27 56 9
25 60 36
45 83 28
28 86 6
50 60 17
10 61 40
30 40 45
10 53 18
19 51 4
68 69 25
51 82 29
9 28 33
58 97 57
42 79 49
30 89 16
27 35 42
22 62 11
40 64 42
43 94 52
41 85 56
7 33 8
21 78 27
23 71 24
58 72 3
31 42 29
10 24 4
43 73 23
26 27 0
14 28 24
41 63 34
37 58 32
49 65 47
44 62 58
7 60 45
38 78 12
4 37 51
10 58 27
28 45 7
5 31 57
24 86 27
72 87 28
10 28 30
44 61 27
23 87 37
44 69 25
23 67 19
25 67 10
52 68 58
80 86 36
5 88 57
13 23 22
53 62 31
23 94 58
39 64 39
22 73 38
28 73 54
48 77 35
12 66 28
35 99 27
9 89 25
51 92 7
13 77 53
54 79 58
8 82 48
27 31 37
22 57 20
38 47 8
14 90 6
36 73 31
25 53 26
57 66 26
27 64 54
65 97 19
3 38 8
33 76 33
21 87 3
41 98 0
55 63 50
25 47 44
8 99 58
47 94 52
81 85 46
21 81 32
8 13 41
34 85 39
61 61 13
0 48 0
61 89 4
55 73 55
21 57 48
14 58 52
1 88 37
4 53 40
45 86 5
52 60 38
42 96 53
54 68 41
47 89 31
19 99 58
1 26 44
57 94 34
35 77 59
24 57 19
43 86 28
14 99 33
32 57 10
54 86 20
43 55 24
7 32 11
79 86 7
23 59 37
49 85 3
38 72 29
12 17 39
23 28 26
0 44 2
37 70 55
45 62 29
9 65 57
57 60 36
47 66 56
4 96 23
6 56 29
0 52 4
17 71 4
5 66 56
40 76 57
4 26 4
6 36 3
12 43 13
56 75 26
1 22 60
63 84 9
51 71 51
27 77 46
57 91 55
48 83 15
7 41 27
28 78 58
14 16 29
14 73 50
9 17 51
18 70 49
4 74 6
2 8 7
18 72 17
30 50 13
16 87 45
50 55 15
4 76 57
1 41 42
16 29 10
48 92 3
25 69 49
4 91 45
73 79 37
26 34 21
40 90 33
8 45 17
0 33 56
65 66 40
51 66 4
62 65 39
56 78 60
30 56 38
46 91 2
5 57 42
12 96 58
1 91 57
1 10 27
25 89 56
44 79 32
29 66 10
50 59 9
42 74 25
21 64 47
51 93 30
9 30 40
46 63 29
59 67 28
38 40 7
16 48 47
37 83 3
27 65 3
24 84 9
1 23 45
32 81 38
2 62 41
62 69 9
18 24 30
28 56 30
43 91 57
4 83 19
6 21 51
49 52 52
13 31 1
12 81 18
32 66 59
26 39 41
2 72 49
19 53 57
4 88 29
17 82 15
2 5 51
11 62 49
70 73 25
32 53 27
17 57 37
12 76 3
38 42 10
1 35 33
35 68 5
5 56 15
37 48 37
42 64 9
55 99 38
27 93 41
13 35 33
53 54 8
18 42 49
45 58 18
54 63 29
39 90 47
24 36 8
17 94 20
17 66 54
21 56 20
2 42 37
17 35 21
25 77 56
0 51 53
33 60 31
7 52 3
5 78 46
5 37 25
45 92 6
22 41 32
78 88 25
43 68 32
40 62 53
2 37 6
16 76 26
62 75 8
1 80 6
25 72 27
63 90 59
40 82 41
5 72 18
0 7 55
44 84 0
11 42 21
0 35 25
27 38 11
40 53 16
8 51 48
9 39 45
0 87 44
3 88 41
28 66 35
16 91 8
4 21 4
27 94 51
17 87 18
51 61 44
39 97 26
36 85 11
19 38 36
4 19 25
63 80 15
28 71 27
47 67 9
5 41 23
11 85 52
27 95 58
1 18 12
1 66 25
46 83 53
0 0 9
23 54 55
25 26 46
34 80 47
14 36 13
51 75 57
74 96 4
22 65 16
10 69 39
34 66 37
7 55 30
29 48 24
29 89 32
37 77 52
15 68 19
15 42 58
4 35 60
17 97 11
41 73 1
6 28 55
16 89 50
16 82 7
58 90 31
26 28 4
4 6 1
33 86 57
22 34 22
21 59 11
51 58 57
8 93 5
33 44 0
23 36 27
9 72 26
69 94 38
34 81 28
20 95 54
43 60 23
75 89 2
23 69 36
21 86 34
10 73 40
5 27 43
13 38 50
10 57 28
30 66 9
15 96 59
12 99 47
21 31 57
1 38 37
0 69 44
40 56 55
33 61 32
50 62 4
27 29 26
26 33 3
22 40 31
4 50 22
31 72 25
63 91 1
32 79 39
21 39 59
35 73 52
40 51 44
28 50 39
13 56 44
10 50 39
19 56 33
38 87 23
33 43 41
11 75 0
19 22 34
27 86 31
27 88 45
5 74 3
18 81 53
6 73 46
34 53 22
7 62 48
48 63 11
64 78 42
9 47 16
5 14 11
24 25 16
6 79 52
9 13 29
14 67 19
57 78 46
21 97 40
28 76 12
36 86 1
3 3 18
61 72 58
9 81 42
0 75 28
19 24 27
2 56 6
11 63 27
8 22 26
7 18 39
33 64 27
22 26 17
10 29 18
10 80 52
55 74 2
11 71 59
3 30 32
47 96 50
64 77 9
32 72 32
9 57 21
38 77 25
29 29 36
11 92 41
77 87 38
2 24 4
6 6 23
65 91 44
26 65 11
19 70 1
16 47 54
14 76 5
4 14 6
55 86 34
41 95 26
19 32 29
3 41 58
17 59 17
0 78 51
39 45 38
44 50 5
25 70 21
14 35 33
21 71 52
47 50 35
37 51 25
9 15 3
63 97 46
17 54 53
34 54 55
33 49 14
22 29 60
57 87 46
19 48 14
22 75 21
70 93 43
47 48 7
17 64 26
49 92 20
41 52 22
16 96 40
36 53 12
15 26 27
16 49 19
1 92 43
41 54 17
9 60 38
32 42 13
3 78 54
31 80 30
33 68 28
12 75 20
39 54 9
8 15 15
1 40 38
10 25 9
72 75 20
33 88 29
7 84 23
0 81 33
43 65 7
10 10 53
6 24 12
26 72 57
35 97 34
5 47 25
25 28 23
42 51 38
3 39 14
22 56 33
8 35 26
14 63 10
14 69 31
38 90 24
31 78 27
8 56 39
50 89 53
50 91 38
2 20 43
2 26 25
33 50 10
37 52 11
67 95 56
31 37 44
43 62 7
42 63 16
50 53 56
10 36 22
22 93 56
17 46 53
28 89 2
7 39 2
20 96 41
13 82 14
18 19 57
27 59 12
68 76 32
5 96 41
28 87 3
24 69 10
13 16 39
26 30 15
43 46 4
60 64 36
51 91 28
12 73 56
32 64 4
52 81 33
9 86 49
2 2 20
10 99 31
17 29 26
46 69 4
6 31 34
7 30 27
14 70 8
17 92 2
10 59 57
45 65 41
31 69 5
62 97 1
9 95 29
45 81 22
40 71 49
54 90 58
24 42 26
18 65 33
34 50 13
8 14 48
2 81 28
7 27 3
57 69 2
3 61 37
29 52 29
10 95 4
15 78 38
1 3 7
1 20 21
4 44 47
7 36 10
20 64 13
1 37 52
23 78 58
6 54 56
48 88 20
26 76 39
22 67 51
49 93 18
48 68 10
6 27 57
6 98 46
0 86 52
20 73 11
51 81 29
16 99 37
15 63 25
13 24 13
8 66 33
21 49 34
57 59 32
40 80 60
10 83 43
41 72 47
26 93 46
8 79 39
33 99 25
26 54 0
14 18 39
6 60 21
53 99 25
35 80 55
26 56 57
33 38 58
54 66 5
17 62 32
25 74 1
9 71 12
4 81 52
65 90 15
63 68 42
21 45 48
30 71 38
36 97 7
23 77 23
58 67 18
13 32 7
36 38 38
25 94 17
28 69 3
18 22 15
3 48 21
7 7 8
44 77 25
9 31 12
17 81 0
12 23 55
9 93 16
35 74 6
17 52 21
64 93 44
20 66 29
12 28 11
38 76 49
17 42 21
6 23 28
25 34 3
33 90 3
7 82 9
20 43 55
8 8 11
6 84 17
0 91 29
4 87 37
19 61 7
6 29 46
31 91 45
6 70 59
36 71 47
24 81 55
18 77 7
5 26 56
27 97 57
47 55 42
77 80 59
44 93 22
34 84 14
74 76 31
18 94 41
60 88 47
39 53 58
21 27 45
27 91 24
1 86 27
34 57 43
31 75 23
67 69 24
20 77 57
27 67 0
9 80 33
21 68 39
8 20 20
6 26 36
45 72 45
54 85 60
13 90 0
18 27 7
28 49 13
5 69 22
42 54 45
6 15 37
39 44 28
59 73 59
16 63 52
31 46 20
0 59 42
3 98 60
17 41 31
42 42 19
20 36 53
0 26 8
62 87 7
26 38 37
42 45 1
53 75 21
19 40 34
22 52 10
30 33 10
2 92 41
13 72 30
19 37 38
56 59 44
12 53 25
16 43 17
6 69 52
36 40 3
6 65 47
1 63 12
16 69 8
5 83 7
16 41 46
0 89 42
7 37 13
23 50 44
35 91 3
15 34 1
12 37 45
1 32 23
57 76 31
10 51 34
35 42 10
14 83 26
7 59 25
6 78 43
48 98 34
52 94 53
17 91 51
13 25 36
2 54 14
3 68 18
31 70 29
3 29 21
29 98 55
43 99 40
67 88 40
19 89 49
39 85 56
39 62 31
29 57 39
8 44 42
3 15 60
14 40 51
50 97 41
22 99 54
32 54 26
39 57 59
37 79 27
34 44 8
22 84 18
55 68 48
10 52 10
12 89 33
57 73 48
22 77 44
1 93 48
31 71 34
71 71 15
18 53 32
68 98 10
17 51 11
19 33 18
17 88 17
39 61 53
42 85 3
13 83 18
19 43 10
64 79 52
19 75 21
20 33 5
43 66 21
7 48 10
8 71 60
18 79 29
11 77 2
36 37 12
40 50 7
0 9 10
31 53 27
7 16 3
6 88 28
3 83 40
5 12 27
16 51 17
18 49 9
46 64 40
43 47 53
21 74 38
44 73 27
10 75 25
21 21 0
62 88 53
7 65 0
18 55 35
57 82 46
4 20 53
11 82 35
40 65 23
20 67 14
3 37 18
24 26 42
7 23 36
30 78 13
5 42 0
40 73 40
5 49 12
41 71 42
17 24 24
53 64 29
4 46 45
9 69 40
9 62 10
9 97 26
10 48 29
46 56 2
25 44 9
24 54 3
11 40 53
0 73 17
15 94 39
15 22 9
37 44 12
33 45 4
0 92 51
41 74 57
54 73 51
35 35 46
22 44 26
60 93 20
23 24 21
51 94 10
29 38 44
11 15 41
4 70 12
22 79 58
0 85 22
14 98 31
12 55 17
1 72 21
22 58 58
36 92 20
28 98 4
0 54 2
28 92 37
6 49 29
7 47 0
21 76 22
11 97 31
16 40 19
5 75 6
44 97 42
53 88 30
58 95 46
11 54 27
54 54 48
46 76 4
30 36 15
49 82 48
25 49 49
43 70 50
14 96 50
25 58 22
44 48 54
11 96 25
45 45 35
42 57 22
13 42 26
30 42 29
30 58 14
14 25 56
45 71 60
27 53 10
46 62 49
30 64 49
42 43 56
38 56 32
62 70 54
65 88 0
33 69 55
23 63 59
5 98 39
13 39 37
15 65 7
67 80 2
9 52 36
36 64 1
46 82 45
35 47 13
47 56 48
50 74 24
11 47 19
19 19 51
36 66 60
47 88 5
27 78 3
23 33 27
22 60 49
44 57 25
6 33 8
31 96 35
44 59 15
24 56 26
52 90 7
33 55 33
7 99 11
35 64 27
27 89 31
20 24 15
46 73 49
57 80 54
12 46 43
6 16 12
3 31 24
21 40 53
75 85 31
48 96 14
15 29 24
43 52 18
29 36 17
3 21 49
20 87 11
1 58 17
9 37 43
8 80 50
47 58 59
15 52 56
23 60 52
44 83 31
3 28 44
38 44 20
1 19 21
12 13 20
4 69 34
27 60 46
7 91 53
17 67 59
1 5 19
7 78 8
18 61 11
0 20 0
30 51 12
45 85 37
24 79 30
10 89 44
5 13 49
5 5 26
20 75 12
7 45 13
3 45 26
5 43 9
13 57 8
2 90 27
22 95 5
28 52 57
18 51 22
13 37 29
42 55 40
2 95 0
19 21 1
8 55 0
62 66 13
30 38 59
8 90 45
23 93 46
22 48 34
28 30 22
6 22 54
48 49 28
54 94 12
8 91 36
19 39 55
12 47 49
26 32 50
12 39 29
7 63 11
34 98 0
3 7 27
0 80 36
16 72 35
61 70 38
1 79 11
4 60 29
4 38 57
52 86 56
14 95 23
13 19 51
14 57 50
46 89 39
45 53 9
26 98 29
16 64 49
19 96 29
47 74 37
25 81 51
15 60 49
11 95 19
3 25 0
38 49 19
39 48 33
45 73 44
27 72 35
37 73 10
61 71 32
3 67 46
14 48 25
56 81 37
30 54 36
44 95 44
26 81 19
1 21 18
39 75 42
26 58 19
0 42 51
15 59 53
39 82 12
32 93 26
26 75 31
2 63 39
4 58 25
5 39 46
61 95 19
6 68 10
2 47 41
61 78 25
32 56 39
10 18 27
18 89 10
5 79 6
8 10 33
36 61 36
29 85 58
1 27 20
30 59 49
49 89 27
35 69 18
9 41 30
20 53 60
25 95 17
1 89 52
0 55 7
12 97 41
72 76 55
11 72 53
7 86 20
4 89 58
20 89 59
32 98 9
16 39 9
42 70 5
26 59 44
16 88 13
0 17 57
4 86 12
53 92 32
36 55 41
24 65 57
9 42 37
38 63 26
9 46 38
8 9 41
10 64 41
8 50 6
55 70 40
21 41 36
2 55 32
38 96 8
42 49 11
50 81 56
8 94 14
14 84 59
6 97 39
53 55 14
34 36 43
36 62 27
25 80 60
19 46 30
25 50 44
14 34 14
12 56 55
47 72 43
0 88 17
42 88 4
40 97 26
25 30 31
9 14 28
16 59 1
7 80 30
2 91 23
38 97 28
20 92 55
24 76 34
28 97 18
