110 5445
161
127
161
149
129
150
138
197
126
104
167
154
100
144
128
112
160
153
138
116
137
119
178
132
106
105
198
152
161
189
198
183
120
162
155
151
192
139
200
121
164
100
119
132
102
184
129
120
142
138
175
192
147
174
112
168
143
176
156
122
141
111
195
150
146
148
162
183
169
178
127
164
106
126
159
177
163
166
185
118
172
194
130
131
140
123
150
145
104
153
159
189
111
146
112
166
135
118
108
157
186
171
140
163
138
142
118
112
157
181
0 1 18
0 2 57
0 3 56
1 4 30
0 5 46
2 6 22
5 7 41
2 8 26
1 9 23
1 10 15
0 11 20
8 12 45
7 13 45
9 14 27
4 15 59
7 16 33
13 17 15
2 18 27
18 19 34
8 20 16
17 21 33
8 22 48
21 23 45
5 24 20
12 25 26
16 26 60
12 27 50
17 28 34
27 29 21
2 30 17
0 31 37
10 32 15
0 33 57
24 34 42
22 35 49
3 36 44
34 37 51
23 38 9
19 39 13
8 40 3
27 41 15
21 42 10
21 43 49
30 44 57
31 45 18
3 46 40
32 47 44
40 48 37
9 49 37
14 50 40
22 51 20
39 52 6
17 53 36
43 54 38
13 55 44
4 56 49
28 57 4
4 58 35
42 59 5
43 60 22
7 61 15
37 62 16
5 63 51
40 64 9
17 65 30
44 66 40
5 67 36
53 68 2
55 69 45
42 70 4
57 71 13
10 72 51
5 73 10
6 74 0
52 75 48
71 76 45
38 77 59
73 78 17
41 79 37
50 80 56
9 81 34
78 82 11
4 83 6
57 84 16
84 85 57
46 86 50
28 87 50
67 88 6
46 89 56
39 90 13
9 91 9
17 92 60
11 93 13
30 94 26
8 95 1
2 96 56
8 97 4
92 98 17
17 99 35
86 100 33
35 101 46
28 102 8
88 103 8
99 104 52
84 105 11
96 106 1
67 107 47
58 108 8
67 109 52
106 109 46
95 101 48
0 102 45
63 71 5
2 14 12
41 59 5
13 75 20
85 92 52
40 46 55
80 85 1
76 109 16
47 99 8
34 68 60
84 99 17
5 96 35
17 69 57
39 87 37
29 69 51
43 66 37
6 22 41
47 74 4
29 84 27
105 109 8
37 99 44
36 48 3
1 74 5
54 64 59
81 91 52
72 77 59
25 46 48
71 93 37
80 90 1
13 97 60
32 58 2
22 37 43
91 104 50
73 95 16
7 52 46
102 109 51
97 100 47
29 90 19
16 70 16
66 85 11
107 108 8
85 109 49
74 76 53
61 66 0
67 82 19
10 43 38
4 29 56
65 91 21
38 49 51
2 50 59
95 103 6
84 91 4
104 109 30
13 50 42
34 82 43
65 72 51
32 56 10
37 82 57
93 107 31
40 72 20
79 90 15
57 106 2
24 44 15
38 82 7
62 64 50
46 63 46
28 88 40
105 106 55
78 109 35
36 73 7
82 84 24
8 105 10
44 106 11
0 54 43
7 49 13
3 89 43
36 53 55
86 93 16
54 91 59
24 70 18
103 104 26
83 86 56
74 108 41
71 72 43
4 30 26
76 106 42
32 49 6
36 36 0
90 103 16
87 104 52
1 13 35
101 109 3
54 56 42
47 61 6
106 107 60
24 68 8
22 75 33
95 102 22
48 86 21
93 102 35
38 81 27
61 61 36
38 86 16
33 81 2
48 107 6
94 106 11
79 81 24
68 108 19
92 104 37
62 86 58
62 83 30
82 101 42
41 93 8
77 79 25
85 106 6
28 105 16
42 85 26
29 40 26
92 93 15
75 76 44
103 108 20
91 97 19
26 50 27
14 107 0
18 75 32
68 107 38
49 67 42
3 18 18
87 89 29
46 52 49
14 74 15
40 91 37
27 50 13
87 92 55
88 101 37
78 93 23
42 102 0
45 48 50
102 105 43
93 105 26
107 109 47
83 89 21
30 63 36
102 107 8
82 94 46
26 97 2
0 91 54
58 86 32
38 51 32
63 98 38
41 80 46
55 104 20
44 101 28
38 74 55
51 63 50
86 108 29
16 69 13
91 100 4
59 101 15
27 64 21
89 98 21
4 101 36
42 51 37
70 90 3
48 75 7
19 22 59
44 58 51
41 82 33
102 104 10
41 87 36
33 54 6
42 44 30
106 108 33
65 80 60
42 49 42
66 102 45
55 68 9
34 90 2
40 97 49
107 107 15
15 51 25
53 81 20
16 19 56
81 97 31
87 107 26
39 62 52
61 83 49
52 76 2
47 57 40
62 109 31
97 99 36
108 109 25
90 108 46
8 73 28
55 74 47
29 59 49
15 101 29
18 98 25
30 87 50
18 46 15
70 85 30
69 84 56
21 83 42
7 29 32
66 109 46
44 108 51
24 101 20
8 93 19
70 95 11
63 107 8
46 87 16
87 96 38
12 30 51
71 92 37
0 73 33
79 105 47
4 53 18
25 69 48
25 89 42
19 76 60
60 92 8
74 74 15
70 108 0
45 96 52
105 107 34
36 42 14
97 101 13
10 14 25
99 103 60
55 67 36
9 44 27
30 79 18
108 108 30
2 15 52
83 85 33
99 100 39
78 85 35
42 67 35
82 91 20
104 108 38
88 95 25
18 37 50
52 82 34
70 76 40
34 74 45
24 24 54
78 108 59
15 91 45
59 100 7
98 106 12
96 99 26
2 106 45
105 108 40
3 24 51
42 74 54
36 86 38
72 86 14
60 101 58
0 38 51
23 92 18
14 19 51
52 103 59
19 24 29
98 102 52
40 52 26
47 59 8
12 37 35
75 77 49
34 46 40
38 38 25
55 56 19
6 72 24
104 105 41
15 42 0
44 76 24
30 59 27
87 108 8
80 104 14
43 84 4
48 54 57
0 79 45
10 107 44
14 79 20
14 18 0
31 93 17
0 44 27
99 106 4
4 19 20
36 38 20
43 91 20
56 84 45
18 59 58
8 37 43
72 83 56
3 85 15
1 46 45
45 105 18
63 103 35
37 79 46
15 30 8
63 76 35
10 65 10
62 66 54
3 79 35
24 95 39
103 103 20
48 91 18
2 69 1
4 109 37
91 96 34
17 54 53
36 54 15
27 81 48
52 73 59
50 61 51
43 62 49
63 95 52
52 71 33
69 74 51
98 107 33
63 94 46
37 71 35
38 78 0
5 39 34
93 100 27
45 54 29
98 98 7
16 77 55
78 90 29
28 55 29
101 103 33
41 44 0
52 92 47
81 109 8
54 89 55
87 109 3
56 66 20
54 66 55
39 82 35
6 51 2
94 97 40
10 39 42
37 94 15
2 46 59
59 82 42
45 103 37
85 94 42
34 62 34
65 85 52
42 61 27
103 106 14
93 103 23
74 80 6
64 109 14
34 53 43
71 107 8
16 84 60
41 43 55
10 99 22
21 71 52
92 108 5
74 78 36
0 59 23
102 102 10
78 91 4
94 107 14
53 108 59
33 43 55
95 98 6
100 100 6
34 63 20
38 79 5
65 90 39
91 99 47
27 32 52
75 108 55
60 61 15
8 25 57
10 46 27
64 80 36
29 36 24
29 78 19
24 30 28
18 78 44
27 76 16
72 78 32
43 89 10
92 100 16
50 55 28
66 81 10
55 58 34
20 39 36
67 91 7
4 66 18
80 81 37
21 35 4
30 60 57
48 83 6
74 83 30
62 63 57
41 83 54
34 45 9
25 95 33
81 104 6
80 94 45
65 67 10
38 83 12
71 81 18
97 97 44
49 53 32
78 92 1
22 83 51
37 60 44
79 101 33
88 104 28
2 88 9
106 106 34
86 101 6
83 103 29
82 109 47
37 38 0
95 95 40
91 108 4
48 62 8
21 33 5
7 28 10
61 92 46
94 98 39
89 107 3
99 107 29
25 40 4
1 68 30
21 91 56
88 92 6
22 87 40
100 106 32
35 61 51
21 75 6
46 73 8
63 67 36
95 96 32
85 87 38
1 58 20
87 98 24
8 19 50
101 101 16
75 93 35
91 109 38
27 87 41
28 65 43
94 99 51
60 66 4
102 108 6
42 43 59
61 90 54
98 109 15
55 89 38
7 68 46
66 67 2
49 49 46
70 92 24
92 105 9
32 105 35
20 98 18
99 105 12
29 105 57
72 108 18
88 102 32
60 80 35
21 22 23
13 51 58
16 30 21
52 83 27
18 73 46
59 91 57
89 105 24
8 100 1
71 90 28
64 76 52
84 107 17
71 101 28
29 57 47
87 90 59
18 102 29
75 101 21
99 109 1
92 106 51
47 69 5
30 67 45
70 109 8
43 81 53
61 100 47
87 93 2
25 79 12
61 77 18
82 86 41
83 84 8
68 92 14
22 52 24
5 47 12
91 101 50
23 102 43
64 74 55
17 27 5
57 75 17
71 96 57
37 49 26
35 109 28
81 107 29
55 66 7
82 106 26
47 94 37
31 66 60
63 97 14
59 95 58
40 105 0
34 41 28
2 74 26
76 88 35
25 88 38
67 85 25
77 94 31
12 77 23
84 89 18
13 96 21
55 90 4
14 54 59
2 29 28
95 107 24
17 43 18
78 86 57
5 106 59
15 17 48
17 17 56
12 23 48
14 14 56
50 94 4
92 97 44
101 108 6
63 91 18
67 69 26
39 66 27
73 104 30
8 82 0
45 76 51
74 79 5
78 99 60
33 70 44
88 90 12
14 52 24
62 101 38
49 87 30
6 80 43
67 70 30
52 88 32
89 96 49
76 79 50
10 105 52
31 84 9
18 43 33
13 66 15
68 68 36
15 55 16
17 82 24
46 97 28
89 108 38
72 100 41
54 102 60
63 102 20
63 93 27
33 35 38
97 98 27
63 99 46
24 89 39
24 29 34
79 98 10
61 64 54
1 77 16
75 102 42
48 49 15
65 65 15
72 95 19
89 92 32
92 96 30
30 42 18
40 102 15
78 79 40
97 103 13
18 82 8
88 99 32
17 46 58
76 105 8
77 91 1
80 97 54
47 84 53
62 97 7
4 80 29
86 96 56
72 101 12
63 105 42
55 81 35
101 102 19
0 26 21
27 44 26
75 107 0
22 58 8
85 91 16
22 86 15
18 64 36
26 95 49
25 97 34
65 70 35
24 100 53
35 56 3
56 106 14
99 101 9
3 97 50
3 37 29
2 54 46
8 46 7
29 41 33
12 45 11
35 89 57
33 84 0
38 52 48
6 90 41
57 102 20
49 90 43
3 96 4
29 106 25
36 107 22
29 92 8
15 50 60
85 90 50
80 93 29
1 86 37
80 83 21
30 72 51
104 106 15
90 101 10
83 104 45
73 105 47
72 80 16
86 97 7
83 95 29
88 94 31
31 78 41
45 91 0
56 58 50
10 54 3
30 106 34
3 50 43
34 43 49
42 63 39
89 99 25
18 93 25
76 84 18
43 106 51
51 80 28
46 95 2
56 85 28
80 82 21
4 7 34
66 73 14
41 60 31
24 51 9
0 42 36
77 109 56
6 25 26
10 85 58
2 25 11
67 73 17
76 103 54
68 77 10
61 80 21
93 96 30
38 76 29
49 84 46
10 108 47
15 15 32
36 37 29
92 94 9
66 69 31
19 49 6
63 70 0
2 77 22
77 108 54
21 62 7
39 83 16
40 41 29
8 14 57
85 107 27
19 33 57
79 97 23
9 36 15
77 104 56
83 102 57
16 25 10
90 107 27
20 103 58
53 78 18
69 75 58
42 84 46
10 59 50
19 44 36
13 19 5
28 35 2
22 80 6
43 78 35
90 92 6
57 88 12
38 103 37
45 101 16
66 100 19
78 101 51
72 102 21
28 86 34
70 72 29
74 84 15
16 100 18
72 92 50
89 100 57
95 108 6
2 90 55
78 98 27
35 88 19
18 51 52
5 103 19
24 38 51
43 68 7
45 56 58
41 65 8
51 73 22
16 48 28
101 106 2
79 80 5
32 85 49
68 89 10
91 93 0
95 97 14
53 67 11
17 38 3
88 98 39
19 47 53
13 98 14
74 93 52
81 84 26
67 98 34
20 69 32
87 101 42
69 91 53
24 47 15
28 56 20
61 79 53
36 95 56
57 65 49
31 69 54
37 80 42
35 105 1
35 63 56
28 78 41
62 79 36
104 104 45
102 106 6
28 71 45
12 97 58
92 101 50
19 102 35
65 87 60
44 92 5
65 107 25
49 51 4
64 88 14
74 94 45
52 72 16
11 21 55
44 73 14
96 107 47
2 58 8
21 54 19
95 104 8
34 92 53
1 64 0
84 103 48
95 106 13
34 42 19
87 88 44
83 87 41
19 99 2
58 61 16
42 56 40
31 64 12
48 56 44
51 100 9
71 106 54
6 31 42
89 90 53
77 103 23
31 54 52
35 86 54
56 83 37
47 86 32
77 100 60
61 84 10
81 98 27
35 91 17
83 106 53
105 105 22
55 63 22
45 63 58
65 95 37
80 80 9
6 11 23
64 81 29
31 88 54
62 104 13
46 74 10
80 107 32
22 102 13
87 95 14
0 62 59
67 86 13
12 100 50
54 94 32
65 86 26
18 87 55
68 101 45
36 44 8
92 103 44
10 109 5
5 55 11
81 100 29
76 93 37
58 91 16
39 64 23
25 30 47
26 86 28
38 109 59
44 81 51
53 62 22
66 79 20
63 66 11
9 83 54
74 106 25
24 73 27
13 16 22
45 108 51
25 28 50
103 107 31
36 60 14
49 75 18
26 107 27
62 88 23
50 69 31
13 78 0
41 99 39
73 81 11
19 21 1
96 104 1
19 71 21
75 103 43
41 55 22
71 109 48
57 80 41
16 33 49
1 19 19
43 94 55
69 73 16
39 47 54
34 34 45
37 96 25
63 106 21
0 14 13
28 38 8
39 102 55
25 85 44
2 39 44
96 108 26
5 95 15
26 43 47
75 82 17
36 59 36
39 105 7
89 101 14
64 95 17
3 3 43
75 97 54
89 103 52
90 105 47
89 91 39
52 93 7
54 55 56
57 58 3
30 86 12
96 97 54
26 77 14
28 54 1
20 105 44
18 62 35
100 104 40
17 39 20
21 57 38
2 64 26
26 45 9
81 85 25
31 47 43
1 78 2
99 99 47
30 91 35
58 74 41
94 102 16
29 31 48
93 101 34
68 102 24
68 75 57
64 66 36
62 75 29
51 83 18
55 77 35
0 28 35
82 105 44
5 81 51
47 68 31
92 109 54
67 84 39
19 88 11
10 40 36
24 66 21
31 31 31
81 94 28
5 25 59
81 90 42
94 105 5
37 76 40
38 39 1
40 68 23
7 40 33
24 91 39
7 36 22
96 109 6
21 56 31
75 80 59
37 51 45
33 89 28
19 38 32
55 79 26
65 68 58
12 101 39
41 64 27
20 45 49
43 50 16
75 75 9
15 52 0
7 86 21
79 108 17
47 93 50
0 69 43
0 107 26
83 94 24
21 48 44
55 96 12
24 77 18
73 109 6
27 62 19
44 53 31
0 75 13
64 107 4
86 103 56
18 38 28
1 37 27
58 106 25
13 77 17
48 50 26
77 105 44
88 106 8
13 106 12
8 47 31
16 49 57
57 70 46
76 94 1
43 64 48
43 101 54
81 99 23
30 99 21
11 15 18
10 60 21
71 100 24
8 68 23
86 87 45
49 89 48
60 102 59
70 74 58
6 18 22
64 77 19
84 92 40
31 85 12
90 109 22
49 109 51
36 57 43
3 45 55
66 92 35
10 103 39
52 91 58
79 109 28
20 80 17
67 71 42
97 108 42
7 20 22
64 68 53
15 69 46
25 80 6
71 88 6
32 109 39
90 94 17
31 60 1
49 92 4
85 88 6
69 106 7
10 91 28
35 84 40
3 52 17
34 108 20
104 107 20
45 82 11
10 47 20
55 92 24
11 101 22
7 58 17
14 32 13
98 105 13
6 104 12
21 36 11
4 62 4
14 105 26
54 81 25
5 32 33
75 81 15
62 108 32
83 83 56
29 72 4
97 109 20
17 106 55
7 80 44
36 50 34
47 103 4
5 28 52
43 90 41
86 91 46
77 84 29
14 42 39
62 93 31
60 93 54
50 108 11
44 59 3
12 51 22
13 33 2
25 27 39
39 40 55
97 105 54
33 37 33
72 72 52
79 89 7
102 103 0
27 95 15
69 87 5
45 74 43
94 104 5
76 107 14
73 100 0
101 105 16
60 75 24
81 105 33
44 68 42
31 90 4
98 104 18
33 102 50
72 89 4
75 96 44
97 102 36
65 101 53
41 85 21
40 58 57
48 90 26
60 88 59
82 92 33
79 91 14
55 78 42
1 38 59
90 95 60
56 65 29
100 101 56
25 68 22
94 101 13
56 62 12
42 79 32
60 87 8
1 26 22
88 100 11
83 98 33
58 94 30
90 90 31
78 96 0
85 93 39
68 70 50
62 106 9
22 45 35
39 51 28
53 92 23
2 26 19
1 33 42
93 99 14
3 93 30
20 74 49
38 55 40
1 108 21
73 91 49
101 107 9
10 93 14
13 100 16
90 102 55
35 74 40
56 74 35
82 95 47
22 66 40
87 103 18
23 33 45
31 76 17
4 32 46
69 92 36
48 55 28
8 85 6
33 49 3
57 107 1
78 81 20
62 89 35
88 93 16
11 23 37
80 105 58
61 109 4
27 60 19
93 108 24
55 108 41
88 105 54
63 63 14
63 100 37
70 101 1
22 88 33
31 65 42
59 89 46
73 87 44
49 72 47
91 105 0
72 99 42
60 90 20
16 58 48
30 33 6
49 62 13
96 101 24
84 100 39
48 103 55
6 52 56
20 54 50
13 15 3
78 83 42
9 61 44
68 82 0
14 26 3
10 58 45
60 89 24
9 17 13
34 75 6
73 76 12
38 105 30
43 92 25
34 59 33
76 83 22
49 95 26
34 51 58
11 32 56
73 77 23
67 105 8
94 109 20
15 62 46
18 84 12
31 42 46
21 106 56
13 48 53
2 68 11
61 85 12
58 67 4
85 85 19
57 96 43
20 78 9
53 71 20
82 90 7
34 100 56
63 81 31
3 84 5
64 92 20
90 93 23
55 70 37
76 101 59
72 106 25
12 50 46
95 105 41
72 88 32
27 34 40
78 104 42
19 84 56
56 67 12
70 93 23
47 80 3
34 84 55
11 55 15
50 98 57
77 88 15
47 83 25
85 96 42
62 71 32
80 106 33
14 78 16
35 52 52
28 91 23
68 84 10
32 38 35
33 62 31
97 106 8
3 66 50
17 83 19
38 68 5
9 74 27
41 91 33
60 103 19
21 79 55
35 45 19
72 104 4
1 48 46
93 95 12
29 102 32
69 93 5
25 33 7
28 47 55
76 95 7
76 99 3
86 105 33
10 34 46
12 104 59
10 79 8
18 103 30
60 84 40
80 98 12
100 102 38
6 15 1
72 91 57
6 83 50
63 85 5
57 61 10
27 31 4
45 85 34
85 97 45
100 105 15
9 29 3
7 73 12
0 18 30
4 33 0
33 51 51
54 108 3
11 88 30
9 68 39
6 50 23
74 96 11
67 67 18
5 36 47
13 64 41
24 97 17
0 6 56
68 88 47
19 108 39
45 49 13
68 69 39
21 27 52
50 75 42
68 71 27
73 88 33
15 19 41
37 98 1
39 72 23
20 66 46
60 83 50
13 71 42
38 90 24
99 102 53
35 57 32
40 55 34
59 93 13
36 51 53
66 80 54
11 67 53
29 29 48
45 46 18
55 61 0
65 94 51
64 85 8
84 95 3
91 91 47
17 96 0
42 100 30
72 84 43
19 90 44
66 84 11
2 91 35
93 104 40
48 99 39
64 75 50
67 99 22
52 63 45
67 87 44
24 55 0
10 95 46
10 80 49
94 94 14
93 109 54
5 93 20
40 94 22
53 54 44
62 100 27
92 99 0
69 85 12
68 103 50
49 93 60
11 54 42
37 95 21
14 31 37
57 104 40
68 90 34
56 89 53
29 44 40
16 75 8
7 109 17
14 71 8
14 38 1
43 96 18
10 100 53
77 89 49
91 107 40
11 62 8
31 86 38
32 75 9
29 76 51
85 89 39
46 48 21
19 53 30
26 48 5
65 77 35
5 78 47
45 61 11
42 65 48
45 102 57
83 99 53
38 45 1
24 78 11
28 75 8
64 64 57
40 74 50
37 54 38
87 87 55
2 21 32
15 106 0
30 43 45
56 101 34
25 56 35
87 105 18
55 100 4
41 68 7
47 51 45
24 46 22
72 109 19
19 31 8
36 97 5
38 75 49
50 66 40
87 100 36
101 104 14
11 37 16
20 48 34
52 87 34
3 59 29
16 65 52
73 99 39
80 91 15
69 109 31
52 100 37
82 93 13
65 73 58
81 82 47
8 26 39
16 36 2
0 109 28
4 85 55
38 41 54
70 107 18
36 99 22
9 46 33
28 81 33
96 105 2
27 93 1
69 83 38
39 74 19
55 91 57
68 93 37
59 87 36
94 103 1
73 92 14
86 92 8
79 82 35
37 44 6
5 105 28
26 34 35
62 95 17
41 77 29
53 88 6
55 72 15
93 93 26
27 56 19
51 53 48
73 89 32
52 56 7
18 47 43
31 34 30
24 61 56
72 105 31
56 103 57
55 99 40
59 63 2
89 95 28
50 76 29
66 86 51
19 82 42
74 97 24
54 74 0
82 104 32
99 108 32
20 81 2
34 36 5
86 107 15
7 103 30
83 90 33
53 93 30
74 101 16
30 102 26
17 102 41
22 41 3
77 81 21
27 99 29
73 103 6
61 89 33
35 40 43
22 103 55
71 87 1
49 83 9
68 80 26
57 89 41
56 95 30
39 93 55
32 94 11
10 70 7
91 106 43
78 94 16
70 75 52
33 76 57
25 52 37
29 104 48
77 86 41
12 18 54
63 79 3
69 108 14
33 90 16
26 56 4
103 105 55
59 76 4
37 75 33
85 108 45
62 90 59
72 97 49
73 80 60
41 102 42
49 81 8
67 102 27
77 93 14
81 81 22
21 46 18
4 104 18
14 36 50
91 92 26
20 25 6
79 86 15
18 25 11
45 64 0
49 73 3
38 91 32
98 99 52
16 88 7
16 62 4
41 50 58
92 95 46
57 100 48
52 52 27
68 105 55
18 29 24
39 46 29
31 102 28
3 9 28
97 104 54
9 20 60
78 84 36
49 101 19
71 91 36
15 64 44
66 77 31
70 97 49
41 96 47
3 21 46
33 83 43
16 94 4
42 103 58
23 42 47
78 107 43
15 23 3
66 82 25
72 96 36
7 23 52
33 88 35
43 107 11
52 81 40
100 103 40
40 99 5
31 32 26
95 109 10
44 75 21
16 105 34
49 57 28
64 86 4
49 105 13
23 94 7
23 29 15
22 107 8
100 109 54
73 108 8
32 72 35
17 70 26
61 78 20
59 69 4
30 61 15
28 94 40
84 94 12
52 54 3
4 65 30
71 71 44
39 99 29
25 109 8
5 11 23
100 108 29
39 80 42
32 106 2
78 80 22
61 72 9
77 102 34
41 107 18
39 68 27
46 106 23
49 99 22
0 66 2
28 100 4
75 83 13
27 53 51
22 95 2
59 97 1
64 105 19
3 58 46
41 98 51
54 87 8
26 105 60
98 103 32
94 95 34
40 104 33
11 79 0
47 92 8
27 61 8
93 98 10
3 23 32
60 94 7
18 52 48
40 42 58
17 84 19
88 107 27
21 88 15
33 106 57
0 65 53
72 87 60
76 104 38
89 106 7
92 92 27
44 50 20
70 81 47
18 79 21
88 109 59
51 105 22
7 27 8
50 72 5
41 63 41
73 97 30
11 74 6
13 38 17
81 95 4
93 97 51
7 87 46
84 87 32
59 83 49
8 63 60
8 9 51
0 61 41
17 56 39
56 64 42
43 83 46
4 9 46
37 70 29
51 97 24
43 88 20
18 28 8
79 85 56
55 109 36
55 97 40
0 97 34
20 100 0
32 65 21
11 58 21
103 109 45
95 100 57
33 109 6
71 75 1
11 50 42
32 54 13
78 88 10
41 61 51
38 106 2
83 92 56
56 96 33
41 53 42
37 84 32
27 45 53
62 94 39
4 22 21
2 17 44
56 99 32
21 73 37
14 59 45
2 44 46
26 61 19
13 34 18
7 31 43
43 57 12
47 75 36
88 97 15
86 86 9
76 81 29
20 73 30
59 73 27
28 101 27
43 100 1
31 59 11
19 74 53
11 59 33
50 100 53
73 94 13
82 100 44
10 106 16
57 91 53
96 98 55
39 54 42
96 100 57
34 56 22
60 67 15
79 99 39
25 75 43
73 106 13
7 47 57
21 28 13
50 88 19
14 45 12
56 73 43
1 87 28
69 76 3
21 44 3
6 41 51
50 65 35
81 86 37
65 75 19
68 106 57
68 100 12
48 96 28
24 36 46
98 108 17
8 53 10
6 49 5
46 56 56
7 51 27
50 73 30
44 44 13
58 93 58
60 100 39
72 90 17
88 91 49
98 100 56
6 61 57
89 89 43
73 74 37
75 91 38
35 100 32
43 59 0
48 82 58
53 70 57
50 105 54
18 95 32
44 74 30
54 107 40
36 84 52
37 105 49
91 103 49
39 92 25
20 91 33
66 94 52
77 95 2
52 61 6
3 4 46
31 44 22
15 65 14
51 98 38
75 100 6
17 58 60
88 108 47
23 47 7
10 66 55
35 44 18
5 52 53
81 102 37
5 72 50
31 95 35
38 99 57
40 69 14
36 39 2
88 89 35
57 69 52
23 96 44
62 62 44
43 48 13
65 69 29
16 102 58
41 57 50
52 68 47
36 108 57
57 85 9
10 98 44
27 51 40
12 65 18
34 58 49
31 72 48
10 86 32
3 25 54
57 60 3
29 77 33
22 27 26
33 39 44
5 98 52
68 83 5
42 97 37
38 56 14
82 102 49
29 38 8
75 86 22
1 75 7
12 76 53
59 61 37
38 84 40
51 69 20
4 78 1
19 81 46
60 74 0
27 52 3
23 90 54
6 56 8
89 94 3
56 105 34
30 104 36
46 70 36
37 69 51
58 89 53
59 67 37
48 79 4
3 39 20
36 105 1
32 99 38
50 106 22
65 103 51
43 70 49
23 82 52
29 66 18
0 21 21
55 83 58
53 55 34
0 77 39
39 78 44
31 39 22
28 66 1
1 11 41
26 98 57
25 92 15
9 80 9
59 108 31
91 95 56
71 102 42
32 101 24
84 108 3
9 108 7
59 65 38
4 96 34
20 93 26
37 39 1
53 83 32
97 107 42
46 62 19
57 77 1
38 87 54
48 102 7
50 51 15
41 101 31
45 57 58
58 104 22
61 107 34
15 28 24
85 98 0
35 58 30
10 62 11
15 77 28
63 109 12
29 33 19
19 68 50
75 89 50
44 54 53
23 93 18
22 61 52
44 100 45
45 97 57
51 102 34
0 50 46
18 65 29
51 95 43
51 89 25
51 94 35
51 71 27
28 72 22
22 68 22
62 69 6
6 16 34
16 74 42
3 27 44
58 98 57
39 97 43
59 86 41
32 91 36
50 99 58
62 102 58
43 65 52
56 71 52
19 98 55
8 56 33
14 17 38
27 71 5
15 102 0
18 104 46
77 83 39
22 39 18
25 84 16
25 41 54
81 101 51
4 77 17
4 72 33
56 75 23
58 81 6
9 65 34
26 82 44
81 83 37
7 105 49
71 77 24
13 102 60
44 52 49
22 25 57
69 89 26
72 79 34
53 96 55
6 46 21
4 86 58
58 59 32
35 107 43
50 96 12
69 72 29
50 58 39
39 101 6
62 81 17
34 97 33
26 101 36
46 64 12
6 33 40
15 89 10
77 101 36
22 90 18
52 106 9
30 51 4
70 106 33
11 109 5
27 105 1
37 59 15
5 92 7
85 86 51
35 68 52
17 90 10
50 101 3
75 98 58
43 45 19
33 75 31
24 64 28
79 84 0
45 92 4
72 98 23
65 79 27
79 104 38
32 48 57
7 84 20
31 48 41
71 103 48
96 103 32
54 98 4
26 79 9
14 46 0
5 49 50
25 86 56
1 95 47
23 104 30
46 96 14
63 90 51
75 90 51
13 76 3
10 10 36
29 42 6
37 57 45
30 84 55
42 53 6
34 60 28
90 106 35
25 96 1
1 107 23
55 106 45
85 102 57
91 94 54
23 58 8
5 75 18
53 80 34
73 93 33
92 107 0
33 55 6
43 49 3
8 33 20
27 65 26
69 103 9
17 18 15
26 27 56
24 43 43
42 78 23
6 12 58
41 103 36
50 53 48
59 96 34
47 71 60
82 83 23
59 102 45
15 36 50
30 89 12
9 77 50
35 62 24
37 58 30
94 96 33
53 105 29
28 42 44
26 78 57
45 47 38
11 49 27
33 80 59
25 35 32
65 109 29
60 70 39
38 53 47
73 98 40
41 86 24
82 89 13
79 107 50
80 101 43
23 39 47
3 41 22
21 65 31
20 82 15
11 83 57
15 68 46
41 74 31
41 84 34
38 58 27
8 86 9
11 28 51
26 106 1
19 78 18
56 63 47
61 76 19
83 101 20
38 93 37
76 98 31
52 104 7
63 75 51
63 64 19
8 21 12
7 107 8
16 108 25
58 60 26
70 84 28
12 38 51
45 73 2
60 72 24
33 69 4
29 50 34
22 47 28
54 92 16
11 94 43
79 103 37
34 55 48
90 104 9
12 29 40
53 104 32
0 41 4
17 98 16
6 70 21
26 91 48
96 102 3
75 85 25
54 76 8
3 107 57
3 69 0
60 86 52
68 96 12
58 95 52
57 94 29
8 91 0
68 86 49
75 78 11
51 65 39
7 8 26
69 80 21
11 12 38
11 98 9
21 104 28
80 108 36
59 99 49
72 107 17
14 81 39
15 40 14
84 106 1
63 69 6
90 99 6
59 109 26
26 42 33
12 36 51
83 100 14
79 87 31
54 75 1
20 106 1
36 67 43
21 94 48
29 82 60
42 76 20
14 106 9
46 107 51
23 88 47
6 82 8
34 81 56
71 99 47
41 71 17
74 89 42
98 101 57
24 60 3
27 75 29
57 95 19
47 104 9
30 88 1
12 109 58
30 53 51
29 98 12
54 90 57
77 106 45
29 97 26
55 94 0
40 56 30
11 42 42
7 101 54
20 72 44
28 43 60
70 77 49
23 63 17
2 55 20
31 53 35
52 55 0
32 37 52
27 90 14
18 27 28
44 97 25
52 96 21
42 62 57
78 78 51
64 78 54
79 92 55
21 40 52
1 65 57
69 98 40
17 60 48
26 58 26
52 60 59
11 107 56
21 102 51
2 33 46
9 45 8
4 87 10
76 77 14
15 79 12
29 32 33
6 77 5
6 100 50
29 81 53
71 104 52
22 43 18
5 45 45
11 36 3
46 103 36
90 100 38
61 71 14
36 64 19
1 47 15
13 59 23
56 77 45
66 78 30
33 105 8
13 31 15
15 31 29
53 82 29
5 88 57
84 101 13
64 65 38
86 102 27
12 57 36
48 105 3
24 84 29
23 80 3
69 100 31
12 69 53
39 56 8
11 35 41
17 35 36
8 42 45
31 70 38
79 94 29
58 62 32
24 105 8
16 90 21
85 105 56
47 53 55
24 79 21
50 64 10
23 68 32
6 53 47
44 96 33
51 79 4
14 91 22
46 92 24
40 100 43
9 50 16
12 39 55
5 21 26
4 81 10
28 76 35
38 73 8
9 98 53
85 99 24
47 58 55
20 104 42
11 17 23
2 20 6
71 74 10
22 33 52
59 90 45
2 10 38
52 67 60
32 90 47
61 96 36
4 64 11
45 50 59
64 97 11
21 87 54
40 87 49
44 99 38
41 75 17
36 90 29
69 105 59
38 85 31
28 39 41
66 108 6
39 81 37
2 100 22
40 103 57
58 71 51
32 55 17
48 74 6
26 57 10
38 89 3
64 89 41
60 109 23
19 85 53
13 23 39
43 80 31
2 45 26
37 53 20
57 92 31
56 78 40
5 86 48
71 73 35
12 98 59
18 26 41
20 88 55
35 90 15
51 57 16
39 49 35
14 76 9
62 82 20
27 59 21
39 69 30
70 102 53
42 75 43
24 53 24
36 80 57
25 104 7
48 97 1
40 84 49
12 88 11
88 96 14
58 83 29
11 52 21
40 47 38
47 49 58
83 88 38
54 104 37
72 82 6
47 79 5
26 89 38
27 67 43
86 106 9
51 55 4
39 65 9
20 35 29
0 85 55
26 80 59
86 90 27
24 98 40
59 64 19
47 47 13
89 102 57
42 108 22
17 50 24
42 92 7
61 108 26
5 19 39
41 109 36
65 71 20
67 78 51
76 92 24
64 71 5
43 82 31
78 97 42
11 95 16
32 41 52
47 65 57
64 96 6
76 90 60
7 7 12
22 96 16
9 79 18
51 60 10
39 89 15
40 51 13
51 62 39
25 32 12
37 89 46
10 89 42
11 68 56
2 52 22
70 80 40
44 48 31
34 94 55
21 84 43
24 107 21
34 102 0
11 73 11
51 70 55
47 54 27
87 94 40
51 99 38
30 64 43
19 105 51
50 82 27
65 97 1
51 59 22
61 62 12
12 107 38
37 77 53
22 69 51
30 80 41
36 85 19
68 94 40
71 85 8
84 84 24
12 92 9
12 102 32
12 87 13
39 73 46
38 101 0
38 71 42
54 78 55
58 80 49
23 98 45
48 94 21
31 51 24
62 65 29
47 52 52
31 87 12
18 54 1
15 73 26
84 98 49
70 70 13
32 74 15
8 81 8
15 109 55
44 89 12
83 109 36
11 81 51
4 16 53
1 40 11
44 88 18
6 94 44
54 85 57
2 78 28
94 108 16
14 40 47
15 20 33
14 96 9
57 57 46
55 95 38
6 27 8
2 32 7
77 80 48
64 72 2
16 53 30
34 71 0
53 107 34
6 29 21
60 62 45
69 95 50
39 75 60
14 44 31
58 66 45
70 103 18
65 108 59
70 104 10
55 105 56
28 32 3
3 103 43
64 106 26
23 27 10
14 95 5
13 27 51
12 73 38
36 58 52
10 76 33
26 87 35
77 92 26
62 98 39
8 43 13
74 82 32
53 90 50
55 86 36
66 70 35
10 13 20
25 100 33
82 88 9
44 82 37
62 91 3
71 105 0
33 95 12
13 24 25
57 78 15
66 68 44
21 25 24
71 78 16
30 40 6
30 65 59
48 69 1
9 88 42
40 63 25
29 35 12
12 15 29
49 100 7
40 83 23
67 94 3
54 109 33
4 100 9
31 62 5
41 108 54
0 74 51
60 77 7
8 10 36
42 94 49
53 60 28
34 109 53
76 97 2
71 95 11
75 99 16
14 24 49
71 98 33
3 6 35
66 97 48
30 107 50
54 61 5
58 103 25
27 40 36
43 69 52
20 59 5
38 42 48
62 85 49
95 99 42
10 15 60
46 98 39
18 88 58
36 96 53
66 103 31
48 100 17
46 83 57
83 97 22
81 93 24
41 72 21
69 79 50
24 65 53
18 42 11
51 68 10
44 55 27
39 43 59
59 105 58
11 40 16
22 106 9
10 94 35
36 91 22
60 82 50
57 81 0
65 82 47
90 91 5
89 93 23
66 75 8
55 84 49
8 36 53
52 64 46
51 77 18
13 49 39
89 109 56
87 102 2
9 95 36
35 50 21
40 75 16
56 93 23
17 78 47
42 64 27
42 42 38
18 108 12
19 91 14
64 67 25
58 70 10
62 96 48
59 72 11
4 26 21
42 106 16
74 87 52
31 79 51
70 105 4
27 97 26
35 67 42
7 53 17
68 74 38
16 98 30
40 89 58
56 76 12
73 86 57
51 96 54
22 84 13
72 103 28
84 96 17
42 57 37
6 19 41
48 66 41
31 68 60
25 60 43
41 78 16
42 86 23
0 23 50
67 76 18
33 50 59
11 39 59
36 82 11
29 39 2
21 52 40
78 100 8
40 77 9
75 92 0
46 53 7
81 96 57
3 54 52
39 41 34
8 57 22
28 63 10
46 78 44
80 84 28
77 78 10
17 89 44
31 38 29
96 96 10
79 93 34
34 64 22
22 57 17
48 104 33
30 57 22
41 48 46
6 63 14
45 109 38
8 38 26
32 83 3
30 70 55
27 82 39
11 106 55
90 97 45
86 88 39
52 77 20
14 16 23
19 51 51
60 107 58
35 92 44
20 96 38
19 75 56
63 88 50
11 76 2
23 53 25
7 97 54
78 89 22
66 66 9
64 102 31
2 51 37
50 56 19
54 59 13
70 78 32
23 99 32
77 97 4
26 85 41
60 73 15
40 59 30
40 57 13
58 63 39
24 104 44
74 105 2
58 84 4
69 78 9
90 96 9
45 69 4
64 103 15
18 33 52
46 105 55
73 79 13
5 37 58
6 86 2
70 91 36
31 67 43
40 60 50
48 70 58
76 91 0
40 62 5
13 79 34
5 12 35
76 76 50
13 90 42
34 79 13
6 17 6
33 96 55
78 103 56
57 64 24
12 95 13
61 105 14
38 94 36
53 94 37
61 70 26
16 73 50
36 47 52
36 76 30
3 53 25
75 106 13
53 72 58
8 70 37
38 67 0
35 106 21
36 66 50
16 29 1
51 81 24
87 106 8
84 88 57
31 105 11
59 75 50
18 100 25
45 99 0
9 70 54
38 47 37
58 64 34
53 53 43
27 91 36
49 104 57
20 84 30
17 51 51
42 52 51
83 105 27
27 103 53
71 108 29
80 89 19
15 45 14
22 49 9
6 64 34
25 37 48
33 38 41
17 72 34
23 74 21
57 101 45
65 96 14
55 98 5
77 85 20
31 43 11
50 50 6
47 88 4
56 98 32
52 70 55
1 29 37
46 67 18
69 86 47
80 96 17
20 89 14
27 96 26
15 81 38
23 52 37
93 106 9
49 102 59
9 62 1
73 90 37
12 60 58
68 78 25
19 87 46
54 79 50
43 61 9
47 56 21
49 63 58
64 82 32
2 87 3
37 68 5
41 49 8
56 69 49
66 91 32
24 48 17
4 51 49
50 104 26
15 32 15
46 66 50
6 38 45
58 92 8
18 53 14
19 25 57
67 72 16
15 72 2
56 70 58
44 64 54
80 92 55
84 109 43
66 90 59
79 100 37
24 35 11
38 63 45
34 50 9
5 65 48
26 68 60
23 34 46
54 73 51
44 91 47
6 102 12
57 59 1
73 107 59
94 100 19
15 61 52
74 98 51
4 59 51
48 77 0
24 82 45
65 105 0
36 100 25
43 51 12
68 81 8
43 76 41
35 95 17
48 92 16
1 92 12
46 99 45
46 59 52
12 43 21
51 54 27
20 99 60
63 82 60
18 85 56
42 90 35
37 37 52
50 92 20
30 58 9
52 59 3
14 64 30
19 42 37
4 46 47
51 82 10
63 83 36
74 102 1
0 4 26
70 96 27
35 108 31
64 87 42
16 67 28
24 52 57
33 65 35
33 48 25
73 82 41
20 26 38
17 48 42
26 54 57
40 54 41
4 40 27
52 99 27
5 59 37
4 99 51
0 48 48
23 89 49
16 56 45
29 62 15
13 28 47
12 106 32
74 86 16
8 80 54
66 105 31
40 73 5
69 101 54
21 53 6
1 59 17
14 68 50
28 60 47
50 102 2
82 96 14
11 85 42
30 30 54
37 92 6
10 51 43
18 91 10
7 83 26
17 93 42
4 76 15
51 109 26
51 74 32
1 105 30
29 73 41
49 79 40
10 30 26
35 77 9
4 107 22
1 100 12
19 37 27
50 74 27
89 97 42
36 52 48
62 84 59
25 29 5
45 94 16
14 15 9
62 76 15
18 39 57
1 31 0
5 33 42
47 73 25
1 53 13
32 77 18
51 51 16
85 104 25
9 64 39
37 78 45
60 81 48
3 82 9
27 77 1
42 96 16
65 102 34
17 76 29
14 27 39
55 59 4
91 102 2
0 39 0
5 87 39
45 90 60
16 23 27
3 16 37
58 99 52
9 9 47
23 76 8
0 101 30
6 98 23
14 88 21
16 63 57
24 57 34
40 106 45
26 67 11
37 72 4
5 89 58
38 98 15
11 60 49
49 74 43
37 52 42
78 87 15
69 102 43
74 107 56
75 95 40
2 9 0
34 107 26
61 97 17
47 64 24
4 79 22
77 96 55
2 67 26
84 102 22
37 42 38
75 105 36
60 69 15
30 83 53
3 75 11
1 73 14
25 47 54
16 76 28
18 41 20
6 23 22
14 34 11
15 76 26
100 107 31
4 48 41
18 30 23
11 102 11
56 79 33
44 56 34
77 99 56
54 100 48
69 81 2
46 91 51
11 63 5
53 103 36
18 96 9
11 30 28
27 101 28
35 41 59
58 77 8
20 40 46
35 43 13
39 45 43
48 76 16
8 89 2
46 104 0
54 63 18
36 101 50
69 82 60
59 106 32
29 109 13
10 82 25
64 108 47
81 106 45
58 82 40
14 87 50
66 71 50
30 85 43
68 104 42
48 51 17
48 67 58
4 31 33
9 86 0
27 69 32
82 82 60
49 66 49
8 66 20
43 53 50
33 53 48
9 37 43
47 62 7
32 50 42
30 108 24
69 70 39
1 71 27
30 52 1
17 26 32
48 80 44
68 98 44
21 32 28
36 68 17
34 69 26
36 77 12
62 73 25
47 98 16
35 39 5
25 87 22
49 108 2
81 89 45
61 73 24
74 103 7
0 83 2
58 72 28
41 62 18
29 37 54
4 23 58
12 13 42
33 56 4
0 46 0
51 106 19
33 85 35
77 77 35
72 94 39
8 71 24
10 52 34
2 3 42
5 76 30
92 102 27
19 65 3
21 90 24
3 42 43
13 46 43
79 79 35
11 53 16
13 45 21
18 32 59
17 45 4
13 52 22
22 79 52
87 97 39
2 103 11
33 61 19
26 36 51
50 71 58
43 98 29
55 85 2
46 46 10
22 97 60
30 50 28
93 94 42
3 35 26
36 41 59
17 77 59
3 73 42
15 103 4
52 90 47
29 101 58
23 95 36
27 28 45
28 74 50
24 33 23
66 96 31
23 91 24
21 66 49
35 66 24
45 104 57
12 64 57
23 107 48
4 105 6
9 33 14
11 61 25
34 61 27
12 19 26
48 88 0
22 67 59
77 87 21
19 20 26
2 82 59
58 90 12
21 49 17
6 42 59
7 85 1
35 65 17
9 58 30
66 95 17
40 49 49
8 84 25
62 80 4
30 49 49
6 88 4
63 78 15
23 60 1
15 58 23
20 75 0
36 88 38
9 85 53
5 40 37
70 99 5
25 34 6
41 66 30
26 84 20
54 80 0
46 109 12
47 50 43
74 92 47
74 90 57
28 59 29
10 37 45
12 72 32
19 64 22
66 104 15
67 93 40
84 90 7
63 101 38
80 87 0
25 36 31
29 99 25
83 107 54
13 104 36
26 29 34
24 67 14
39 63 15
3 29 49
64 93 30
63 92 21
46 50 3
15 18 22
65 89 44
45 65 1
33 71 44
26 52 59
74 77 32
18 72 14
23 31 4
19 23 60
3 26 23
50 79 7
82 99 3
44 83 51
76 86 7
28 45 0
26 96 47
7 24 56
3 92 24
45 87 21
54 72 10
35 76 28
29 46 34
22 85 4
31 73 4
48 81 50
59 103 39
51 72 3
26 59 2
82 108 51
29 107 55
28 33 57
16 52 4
16 64 2
11 56 51
4 84 53
41 58 37
59 81 47
14 65 36
49 70 12
39 108 0
23 23 36
8 87 11
0 76 42
40 81 48
9 18 21
83 93 10
45 77 24
80 109 10
86 104 21
46 100 24
61 88 44
6 9 42
31 99 27
6 34 52
20 55 26
75 88 45
57 86 9
6 99 29
17 67 39
1 102 33
23 51 42
24 62 23
71 97 11
54 83 59
12 81 18
22 101 26
20 71 36
51 64 57
35 80 9
85 103 30
60 76 14
1 90 57
47 55 18
38 102 38
36 104 60
39 100 9
42 93 0
42 109 9
8 98 54
14 20 51
58 79 9
0 47 60
51 103 3
71 80 45
30 37 24
65 66 24
67 80 34
12 79 21
26 51 25
46 55 0
33 67 13
52 89 14
59 78 38
15 53 25
12 28 3
25 42 46
10 25 56
69 107 26
68 76 16
39 55 31
8 31 37
55 103 24
55 88 40
27 84 33
26 81 6
47 96 7
48 98 13
82 87 38
58 88 17
60 105 59
65 92 50
64 70 49
26 92 60
29 53 23
28 73 55
39 84 1
20 28 14
49 107 2
49 58 0
63 108 38
35 37 9
15 25 24
26 102 22
51 90 53
67 74 50
46 88 42
10 83 59
78 105 52
51 108 30
0 105 53
25 53 11
43 103 40
4 73 52
80 102 1
12 21 5
44 71 27
19 67 7
42 71 29
27 100 25
12 17 56
27 36 5
26 35 32
62 107 46
32 64 30
20 42 18
81 87 50
3 87 60
31 92 58
49 86 46
5 31 14
11 77 21
11 89 3
10 78 21
24 86 52
29 48 35
49 77 2
39 104 19
42 45 49
13 95 51
9 97 25
17 59 38
62 70 39
57 83 31
22 54 60
8 65 34
7 38 10
57 67 40
18 55 30
74 75 0
85 101 44
50 87 2
69 104 47
11 78 28
24 49 58
52 58 48
59 74 56
23 24 35
18 71 46
25 78 9
17 97 23
54 93 24
10 53 16
32 45 49
32 87 52
74 99 14
61 63 25
63 68 2
51 67 31
54 103 43
37 83 17
48 63 52
15 80 45
9 34 36
0 37 49
34 83 37
5 99 11
65 81 10
80 86 12
56 68 10
36 55 29
59 85 45
30 93 10
45 81 43
14 90 53
10 90 9
23 87 58
7 77 40
71 84 1
3 62 35
43 43 55
17 80 13
34 95 50
22 92 59
41 92 26
50 97 37
37 86 30
67 104 16
26 99 17
11 66 47
12 46 59
22 40 21
23 72 28
44 69 17
82 98 0
74 85 30
57 72 0
49 76 23
44 107 3
44 98 53
8 29 21
2 76 12
33 87 8
23 77 12
20 60 56
1 83 7
47 95 58
19 43 6
19 107 28
69 88 48
10 24 7
25 72 12
24 41 41
77 82 58
72 74 59
67 92 5
75 87 25
19 56 44
22 36 30
81 103 49
41 94 14
67 103 27
45 78 42
7 59 60
47 102 10
14 49 8
48 85 4
14 62 0
24 56 19
55 71 46
34 40 5
33 93 31
26 37 60
39 79 41
11 70 59
61 106 45
67 68 1
12 93 34
16 32 49
54 82 20
17 30 19
27 85 4
24 45 56
49 56 56
76 80 28
5 104 9
9 104 29
49 94 55
16 18 28
73 102 17
31 106 36
34 70 60
70 100 43
31 109 32
23 100 0
14 29 27
29 52 11
65 76 23
68 99 9
62 74 48
12 85 18
13 61 51
40 98 16
16 38 17
57 109 28
9 42 22
38 57 21
15 57 57
67 95 56
58 101 37
35 46 17
56 108 30
50 67 31
69 97 12
5 13 12
2 86 30
58 75 13
44 105 32
33 33 19
24 93 60
31 94 11
9 106 2
39 42 32
2 65 16
81 88 2
12 83 6
7 43 39
67 89 44
32 79 60
12 71 53
59 77 43
61 75 20
9 28 43
17 31 17
53 76 46
36 94 6
41 47 22
7 60 24
0 36 45
40 76 40
40 88 2
12 20 39
37 55 50
14 22 14
39 57 52
79 95 29
17 24 28
56 107 6
17 34 8
0 98 22
4 95 24
57 98 5
8 39 6
19 103 14
64 69 26
53 84 28
8 104 26
33 77 31
20 86 39
11 100 5
9 26 50
15 99 58
20 46 30
74 81 45
31 97 37
66 76 14
84 97 4
61 104 35
37 97 44
21 85 28
68 97 0
54 70 29
12 32 22
32 46 51
65 100 50
50 68 0
14 61 37
6 20 12
40 50 27
76 102 33
83 96 8
37 90 32
57 97 48
49 59 3
44 72 43
18 63 45
18 67 42
12 52 24
24 90 2
37 88 29
47 109 23
17 86 15
58 76 11
18 83 19
10 69 36
91 98 48
60 68 49
62 68 31
43 52 28
7 69 38
20 94 46
12 89 46
64 100 21
4 18 42
17 36 35
49 61 3
47 81 7
21 76 26
79 88 21
6 106 55
10 12 21
1 2 33
37 104 45
55 93 60
34 91 3
39 77 50
22 72 16
33 97 48
46 101 41
31 36 42
39 60 31
20 64 35
33 99 10
24 87 1
19 92 19
0 99 12
42 50 20
76 108 40
7 10 55
73 73 28
50 63 60
37 66 47
17 95 13
21 67 53
34 103 56
27 66 50
0 51 8
36 109 50
64 79 18
5 68 51
52 86 55
45 88 54
45 86 9
59 94 5
66 93 4
60 106 9
64 90 55
30 71 45
22 60 9
36 78 28
14 77 56
29 64 33
49 96 43
36 81 17
55 73 15
12 44 33
16 81 49
37 101 45
65 93 20
6 62 48
35 102 21
28 28 29
26 74 29
8 13 36
64 99 27
29 83 42
51 101 54
35 96 39
61 103 46
51 84 18
45 66 15
30 90 28
14 56 16
21 70 47
13 65 11
44 62 40
34 78 32
32 80 34
25 50 11
71 86 30
50 59 16
40 53 31
53 58 21
46 80 18
65 99 35
16 54 18
22 70 55
33 57 6
15 74 2
37 73 27
61 87 17
80 103 58
9 92 43
2 104 29
61 82 20
54 86 42
6 68 18
1 106 29
40 61 20
4 68 59
65 84 14
66 101 14
76 89 27
22 42 56
63 65 8
19 86 9
53 102 54
53 64 29
20 29 20
26 109 31
37 46 54
67 75 22
12 40 57
4 14 27
73 101 52
58 109 28
60 104 6
33 104 44
11 18 9
30 76 40
63 86 39
70 89 28
28 85 27
49 97 31
42 104 0
14 58 13
15 60 44
16 79 20
37 103 2
42 55 14
12 62 54
70 82 40
52 85 18
66 98 34
43 99 41
13 70 26
44 94 2
35 71 45
16 55 28
61 65 27
32 88 47
26 93 43
86 99 52
40 44 31
28 93 9
28 52 42
25 63 36
14 93 24
4 93 29
26 46 23
34 89 49
70 87 39
85 100 59
11 72 50
11 69 33
86 94 9
37 102 35
58 85 57
4 21 51
23 108 56
35 94 47
15 39 18
48 48 47
33 108 53
30 39 48
55 75 29
27 107 34
11 71 2
28 36 59
0 81 4
2 98 58
21 68 27
49 55 59
15 56 23
44 78 51
31 63 55
32 67 45
23 97 58
30 100 51
45 51 50
7 94 60
43 47 13
18 101 45
14 89 18
15 97 18
39 85 47
56 94 28
49 50 43
13 72 3
75 79 38
37 63 33
20 23 7
21 74 45
43 63 51
38 43 3
3 78 38
48 78 35
23 70 21
56 80 39
34 104 42
51 76 40
13 82 52
36 72 48
16 43 1
3 81 53
28 92 25
12 49 14
21 108 26
14 80 48
30 32 30
11 82 55
37 48 44
3 95 3
67 108 34
10 56 32
7 106 15
39 58 52
16 61 23
52 80 46
9 109 1
0 57 41
76 85 11
3 108 0
13 68 30
9 87 26
2 49 18
66 89 10
13 88 36
58 65 55
47 82 16
25 91 41
37 56 3
14 83 38
43 93 45
90 98 36
22 59 20
20 50 60
15 84 6
24 85 47
39 39 11
2 38 58
68 85 32
12 14 24
65 98 49
1 34 60
21 24 45
17 94 60
28 30 44
44 109 13
67 101 31
49 98 25
28 48 30
21 92 30
19 46 49
29 96 8
51 93 5
80 99 32
28 80 21
21 78 40
25 74 19
42 47 20
26 38 17
64 91 42
15 49 43
24 81 46
23 45 48
28 62 32
30 95 51
10 23 24
28 89 55
6 60 34
30 82 24
59 71 0
64 101 15
25 59 47
19 19 31
23 109 2
56 57 12
19 66 25
40 80 3
11 86 54
7 99 42
46 72 12
47 91 29
41 41 7
42 89 23
43 104 20
26 63 50
60 99 11
64 73 56
66 74 18
9 52 18
53 66 13
8 30 15
73 85 3
59 59 32
16 99 59
63 74 55
63 84 25
61 95 35
33 45 53
20 65 22
27 58 18
53 56 22
76 78 53
73 96 50
0 93 0
11 48 0
29 85 12
18 40 2
56 91 51
16 80 18
48 68 29
36 92 38
71 89 17
9 12 36
27 74 45
42 98 17
81 92 19
8 72 53
15 41 17
6 65 45
6 85 54
26 64 4
23 30 9
61 98 32
80 100 14
4 67 2
70 94 0
33 86 2
27 39 36
60 98 13
20 37 6
38 60 52
43 85 35
1 8 11
15 38 59
38 100 43
49 91 56
8 8 52
24 106 30
30 46 27
12 48 42
70 79 15
38 46 34
37 85 39
40 107 52
19 34 21
25 54 5
57 62 27
14 108 24
39 70 46
0 45 41
62 72 34
78 102 55
36 40 7
64 84 33
30 56 22
9 102 31
69 99 21
17 100 3
82 85 45
76 96 44
36 65 15
62 103 60
39 71 50
68 72 23
15 29 56
67 106 24
30 109 52
29 49 33
74 95 9
13 56 29
33 63 35
53 106 24
3 63 33
65 83 17
14 86 9
46 79 29
12 26 7
5 79 16
61 74 22
71 79 46
16 106 47
24 40 7
12 55 13
21 98 29
28 41 39
9 84 6
4 20 18
21 51 17
79 106 23
32 96 38
25 93 4
40 101 57
8 64 5
42 107 12
32 70 8
58 100 22
20 22 14
6 37 24
18 92 55
63 89 11
11 91 45
10 75 58
44 60 14
1 51 46
3 80 47
5 91 42
31 52 41
63 73 2
21 30 1
4 102 42
48 108 27
41 76 14
31 40 52
1 5 26
20 108 17
27 80 60
7 34 1
70 71 57
5 42 12
86 98 37
51 87 54
58 68 39
29 87 7
26 60 8
16 109 8
46 58 7
45 53 18
27 102 10
10 19 46
10 104 19
40 67 32
59 62 32
26 83 60
26 108 54
54 60 8
10 57 42
79 102 50
69 94 22
53 86 33
7 72 60
26 55 59
89 104 26
50 81 1
9 15 30
20 67 56
8 102 57
14 66 8
48 106 33
1 70 50
16 86 11
29 91 12
29 30 31
43 108 52
4 97 54
14 39 7
15 22 20
54 58 37
11 27 26
35 59 53
21 82 27
25 65 51
30 34 2
29 56 6
83 108 16
56 90 26
1 42 46
15 75 30
25 31 5
74 104 33
16 72 0
47 85 15
22 91 47
11 104 9
27 104 34
1 6 24
32 51 0
22 55 13
49 85 12
29 80 45
34 77 28
56 104 21
8 58 2
72 76 22
50 103 59
48 87 12
29 79 31
2 102 20
5 66 20
3 28 27
51 107 15
11 47 35
32 81 57
39 50 24
36 102 55
10 77 56
14 28 52
50 60 47
33 107 22
29 75 17
53 97 3
72 81 43
31 108 5
6 54 52
1 21 28
29 71 16
2 37 27
7 90 37
39 44 58
46 75 28
0 108 44
22 94 23
7 12 14
3 74 58
75 109 47
20 47 2
48 60 0
67 90 1
38 104 45
12 35 25
21 107 19
25 73 7
37 107 1
41 45 58
49 71 60
13 63 52
38 64 36
57 73 52
15 105 5
2 83 54
20 44 17
6 67 17
77 107 60
0 80 3
61 68 54
46 65 40
1 85 38
13 74 48
3 44 58
5 44 40
7 78 45
77 98 40
22 48 12
31 77 30
13 25 6
53 79 50
31 41 17
10 44 31
27 48 46
69 77 58
15 96 33
68 79 4
1 23 14
9 35 17
76 82 42
12 105 57
54 54 19
22 77 0
65 106 46
24 80 19
61 91 13
29 61 27
29 47 1
44 45 42
32 76 36
27 47 28
54 101 14
25 106 19
35 104 9
41 42 9
22 44 43
63 96 20
32 35 29
8 18 49
2 108 0
32 68 28
52 97 33
64 94 3
85 95 8
25 107 60
82 103 8
47 66 14
13 62 17
59 66 59
25 94 30
8 90 54
60 63 1
21 99 23
53 98 53
19 32 34
26 100 10
49 65 10
52 101 55
14 103 34
17 55 58
45 93 48
47 78 50
6 105 29
42 54 24
2 59 57
8 92 8
67 81 17
21 64 57
7 41 51
21 109 52
37 64 41
26 103 25
20 58 47
2 43 8
4 10 43
57 63 32
20 101 28
8 35 49
46 60 48
49 52 52
66 88 42
31 82 37
43 75 14
1 97 47
18 57 42
18 58 42
30 96 47
44 95 19
1 28 37
45 100 20
56 88 51
66 83 31
23 75 45
8 24 36
36 63 22
13 86 32
35 83 39
65 78 6
57 103 12
54 105 6
30 41 13
45 52 4
35 82 36
51 88 16
17 64 27
45 106 19
21 55 43
1 67 29
22 82 49
19 61 17
60 60 31
63 72 41
42 82 44
5 46 44
25 58 5
44 63 54
86 89 52
32 33 16
35 98 33
32 84 47
39 59 39
54 57 26
34 98 55
19 63 36
33 101 60
6 92 60
53 85 14
67 100 24
7 81 9
13 99 43
38 66 44
22 104 41
20 30 1
16 21 31
28 40 3
59 98 13
41 95 57
13 73 4
24 26 8
12 91 2
18 76 11
22 89 17
54 97 16
5 107 49
17 73 28
33 59 16
11 33 60
9 76 16
51 85 0
3 65 49
70 88 1
32 52 8
56 60 3
6 30 16
23 79 30
16 46 9
6 24 22
48 73 6
43 102 35
1 49 54
4 12 4
1 18 11
53 69 21
54 84 8
41 89 15
12 61 34
36 79 37
22 29 15
56 97 23
54 69 57
32 89 55
20 79 10
25 90 36
6 109 47
52 66 55
26 49 14
28 77 33
57 108 15
20 38 47
7 46 32
33 60 10
56 56 6
5 108 40
28 51 8
19 73 13
23 103 26
22 78 46
56 81 22
44 80 36
72 85 29
13 108 36
15 93 57
2 41 58
25 108 25
71 82 55
35 35 38
67 96 52
28 84 29
43 97 36
39 106 28
51 91 24
79 83 45
3 105 50
80 88 32
19 55 44
29 89 13
26 28 22
25 43 17
37 87 11
57 105 11
47 90 19
48 84 5
39 103 2
31 80 8
39 91 18
17 104 3
14 37 41
50 70 49
22 22 45
14 51 1
7 37 14
23 56 34
7 19 59
84 93 21
47 77 54
61 102 20
43 71 60
61 94 51
67 79 26
5 34 15
31 49 51
1 20 44
0 64 9
35 47 21
32 78 18
63 104 42
36 70 18
61 67 34
5 51 5
17 23 37
24 54 7
21 100 42
15 35 17
14 43 1
26 75 21
18 60 27
6 39 30
14 97 45
56 102 53
34 73 56
12 94 54
6 71 13
31 33 58
16 22 24
40 65 31
31 74 15
3 10 43
58 73 31
8 54 15
6 43 29
45 89 28
4 42 20
41 54 23
49 88 12
18 22 11
9 30 60
4 63 22
33 79 38
70 98 26
4 90 30
4 92 19
18 70 8
42 83 35
10 28 17
65 104 24
35 54 11
74 109 58
3 98 21
37 100 16
12 42 45
18 44 49
45 62 55
20 102 8
62 105 17
63 80 40
35 75 24
9 67 14
8 88 32
10 74 57
79 96 0
26 76 25
13 41 43
6 87 31
35 64 36
9 89 31
4 98 7
2 99 50
41 69 25
12 41 22
10 61 38
24 58 28
55 60 38
9 11 17
8 34 50
45 60 57
38 54 35
6 107 7
40 66 39
58 96 30
84 104 40
52 94 32
38 59 9
7 93 55
69 96 35
61 99 32
6 66 38
27 46 38
10 29 45
69 71 58
64 98 34
80 95 60
58 69 25
28 83 15
50 62 0
71 83 5
18 97 39
36 93 11
9 103 40
57 79 46
21 95 29
32 39 1
45 80 50
23 62 21
4 54 0
53 57 55
8 41 37
10 38 2
51 86 57
6 69 6
16 57 30
32 57 58
58 58 39
27 72 32
59 88 24
9 94 22
28 96 10
17 47 45
63 87 55
23 57 2
15 26 24
27 68 56
32 40 51
1 35 26
50 85 8
24 37 4
31 61 34
22 50 16
10 87 36
83 91 43
32 103 30
48 58 7
30 75 54
33 100 47
2 95 30
69 69 50
52 79 50
27 73 43
34 54 9
50 86 53
7 70 45
9 100 54
13 109 30
36 62 20
86 109 19
40 45 3
23 85 43
11 103 12
0 71 12
9 63 12
22 73 33
18 94 4
17 101 19
3 15 49
44 57 51
11 46 49
19 27 4
18 35 1
24 103 39
12 86 39
19 52 42
31 83 20
23 32 27
40 96 25
47 108 19
1 54 5
24 88 17
10 102 21
2 66 15
10 50 59
24 32 35
31 71 5
22 32 57
47 100 9
25 48 1
21 105 39
17 44 13
1 52 38
14 35 50
19 77 27
14 53 10
21 58 4
56 92 43
27 49 4
38 80 46
57 87 38
0 35 55
16 103 49
20 85 31
22 105 33
5 58 20
54 62 39
37 67 14
6 91 5
24 50 42
4 94 39
67 97 26
42 46 8
69 90 6
9 51 28
7 21 31
42 73 27
47 70 29
59 79 44
57 68 32
0 100 24
36 45 39
5 23 60
8 77 25
2 73 49
7 82 53
40 78 0
67 77 26
7 64 15
16 87 38
28 37 13
44 93 27
76 87 0
48 71 42
2 79 11
31 107 1
10 48 39
13 85 27
47 60 37
25 98 33
6 32 54
30 103 31
52 78 40
24 39 25
54 95 46
13 18 0
28 90 7
48 95 39
6 57 11
53 100 0
2 72 24
30 45 8
18 109 29
12 12 46
3 11 17
7 9 39
21 39 17
4 37 18
28 109 8
19 109 40
5 83 36
35 99 23
1 44 44
3 7 19
39 53 35
55 80 15
2 31 46
39 67 19
34 87 1
35 87 31
60 65 51
39 98 41
3 101 3
45 107 25
51 52 49
4 28 35
6 101 51
8 16 60
20 52 42
33 94 24
66 107 38
4 60 52
50 109 19
22 46 53
39 94 47
20 41 36
62 67 30
23 41 7
0 15 6
36 87 5
14 99 5
30 48 4
48 101 42
62 99 57
20 87 3
51 78 15
54 68 26
66 99 27
35 103 9
14 60 52
31 35 9
15 71 31
41 105 48
70 83 46
3 5 26
13 69 60
2 94 15
40 93 42
0 22 25
53 59 9
40 43 39
21 61 53
22 38 38
46 61 4
11 108 58
7 55 31
67 83 24
2 62 9
48 93 31
25 81 12
21 45 35
0 20 37
27 106 24
10 27 11
52 108 48
87 91 41
33 52 48
60 97 1
26 69 41
9 107 48
40 108 9
49 80 51
20 97 53
14 63 29
61 93 9
60 71 15
38 40 17
16 66 28
12 70 44
17 37 50
56 109 1
55 87 23
35 49 11
81 108 13
4 8 57
23 36 44
71 94 18
5 14 4
11 84 12
44 84 18
60 91 22
84 86 41
23 25 1
3 71 1
24 96 26
30 69 22
20 32 19
8 59 58
2 61 21
5 84 42
8 27 34
21 89 32
34 57 35
38 108 40
41 70 0
28 46 2
26 104 44
68 91 58
46 54 47
20 51 36
35 97 36
42 58 54
41 106 38
45 58 49
53 91 46
2 24 7
9 73 38
18 105 54
17 103 15
0 9 21
53 101 19
1 93 22
74 91 28
16 78 51
63 77 17
7 44 55
10 42 43
32 36 9
4 45 7
3 99 40
49 103 50
32 86 40
7 26 57
72 75 42
16 35 55
53 89 51
16 34 12
46 57 13
35 70 42
6 93 0
75 104 4
11 64 36
37 61 20
30 38 47
32 62 52
51 58 36
36 98 57
36 71 13
44 49 21
0 63 16
21 81 45
0 86 18
14 55 25
7 15 19
1 72 3
47 105 12
12 82 42
20 49 39
24 31 23
6 59 39
1 50 36
3 64 30
2 81 1
35 93 56
10 36 37
3 83 52
13 40 34
21 97 26
18 107 28
51 56 51
54 65 51
28 50 21
55 102 58
18 21 39
43 72 8
27 33 37
25 49 9
45 84 26
35 60 10
8 44 14
24 109 17
27 42 7
82 107 30
6 44 21
8 48 53
22 53 46
34 66 30
34 85 40
14 84 12
33 64 12
66 87 39
40 40 18
60 64 39
70 73 56
28 61 30
68 109 7
49 64 45
27 83 1
27 70 24
46 84 12
53 77 3
36 69 20
45 68 1
1 76 6
44 67 14
4 108 51
60 96 34
33 98 58
48 53 17
17 29 26
17 41 28
18 68 39
44 65 20
43 55 21
47 101 40
9 39 39
24 102 26
51 104 31
32 97 9
41 46 48
18 61 26
31 104 54
55 76 13
18 106 50
22 64 43
8 109 50
0 55 24
52 74 41
58 87 45
58 105 21
23 65 1
61 101 53
88 88 40
13 103 45
9 57 0
25 66 13
25 39 24
54 88 24
6 84 3
51 92 28
52 109 41
5 10 27
28 31 13
31 96 52
32 66 34
65 74 11
68 95 38
3 22 21
14 41 37
5 77 52
17 33 43
46 69 17
57 76 4
33 40 8
8 103 56
8 96 56
17 52 11
32 42 11
43 56 9
36 74 5
15 54 33
32 53 42
21 103 54
10 22 15
17 88 56
8 108 50
50 52 55
58 97 27
52 107 54
49 78 32
70 86 44
7 32 42
4 11 28
2 11 25
27 38 4
48 89 32
0 82 50
1 104 32
30 68 43
55 107 17
48 109 17
6 35 1
3 55 56
17 20 38
28 34 40
43 58 35
73 84 23
41 97 25
22 71 57
5 74 10
32 73 29
31 100 11
31 58 44
21 37 22
29 93 54
15 85 20
31 89 49
4 57 6
5 53 12
9 53 40
23 78 44
34 52 57
27 92 22
16 97 14
4 70 31
13 30 51
15 104 27
48 65 11
37 40 49
2 93 12
39 96 43
37 47 16
4 6 47
17 85 1
55 101 17
27 55 3
43 86 24
30 62 0
26 41 54
34 106 10
5 57 41
25 101 29
44 77 24
35 55 20
13 57 3
38 88 10
19 48 50
16 27 45
40 79 3
3 106 22
17 79 37
49 54 19
54 106 57
26 32 37
19 89 55
31 50 19
16 59 36
43 109 53
50 54 29
1 15 1
73 83 59
30 97 43
3 104 47
42 81 32
13 26 48
50 83 31
53 95 23
6 97 60
47 48 58
12 54 58
15 24 36
30 81 13
31 55 34
3 14 26
2 7 35
14 30 18
19 54 26
20 36 52
23 55 41
5 85 10
36 89 49
3 31 43
7 102 39
36 103 41
32 108 44
4 13 30
66 106 2
2 80 16
8 69 16
50 107 13
50 90 51
34 99 41
16 39 0
34 105 19
13 94 58
23 81 16
22 26 49
3 109 7
61 86 50
5 80 32
30 105 55
73 75 24
52 69 7
35 38 6
24 71 28
50 95 9
1 3 13
19 94 37
37 41 1
33 42 6
19 40 24
38 62 18
13 84 8
1 1 2
16 83 38
4 103 35
7 88 36
32 34 49
8 107 43
16 41 3
34 35 51
44 102 0
12 90 41
8 76 1
87 99 49
23 67 33
29 63 59
78 95 13
35 48 14
35 51 13
19 28 33
29 34 59
18 66 26
38 96 25
12 66 44
9 40 32
12 31 16
3 60 26
21 96 6
17 81 10
15 98 34
53 74 49
7 14 21
8 17 44
22 63 49
6 8 49
50 89 38
10 88 24
20 92 9
49 69 41
15 46 1
12 68 46
30 54 44
18 45 33
23 106 8
4 39 12
45 45 50
0 49 11
14 85 50
2 19 34
4 52 27
35 42 44
43 77 33
24 83 51
18 86 48
18 74 6
43 87 30
54 96 5
47 89 37
26 26 0
42 101 52
57 74 23
47 97 36
44 104 35
31 56 19
7 96 25
38 107 0
5 16 56
64 104 52
42 68 49
48 52 52
29 65 36
16 31 17
26 71 18
82 97 20
43 74 19
52 57 47
33 46 28
77 90 8
21 26 52
24 25 26
8 74 7
43 105 13
56 87 38
33 78 13
58 107 46
3 33 7
9 54 57
29 45 60
29 58 24
4 4 16
28 44 0
12 80 31
14 101 12
10 101 57
12 22 29
11 16 10
10 92 2
5 64 0
28 67 16
37 106 6
27 94 0
54 99 5
31 75 23
27 37 11
30 66 56
45 71 23
16 93 53
6 73 25
19 106 54
22 62 6
22 34 34
55 64 17
19 59 25
42 48 18
0 60 58
30 31 37
5 94 12
5 26 42
28 53 4
7 66 9
25 55 7
12 47 30
0 10 46
10 81 27
28 99 30
53 109 57
32 98 8
32 71 32
44 103 50
26 44 3
14 25 42
27 63 2
44 46 0
19 95 42
22 81 37
23 101 19
14 57 17
27 54 42
19 80 24
2 109 56
27 30 16
45 98 41
19 30 52
35 79 58
46 76 59
15 95 44
9 66 27
29 108 29
46 77 43
28 69 16
3 38 7
9 90 5
21 31 1
39 109 23
13 105 31
18 20 6
28 58 24
68 87 54
26 65 7
5 27 45
3 47 42
1 24 1
0 25 21
29 88 41
32 82 35
13 22 24
28 107 27
33 103 6
19 35 44
59 84 46
52 62 41
54 67 25
75 84 60
20 107 13
3 91 49
26 72 5
8 28 39
1 55 49
0 67 11
7 30 1
19 96 51
39 48 26
28 29 34
20 63 24
56 100 31
49 82 18
42 95 57
42 91 55
5 15 29
30 92 51
7 79 23
23 84 58
0 106 33
31 37 12
36 83 56
9 99 11
2 63 42
24 27 58
52 65 24
25 102 26
30 55 32
13 81 39
78 106 53
46 108 50
11 44 31
4 34 26
32 60 53
7 62 7
41 88 46
2 89 53
13 20 5
53 65 38
1 103 53
48 72 24
7 39 48
37 93 3
47 63 9
13 107 21
44 51 44
61 69 33
2 16 26
21 50 15
22 100 4
16 51 19
19 29 21
11 105 44
23 37 56
1 22 18
6 7 6
1 57 23
25 44 29
8 78 19
6 13 9
2 40 60
12 34 47
26 94 19
17 107 57
74 88 16
8 11 28
18 24 3
27 79 20
21 60 11
21 77 10
21 34 46
6 14 38
58 102 13
8 62 51
21 72 5
45 70 18
0 0 42
46 82 40
20 57 8
5 71 49
10 33 24
75 94 59
38 92 14
20 68 49
31 103 35
46 81 24
42 99 8
38 97 59
15 16 25
76 100 54
59 68 32
38 50 34
46 93 7
29 67 43
49 68 3
30 101 5
16 37 32
23 44 28
48 61 45
5 69 13
40 82 15
47 107 3
35 81 49
9 22 34
13 36 60
57 66 17
24 72 9
16 96 20
0 89 45
46 51 45
58 78 1
19 72 44
33 73 5
22 109 49
41 90 15
41 73 11
26 31 38
18 49 8
11 22 7
20 20 57
14 75 26
8 15 57
10 73 29
36 43 1
15 34 21
60 78 40
55 55 35
16 16 50
13 67 4
1 109 38
28 79 8
10 64 51
3 72 11
1 101 51
33 92 35
45 72 12
11 96 28
26 33 29
1 69 58
34 38 22
46 85 56
45 83 33
14 72 23
45 59 9
15 108 30
7 22 21
33 68 5
7 91 43
34 88 3
20 61 33
16 42 4
32 59 1
48 64 27
25 103 8
12 56 26
9 55 30
29 100 41
9 96 24
21 80 33
16 95 23
41 52 35
7 65 39
29 86 18
19 104 18
16 47 13
7 75 8
38 70 13
14 67 6
10 11 33
3 67 45
26 53 4
39 61 25
39 107 10
11 19 8
57 82 42
11 43 49
20 33 30
45 79 12
2 53 41
28 103 53
53 75 39
16 24 21
57 99 19
24 69 26
19 57 32
6 58 15
23 69 52
2 70 26
3 19 15
59 60 58
9 23 51
50 93 8
1 98 21
7 33 4
23 49 0
6 96 59
25 83 32
18 23 47
5 70 35
17 105 33
34 72 33
10 96 43
13 32 41
39 76 24
46 68 42
4 50 16
50 77 38
22 24 34
5 54 34
9 82 1
37 108 46
7 100 39
41 67 32
20 24 34
23 64 45
14 104 46
24 94 45
22 74 44
5 9 26
23 61 39
29 103 8
1 63 38
24 75 22
9 72 13
3 77 28
21 69 13
23 59 50
62 78 34
20 27 5
50 91 58
5 109 24
3 61 37
15 48 21
38 65 46
42 88 28
19 41 29
16 50 15
15 70 57
25 26 7
35 78 21
54 71 14
16 17 8
28 70 33
1 30 21
15 67 18
42 80 40
7 63 18
40 86 34
18 80 43
6 95 5
1 32 13
3 68 45
2 84 8
44 47 42
13 87 29
11 75 33
2 35 16
55 82 25
56 86 11
11 34 52
44 70 44
26 40 56
38 48 6
31 81 53
0 53 6
51 66 53
11 97 43
16 92 56
27 27 5
24 59 52
34 101 1
37 91 24
4 55 6
43 67 17
41 81 24
6 55 18
25 61 7
0 43 59
32 69 32
16 40 45
12 103 51
15 47 8
25 105 58
37 45 4
5 6 37
2 34 58
31 57 20
20 109 54
11 26 41
23 28 28
56 61 52
11 87 13
30 98 44
37 43 6
17 49 50
52 105 37
19 45 18
53 63 20
72 93 41
20 53 21
59 92 51
3 48 17
9 16 49
16 44 44
9 32 46
47 87 36
41 104 21
43 44 38
34 86 21
38 72 52
29 55 0
66 72 25
9 41 8
20 62 26
54 77 14
