130 7735
161
136
192
127
112
176
144
147
168
124
143
184
138
160
172
155
142
100
122
104
143
105
164
143
100
168
152
198
120
127
200
118
163
163
151
136
182
188
183
140
125
197
148
181
182
174
188
109
130
110
190
157
119
147
133
141
186
151
111
150
117
167
116
155
118
124
116
190
153
104
199
194
171
176
133
114
188
173
175
179
159
103
183
191
195
130
106
186
197
103
112
198
146
142
136
163
159
159
102
143
142
172
165
159
174
136
146
115
173
152
144
109
161
185
199
191
141
144
114
128
151
179
134
176
187
200
112
105
120
190
0 1 29
0 2 50
0 3 11
3 4 6
3 5 10
2 6 43
0 7 34
6 8 60
2 9 18
0 10 58
5 11 39
7 12 41
10 13 46
13 14 40
7 15 17
0 16 36
1 17 50
2 18 50
0 19 36
17 20 7
5 21 4
1 22 35
19 23 28
19 24 17
13 25 31
25 26 4
0 27 59
27 28 24
3 29 27
20 30 21
2 31 23
15 32 50
2 33 6
15 34 50
6 35 3
33 36 51
3 37 29
12 38 33
34 39 24
14 40 58
32 41 56
3 42 26
28 43 28
38 44 33
40 45 6
32 46 23
29 47 27
21 48 5
27 49 24
32 50 25
20 51 17
1 52 26
39 53 48
28 54 25
42 55 5
47 56 9
37 57 31
34 58 48
41 59 30
55 60 11
56 61 15
28 62 5
36 63 26
24 64 19
63 65 3
4 66 9
39 67 18
48 68 38
55 69 27
53 70 23
42 71 57
38 72 10
26 73 4
14 74 49
32 75 30
21 76 12
36 77 25
22 78 19
78 79 10
22 80 35
63 81 41
10 82 9
51 83 12
76 84 0
5 85 38
33 86 48
17 87 25
58 88 41
41 89 11
76 90 21
36 91 41
3 92 60
69 93 5
68 94 40
29 95 54
81 96 49
27 97 4
17 98 39
75 99 49
83 100 42
73 101 19
76 102 33
100 103 6
21 104 24
72 105 58
84 106 55
50 107 6
1 108 34
41 109 37
27 110 10
22 111 27
79 112 17
6 113 33
89 114 42
82 115 39
112 116 43
59 117 3
43 118 52
10 119 9
35 120 6
80 121 27
25 122 23
3 123 24
8 124 50
50 125 49
33 126 58
78 127 58
87 128 14
109 129 55
73 104 30
32 44 55
56 97 30
125 128 4
37 66 8
80 119 58
110 122 49
71 116 38
83 99 46
101 128 45
70 123 29
87 117 54
77 125 46
39 110 36
98 119 19
15 85 40
26 77 7
97 126 24
120 121 34
55 65 41
89 95 12
35 59 25
5 5 37
25 47 20
120 126 20
22 56 0
110 118 39
69 89 59
24 72 51
57 124 45
23 121 43
86 108 45
48 87 22
65 124 59
93 102 13
99 123 37
101 129 44
58 116 7
49 64 15
88 90 50
97 121 39
120 125 29
70 79 44
87 114 47
30 87 8
107 114 27
37 109 13
86 98 17
15 104 14
96 128 35
40 120 11
45 50 58
118 120 24
34 111 52
1 88 0
11 63 20
50 105 25
31 111 28
16 112 49
88 104 35
41 82 7
0 30 15
128 128 35
87 124 24
46 66 22
116 128 60
117 128 36
29 73 45
2 26 59
113 122 0
65 102 52
120 127 17
91 115 42
10 52 6
35 48 7
14 36 27
105 120 0
90 110 23
77 82 0
24 93 26
76 97 41
74 78 0
51 96 43
7 61 45
50 58 43
21 67 53
6 51 1
46 127 37
73 85 35
72 120 46
67 119 32
70 75 20
22 44 30
50 111 23
109 120 45
89 93 60
75 107 40
1 46 54
95 120 1
8 38 28
15 43 41
115 122 49
117 127 44
15 77 51
46 50 57
104 116 12
88 115 41
42 128 5
12 98 1
32 38 46
54 56 59
37 62 8
111 121 58
59 101 46
124 125 32
79 81 17
50 117 27
79 90 17
87 129 53
7 116 20
10 79 2
20 44 27
21 74 1
34 127 28
75 75 31
89 123 15
8 53 20
83 92 51
87 108 21
5 56 8
0 106 43
23 110 31
44 87 53
4 79 49
10 17 22
98 126 22
57 74 57
100 105 57
32 56 52
104 115 54
9 40 23
54 77 2
64 81 59
27 62 41
11 14 28
23 72 55
124 124 37
77 129 40
102 113 34
101 118 42
6 54 35
128 129 16
119 119 18
119 122 20
84 107 19
30 41 22
70 101 36
32 127 56
20 78 7
9 24 4
13 47 28
79 119 0
34 45 5
66 102 60
105 113 38
41 97 29
2 106 47
113 127 21
126 127 3
26 100 15
85 124 26
28 116 45
67 109 28
51 118 21
15 61 7
32 90 28
101 124 37
111 120 25
52 61 39
107 112 34
34 106 37
97 122 59
60 79 13
37 52 0
112 120 6
71 105 52
40 46 15
22 25 12
108 124 10
107 125 0
3 34 0
118 129 48
72 101 50
21 102 35
89 91 35
44 97 39
37 99 53
2 124 27
26 63 37
121 127 19
82 126 29
96 99 2
63 94 14
57 82 46
44 102 17
45 78 49
84 102 57
25 94 2
89 125 51
22 27 42
109 121 28
99 111 24
69 96 16
71 86 9
95 121 47
99 99 38
107 126 48
54 72 54
96 112 3
46 123 17
8 113 13
72 78 34
88 109 13
104 127 36
41 112 4
120 123 23
30 79 49
115 126 35
36 39 36
58 76 3
27 46 12
59 125 39
34 42 7
53 95 50
2 16 3
2 125 30
12 52 39
95 113 21
116 116 36
25 52 41
66 78 5
10 78 12
112 125 32
106 120 45
117 126 6
104 121 14
48 58 27
58 108 46
53 83 26
18 43 26
47 61 24
25 38 23
31 65 56
24 47 16
36 125 17
111 114 35
91 109 55
57 111 51
16 121 54
122 129 37
22 116 32
80 104 20
110 121 16
7 14 2
114 119 16
47 104 30
12 63 45
72 125 28
96 108 17
126 128 26
11 123 59
48 59 6
24 95 40
113 118 32
49 56 59
45 128 28
73 127 52
18 92 55
111 129 1
12 50 55
1 44 56
66 118 48
56 68 51
115 120 40
37 107 2
46 81 38
5 33 8
52 99 21
93 125 11
88 94 4
13 54 14
10 47 33
24 44 34
62 62 11
1 83 36
38 55 27
83 90 55
16 32 20
96 101 16
20 73 50
69 109 30
14 23 21
115 115 4
33 113 40
36 58 17
46 95 16
9 104 57
46 53 1
22 41 47
68 123 45
92 117 41
126 126 53
66 117 8
65 114 25
60 75 30
67 115 9
82 118 6
100 111 56
58 101 26
53 87 38
24 31 34
5 61 31
40 43 6
72 95 8
72 98 59
94 100 8
17 70 18
123 127 12
97 101 18
101 109 0
105 112 11
26 113 3
25 76 20
41 71 47
7 39 38
95 96 4
32 119 28
103 117 25
32 80 46
102 111 9
121 121 33
66 85 54
0 89 31
81 125 21
47 48 40
14 81 35
63 126 7
36 76 39
93 107 13
99 126 49
81 81 33
23 52 55
93 94 39
118 124 59
73 88 7
42 123 14
57 72 19
79 129 44
57 81 29
51 92 7
28 77 39
52 121 52
84 89 55
65 74 27
54 70 10
18 89 2
53 80 21
89 108 23
87 125 34
11 46 60
86 123 19
94 121 15
54 86 32
15 123 17
1 112 41
7 126 14
99 129 29
94 114 22
78 80 42
108 115 42
26 37 45
102 128 53
56 60 1
25 25 19
69 112 51
111 122 25
121 126 57
21 114 50
117 120 58
106 109 49
75 92 60
54 107 9
18 77 31
36 86 44
40 74 42
50 95 60
106 122 11
65 105 27
72 75 19
83 87 41
53 78 8
64 69 37
96 113 6
40 105 42
118 125 22
15 78 17
57 88 19
37 114 55
19 95 33
127 127 52
97 99 12
74 123 30
0 58 14
35 85 17
64 98 7
52 89 30
70 91 12
4 85 18
98 116 16
61 110 51
50 113 39
53 123 50
9 68 51
103 122 30
94 99 54
47 63 57
28 94 11
119 121 51
33 51 53
79 98 1
13 60 1
71 81 12
62 71 42
0 50 5
14 68 5
89 94 50
57 73 23
78 93 31
113 119 7
25 90 59
29 126 32
92 123 47
92 125 16
46 92 7
63 67 60
18 76 54
1 98 42
17 50 23
28 101 47
88 92 48
115 118 1
42 126 51
27 126 51
18 30 23
8 40 54
43 63 12
57 80 52
112 119 38
49 124 9
97 111 56
55 95 18
94 101 20
99 113 40
127 128 16
123 129 5
41 124 29
47 65 59
27 81 37
94 117 60
110 129 6
35 117 30
81 104 2
100 102 40
61 94 51
40 73 14
64 119 36
60 72 1
85 115 26
75 89 35
68 128 53
63 85 47
75 85 6
25 36 1
104 118 1
42 53 10
77 81 12
92 127 49
3 30 28
55 82 7
62 98 23
92 100 5
91 95 35
94 118 52
54 95 53
24 113 8
42 101 57
126 129 33
36 118 47
30 114 36
98 125 50
110 111 54
9 89 37
71 89 4
16 54 2
22 42 47
69 106 51
8 121 42
74 117 42
39 46 29
69 74 39
29 62 59
48 114 12
5 32 56
94 123 20
42 106 26
105 118 0
17 127 60
13 94 31
0 102 54
31 124 8
45 112 36
26 47 59
40 82 16
109 123 57
99 115 29
91 120 42
106 112 57
53 66 35
45 80 35
82 83 28
111 113 52
46 46 49
115 127 6
103 126 35
45 119 38
37 88 32
8 78 38
118 127 0
17 74 7
74 128 31
18 123 37
104 120 3
46 68 39
21 24 37
1 2 38
105 106 16
14 52 44
55 83 28
96 117 46
47 93 54
95 97 13
45 88 15
1 68 49
86 91 46
64 78 16
46 85 34
107 123 1
54 125 33
26 41 10
123 128 11
31 48 58
55 122 41
52 111 38
22 88 8
42 47 1
67 81 58
98 102 26
36 79 4
18 60 43
115 129 6
13 83 33
93 122 55
4 52 25
70 81 35
1 92 2
0 117 51
65 80 58
79 96 1
96 107 8
27 43 41
122 124 4
102 104 51
41 70 4
50 85 39
110 113 59
55 78 10
12 21 15
112 121 1
32 101 24
3 31 47
11 82 33
111 115 57
122 122 7
56 108 4
16 117 46
67 112 58
15 64 55
80 101 34
3 90 19
100 123 3
78 94 21
87 121 42
110 119 44
58 74 6
18 18 56
33 96 54
38 60 9
85 103 9
60 63 4
103 116 30
13 44 34
61 72 54
75 80 21
122 125 36
72 76 15
68 74 6
30 54 48
26 62 30
118 126 52
45 98 53
114 123 15
86 126 7
83 106 3
89 129 20
56 80 39
94 105 17
17 102 49
8 76 59
11 62 5
28 95 52
10 44 56
125 129 5
90 108 23
80 98 13
118 119 11
84 124 14
85 122 46
17 30 0
61 65 30
82 86 50
63 105 18
101 119 14
14 101 46
61 76 20
111 116 58
90 123 26
9 10 22
69 76 39
18 108 6
35 72 3
99 105 40
59 100 12
100 116 32
15 114 6
31 74 35
80 89 6
124 129 1
97 123 41
122 127 58
86 100 36
54 68 47
67 107 48
58 99 33
109 111 39
110 114 55
66 88 5
59 123 21
55 57 45
58 104 43
103 121 34
127 129 21
116 124 41
86 88 10
96 104 52
39 58 16
108 114 9
80 112 43
121 124 0
90 122 58
38 48 10
62 113 16
3 43 23
21 35 55
83 127 13
42 93 19
84 111 20
33 41 3
13 120 31
47 77 0
96 120 21
1 96 24
44 114 39
73 121 27
76 103 16
86 120 0
94 116 49
15 65 13
61 112 58
7 87 23
69 105 37
33 124 59
54 128 24
5 24 55
80 116 53
70 116 5
39 79 23
69 80 33
92 96 55
71 79 45
63 77 45
1 30 20
49 80 12
19 77 7
107 121 28
103 114 28
89 121 2
85 111 20
8 69 15
76 128 21
55 113 45
41 84 24
124 127 51
84 95 16
76 83 12
74 98 43
122 126 27
109 125 54
53 93 6
24 109 37
18 85 36
78 128 6
35 94 58
100 115 29
52 91 7
89 97 45
52 53 9
10 62 54
124 128 1
29 46 44
5 68 20
51 115 5
7 96 7
12 101 6
12 73 31
18 90 43
108 118 52
82 129 40
62 76 11
92 118 42
71 120 20
87 107 11
65 75 60
59 61 59
10 38 19
100 113 13
9 54 24
82 113 50
35 102 56
115 117 23
29 103 4
73 75 36
66 105 29
52 80 8
37 120 16
67 70 28
41 67 32
121 128 28
98 112 10
53 117 21
33 103 52
48 65 8
65 90 60
94 108 22
68 75 35
55 88 19
38 101 19
37 75 50
67 126 43
13 114 42
23 106 20
57 79 37
96 97 37
123 125 30
15 116 49
21 42 58
119 125 53
86 110 55
34 38 55
41 60 7
2 93 40
109 122 44
63 76 50
91 125 52
65 110 14
100 104 50
55 66 35
26 80 55
87 106 52
48 119 24
83 116 60
11 116 7
36 123 26
55 127 6
95 107 21
22 77 9
61 97 12
63 125 4
75 119 23
105 127 31
18 119 4
120 122 50
28 110 30
8 65 56
30 65 35
99 127 8
44 56 52
62 74 37
79 97 33
71 73 18
22 22 23
118 123 4
3 66 42
54 115 59
40 93 47
72 113 28
23 57 28
109 128 27
65 117 8
106 115 14
65 128 1
75 111 14
27 75 55
92 128 59
72 93 28
12 70 27
21 108 47
4 47 26
67 102 23
98 121 4
105 119 41
20 85 29
80 85 25
77 109 16
19 102 40
39 42 45
70 72 51
39 126 50
10 121 25
116 122 10
96 124 19
74 102 26
8 24 46
35 93 39
49 83 1
116 129 57
42 76 14
11 28 53
19 86 14
4 112 57
117 121 42
2 121 37
2 67 8
54 69 27
90 117 9
4 29 2
64 68 27
50 72 21
87 116 17
119 127 24
10 12 3
39 50 44
0 73 34
83 119 32
95 119 59
17 76 22
100 106 51
48 61 30
63 88 56
40 89 8
95 108 49
36 90 15
115 124 59
15 101 46
109 110 11
44 103 2
16 110 41
120 129 38
61 128 5
52 79 30
99 119 47
93 112 13
66 71 8
44 54 21
23 46 47
113 124 43
25 42 4
67 118 13
38 45 54
28 128 15
52 59 51
71 94 21
14 46 42
110 128 35
57 122 49
73 111 15
82 102 56
54 71 9
15 89 29
81 107 55
111 117 20
9 75 44
7 50 58
104 110 17
32 115 15
104 111 22
36 107 32
57 99 51
116 123 31
66 67 60
22 63 15
67 69 8
62 68 45
31 78 54
48 89 5
52 118 23
68 122 7
36 102 36
84 99 60
43 96 11
38 128 34
123 124 30
76 122 47
17 44 54
23 29 4
21 46 39
41 48 51
5 121 16
30 97 30
97 125 57
105 111 4
24 27 9
25 115 36
7 97 51
18 83 59
102 129 59
48 55 5
59 108 41
101 107 34
39 74 3
60 71 33
92 114 40
106 108 46
26 103 38
11 23 45
42 82 47
31 67 25
65 83 47
108 113 40
101 115 5
93 113 9
27 54 26
7 21 45
69 81 23
0 44 6
21 23 54
87 98 54
118 118 1
53 53 45
119 123 44
55 105 2
109 126 59
77 107 23
81 103 21
100 122 27
14 20 53
117 125 36
71 83 26
15 126 8
34 90 15
35 96 5
17 38 10
97 105 34
110 125 18
111 112 59
114 114 11
102 105 32
65 125 17
50 109 36
9 84 60
19 63 26
81 106 43
45 77 20
60 74 26
20 80 33
19 41 29
46 59 6
16 39 11
3 95 9
30 43 4
56 86 47
81 95 19
48 51 13
30 126 31
125 127 6
32 63 35
45 129 6
51 65 10
55 96 29
83 85 12
112 126 27
59 86 47
22 103 34
23 111 59
85 125 53
125 125 16
77 91 18
5 86 39
15 27 44
31 37 32
72 79 49
90 93 16
75 118 30
109 124 46
8 75 12
114 117 43
66 112 40
56 92 47
14 124 54
119 124 24
47 100 1
47 112 52
104 122 3
57 60 13
45 49 14
58 59 39
27 37 12
39 122 8
82 116 57
91 94 32
61 127 30
11 52 38
64 92 15
58 98 50
13 24 49
19 128 1
15 127 25
35 126 14
40 118 42
43 46 38
72 121 15
44 49 48
96 116 26
47 114 34
7 73 34
13 23 0
88 101 0
64 83 2
68 72 2
53 118 17
42 88 39
105 123 25
47 52 50
43 64 46
24 129 38
79 99 55
98 127 27
107 118 12
101 111 13
21 28 60
64 124 48
5 88 16
79 100 30
58 96 43
54 111 0
89 104 45
69 100 43
70 97 36
33 84 59
4 32 23
1 70 60
5 90 43
90 126 52
88 110 4
47 76 30
49 119 35
49 55 47
116 126 55
39 127 33
61 107 8
76 79 26
12 24 7
26 124 2
64 99 29
15 23 2
91 103 17
44 99 28
75 116 19
51 70 17
104 123 9
0 76 52
9 113 19
75 117 9
96 129 13
37 49 52
24 49 36
96 110 59
12 87 56
31 119 23
88 129 31
27 127 54
86 112 59
84 84 58
95 111 57
48 56 42
93 117 33
71 104 14
82 107 51
95 112 55
55 111 19
94 111 14
85 126 55
34 72 21
93 119 40
5 102 12
4 121 39
29 112 33
100 100 29
42 113 27
117 119 2
39 59 50
40 114 19
29 50 26
114 124 54
71 84 30
89 119 43
99 102 15
7 46 54
66 89 42
66 72 43
51 57 44
105 110 33
119 128 8
15 17 46
42 122 51
28 45 30
19 74 37
84 109 26
80 128 7
6 19 46
79 109 55
41 102 26
87 97 24
10 19 54
5 92 46
120 120 32
21 96 29
113 114 28
25 82 1
60 97 51
30 84 57
13 127 25
21 33 19
42 83 17
12 54 30
41 62 26
7 27 43
26 96 7
4 124 18
17 28 2
78 78 4
29 40 54
9 33 39
84 101 40
86 99 43
37 126 3
38 74 32
58 120 9
80 106 44
86 109 17
76 76 29
98 120 33
68 77 56
116 118 3
39 118 14
37 39 23
36 45 31
37 106 45
12 75 15
0 127 28
50 124 11
87 91 8
48 81 21
17 120 45
14 104 23
16 105 21
20 128 14
92 95 52
19 37 20
111 125 15
27 116 32
5 81 50
52 64 25
47 57 36
10 107 21
32 114 2
38 98 54
67 86 53
15 118 46
80 91 47
44 44 41
11 95 1
9 69 18
47 73 16
32 88 56
9 30 15
96 98 5
19 104 50
38 58 18
18 56 47
101 127 15
45 116 9
113 116 33
13 72 36
103 112 17
20 26 52
22 49 27
80 113 28
65 99 17
118 122 33
4 24 8
43 80 25
24 110 18
1 120 53
44 84 28
48 100 43
13 103 30
64 106 17
121 122 46
15 75 53
102 107 8
48 123 27
54 100 57
51 53 5
98 122 13
41 92 13
29 41 30
40 51 38
81 129 29
57 57 26
23 124 13
93 109 14
59 121 23
80 127 49
122 128 9
2 36 24
120 124 11
38 116 12
2 127 3
18 100 59
111 127 5
45 118 49
38 88 34
120 128 34
30 46 55
41 107 0
72 109 59
42 120 43
69 104 19
108 116 20
97 124 3
36 56 24
42 66 0
61 82 1
78 92 52
25 65 48
113 115 19
74 76 20
2 97 21
2 104 13
44 117 1
30 90 0
55 126 41
5 123 12
76 88 29
16 116 37
46 77 2
107 113 18
99 101 59
69 83 28
90 92 43
104 109 55
34 74 53
58 113 27
61 101 28
83 94 45
95 103 30
13 16 38
123 126 26
15 26 23
125 126 13
43 107 6
76 114 30
62 91 60
70 126 11
64 123 31
97 98 23
3 119 0
44 68 51
13 32 59
86 125 60
10 54 59
94 129 35
59 120 20
106 129 35
24 86 41
29 91 27
12 31 5
24 91 19
108 129 60
33 105 58
87 89 6
71 91 41
14 80 34
53 71 50
88 93 59
3 128 36
12 69 27
0 22 1
11 60 52
112 129 14
63 87 10
60 77 57
58 128 13
12 14 14
47 62 52
50 80 11
87 112 25
79 122 59
24 115 18
41 45 60
56 89 11
57 119 5
58 112 19
84 104 25
70 107 15
48 78 45
4 11 2
69 122 46
111 128 31
62 114 10
70 74 13
98 105 40
16 94 15
105 105 42
113 113 30
68 97 40
121 123 34
92 124 7
68 129 31
111 111 54
40 63 29
44 95 8
71 114 13
58 86 58
104 108 13
34 120 44
59 103 36
76 89 16
103 129 6
59 91 46
52 128 58
75 114 60
94 122 39
62 85 20
14 115 27
79 91 23
112 122 46
12 80 48
56 105 53
20 87 14
101 117 54
99 120 49
97 107 36
12 67 59
88 127 56
17 32 34
8 22 26
28 91 20
35 45 25
53 126 1
79 92 47
62 65 36
73 89 25
91 129 55
13 70 13
30 45 1
110 126 59
18 50 53
92 113 49
53 99 49
8 15 46
28 60 8
17 117 53
16 64 38
52 127 53
36 85 56
50 120 41
101 112 6
18 117 11
41 106 4
51 95 24
49 75 52
80 114 43
36 92 22
115 128 45
92 109 58
78 121 20
66 96 44
2 57 10
105 125 60
75 128 28
62 115 41
51 55 12
62 81 54
28 92 37
72 107 16
57 65 11
69 103 52
115 121 22
42 43 45
24 70 40
17 67 47
60 65 23
11 20 9
111 119 36
73 91 35
14 88 58
31 110 39
36 87 54
62 127 55
61 108 33
16 87 24
31 50 57
56 71 25
107 109 20
36 111 45
95 117 49
78 105 11
67 90 0
52 112 41
86 102 12
102 115 39
0 90 8
58 93 7
27 87 5
47 54 31
0 39 13
71 71 19
102 120 15
80 111 10
24 116 39
56 88 59
30 66 25
5 122 23
11 65 7
39 114 31
49 69 12
49 65 54
114 122 58
17 90 7
30 125 21
4 84 54
2 50 0
83 126 60
13 117 45
32 66 55
84 87 56
56 121 14
51 101 44
112 127 44
113 120 52
77 90 43
96 109 25
3 44 34
114 121 34
4 129 47
14 18 37
58 89 42
11 106 43
5 10 10
108 108 47
33 119 32
3 13 3
6 49 0
12 103 20
2 100 26
62 102 53
7 20 60
6 27 56
53 109 28
89 101 16
58 117 20
1 87 18
86 93 40
74 94 33
6 12 29
76 113 6
13 15 45
109 119 18
114 118 39
86 127 29
74 96 9
13 49 60
41 93 52
79 106 5
82 89 16
58 61 25
68 99 46
46 119 4
3 77 25
90 101 36
94 125 4
37 46 20
24 55 58
46 88 53
20 76 8
122 123 8
103 128 36
81 120 28
5 52 25
52 113 25
0 17 26
56 101 60
30 52 48
69 87 17
53 69 35
57 66 22
40 123 24
46 99 50
49 118 59
30 63 3
43 83 5
36 104 0
54 83 23
106 107 17
9 42 3
50 99 50
39 66 48
94 97 31
2 70 35
108 117 33
15 84 1
77 94 8
11 19 39
41 114 23
45 127 12
63 75 4
66 110 4
31 80 22
35 122 33
64 115 50
109 127 44
68 68 39
123 123 8
77 127 16
55 90 14
4 88 52
98 115 52
6 68 10
28 112 48
44 90 12
85 113 6
59 97 10
55 99 35
18 38 34
82 87 58
69 97 57
9 129 57
48 110 56
49 108 59
46 105 7
26 108 27
94 102 57
40 116 20
38 100 30
32 73 57
18 20 27
80 90 9
116 125 26
17 35 0
56 58 12
35 75 36
80 129 12
17 85 15
51 63 4
56 70 14
69 90 54
91 93 10
74 118 35
93 99 53
27 38 58
10 97 14
40 94 9
29 30 17
57 69 56
38 41 37
64 96 58
18 68 47
27 50 33
56 74 9
17 36 21
31 55 40
108 127 29
42 105 37
71 110 41
8 37 37
124 126 50
37 111 34
12 113 59
76 124 44
89 105 39
29 59 9
98 104 7
84 112 32
1 93 2
45 87 1
67 101 44
37 83 56
55 97 25
106 128 44
46 126 20
34 46 5
62 82 38
38 87 60
20 125 54
8 93 51
20 50 11
40 107 58
44 82 51
60 67 34
72 96 17
31 107 0
98 111 53
45 65 48
57 58 32
30 115 2
10 116 57
25 28 26
75 98 22
59 92 59
33 88 46
22 83 39
28 93 59
90 90 52
80 92 49
63 115 45
26 98 60
62 116 59
106 117 1
81 109 40
8 48 26
53 100 59
64 76 21
74 124 5
96 114 14
88 118 3
105 121 10
59 76 35
29 68 34
54 76 9
80 95 31
19 100 14
114 115 6
1 78 45
56 126 46
22 66 59
65 127 4
41 66 41
14 25 33
74 113 42
87 120 1
115 125 20
52 54 2
39 93 38
102 117 44
65 67 53
13 42 23
50 84 6
67 97 58
85 92 17
76 121 21
34 62 53
109 117 36
71 109 33
10 55 25
5 65 16
71 95 58
117 129 41
58 126 59
84 125 29
19 68 51
33 109 39
104 107 17
50 106 33
42 84 23
24 36 19
5 70 1
34 105 13
30 49 29
8 92 10
61 92 40
68 71 17
85 123 39
6 65 13
71 111 58
39 107 25
49 82 34
80 93 51
110 123 31
82 96 51
23 122 53
110 110 54
54 61 47
87 123 18
72 81 5
77 120 28
51 85 8
33 42 2
97 110 14
116 119 21
78 124 43
49 111 53
53 112 16
50 98 23
45 90 1
56 91 13
68 93 23
103 127 29
84 91 46
115 119 55
19 52 49
33 57 6
93 111 33
100 110 7
93 100 39
92 122 13
101 103 50
79 123 5
97 97 44
55 103 37
64 79 60
40 127 35
99 121 55
80 84 48
26 114 8
30 30 57
32 67 40
14 119 37
21 54 6
83 111 24
98 129 17
114 120 5
26 79 29
28 121 60
0 101 40
80 94 23
61 100 34
73 77 34
21 60 3
80 117 44
37 125 48
19 32 42
68 88 24
101 125 22
43 59 46
47 66 8
66 79 38
21 73 57
112 118 46
106 113 42
84 100 59
45 105 9
107 128 0
112 112 36
22 86 15
42 85 42
53 98 23
1 50 51
36 38 8
112 115 1
98 128 10
87 122 26
45 120 51
41 105 29
61 73 8
19 69 30
34 113 37
36 100 40
9 125 28
75 120 45
37 43 7
52 107 33
37 65 8
9 120 45
60 114 51
32 120 26
20 82 48
104 106 42
30 92 8
29 121 33
75 95 19
52 101 26
59 90 49
36 84 14
29 64 41
108 122 49
71 117 6
35 90 25
44 57 45
65 66 35
90 100 11
107 124 0
66 73 5
112 113 21
11 32 15
25 96 2
31 126 19
84 86 13
17 68 19
121 129 40
49 49 50
17 49 18
33 128 50
18 78 0
14 123 14
84 120 3
62 117 54
3 57 58
97 106 39
18 86 16
15 79 59
60 93 26
98 108 59
73 96 15
30 57 27
73 83 41
26 128 47
89 99 37
53 127 50
33 114 46
69 95 11
50 54 47
43 66 0
58 84 44
30 117 10
51 112 54
59 72 39
43 101 2
43 47 15
103 105 52
22 90 20
66 127 8
4 127 52
86 118 43
94 128 57
116 121 27
25 98 55
35 47 27
76 85 21
70 73 9
49 122 5
121 125 56
15 21 35
12 35 44
83 110 24
72 126 10
102 108 1
15 70 56
26 92 2
101 114 18
22 120 30
76 106 15
0 88 8
80 124 25
31 120 46
103 108 25
47 123 19
26 76 34
76 110 49
8 115 48
109 115 6
95 95 22
65 115 60
44 129 28
0 112 42
13 105 44
93 96 43
16 43 20
48 104 22
23 96 50
69 78 23
65 113 40
47 94 43
91 114 32
76 127 28
103 123 22
11 53 13
10 80 29
107 116 9
47 81 37
67 89 2
28 89 46
68 121 12
59 109 0
7 121 42
69 92 7
94 127 35
33 58 51
68 81 13
107 110 48
48 64 1
90 129 21
20 24 0
72 127 48
36 50 51
9 11 16
19 99 10
41 64 8
4 120 17
41 54 58
75 90 20
115 123 11
49 94 11
72 94 24
92 97 46
19 71 17
41 55 44
14 95 2
20 120 49
111 123 16
51 88 53
76 80 47
110 120 60
16 45 27
71 76 6
30 36 41
82 104 20
27 94 53
4 7 5
22 85 44
37 50 19
12 15 54
84 128 24
2 90 15
62 99 0
56 103 35
35 43 49
74 80 15
1 61 0
19 31 38
4 22 7
5 100 3
1 63 60
91 91 51
34 67 56
35 36 36
26 88 53
23 56 23
87 104 13
97 100 3
85 93 7
92 105 1
22 29 9
40 75 35
82 85 56
20 68 44
26 49 5
65 120 26
85 90 43
92 101 35
15 122 2
48 101 40
19 78 40
91 110 6
82 95 49
37 115 20
94 120 52
64 101 28
60 111 46
119 129 57
25 43 33
75 96 2
33 45 55
82 111 54
86 105 26
43 65 18
38 109 3
8 110 31
19 46 7
80 96 28
48 83 21
7 109 47
60 128 14
108 112 58
6 106 24
30 116 26
67 100 38
0 113 48
85 121 57
9 105 15
93 116 7
26 107 14
51 99 57
74 112 25
67 121 57
55 58 55
19 61 11
89 102 12
104 126 60
42 94 21
24 25 51
82 109 42
82 114 49
23 60 47
7 63 17
97 113 2
20 112 52
2 120 50
90 94 40
103 111 37
12 26 27
29 85 34
53 65 20
59 80 12
97 119 42
52 76 32
64 128 3
104 112 24
50 56 46
22 67 24
21 66 22
19 20 40
31 106 8
56 66 25
9 123 13
48 62 53
72 90 16
59 118 39
58 67 17
12 36 38
114 129 30
70 77 57
59 122 16
11 117 47
9 77 22
57 63 33
101 106 6
43 79 15
87 101 59
20 63 43
38 85 40
7 18 45
23 117 12
49 78 58
12 110 6
104 129 48
68 83 14
18 63 24
101 126 9
32 60 4
3 49 57
65 100 57
9 32 11
71 96 40
74 114 47
59 89 23
66 68 21
69 98 15
38 96 13
82 99 26
76 129 32
35 68 4
67 116 32
23 125 18
83 124 37
18 35 54
78 107 25
5 30 8
11 76 20
23 100 54
35 95 16
75 87 2
79 93 7
88 95 5
91 121 43
31 43 41
67 128 19
2 40 26
93 104 32
104 124 24
71 112 5
102 125 47
2 109 6
111 126 1
65 65 55
28 129 54
95 118 23
113 126 57
66 76 54
46 96 11
30 50 49
60 121 42
14 110 0
16 125 15
43 51 30
114 116 9
12 62 27
23 26 0
1 101 10
72 122 1
99 122 4
84 115 29
90 116 22
38 81 32
21 91 21
99 114 24
39 95 25
22 32 43
71 125 56
52 124 35
8 87 53
69 108 55
30 89 10
18 23 21
48 111 41
5 116 34
70 106 45
41 76 56
38 112 5
51 120 36
101 116 58
99 112 23
30 122 23
5 91 22
57 97 1
77 100 45
90 120 59
69 115 3
43 122 2
13 100 0
48 102 40
92 93 48
99 110 21
30 47 58
67 110 30
53 89 15
93 124 56
108 120 38
80 107 10
90 113 24
46 113 26
47 119 39
58 106 38
41 119 23
32 107 59
55 70 57
34 92 11
71 77 3
33 64 18
83 91 16
19 50 17
92 126 46
50 91 39
36 120 26
68 108 39
23 109 24
85 109 58
95 104 44
43 123 45
66 114 19
27 76 52
4 12 9
77 83 24
116 127 9
73 115 12
34 124 12
44 101 2
15 48 30
72 73 36
90 118 2
88 114 34
2 73 31
44 105 52
60 110 58
8 125 48
20 38 30
65 119 13
40 129 42
60 60 30
83 102 37
7 42 57
27 73 33
39 125 13
48 76 5
65 118 40
60 94 58
7 78 58
10 74 40
42 129 34
5 62 28
22 39 6
19 85 10
53 54 12
13 84 1
95 129 5
44 45 60
40 115 27
97 103 14
72 117 31
84 110 49
78 115 34
6 59 53
60 81 14
92 104 30
71 128 59
53 116 51
84 116 35
92 98 60
6 110 56
42 80 60
5 80 55
84 85 38
65 112 48
59 110 35
110 112 33
112 123 26
33 125 21
10 103 43
55 94 4
92 102 11
63 73 1
66 82 30
50 52 38
1 47 52
28 88 21
6 100 34
53 74 28
78 126 34
71 108 60
46 83 32
52 93 7
117 118 29
39 44 17
70 76 45
90 124 45
58 66 52
74 116 10
49 106 56
28 52 21
102 102 7
32 122 47
55 118 1
18 111 54
75 121 58
84 126 32
82 91 35
47 70 22
116 117 41
80 115 51
106 111 33
16 107 27
67 67 58
23 31 9
86 114 58
25 80 18
71 113 45
42 111 54
99 109 10
11 36 38
71 92 54
55 76 36
41 43 12
55 124 48
4 86 21
87 118 59
69 82 57
26 48 45
17 58 2
119 120 47
63 98 22
11 91 11
45 123 2
51 122 22
13 59 27
64 122 43
43 62 9
24 26 0
52 73 14
107 108 55
9 107 9
99 117 40
35 105 19
15 86 4
65 86 17
15 88 29
117 122 34
7 112 8
27 48 45
101 123 34
41 61 20
0 111 19
61 87 39
63 66 4
49 73 5
101 104 52
68 86 14
16 124 25
107 122 38
114 127 46
22 30 4
8 112 55
31 105 48
77 102 43
16 88 17
44 104 12
24 66 11
84 90 29
34 89 21
70 117 36
92 119 6
79 88 9
57 126 17
11 80 12
59 73 31
4 95 50
3 46 0
1 15 32
34 47 49
7 43 15
43 60 55
60 86 16
27 55 10
20 110 54
72 87 2
50 123 9
46 106 10
57 123 16
6 92 40
82 123 20
15 71 53
39 113 20
70 87 58
13 115 35
10 75 53
44 61 45
33 56 0
15 19 5
56 95 46
12 59 51
74 86 18
48 86 23
34 109 22
73 93 29
28 75 50
12 19 25
78 102 31
5 22 30
99 108 52
60 96 58
70 125 52
7 41 44
110 124 34
75 105 16
23 126 27
18 109 25
53 90 37
31 72 28
68 70 40
22 91 32
78 116 53
95 98 0
48 92 57
52 69 3
10 71 6
61 88 25
11 78 12
58 77 47
31 95 40
64 107 26
8 64 16
4 111 9
114 125 57
110 127 10
0 119 35
102 123 32
103 107 57
21 90 58
77 122 33
61 125 50
68 90 22
73 108 46
86 101 54
17 17 59
21 22 56
69 73 52
95 109 53
75 115 23
44 83 44
50 63 51
0 87 29
66 99 47
100 107 7
43 121 50
6 31 38
16 30 50
24 65 3
78 98 14
94 126 43
61 69 53
56 116 24
23 103 46
4 55 32
60 112 14
18 81 43
109 109 10
0 97 22
56 57 36
68 73 41
31 57 42
54 114 38
55 75 39
24 63 19
48 98 53
83 84 20
28 57 24
35 113 25
49 53 10
31 47 60
6 84 57
79 103 50
36 83 47
12 86 54
41 75 23
51 86 3
103 125 34
94 96 23
105 109 56
53 85 4
108 123 19
31 116 24
43 117 17
20 29 38
4 34 35
4 6 48
5 60 60
63 91 44
103 124 57
36 59 60
15 16 54
100 121 31
50 90 35
1 51 24
3 109 5
62 125 54
8 43 39
67 68 46
5 66 20
2 41 1
100 120 5
60 90 52
6 73 7
52 102 41
18 21 21
42 109 7
11 37 10
104 117 27
36 47 50
77 108 41
25 31 55
77 93 21
56 111 13
19 98 14
67 84 3
2 10 27
39 52 53
78 104 51
14 57 29
54 57 29
103 113 17
59 129 59
40 85 9
46 129 12
23 28 45
3 54 6
47 64 17
98 114 11
89 103 12
74 101 59
83 105 26
106 126 18
53 110 50
86 87 48
31 117 22
66 126 26
91 113 0
55 110 16
43 103 56
63 129 46
35 107 4
103 106 14
45 107 59
97 127 29
13 122 55
117 123 44
52 110 34
60 106 16
48 95 21
80 125 4
59 83 4
66 74 2
99 106 21
16 61 44
30 44 8
36 105 25
62 107 44
71 103 6
68 79 10
89 111 53
37 41 14
60 127 27
99 116 5
32 112 47
103 110 35
24 39 12
59 124 54
113 121 59
25 53 32
76 77 12
26 65 55
32 83 21
100 117 44
31 114 8
107 111 23
85 104 9
104 125 23
14 71 30
16 77 51
45 122 56
69 123 53
45 106 56
6 93 7
62 95 23
87 94 60
36 95 24
60 109 58
20 21 6
41 101 13
50 126 4
49 50 44
66 123 54
39 45 6
50 88 36
4 110 50
2 96 59
30 103 30
32 69 7
12 95 40
51 66 35
107 127 34
43 128 10
29 57 25
59 63 5
32 92 44
22 65 38
12 89 1
74 75 3
104 114 31
23 80 20
3 19 36
37 68 38
16 21 34
16 67 26
69 118 46
8 99 59
78 108 35
32 57 22
2 62 13
100 119 12
78 88 8
16 19 15
105 128 13
86 103 49
36 93 40
25 62 55
40 97 57
19 106 27
64 110 12
93 97 13
46 74 6
56 100 0
5 17 58
6 60 49
58 125 4
66 66 40
30 127 51
57 128 1
0 35 33
27 64 22
85 96 18
74 92 16
38 123 34
10 66 6
37 124 22
44 116 44
20 27 6
35 53 6
1 94 16
112 124 28
36 74 32
28 127 59
106 125 48
64 97 60
11 107 53
10 67 43
7 75 44
104 128 24
54 112 32
29 51 19
6 127 34
0 32 6
37 81 33
12 51 57
26 69 37
89 92 29
24 79 45
52 74 26
63 90 38
35 101 26
18 115 46
64 77 45
44 76 0
7 64 32
80 120 19
3 21 7
105 124 60
79 127 59
35 60 30
61 86 35
43 113 56
60 69 18
82 105 22
112 128 26
25 33 8
44 60 10
1 99 52
97 115 9
10 42 13
62 100 31
11 81 45
10 51 24
0 9 12
63 127 48
15 56 47
15 30 24
45 66 54
16 23 12
70 113 32
29 58 47
84 108 14
42 116 37
68 118 28
37 73 39
33 106 28
29 86 51
119 126 14
75 113 54
58 87 17
17 69 4
103 109 3
26 40 32
43 108 6
91 96 40
56 127 32
70 121 7
34 77 36
20 67 38
29 119 58
52 82 36
93 114 18
38 47 46
24 108 58
35 125 8
95 101 19
20 77 33
4 35 44
18 122 60
94 106 29
40 88 4
51 105 40
12 118 46
21 97 56
34 63 19
75 101 60
63 70 59
111 124 50
31 61 55
54 109 15
19 122 9
6 14 2
54 75 48
102 124 52
3 56 53
31 122 58
14 114 18
76 112 14
36 106 15
9 36 0
11 15 2
76 123 47
110 116 58
52 84 19
69 126 37
41 100 11
6 121 41
99 118 45
96 115 51
62 77 11
31 90 24
7 90 20
47 120 41
54 119 0
57 61 20
82 88 37
49 100 21
82 122 16
23 25 44
11 48 35
27 90 15
16 17 24
88 117 13
5 87 8
10 90 32
34 57 28
4 69 20
7 25 29
91 124 17
0 42 51
58 72 31
103 120 58
28 29 17
71 72 33
13 50 7
32 121 43
68 114 36
89 100 13
20 100 0
78 95 60
47 84 21
25 114 47
35 52 53
2 92 21
40 96 45
70 99 16
25 75 33
42 114 14
89 117 38
3 100 57
25 84 19
78 87 56
23 67 27
93 105 26
27 63 7
74 99 51
23 55 46
66 111 31
61 81 26
66 119 43
16 33 53
22 37 15
96 125 0
29 80 5
50 68 32
2 37 3
79 87 56
47 128 0
14 55 11
19 129 54
83 95 45
92 92 55
92 111 8
67 99 21
34 82 15
66 107 0
106 110 36
64 88 38
39 71 59
68 98 56
18 95 20
51 124 31
32 99 46
79 126 12
4 60 49
9 83 49
19 30 33
18 47 9
104 113 32
45 55 34
49 114 13
52 78 56
35 123 32
10 57 15
3 117 53
20 126 44
34 68 46
6 79 42
65 107 23
35 92 12
85 127 31
68 76 4
38 71 26
43 45 21
53 108 28
13 71 56
67 111 38
70 102 33
63 121 8
98 103 32
84 94 58
88 108 34
81 111 18
3 89 46
15 33 5
62 126 36
12 60 26
6 71 32
27 32 28
84 121 35
107 129 25
10 76 53
37 59 36
17 97 36
66 109 41
14 117 4
89 115 2
0 80 38
23 45 31
76 126 40
54 118 8
54 92 29
49 103 35
19 22 44
3 16 35
50 75 54
1 55 56
48 60 25
29 127 12
88 97 4
88 122 31
9 38 8
70 78 18
76 78 5
9 72 38
102 114 21
53 57 23
0 38 6
10 43 15
79 83 18
57 94 45
25 112 44
74 89 53
39 56 45
36 96 47
94 95 32
101 113 18
39 108 41
31 82 16
113 128 35
80 80 37
54 101 8
70 108 29
56 63 17
85 105 33
6 85 29
65 76 59
35 110 41
47 82 12
4 39 31
14 26 43
25 128 36
30 94 53
30 129 51
19 113 1
15 57 4
77 77 57
8 120 10
93 110 3
56 65 26
64 64 13
82 90 50
79 101 26
75 126 19
91 128 47
68 91 33
4 76 21
53 97 42
51 64 3
7 49 11
97 108 9
50 97 0
30 42 14
73 99 53
26 35 3
91 97 38
61 109 42
70 89 23
2 118 53
98 98 50
52 104 13
50 78 47
62 94 33
0 107 37
88 91 57
6 102 19
7 33 2
32 74 55
36 44 4
51 127 52
79 85 58
3 107 58
105 122 13
59 102 27
65 126 8
67 85 19
60 83 19
60 100 15
23 30 16
89 122 33
62 70 17
79 117 50
43 124 50
64 127 21
53 56 55
17 80 29
56 102 23
107 119 7
95 127 0
35 77 57
17 26 40
62 104 7
4 109 32
34 76 44
100 126 42
43 84 55
17 46 28
44 126 54
82 103 20
3 76 44
53 55 48
78 112 4
44 58 16
7 17 23
40 113 3
16 55 42
93 126 32
10 111 33
11 113 30
45 76 7
66 87 8
24 104 37
2 65 27
0 86 29
4 93 0
79 95 33
41 121 39
49 116 20
19 40 32
60 88 14
79 128 51
83 83 47
40 48 30
82 84 17
104 105 5
12 45 26
70 109 49
30 120 35
22 122 4
54 80 56
13 29 30
89 96 25
6 126 60
48 124 9
10 68 0
38 50 11
94 113 46
3 41 58
83 107 32
29 66 18
90 121 35
55 93 40
37 74 41
20 86 0
21 87 35
51 72 41
19 125 37
9 103 35
23 90 19
57 127 45
16 18 41
24 54 56
82 128 27
6 52 2
4 46 21
10 124 14
3 40 1
102 122 25
24 123 43
17 96 25
47 83 12
38 78 29
69 86 1
8 91 9
78 90 38
54 81 32
74 103 6
71 87 5
15 67 57
102 121 49
73 113 11
75 122 24
45 95 14
51 75 0
69 88 3
55 114 46
95 126 60
91 99 23
43 115 7
30 108 48
66 106 37
61 118 50
96 105 32
91 102 43
42 117 55
42 108 53
102 103 30
18 29 53
1 79 22
39 39 29
8 55 30
11 57 18
51 129 10
3 81 27
85 95 28
83 128 39
19 120 19
3 53 34
21 43 25
107 107 18
4 96 32
43 102 15
107 115 38
90 98 42
10 125 2
38 68 9
49 72 23
11 56 43
88 120 8
65 78 51
11 128 58
83 93 17
48 112 48
94 124 39
57 101 42
114 126 1
58 68 36
101 121 21
102 106 17
2 66 48
90 95 7
44 59 15
14 116 36
20 104 45
93 106 42
96 111 49
2 45 57
66 86 3
90 103 3
19 45 23
48 117 11
85 87 40
30 53 52
9 100 6
51 103 9
7 29 41
45 121 42
70 129 48
32 58 53
22 115 32
78 114 6
39 120 16
45 59 8
103 103 50
61 106 24
45 62 11
67 120 47
90 115 22
39 76 43
98 117 10
16 35 30
12 84 30
35 83 32
8 10 35
15 24 33
105 108 29
45 70 34
54 97 60
29 120 27
29 52 38
30 75 59
109 113 52
85 129 39
89 127 49
2 111 38
72 83 48
88 119 40
51 81 31
109 114 5
18 48 17
5 97 29
77 119 36
75 88 60
69 75 18
5 51 53
83 123 15
23 127 45
2 87 58
12 17 2
51 84 42
64 104 5
56 113 13
35 82 54
2 23 52
14 33 60
4 57 42
21 117 24
7 60 39
72 100 25
71 123 34
113 129 13
11 110 16
108 111 41
100 114 20
6 95 56
18 82 19
42 58 15
4 94 39
20 55 52
28 98 3
81 126 35
52 63 34
83 117 59
64 80 49
51 125 1
98 118 45
15 55 10
37 127 4
51 128 29
94 109 49
6 123 0
59 107 57
13 68 16
69 72 2
80 109 39
12 100 44
50 65 23
46 102 0
118 128 9
50 59 51
30 112 55
17 111 29
48 71 4
72 89 57
74 127 30
72 116 24
71 129 51
53 67 34
66 81 43
58 102 38
31 125 46
84 92 40
108 110 57
1 97 19
76 94 10
44 52 20
3 104 44
73 103 0
46 58 15
63 110 6
3 78 34
7 111 9
101 122 49
14 29 58
31 112 58
106 124 8
52 97 18
12 83 29
63 79 46
61 75 56
54 124 55
35 71 58
11 102 21
78 103 33
15 94 18
77 113 34
55 115 56
116 120 2
44 46 6
7 71 59
34 114 47
79 105 21
45 84 30
97 116 29
15 42 13
23 118 39
92 107 55
54 84 12
33 38 52
14 90 20
50 71 30
58 105 57
48 106 14
37 71 46
70 111 1
86 117 32
31 94 21
23 84 51
59 75 52
50 89 9
112 114 51
64 102 27
22 94 30
99 107 36
39 77 55
100 109 20
4 13 30
56 77 46
91 123 33
69 124 52
20 95 0
90 102 42
18 118 13
19 64 20
105 114 49
85 120 1
48 118 38
108 125 57
66 129 9
76 86 57
33 55 1
49 99 21
83 86 50
31 127 55
28 30 30
6 34 37
22 110 58
9 66 17
18 116 15
0 29 53
24 68 22
56 118 37
44 53 11
23 94 56
41 116 56
13 82 23
38 53 53
37 93 41
0 18 35
95 115 29
20 108 10
29 124 58
49 113 45
69 107 58
50 73 34
64 100 43
91 106 37
43 98 26
20 56 37
40 64 48
4 23 31
49 96 41
29 70 25
16 85 4
93 108 24
59 115 54
39 73 30
118 121 33
63 99 21
15 38 5
58 58 7
25 51 9
84 118 1
72 118 24
77 105 58
61 124 46
4 53 23
100 125 0
19 112 36
74 100 32
92 112 44
73 98 2
53 58 46
23 61 14
24 74 27
42 81 28
50 66 56
86 97 52
1 19 55
54 117 48
57 64 54
57 112 58
77 84 27
15 41 40
41 94 48
10 26 1
77 98 41
45 61 47
21 51 54
29 97 56
18 113 56
12 102 43
33 53 8
9 116 38
26 32 9
1 24 14
92 121 39
0 31 1
74 79 53
10 118 25
23 41 51
39 43 0
88 128 20
63 117 20
26 44 26
81 122 6
73 120 42
5 31 56
78 109 0
45 117 25
25 30 20
56 64 39
43 55 52
34 85 25
57 96 5
79 84 25
19 87 59
25 45 20
87 88 14
75 109 26
3 35 14
11 16 45
68 82 0
53 77 37
3 25 19
67 78 39
16 25 39
69 69 16
67 103 49
2 58 24
67 93 21
40 110 16
59 104 47
54 78 47
85 118 15
64 126 14
85 88 51
45 72 57
35 64 36
0 71 46
7 26 30
81 97 12
5 13 24
65 79 58
91 98 33
81 119 30
41 41 14
9 79 20
117 117 30
1 18 39
26 52 28
22 113 19
32 84 23
18 80 9
25 86 12
106 121 36
82 97 50
6 111 28
9 9 45
1 85 43
6 61 31
35 58 3
100 108 14
19 26 8
43 129 6
68 113 57
81 113 47
82 110 24
71 90 15
60 101 22
26 101 11
23 85 26
117 124 45
19 29 0
44 50 51
24 37 3
87 96 9
24 89 11
77 92 29
51 126 25
91 119 4
16 76 20
46 111 28
18 31 44
8 86 45
66 122 25
30 81 27
21 93 59
40 92 9
62 109 16
24 92 29
30 38 45
65 106 18
23 73 10
0 12 38
23 66 29
76 98 25
62 120 33
74 81 59
25 100 29
10 83 2
53 61 30
21 101 45
64 129 60
50 121 44
8 81 12
45 63 44
9 114 33
87 93 14
24 75 21
2 46 30
39 55 46
68 115 3
24 96 14
40 70 54
80 102 53
21 115 3
35 39 49
35 57 9
87 109 38
60 76 23
26 54 34
103 115 36
60 84 21
10 63 4
23 98 56
18 57 15
47 108 17
83 122 27
25 111 51
69 101 47
37 101 2
11 67 40
68 126 49
91 111 51
70 100 58
28 100 3
55 128 19
9 26 33
73 81 11
65 129 47
3 85 10
4 102 22
67 71 47
9 85 26
97 120 60
73 74 14
90 109 58
72 88 37
78 106 36
76 96 12
66 91 33
62 128 39
5 7 47
5 15 14
17 63 46
12 91 54
12 49 28
96 119 27
15 66 19
91 107 53
76 105 34
34 36 27
21 105 14
58 97 15
9 65 59
1 53 49
16 91 52
29 67 60
52 52 1
87 99 49
8 104 4
23 54 23
5 82 5
99 103 17
12 127 24
21 86 10
82 106 48
56 85 7
11 96 35
30 104 46
26 105 12
50 102 36
15 106 36
55 62 8
40 121 39
61 104 13
1 125 39
14 19 51
77 85 4
96 126 53
73 112 8
0 118 22
98 107 59
13 31 14
17 33 22
14 30 34
77 96 39
91 117 0
16 118 22
110 117 9
26 83 49
14 89 26
48 48 43
38 89 7
81 94 7
66 77 34
79 113 9
25 124 25
2 21 44
31 69 13
5 34 29
5 115 10
88 102 21
7 56 43
26 87 49
35 38 47
49 70 44
38 113 2
18 37 57
2 89 52
57 106 2
7 108 44
20 35 51
4 123 17
34 125 56
38 77 18
13 97 21
100 124 1
96 121 20
19 80 20
110 115 47
52 86 14
28 81 36
73 87 15
14 14 47
23 38 24
5 77 17
23 81 26
65 72 38
51 87 20
20 116 57
11 54 24
24 32 19
5 118 50
79 94 1
61 123 4
106 106 33
22 99 8
80 82 25
28 97 6
15 49 26
82 100 38
40 78 55
13 129 5
101 108 12
1 7 60
27 74 17
23 83 28
48 52 41
2 116 26
4 41 48
57 93 52
53 120 16
99 124 36
82 101 31
10 21 42
25 74 13
86 96 45
37 82 43
63 106 48
1 54 7
65 97 50
9 73 23
3 127 44
88 88 58
11 104 4
83 109 27
1 32 59
63 68 28
3 122 6
35 73 7
22 57 36
14 83 22
33 90 8
98 99 35
82 82 32
6 21 4
55 91 41
29 43 17
18 72 15
37 42 8
15 115 38
19 25 21
27 41 45
23 24 52
7 69 60
20 37 45
8 68 2
39 41 44
37 128 12
27 102 56
17 82 26
3 75 6
81 128 18
1 110 59
65 84 47
89 113 44
15 15 39
16 57 51
71 121 14
57 89 35
79 115 40
54 90 9
78 129 42
76 95 53
23 35 6
11 79 23
115 116 34
90 105 37
19 57 38
49 84 27
41 50 32
66 98 29
13 123 58
19 109 23
37 123 36
41 111 24
50 60 50
9 14 50
21 129 19
60 87 60
46 128 25
38 91 4
16 79 30
74 111 20
56 115 57
39 116 33
6 88 18
22 71 2
61 89 19
72 119 27
8 49 45
72 77 55
18 32 33
66 80 29
43 95 40
90 91 1
65 108 42
58 63 22
13 21 15
85 128 16
85 116 7
29 83 55
58 121 47
28 61 10
28 104 56
77 123 34
13 37 51
25 99 5
75 86 44
40 52 13
26 29 57
14 72 58
9 94 26
81 89 35
65 98 25
91 100 15
48 115 37
88 100 7
43 111 19
84 93 51
18 128 46
21 26 18
113 117 26
40 84 47
47 71 39
29 78 22
87 126 46
58 119 31
6 82 6
113 125 35
13 39 31
5 76 51
57 62 1
21 72 10
36 88 22
12 33 36
19 93 14
31 96 41
15 39 60
75 127 46
59 127 38
81 118 52
21 71 44
98 101 33
35 51 29
39 83 45
18 110 27
97 128 59
17 108 31
68 125 20
58 122 16
19 88 47
60 117 4
3 39 12
64 84 39
7 100 0
93 95 2
96 122 33
40 122 34
26 30 17
67 72 22
81 90 22
31 87 49
62 108 33
67 104 51
36 109 29
8 84 8
66 70 48
102 118 20
76 101 6
28 65 38
3 129 24
96 106 13
23 27 30
76 115 44
13 27 60
91 105 45
3 62 45
22 128 46
4 80 22
20 23 52
14 15 12
61 62 45
8 26 14
51 71 21
91 92 22
72 115 55
60 70 21
28 125 25
60 91 34
67 74 38
17 91 35
39 70 60
0 21 12
42 48 44
31 81 33
53 128 41
48 120 32
19 70 5
61 98 6
80 86 17
45 86 12
4 25 60
28 31 23
49 88 50
88 106 25
86 121 49
20 53 26
64 86 11
27 111 47
71 100 9
85 107 49
17 22 10
38 54 32
55 89 39
53 63 48
70 122 9
46 90 16
43 71 56
25 32 49
58 91 36
84 122 10
33 39 18
94 94 25
2 68 48
10 32 42
35 98 13
45 114 52
76 119 55
27 93 23
13 75 6
1 113 6
9 126 13
7 8 14
58 83 10
43 69 33
89 116 19
65 96 29
29 125 6
56 72 56
60 124 43
85 102 4
61 71 4
28 120 37
67 114 23
19 118 34
8 56 34
16 122 29
55 121 4
85 101 55
0 96 44
6 67 41
97 109 38
11 90 9
38 51 33
64 93 59
34 129 40
75 129 55
78 118 55
20 81 40
0 64 6
39 82 19
64 108 1
32 97 25
2 105 3
60 120 21
12 96 1
92 110 59
89 126 54
15 97 37
52 72 30
85 100 24
36 49 22
77 111 31
38 70 15
34 115 31
96 102 8
9 13 29
48 82 60
77 128 55
3 11 44
27 67 0
32 59 48
45 45 33
36 43 16
11 88 15
14 69 4
13 18 14
9 97 36
70 128 21
32 118 16
16 109 50
11 84 35
11 50 22
14 111 33
61 119 31
75 78 4
54 88 54
48 77 16
4 117 37
10 96 58
36 40 31
52 120 31
67 82 18
55 129 23
61 99 46
11 87 19
26 27 28
40 103 45
19 47 38
91 118 20
45 96 42
82 119 58
20 122 39
33 82 49
32 106 57
11 27 26
43 105 33
38 67 41
29 90 39
26 46 30
71 82 41
33 46 37
41 69 53
16 100 6
40 71 48
46 94 50
66 104 38
9 41 12
58 115 1
41 78 49
9 20 27
50 87 25
30 95 34
77 114 44
12 114 54
29 69 56
66 120 9
21 126 32
98 124 30
49 66 58
4 116 36
54 123 48
17 41 41
74 84 37
15 95 41
99 100 57
40 104 14
10 108 47
41 80 5
88 112 27
57 104 57
45 56 50
4 78 50
61 96 58
34 99 16
16 46 42
29 49 31
4 19 57
27 96 20
7 30 42
60 78 0
1 34 42
10 92 60
105 115 21
11 73 50
9 98 29
64 116 44
47 67 6
15 29 1
30 93 28
29 32 23
75 77 39
101 120 11
1 6 41
83 121 45
29 98 36
61 77 60
59 113 34
26 99 52
24 67 38
21 56 33
98 109 14
3 91 15
8 96 35
105 117 33
47 79 18
103 119 28
12 66 6
41 46 55
10 100 52
6 64 57
1 23 22
93 120 9
43 94 16
31 118 3
32 100 53
3 125 48
34 52 53
56 73 24
10 113 26
54 108 50
62 64 43
42 97 12
0 63 33
11 42 57
45 125 40
17 57 36
57 109 41
39 84 7
6 45 38
28 32 55
50 110 50
10 72 56
78 117 36
25 97 44
28 68 27
57 86 60
37 112 11
47 53 12
81 124 20
57 125 53
75 76 39
10 14 46
85 106 58
69 84 43
24 60 56
31 56 4
22 124 42
53 101 51
37 105 33
93 128 14
38 56 0
16 96 18
3 47 21
50 74 37
42 107 58
78 81 7
35 108 30
1 58 34
80 118 57
84 88 13
47 106 34
9 23 32
68 109 2
9 76 19
97 117 11
58 92 4
66 125 41
78 100 19
106 123 53
82 124 53
105 126 59
95 124 14
9 70 24
23 44 3
2 71 18
63 120 5
6 43 0
31 46 14
108 128 38
95 122 9
85 108 15
1 31 18
1 74 7
70 88 12
88 126 4
19 27 24
42 51 2
40 69 2
24 73 51
0 75 58
27 125 23
46 75 13
31 66 41
1 91 8
5 25 17
1 56 28
22 54 44
59 98 34
10 20 50
34 50 59
44 94 5
18 99 10
48 122 19
17 78 59
71 118 12
72 111 40
23 104 33
43 90 20
101 102 28
84 123 47
28 47 16
22 96 19
1 103 10
92 115 46
41 122 12
8 33 55
11 29 1
68 96 20
12 76 24
55 102 44
4 81 17
19 38 55
5 112 2
36 108 36
55 84 51
6 41 56
16 104 24
22 72 24
34 75 36
3 18 19
54 106 57
30 74 7
34 94 6
32 70 14
3 64 52
25 127 57
24 121 49
8 95 15
45 64 12
93 121 8
56 83 4
12 28 56
20 61 54
91 104 20
22 129 3
5 108 32
28 46 38
44 96 40
33 40 46
19 73 26
2 51 17
49 97 24
7 23 25
35 86 4
64 105 22
19 34 49
12 30 25
77 80 7
62 88 39
40 67 8
97 129 55
10 85 41
78 85 20
58 114 49
30 68 1
54 64 59
17 81 4
48 90 33
53 129 21
96 127 41
14 106 53
49 115 0
64 85 2
3 8 50
74 107 55
58 123 46
12 78 29
107 120 29
6 33 60
14 128 22
84 127 2
19 116 53
16 58 7
89 128 51
15 129 20
56 78 34
24 56 51
81 86 17
28 34 42
78 125 30
74 108 0
74 104 36
49 117 57
23 32 45
8 51 10
114 128 6
38 86 37
54 59 49
70 103 48
58 62 20
80 105 11
70 96 58
30 91 31
18 22 49
36 89 2
2 84 3
69 125 41
22 112 16
29 129 50
39 111 34
93 115 23
42 92 15
38 39 43
113 123 4
43 57 36
54 91 23
18 24 20
48 57 27
14 98 48
1 16 54
87 127 59
99 128 34
41 115 14
37 79 21
13 30 54
30 88 19
2 112 19
54 129 3
48 85 45
50 62 37
53 121 54
61 78 51
8 77 37
67 98 3
70 112 11
6 20 56
11 118 38
16 56 20
82 92 39
25 44 4
81 98 51
1 3 0
68 69 20
33 81 24
66 95 22
5 98 23
22 127 27
22 51 3
58 79 6
23 115 49
33 91 56
82 117 37
71 99 40
63 97 57
34 40 50
39 78 3
1 42 9
51 54 20
47 113 3
54 126 57
9 86 30
66 100 30
22 104 56
35 97 49
45 126 15
2 5 53
66 116 15
80 103 46
64 89 15
15 110 17
9 45 55
19 36 6
52 71 3
15 47 35
56 104 43
80 123 46
55 120 47
31 33 56
23 53 46
86 111 4
34 84 32
37 67 19
85 114 46
54 102 27
71 122 14
46 97 25
22 53 50
8 11 51
17 23 49
53 59 6
4 105 22
53 64 19
3 86 45
37 64 15
11 72 29
17 29 11
47 69 44
43 89 60
50 92 17
1 89 14
97 104 56
26 112 53
36 103 53
79 118 10
71 97 48
79 110 21
34 61 49
3 67 20
44 112 54
84 103 35
45 92 23
93 127 43
4 51 21
45 103 37
52 60 60
56 110 51
65 103 1
54 87 43
108 121 51
22 40 6
21 29 20
60 126 4
106 114 17
40 53 29
24 41 38
81 127 25
64 125 9
78 97 46
0 47 1
101 101 52
1 95 29
87 115 52
35 116 37
63 86 3
5 8 58
46 49 47
70 114 36
39 49 3
56 98 40
24 122 29
48 75 52
41 52 22
102 127 60
60 92 25
63 102 31
15 96 13
0 53 37
27 123 59
59 66 22
97 102 47
38 62 37
62 119 42
50 82 18
24 127 39
72 74 31
40 47 39
59 114 39
15 36 4
17 114 28
86 94 18
85 112 35
68 120 26
27 109 50
51 109 45
28 118 14
65 122 11
36 117 59
5 39 33
27 101 8
68 95 51
33 61 11
25 87 1
52 125 60
4 48 53
13 46 13
53 111 24
12 58 25
37 98 40
31 38 55
22 114 52
6 55 28
32 76 53
27 128 56
33 93 54
16 72 21
75 91 37
21 69 59
67 91 27
96 118 1
6 105 34
62 105 45
95 106 59
35 114 47
62 66 5
51 98 30
59 84 12
16 114 20
93 123 30
24 111 30
79 82 21
53 122 33
59 68 27
30 123 31
8 94 22
46 55 36
35 46 10
24 28 56
14 77 45
38 64 26
54 73 34
44 106 14
35 40 33
73 117 44
3 97 24
44 67 7
16 47 35
46 48 41
30 67 27
57 118 53
31 99 60
20 75 27
23 43 24
55 119 52
15 73 23
25 72 38
49 102 47
33 97 1
2 128 54
46 101 38
45 97 12
40 99 5
34 79 28
75 82 3
76 107 20
0 68 29
44 73 10
100 129 27
85 98 42
19 53 56
53 113 30
53 125 49
17 34 2
49 110 32
58 129 38
59 81 18
60 82 23
26 51 10
42 64 21
10 109 57
25 55 34
63 122 37
69 70 55
69 116 50
62 73 16
23 77 57
98 113 22
0 79 13
39 68 21
31 31 56
75 106 25
6 87 47
45 53 18
12 29 58
23 65 46
46 82 3
46 72 47
27 113 47
70 120 35
39 57 7
14 108 50
4 20 0
32 34 24
30 119 36
25 120 28
81 116 38
95 110 25
0 41 21
6 50 20
87 87 56
44 74 33
13 121 13
76 108 20
86 124 30
89 109 46
91 116 53
0 123 46
29 101 25
70 90 33
52 56 20
65 104 22
26 74 54
65 93 19
64 70 50
3 17 0
74 85 21
2 108 26
47 115 13
28 114 26
41 47 18
81 82 11
6 22 0
46 121 32
48 126 8
84 114 9
33 78 30
72 114 21
59 64 0
23 102 13
108 109 10
30 71 2
49 52 16
19 126 21
40 41 12
26 116 15
38 80 57
41 44 51
39 123 36
49 127 36
2 22 33
15 98 59
24 71 17
38 102 6
55 92 25
17 107 60
3 108 30
71 127 12
81 123 55
72 103 47
38 125 59
67 95 24
1 76 0
13 20 21
34 121 60
16 62 11
10 128 46
33 34 50
65 73 15
32 128 35
8 73 13
71 101 42
95 105 31
80 81 39
89 98 52
109 118 17
35 70 41
14 100 6
76 118 42
1 115 38
15 60 28
42 68 34
18 25 6
78 86 9
31 104 31
42 100 7
64 72 13
48 84 45
10 99 23
5 26 44
15 113 5
11 35 4
68 85 6
29 42 49
25 59 17
5 43 1
17 95 18
15 28 59
104 119 19
5 44 19
52 109 41
54 85 40
34 70 53
2 43 13
56 94 30
86 104 56
60 99 51
92 108 31
18 103 51
58 107 31
49 95 20
0 81 28
0 52 51
32 98 3
5 40 12
83 96 53
81 92 54
49 76 1
1 43 19
26 126 49
74 91 42
57 83 3
25 118 23
51 52 16
6 53 26
99 125 21
86 122 33
22 101 26
77 99 26
20 70 59
91 112 12
88 96 16
18 97 1
29 94 30
77 117 44
41 65 47
90 128 39
109 112 0
30 101 8
11 25 30
74 83 13
98 100 6
41 49 32
28 63 27
2 48 53
36 119 58
63 107 1
18 74 8
57 70 12
13 92 52
73 95 55
5 79 33
27 122 48
4 108 7
75 110 33
16 34 41
63 119 34
19 56 42
29 39 55
7 125 21
37 47 28
48 50 39
7 74 6
23 116 7
62 87 34
8 50 8
82 127 49
5 54 17
70 80 53
42 50 55
65 85 9
44 93 34
81 101 22
24 124 28
55 123 23
24 77 33
61 95 22
70 95 0
68 87 29
49 61 38
60 62 40
3 124 31
15 31 51
66 103 36
20 111 27
90 107 36
95 123 12
50 77 47
13 64 34
13 51 13
81 91 58
7 77 24
17 47 4
11 49 12
51 104 29
43 104 41
17 125 53
1 124 36
66 97 16
83 113 5
76 99 54
86 119 25
66 69 2
51 123 27
89 120 56
26 111 18
88 99 8
45 69 45
24 48 20
17 66 45
45 101 24
43 50 12
20 84 9
39 51 46
4 67 32
76 82 12
22 87 16
9 35 35
37 113 36
54 98 27
81 117 42
40 66 60
40 125 7
49 54 9
21 95 28
3 65 52
102 119 8
58 64 29
42 59 46
102 109 8
79 86 9
10 31 32
57 71 55
7 101 36
14 126 36
61 129 4
31 53 40
4 21 42
73 106 33
11 108 30
83 125 33
8 31 12
43 116 7
13 13 9
36 71 0
50 94 45
40 128 33
46 57 8
17 19 6
97 114 53
71 74 22
6 56 46
4 8 30
33 94 50
25 78 9
29 36 39
18 28 26
64 117 2
12 106 50
64 91 45
8 20 58
54 58 21
23 99 38
21 85 56
49 112 18
23 36 4
90 97 17
34 122 43
59 126 45
5 109 15
7 88 13
50 53 7
38 117 43
42 124 28
71 115 28
77 126 38
1 57 14
9 117 35
15 119 59
8 105 3
55 86 54
96 96 50
18 101 55
73 119 22
3 69 24
49 92 51
18 54 19
19 51 37
49 58 59
54 66 39
5 89 10
24 82 37
84 96 43
57 117 28
54 67 20
32 87 9
77 95 39
57 121 48
87 113 38
61 113 0
53 105 40
31 34 55
12 85 34
19 62 12
47 102 34
14 97 30
8 21 14
43 77 24
38 49 21
41 72 40
52 115 9
17 64 24
51 61 15
17 24 53
87 92 56
34 54 45
4 101 40
79 111 23
13 63 1
84 119 49
19 39 1
10 22 55
105 107 39
21 82 48
20 113 51
19 124 60
35 88 21
14 54 32
6 24 23
8 35 58
8 79 59
67 124 51
16 83 52
46 98 11
13 36 13
32 37 12
39 86 9
23 119 22
63 123 46
10 115 54
40 117 29
22 97 33
7 128 20
46 86 30
55 64 20
0 26 49
53 107 43
5 9 56
40 56 28
23 70 38
17 84 31
46 115 13
78 99 21
31 36 36
70 71 47
9 88 32
72 99 57
31 52 36
54 127 34
8 111 11
102 112 17
39 104 22
60 113 8
94 112 8
10 27 7
12 56 55
20 99 45
12 72 30
46 76 28
7 83 0
63 112 11
40 55 4
33 100 51
37 76 6
26 127 12
48 105 3
5 103 37
32 96 24
60 89 36
43 78 10
82 120 60
37 45 24
56 82 39
70 86 10
100 101 9
4 115 44
61 79 16
50 116 20
27 66 22
68 119 1
27 56 43
73 116 37
35 67 52
22 59 2
45 82 48
57 68 59
0 60 40
15 45 35
29 79 21
38 83 41
37 44 60
36 60 34
32 42 39
68 101 39
49 60 50
34 56 11
20 34 7
48 70 53
3 24 16
8 118 53
37 89 52
42 96 30
100 118 58
102 126 50
57 116 60
18 34 22
15 52 46
14 47 40
2 129 42
18 124 24
63 100 45
20 52 49
33 33 34
95 125 18
46 61 31
40 80 16
47 74 25
43 49 36
42 125 31
21 89 16
18 33 29
50 96 58
31 64 57
6 25 56
40 50 38
56 99 55
64 87 7
35 99 1
3 50 57
0 23 51
4 68 27
26 50 20
19 110 12
20 118 43
61 80 14
49 101 6
46 117 16
45 81 40
74 105 47
73 90 23
40 54 25
51 110 25
50 83 27
68 112 0
46 84 5
19 90 39
34 118 55
92 116 18
29 117 40
57 113 53
43 86 41
56 114 31
17 21 42
2 94 2
20 101 32
19 103 28
56 128 18
35 61 6
9 52 22
44 111 1
29 107 21
21 103 22
96 103 18
59 78 34
105 116 20
2 101 2
4 28 37
39 105 2
50 55 52
78 122 27
12 23 46
54 121 40
86 115 12
74 122 17
83 89 27
28 40 30
63 93 59
11 119 1
7 19 30
74 87 36
30 70 11
12 44 38
66 124 59
10 84 29
85 94 18
46 122 22
72 112 28
23 123 5
6 7 12
86 95 50
35 87 18
36 110 45
27 115 53
73 124 40
76 125 23
53 72 44
17 103 0
83 112 19
34 64 22
47 116 30
14 42 27
5 47 30
35 55 25
15 74 19
29 118 32
40 61 18
25 109 36
14 127 54
38 114 5
11 121 1
21 120 21
27 71 0
90 112 9
11 114 17
22 76 14
5 69 57
18 125 49
9 12 60
34 86 49
10 61 29
52 81 1
46 80 36
71 126 27
83 88 23
18 51 47
50 93 32
12 25 52
38 63 1
24 78 52
13 88 22
106 116 45
94 107 33
88 89 41
38 122 15
10 112 26
24 94 60
64 120 60
31 58 25
58 110 2
76 87 43
6 117 4
31 115 15
3 15 58
17 92 34
41 108 36
100 127 54
97 118 32
66 101 48
87 95 15
76 109 44
20 93 21
13 73 32
25 57 47
0 92 19
17 121 36
16 95 3
24 117 20
47 103 14
65 69 2
20 22 8
82 112 40
74 77 40
0 33 58
55 61 17
0 20 25
78 96 35
48 67 31
54 79 47
21 98 21
12 27 7
71 78 59
36 115 24
72 102 26
25 108 1
33 85 37
67 129 31
10 29 33
60 125 25
15 54 56
60 61 56
26 89 0
38 126 20
93 118 33
14 28 14
45 93 38
7 84 7
21 121 60
80 122 30
83 104 2
77 86 0
42 90 4
57 75 31
66 94 44
44 124 14
24 100 41
23 78 59
67 77 16
17 27 14
17 104 38
59 74 52
38 52 57
31 63 59
5 27 37
2 25 1
1 102 39
25 41 31
8 103 35
28 41 12
21 62 35
41 58 25
81 110 49
10 30 53
28 111 39
13 111 23
72 80 30
25 121 44
29 72 16
31 77 31
49 51 15
37 48 24
40 91 8
84 105 44
81 100 50
78 91 47
53 94 54
25 95 19
36 98 22
24 59 3
33 115 2
43 70 7
22 43 28
23 75 10
75 112 37
95 99 35
29 84 9
23 82 44
34 119 0
73 107 8
28 74 7
14 59 56
47 125 9
91 126 30
70 118 45
39 119 57
4 107 0
88 113 51
14 61 45
29 87 26
44 122 26
1 9 31
48 129 2
23 64 55
70 85 0
36 61 11
35 63 21
104 104 58
46 125 48
5 64 30
32 123 53
37 86 53
62 80 43
9 16 28
35 103 14
12 94 56
24 118 6
52 119 60
20 117 56
40 68 28
65 95 3
62 78 34
19 33 47
81 88 22
48 54 30
9 67 17
44 85 35
26 81 28
48 73 52
4 103 51
1 48 40
50 79 13
79 107 22
12 90 58
79 125 51
10 81 56
25 125 44
28 56 44
98 110 41
1 73 28
81 99 20
14 16 5
31 71 5
37 84 45
1 111 48
35 118 27
108 126 17
8 71 2
17 71 16
11 44 13
6 83 41
42 69 18
79 124 34
42 115 40
3 72 2
10 28 32
25 101 58
16 80 33
17 18 17
79 116 54
44 88 16
40 124 4
45 94 13
21 64 35
86 128 28
38 69 3
5 126 27
10 40 5
105 129 59
94 115 26
34 48 29
18 93 14
36 54 51
77 110 46
71 93 24
50 128 48
5 94 0
72 123 40
2 86 52
32 111 55
16 74 12
45 99 46
71 88 14
64 65 23
0 54 60
6 114 11
70 84 32
41 120 29
49 71 54
69 85 40
4 18 6
96 123 5
49 87 54
70 124 42
69 114 3
49 123 17
46 118 8
34 78 44
6 103 34
87 103 48
29 74 59
39 92 55
19 101 2
79 121 58
72 91 24
80 99 26
48 80 2
75 94 23
38 107 43
42 73 26
30 48 46
6 23 34
63 92 13
81 85 46
25 29 53
30 110 8
62 129 16
21 53 20
81 102 45
64 114 1
81 84 44
111 118 51
3 96 33
4 91 53
28 71 4
66 108 21
59 70 34
106 127 48
55 109 2
56 117 7
13 65 7
72 110 23
47 87 33
52 87 8
63 64 33
46 91 26
70 115 16
9 48 31
26 85 26
4 30 57
32 105 44
11 77 15
31 42 59
15 93 47
51 67 16
3 51 18
42 119 1
20 62 30
0 104 34
20 65 44
33 70 34
30 96 24
78 113 52
108 119 54
60 116 14
23 50 39
65 88 27
30 121 52
72 72 24
92 120 58
85 110 21
84 129 11
6 118 9
3 88 56
62 83 39
69 119 41
19 48 58
73 129 15
69 117 0
53 106 8
31 88 58
14 82 1
68 110 11
29 71 55
39 129 45
39 65 37
31 92 33
8 109 30
96 100 40
69 121 48
33 104 60
3 55 6
67 92 9
87 119 6
22 98 58
35 37 30
44 55 54
26 118 47
13 66 14
61 117 5
44 78 38
18 91 53
58 90 19
31 86 50
67 87 18
4 58 17
41 53 12
37 37 6
36 67 46
95 116 37
67 79 41
57 129 31
1 69 3
34 93 59
9 109 44
38 82 16
4 100 55
24 88 18
27 59 44
68 89 55
29 65 7
26 68 53
7 114 12
1 25 23
24 57 1
70 83 38
10 65 51
0 59 52
16 103 39
5 107 20
16 70 1
76 93 47
12 124 43
36 81 27
24 81 40
21 38 44
61 122 38
40 111 5
60 115 57
10 10 21
20 42 2
1 14 51
30 100 37
20 123 12
52 94 37
19 89 57
35 54 37
45 74 23
39 69 38
44 123 44
54 60 47
10 35 29
59 62 44
39 61 13
85 117 51
21 107 20
20 54 7
60 119 51
18 61 16
70 70 3
33 108 36
83 120 60
61 91 3
39 60 36
1 20 37
40 95 33
49 120 52
75 104 15
88 103 55
90 106 28
22 61 13
90 111 60
29 48 48
22 50 27
57 95 39
8 123 18
59 112 60
8 58 57
53 114 23
59 128 6
25 119 43
90 127 16
51 113 55
31 41 32
17 37 22
2 78 19
75 108 29
8 107 3
46 79 27
37 85 10
13 69 7
22 95 32
69 110 44
5 38 56
77 88 16
67 122 41
37 63 55
2 122 5
5 48 14
16 128 58
69 129 18
26 102 18
65 109 42
16 97 45
62 90 53
59 105 53
63 104 32
41 85 18
57 114 30
5 42 49
41 91 35
21 111 37
7 110 17
12 79 34
26 93 13
1 119 10
27 72 43
52 103 5
38 127 57
49 109 1
2 20 24
4 104 20
56 124 44
34 112 56
38 65 42
68 78 37
63 124 39
7 91 49
2 91 24
59 88 15
43 110 19
7 58 37
30 40 29
43 92 4
20 115 25
30 80 53
28 80 60
58 75 8
75 93 50
7 31 11
22 26 57
7 99 58
7 54 20
35 89 28
36 99 2
25 35 18
17 52 9
41 96 42
20 60 14
79 114 23
40 77 13
69 79 29
4 126 16
70 93 34
46 120 28
50 51 57
10 25 8
50 127 10
36 57 22
94 110 13
12 39 34
48 94 22
33 48 6
11 115 22
34 80 21
12 82 42
62 121 30
42 63 26
20 47 47
39 64 42
112 117 34
28 55 31
97 112 48
73 102 52
45 58 7
25 40 50
5 29 44
39 48 17
43 91 41
24 102 2
36 101 50
30 58 55
46 70 2
5 67 14
6 32 35
24 80 16
56 69 7
76 120 36
4 118 31
31 103 33
36 75 40
94 98 23
47 59 54
44 108 25
26 38 52
30 61 46
50 115 9
64 103 16
78 120 34
103 118 40
24 40 24
11 71 48
51 121 19
19 65 40
53 68 59
61 66 9
23 108 30
76 104 41
56 122 55
45 54 42
62 92 55
80 83 17
26 26 9
18 69 11
61 111 6
51 97 48
40 98 8
64 73 34
11 74 26
47 91 18
48 93 48
57 85 50
20 71 28
0 126 41
29 53 2
41 57 48
49 98 46
39 99 45
13 108 0
87 102 48
14 87 26
55 74 53
69 127 53
13 118 16
50 86 13
40 60 33
44 51 43
47 97 25
66 93 41
19 119 0
67 96 10
82 98 16
2 119 54
52 105 38
14 85 39
87 110 60
14 99 59
10 18 13
48 96 51
32 65 18
29 114 12
63 84 59
24 50 36
20 127 20
14 35 19
12 46 35
20 114 47
17 116 31
17 56 27
52 106 16
71 107 36
17 53 35
3 102 43
48 116 55
50 103 3
13 101 48
28 108 36
20 129 50
80 87 44
12 42 59
13 79 19
37 102 35
26 34 2
21 79 28
50 76 45
32 53 2
54 105 38
32 79 20
23 93 11
60 105 21
73 80 6
3 52 29
32 91 52
6 119 28
56 59 27
55 106 13
42 121 10
91 122 4
28 103 58
43 74 13
4 38 49
13 41 10
9 90 25
33 87 46
67 76 28
8 47 45
6 94 39
68 104 36
22 62 32
57 108 47
8 70 27
26 106 31
13 81 20
47 51 3
43 88 25
27 117 34
28 84 37
62 111 36
53 86 34
53 75 53
14 44 23
66 121 48
44 81 35
30 113 7
24 120 51
10 88 21
47 117 42
35 74 31
10 101 30
17 59 16
38 95 10
59 116 52
79 79 1
57 90 1
25 85 6
25 110 57
36 37 58
22 123 17
54 82 5
21 122 51
24 46 52
9 95 51
2 85 10
7 66 22
28 123 29
45 68 47
52 85 56
1 121 20
27 103 59
65 71 11
10 64 2
23 120 13
32 49 15
24 33 18
62 69 28
18 79 47
51 60 21
57 103 8
88 107 60
6 75 55
40 102 1
73 84 18
39 103 6
22 69 12
44 89 3
11 124 42
36 94 42
28 28 3
48 74 28
44 80 15
22 36 14
36 124 2
52 68 31
5 96 14
34 59 51
36 68 9
10 58 45
41 74 55
5 12 40
1 12 56
26 36 33
14 67 13
47 124 23
68 117 17
40 42 57
20 39 31
95 128 48
9 80 26
9 18 4
81 87 19
0 0 15
43 54 4
9 115 29
93 101 30
26 82 42
1 4 21
32 64 24
88 121 16
9 15 27
48 125 51
1 72 59
7 57 31
74 82 10
39 100 13
0 8 46
62 72 18
1 81 35
29 104 57
88 98 54
48 113 35
46 51 9
2 2 27
38 99 9
11 11 17
11 83 47
7 59 49
67 125 46
78 84 45
12 93 31
65 82 36
60 123 3
24 99 39
28 37 46
26 117 15
7 127 51
25 104 6
25 91 36
13 125 33
49 90 33
35 129 44
1 117 37
99 104 59
54 74 58
63 83 26
37 60 51
25 64 30
35 111 16
89 112 29
40 119 18
81 83 21
43 43 46
38 76 16
38 84 35
77 115 22
37 55 1
43 99 6
49 79 38
45 75 22
25 73 1
45 60 34
35 91 18
33 63 56
45 83 24
7 107 42
33 117 35
56 67 40
6 15 17
62 122 21
9 50 27
62 103 15
34 102 26
18 75 58
25 81 50
93 129 16
94 119 15
22 58 12
18 84 18
20 102 44
23 42 30
42 99 10
61 93 12
19 84 47
106 118 22
35 65 1
10 70 15
50 104 33
2 15 40
9 62 56
29 108 48
12 41 28
86 92 28
39 87 41
72 104 36
14 125 35
33 77 59
33 65 28
27 84 22
42 65 39
68 92 31
16 120 11
14 102 25
14 31 10
77 124 33
29 109 54
60 129 7
60 122 51
2 27 39
102 110 16
22 106 5
28 107 45
46 107 6
62 112 18
62 123 24
1 84 7
91 127 19
12 121 23
44 64 45
98 123 52
51 91 24
62 89 33
45 115 1
31 44 2
37 129 42
23 62 50
26 125 21
13 58 48
55 81 37
33 66 48
31 121 27
32 55 10
9 101 4
3 3 59
33 107 5
11 89 37
34 98 42
63 80 39
14 48 43
70 104 11
74 119 16
90 114 41
13 106 55
3 84 53
51 117 58
23 34 18
0 110 3
4 42 42
57 78 30
8 74 28
57 98 2
22 68 26
12 81 32
22 70 38
51 106 48
29 88 43
32 71 41
31 100 44
57 67 56
26 119 24
74 74 9
30 109 43
8 128 13
76 111 59
9 19 44
1 80 12
66 115 25
22 102 20
7 28 9
17 101 11
34 35 29
89 90 41
63 71 52
0 99 44
4 89 41
8 82 11
30 34 25
81 93 15
83 118 41
40 49 35
7 40 23
26 53 53
12 92 10
36 65 14
39 96 53
45 104 24
40 86 54
23 112 30
30 37 51
16 52 52
1 59 30
57 77 29
44 77 45
30 102 3
12 105 4
42 104 13
1 28 9
19 121 22
11 40 47
16 108 30
12 64 36
44 119 41
75 100 13
56 79 26
31 68 15
82 94 24
80 88 29
15 37 7
84 113 30
75 102 38
27 104 45
39 117 9
85 91 56
28 96 57
12 37 10
24 106 57
42 118 45
28 113 19
64 111 6
25 129 51
6 36 30
21 61 42
15 58 2
80 97 53
77 112 36
31 59 37
34 97 43
4 72 12
51 108 42
47 89 60
101 110 1
47 68 44
53 119 19
39 128 25
48 108 23
44 115 7
55 73 38
14 107 21
62 84 36
47 107 12
11 97 1
74 115 52
54 96 4
22 105 54
80 110 19
17 55 13
27 82 26
3 115 45
8 18 51
17 94 8
31 91 58
32 126 35
36 42 15
52 83 35
59 60 18
9 28 12
11 39 29
18 44 32
6 39 32
54 113 55
3 118 10
0 55 27
109 116 20
19 35 19
58 82 40
58 127 23
62 67 5
59 106 37
73 97 36
8 106 15
35 56 58
11 111 51
28 86 9
58 103 30
11 127 48
47 110 36
7 38 4
0 94 58
30 73 4
21 81 50
48 69 3
4 99 22
41 125 58
74 93 51
47 49 58
102 116 54
71 119 58
42 103 9
47 75 42
38 106 15
62 118 41
38 79 51
10 91 1
43 114 38
7 105 1
1 27 49
26 39 59
74 125 21
30 83 10
1 33 41
16 119 41
2 60 11
65 92 43
83 97 56
93 93 40
50 64 22
30 128 24
41 79 9
75 123 57
8 101 49
3 99 27
87 90 30
60 118 54
20 79 7
26 33 28
38 119 9
51 69 42
8 8 13
3 74 52
41 123 0
1 21 40
89 124 3
103 104 23
90 99 9
51 94 14
52 129 23
47 122 13
0 85 53
66 92 12
24 61 21
15 20 42
55 104 31
59 59 58
107 117 21
3 114 58
3 33 32
24 112 53
28 87 53
62 96 50
76 116 22
65 70 4
44 110 48
38 108 36
48 109 10
32 47 55
48 53 10
30 105 36
68 107 18
36 70 60
53 81 22
92 94 24
24 126 22
68 105 29
22 48 28
26 109 32
59 96 20
86 106 47
74 97 36
36 53 5
42 91 14
35 35 53
22 117 30
41 90 11
24 51 10
46 103 5
38 97 51
67 106 8
79 102 44
4 128 18
30 51 26
49 128 43
85 89 7
8 23 28
61 68 53
19 67 35
13 17 59
11 68 38
16 127 19
9 22 24
7 22 19
31 108 43
56 129 51
56 109 19
69 120 50
18 53 43
9 121 45
34 128 44
8 36 22
32 104 5
62 79 30
12 128 16
36 114 21
27 53 54
26 66 24
73 118 57
11 17 59
1 116 4
75 84 50
23 71 10
73 125 51
48 49 57
18 59 56
34 116 32
67 80 55
30 56 58
86 107 18
79 120 40
66 113 4
2 49 0
25 63 52
10 102 34
60 68 38
65 91 51
2 77 15
67 105 31
33 98 0
35 112 38
44 91 2
86 116 29
30 60 3
89 110 43
44 113 47
7 103 6
31 101 16
2 63 0
2 79 39
68 111 44
19 94 2
16 27 28
1 35 9
8 29 16
26 91 20
11 34 15
12 34 45
88 124 20
41 110 54
6 107 54
33 47 39
12 119 29
28 48 19
21 106 50
20 28 32
38 121 56
6 98 44
50 129 13
89 106 52
6 47 11
30 72 17
15 102 60
41 117 28
29 76 10
47 55 13
16 53 33
33 80 5
37 56 0
76 92 37
57 102 53
62 110 60
23 97 12
25 77 12
63 74 58
100 112 18
3 22 31
17 75 0
78 89 27
80 100 21
23 88 60
48 121 58
47 129 3
46 56 35
51 111 20
78 111 21
50 69 59
95 100 50
8 63 37
44 75 13
63 89 50
77 103 4
43 48 0
38 73 46
17 89 1
1 127 16
69 94 33
13 77 40
93 103 4
26 78 5
47 92 19
63 69 39
23 114 20
27 35 50
100 128 57
20 64 9
56 93 14
36 127 50
35 42 51
27 114 20
26 86 42
43 44 15
11 100 51
7 35 27
54 116 5
18 62 40
19 79 20
77 79 45
14 79 28
78 110 13
8 100 35
5 105 26
18 114 14
72 108 5
54 94 14
36 121 22
1 38 41
21 59 7
20 40 55
95 114 6
83 115 18
33 35 42
64 71 54
39 124 5
45 47 10
19 76 59
40 79 28
45 89 3
10 110 13
82 125 5
73 78 57
43 72 14
28 42 55
11 70 58
57 76 54
65 94 17
12 55 45
40 83 30
48 72 42
21 45 4
24 52 14
38 124 29
35 50 11
2 61 1
73 76 42
42 87 8
12 74 34
36 69 42
58 65 57
83 103 21
15 18 20
71 124 29
30 69 29
35 127 52
21 68 52
15 82 32
55 100 41
77 89 14
38 105 58
22 23 43
25 83 48
60 98 32
29 54 54
49 67 52
43 53 58
12 117 5
74 129 20
42 67 11
28 117 46
37 58 39
74 106 33
41 86 23
41 68 17
9 119 38
98 106 4
13 112 11
15 92 16
4 37 23
21 119 4
58 94 18
62 86 30
8 32 17
41 56 54
50 122 42
10 59 42
61 126 24
40 101 29
36 116 41
43 58 15
11 51 16
38 38 13
42 52 50
36 41 29
10 56 55
73 109 21
22 119 16
57 59 1
4 70 2
5 46 43
44 65 14
50 119 35
72 97 27
26 115 48
7 76 0
74 110 24
21 84 42
70 82 57
41 118 42
37 69 45
35 44 14
12 120 38
47 60 40
10 106 26
13 87 58
33 52 58
36 52 47
40 109 41
17 39 1
19 28 1
19 92 14
41 129 41
7 89 38
15 100 0
18 27 13
38 115 3
33 92 4
79 104 7
31 97 47
73 92 24
63 101 38
26 31 10
25 49 43
38 61 27
29 106 44
72 92 58
16 84 36
20 83 29
28 44 26
86 113 36
33 73 6
63 78 50
59 65 23
56 81 23
18 41 60
58 109 56
24 119 53
30 124 38
22 75 18
57 84 19
21 31 58
31 70 14
23 23 36
42 89 42
57 107 20
80 126 25
71 85 16
9 122 42
39 75 36
16 71 55
24 125 1
54 120 45
75 79 8
57 110 36
5 93 25
3 120 40
43 112 3
39 80 15
27 47 35
66 75 50
18 120 16
30 78 40
39 115 9
2 28 0
40 87 36
40 76 45
50 101 48
9 53 59
23 49 38
11 101 10
8 116 35
20 121 52
68 102 17
76 91 32
26 95 21
30 31 14
72 106 47
11 94 2
14 53 4
44 92 43
67 73 33
6 28 54
21 52 58
49 89 33
36 62 19
23 68 49
72 85 8
18 121 43
1 123 44
45 67 54
37 97 57
1 65 54
68 106 8
11 122 26
19 115 2
23 37 41
7 123 15
73 79 18
81 112 48
24 105 53
5 117 26
35 121 37
11 43 3
30 59 50
26 121 15
21 30 16
27 70 53
94 104 12
54 89 0
40 44 56
12 40 6
9 57 3
32 129 21
31 128 37
20 109 18
33 37 5
33 89 53
74 121 59
49 121 32
84 117 59
73 86 17
4 4 25
95 102 24
2 103 56
54 103 35
69 91 46
21 58 32
9 59 13
16 75 56
4 87 58
61 70 27
37 104 22
92 106 38
31 93 5
59 69 50
13 57 52
53 60 3
64 74 23
56 76 36
24 42 41
2 110 34
82 108 36
66 90 5
22 121 53
77 101 59
27 106 5
1 5 27
32 40 5
0 72 26
29 38 47
35 104 31
9 124 2
21 99 41
61 64 45
31 40 56
32 61 34
10 86 52
63 96 55
51 68 39
5 78 15
39 47 60
11 47 24
42 61 47
35 62 58
78 83 17
13 33 28
13 102 56
61 85 4
22 79 4
63 82 24
16 86 45
78 82 0
2 98 52
40 126 6
17 106 53
27 85 29
14 103 59
25 61 57
40 112 41
86 90 22
46 71 45
14 58 0
64 75 57
29 113 0
85 119 1
21 78 14
11 129 34
20 91 44
49 81 21
62 97 20
27 60 37
47 95 16
28 73 47
6 104 43
9 106 51
67 117 35
39 98 51
50 81 54
3 28 21
69 71 32
26 28 31
70 94 10
28 102 57
73 100 18
8 80 13
47 98 49
14 37 36
59 95 31
59 67 36
4 9 33
3 83 46
22 52 15
52 100 29
27 105 1
4 106 43
88 105 5
5 128 51
51 93 41
46 60 59
72 124 2
6 18 28
60 64 51
91 108 39
16 126 60
4 40 34
14 73 10
5 111 50
56 75 44
42 98 1
22 33 58
75 103 15
46 124 28
22 84 31
54 122 5
39 94 14
2 13 42
59 85 51
82 121 40
4 61 8
7 72 53
81 105 32
47 90 0
53 102 15
21 63 57
7 102 24
49 93 10
81 115 32
27 99 4
28 51 60
71 80 33
13 85 25
34 107 38
21 34 25
6 97 9
13 90 17
25 103 30
3 27 5
74 126 24
33 54 20
43 81 14
0 91 47
92 99 44
10 41 57
21 128 34
60 107 56
59 111 47
52 90 18
28 64 50
42 74 24
85 97 16
83 129 2
84 98 16
48 103 22
38 92 28
68 100 53
42 127 33
42 49 45
8 57 60
27 91 39
10 129 50
54 54 28
35 66 31
1 107 16
0 115 22
28 36 47
21 127 28
3 121 34
34 55 46
34 49 45
58 85 33
54 99 0
26 123 20
43 127 35
2 99 18
8 44 0
16 49 48
0 57 10
43 100 54
63 109 18
25 60 1
56 96 51
28 70 18
14 129 24
44 66 28
10 11 9
1 86 10
9 112 21
59 87 33
19 82 5
86 129 29
67 83 51
45 71 8
78 123 12
37 116 52
40 58 47
34 110 45
60 66 5
14 105 50
52 117 42
13 116 46
19 91 15
61 116 29
5 74 36
5 110 14
37 119 20
49 68 53
20 72 38
70 98 20
32 72 10
2 88 28
77 118 59
16 16 1
20 106 52
29 93 1
67 127 49
1 105 35
7 55 45
56 87 13
12 71 30
58 71 20
26 84 23
24 98 26
57 92 46
86 89 4
31 102 17
27 80 51
93 98 13
45 91 27
34 51 51
5 83 27
51 73 37
11 21 22
58 60 58
34 108 31
9 61 8
11 85 56
34 87 41
19 55 48
0 93 55
43 52 27
3 111 50
48 127 28
28 66 25
12 123 40
72 128 4
10 77 34
56 125 41
8 59 33
68 124 50
29 82 15
6 122 60
55 117 43
51 51 8
59 99 28
43 87 23
0 109 33
25 106 15
42 75 25
73 94 9
15 103 56
94 103 9
63 116 51
5 129 8
0 69 28
36 78 37
8 127 48
3 105 50
32 35 30
27 29 43
57 120 0
19 43 18
78 101 4
14 56 16
69 128 51
31 123 58
23 113 1
92 129 17
44 70 49
2 117 1
7 113 27
51 78 34
46 93 42
0 103 5
55 80 17
7 7 9
31 35 11
49 129 1
56 90 53
35 79 38
62 101 50
63 114 13
52 67 48
16 28 44
28 126 18
43 85 55
19 105 6
74 95 39
34 83 0
67 113 5
86 86 7
26 64 29
8 13 4
29 31 48
88 125 47
2 17 52
20 25 44
12 111 6
19 81 2
58 95 37
44 98 42
15 40 40
28 72 4
67 123 15
63 111 36
10 16 13
42 102 24
43 125 49
29 37 20
16 42 14
53 73 56
1 1 23
48 63 12
76 100 46
23 107 22
46 116 16
3 103 28
21 27 57
24 53 27
82 93 49
11 41 35
18 58 8
77 121 23
6 48 34
61 114 43
6 42 42
24 45 7
64 118 38
6 112 6
19 83 46
9 82 3
6 116 32
20 20 8
8 72 36
4 5 37
68 103 54
2 64 5
26 97 44
17 123 10
8 90 21
36 122 27
37 103 31
7 62 12
73 126 51
3 23 48
1 128 55
55 112 28
70 127 2
32 51 11
5 41 43
38 43 26
27 52 5
30 85 16
51 77 6
20 57 19
3 68 8
71 102 39
9 64 31
19 97 36
33 118 20
65 89 15
0 61 20
83 114 21
37 95 5
43 126 1
17 86 33
58 69 39
13 74 38
53 104 3
35 128 36
0 11 6
14 86 53
18 65 18
16 98 34
19 108 16
56 123 21
35 106 38
2 55 39
8 19 43
34 60 56
26 61 48
58 80 2
51 58 3
29 29 9
61 61 56
16 51 36
45 109 44
29 115 7
4 90 5
20 59 29
2 82 1
73 110 19
2 80 45
45 110 42
49 86 40
65 116 13
65 77 31
22 60 49
2 4 42
7 122 10
6 69 8
13 104 15
21 123 51
21 116 15
60 73 50
35 78 56
63 72 53
0 124 4
26 55 7
32 94 52
18 66 32
3 116 39
5 23 50
33 110 59
70 92 24
20 74 59
26 122 8
41 113 36
9 43 3
77 97 24
16 90 7
0 65 15
36 51 52
39 90 47
8 42 18
55 59 44
18 88 45
88 111 48
87 100 54
29 61 41
20 105 55
15 51 6
91 101 1
52 114 34
42 56 0
1 82 13
20 45 10
38 42 4
44 121 39
8 34 18
50 100 42
25 34 16
101 105 28
14 22 47
6 44 35
17 48 12
51 74 31
5 73 21
42 46 42
45 52 41
14 121 31
70 105 13
0 28 19
12 16 55
69 102 27
1 36 10
2 114 46
33 95 20
16 69 11
11 22 28
3 14 44
0 98 1
43 68 24
23 128 29
55 116 21
23 74 27
67 108 55
29 92 46
14 45 21
34 88 59
57 87 0
32 82 9
6 38 43
18 96 7
42 72 52
50 112 7
2 14 46
45 79 23
4 49 37
38 103 3
49 104 53
21 94 1
58 100 51
10 37 18
55 67 44
37 110 59
15 83 60
8 60 56
28 58 27
11 93 23
43 82 23
73 114 17
16 65 18
32 93 30
63 63 1
30 118 33
41 63 42
75 97 43
31 129 44
20 48 7
4 33 19
55 55 35
59 71 51
14 64 53
85 99 10
0 13 12
35 69 15
65 111 49
9 34 52
44 120 14
62 106 55
9 92 55
6 109 44
16 113 51
25 67 43
8 114 49
41 73 2
12 129 15
2 39 34
4 54 10
64 109 20
44 100 17
9 60 38
65 68 15
64 67 17
7 129 16
0 120 43
29 56 11
18 46 45
1 11 43
20 90 36
71 98 50
34 69 15
44 109 5
4 73 46
10 33 50
2 107 9
0 51 32
85 86 31
60 104 8
22 64 58
1 75 12
18 70 47
15 35 50
10 48 12
52 88 45
52 65 58
14 96 22
60 103 43
19 42 56
62 124 41
18 129 31
0 70 52
106 119 12
50 67 20
25 54 52
31 84 44
6 74 12
13 62 29
7 65 19
42 60 24
79 89 23
76 81 7
21 125 54
51 102 23
52 98 11
28 90 51
9 128 5
5 6 8
13 56 60
47 101 41
6 10 27
7 37 14
0 40 35
5 58 53
47 47 59
3 70 22
19 111 8
5 63 0
56 107 60
5 45 42
39 85 39
29 99 54
25 69 29
55 77 55
9 51 11
30 35 37
47 50 46
73 122 24
18 45 51
8 117 43
34 66 4
14 70 23
37 61 1
2 52 41
8 45 4
47 121 3
32 95 45
74 120 27
35 76 8
89 89 12
15 53 42
76 117 27
61 74 22
13 38 0
38 93 28
9 17 32
20 31 11
17 77 49
78 119 16
6 96 26
21 80 25
37 100 13
55 56 60
24 38 16
11 30 48
0 125 56
32 108 53
46 67 17
7 119 47
33 129 36
6 78 47
7 53 2
55 79 11
43 119 27
34 65 33
55 85 37
4 44 8
31 85 56
61 115 17
14 66 3
7 16 44
36 66 58
19 58 38
7 81 34
12 116 15
49 91 1
33 99 38
30 39 23
11 109 57
46 114 42
53 82 21
24 83 35
2 74 28
67 75 5
5 119 45
47 78 37
17 42 12
11 45 54
12 126 40
75 125 23
1 45 53
10 23 26
92 103 21
90 119 55
77 106 13
18 49 28
11 64 52
8 46 31
9 118 56
13 61 6
5 75 60
4 113 58
8 54 32
52 123 11
7 104 20
24 35 55
49 85 22
18 112 56
21 110 33
46 108 13
5 36 45
17 31 57
21 112 51
51 114 9
10 45 37
56 112 42
37 78 36
39 72 6
66 84 14
12 20 9
53 103 0
66 83 57
45 100 9
0 105 13
35 80 40
14 32 19
63 128 45
7 48 15
38 120 22
29 96 39
68 116 47
27 69 27
9 87 41
64 121 7
9 78 60
5 59 27
8 89 16
39 109 41
21 39 26
24 97 25
15 68 55
31 75 4
30 62 24
36 46 19
58 124 39
25 88 42
27 40 6
31 76 56
17 129 51
18 73 38
0 77 22
33 76 54
85 85 36
90 96 59
17 109 60
28 76 36
44 47 45
32 117 1
64 112 40
25 58 51
7 106 22
26 58 40
53 62 54
47 109 40
44 107 3
10 73 19
14 93 43
69 77 20
37 87 29
17 72 49
55 68 16
24 114 0
55 87 55
24 24 38
18 36 1
30 64 25
15 109 35
13 40 44
59 93 4
29 102 43
37 72 23
15 44 46
83 108 5
25 71 47
26 45 19
11 86 38
74 109 56
14 43 51
16 48 54
5 71 30
17 93 4
27 65 10
0 95 18
3 59 45
6 16 3
81 108 23
61 102 18
27 92 12
4 43 41
9 99 60
2 59 39
49 74 44
41 77 15
29 116 18
70 110 41
15 107 10
61 120 7
3 32 22
0 62 51
44 63 8
61 103 8
47 96 13
1 129 15
28 122 43
42 86 25
37 90 34
25 92 18
29 60 25
11 98 30
10 24 10
19 60 6
47 111 51
32 109 38
49 77 38
3 7 3
72 84 6
51 79 22
12 57 18
24 30 3
9 29 40
38 40 8
16 93 39
3 10 43
0 114 26
52 92 55
7 10 42
22 107 1
53 92 44
40 100 18
44 86 15
16 101 52
21 50 27
5 50 26
3 87 56
36 72 47
77 78 9
68 80 32
11 55 32
16 81 49
1 29 27
21 113 19
65 121 15
27 34 36
39 97 20
34 103 44
23 33 21
55 108 15
8 61 51
14 118 20
2 53 59
47 99 41
25 123 5
62 63 8
23 87 23
47 126 47
15 76 1
34 71 42
6 17 8
51 119 17
39 54 40
29 128 53
13 34 8
31 73 59
9 31 52
18 39 59
37 92 43
0 116 16
28 105 39
54 104 23
77 104 15
63 113 48
16 92 12
13 45 33
14 84 13
12 12 22
44 71 37
43 120 5
73 128 29
53 91 8
17 62 35
41 98 16
32 68 20
14 39 45
60 80 21
40 62 0
9 63 14
64 90 39
13 55 19
52 75 6
22 82 1
11 92 34
5 113 37
20 36 56
27 95 20
20 89 26
27 39 22
31 62 30
32 125 58
26 60 36
27 57 23
22 100 49
74 88 0
50 61 57
53 88 37
43 56 30
38 104 12
30 99 58
13 119 47
25 66 30
38 46 42
7 24 45
36 82 48
39 101 28
27 58 37
53 124 18
13 67 13
21 44 46
42 45 24
23 91 41
55 101 9
2 56 15
47 58 28
14 92 9
0 108 10
41 99 9
7 67 28
9 55 5
54 65 56
10 34 45
48 79 49
58 73 57
65 87 10
88 123 0
15 108 40
2 76 22
11 105 13
45 46 17
0 48 12
26 129 19
39 81 46
42 79 23
10 49 9
13 86 38
7 34 53
17 115 17
58 78 46
26 67 16
54 110 52
60 108 4
28 99 3
42 77 46
43 61 37
53 96 31
6 57 60
26 72 58
63 103 8
27 89 17
17 54 33
62 75 8
1 118 28
15 69 10
0 74 54
8 88 3
10 50 40
5 101 48
58 118 29
34 96 14
26 75 29
69 99 10
42 57 33
4 125 20
0 37 23
31 79 42
8 14 45
64 94 57
9 44 39
8 129 58
18 94 15
44 72 22
10 53 2
9 127 58
4 17 17
17 118 7
13 96 46
58 81 43
47 127 43
15 80 0
10 36 11
89 107 22
13 26 38
3 38 4
11 75 38
13 48 50
12 125 39
61 83 44
53 76 55
30 107 35
57 91 55
38 66 45
28 39 44
7 120 51
17 100 15
7 13 44
90 104 15
5 72 36
6 29 60
4 62 32
0 129 15
12 61 2
32 52 44
65 81 38
34 104 4
10 69 32
27 78 36
3 110 28
2 7 33
37 40 11
34 53 20
12 18 30
18 105 20
12 48 7
21 36 7
21 70 36
32 124 5
11 31 34
64 113 58
10 114 0
30 82 58
34 91 46
0 14 14
1 66 42
61 63 28
33 116 20
7 47 8
38 94 25
2 69 20
22 118 55
64 82 54
49 125 46
37 77 50
7 86 42
21 75 29
14 91 3
43 75 48
27 88 60
32 78 7
22 46 45
0 25 24
2 11 24
37 118 43
5 53 21
28 35 31
54 55 53
23 105 58
23 48 34
9 110 33
59 119 23
34 123 43
21 109 43
51 56 14
59 82 16
24 62 32
22 24 27
16 68 9
27 33 48
4 26 45
15 105 38
27 119 45
33 43 29
15 128 30
32 102 15
40 59 31
73 82 47
36 129 23
20 119 7
33 49 55
3 58 9
52 95 16
80 108 4
4 45 45
46 78 9
2 54 22
23 79 48
33 121 52
29 75 37
20 49 36
28 83 15
10 98 41
33 59 43
33 72 32
63 95 28
55 107 56
2 102 34
13 28 49
34 37 59
16 29 12
37 108 41
28 82 35
61 84 53
28 106 46
4 56 44
12 109 3
3 94 2
29 81 41
14 51 12
41 51 6
14 112 38
7 118 3
34 100 15
9 27 47
52 62 57
21 21 44
71 75 41
27 45 6
55 125 2
33 67 2
39 40 39
19 66 33
30 76 27
28 59 30
88 116 44
73 123 22
2 113 21
24 85 13
17 110 30
13 89 36
27 83 10
7 80 41
31 32 39
14 63 54
25 105 5
27 36 15
18 98 55
18 26 15
31 39 11
27 77 30
13 95 60
61 121 50
67 94 17
28 67 0
28 50 30
64 66 33
4 15 41
18 87 55
7 52 50
40 65 51
77 87 7
34 81 30
21 118 23
10 94 37
11 18 31
14 21 20
7 51 56
28 109 21
60 85 43
48 91 4
1 64 17
21 100 42
37 117 9
25 102 6
11 61 34
30 33 37
17 61 47
13 52 41
25 27 30
4 122 23
81 121 24
32 113 53
10 120 8
20 69 44
17 99 11
46 54 52
75 81 47
28 49 55
44 69 34
56 119 54
32 43 4
21 25 53
44 127 50
2 47 9
52 108 59
45 73 42
40 57 16
5 28 9
4 64 39
35 49 41
46 64 40
33 122 39
43 76 15
1 49 39
25 70 17
7 9 6
25 113 4
50 70 1
6 91 37
23 76 42
19 59 55
53 79 45
44 128 23
49 59 20
17 112 32
1 67 23
36 64 50
42 70 47
29 33 54
20 88 51
90 125 41
52 70 39
11 26 14
27 100 13
15 91 36
15 72 8
39 91 33
2 126 26
39 121 57
12 22 40
0 121 58
70 119 45
16 41 27
22 74 50
4 98 9
56 106 50
35 119 24
23 47 51
35 84 7
33 120 15
7 92 47
9 81 22
41 81 57
38 75 45
7 85 19
21 32 28
46 110 56
17 83 59
32 32 59
20 58 12
