100 4450
111
150
183
120
138
132
168
109
167
126
127
187
187
148
124
137
162
184
183
178
113
139
114
199
144
189
179
173
162
181
157
105
179
166
121
184
165
105
174
157
104
170
162
184
141
171
125
102
107
130
193
137
125
156
120
198
153
130
157
197
151
114
159
190
171
125
175
181
198
131
115
147
198
162
129
131
189
181
155
107
149
154
152
115
103
136
155
195
134
200
102
163
134
193
105
186
142
132
163
143
0 1 22
0 2 59
2 3 41
0 4 32
1 5 40
2 6 17
2 7 16
2 8 38
0 9 24
0 10 26
3 11 9
9 12 24
11 13 8
3 14 34
5 15 60
11 16 27
3 17 7
5 18 50
12 19 24
14 20 56
14 21 50
12 22 4
14 23 24
17 24 57
9 25 25
0 26 58
7 27 44
5 28 19
27 29 55
24 30 40
22 31 15
23 32 46
24 33 12
16 34 50
27 35 2
12 36 11
23 37 15
34 38 45
0 39 17
0 40 57
19 41 17
32 42 23
10 43 18
43 44 15
37 45 49
9 46 50
19 47 37
5 48 38
26 49 26
24 50 3
9 51 0
5 52 9
29 53 19
24 54 37
27 55 26
30 56 56
28 57 39
35 58 33
50 59 44
36 60 27
34 61 58
45 62 20
17 63 21
42 64 28
22 65 30
44 66 25
64 67 28
31 68 41
17 69 43
20 70 41
68 71 55
29 72 41
21 73 55
69 74 33
33 75 5
32 76 57
17 77 35
67 78 51
75 79 53
39 80 34
11 81 4
3 82 0
74 83 50
18 84 30
69 85 35
70 86 44
49 87 35
51 88 58
60 89 39
58 90 28
36 91 54
54 92 0
36 93 12
41 94 60
24 95 44
6 96 27
46 97 41
73 98 5
42 99 29
53 65 52
23 24 22
63 84 19
31 44 22
59 61 0
91 95 42
49 73 59
73 74 57
31 86 22
72 85 14
36 97 22
4 75 8
59 64 38
58 94 54
27 89 46
53 93 5
3 97 8
44 67 54
7 81 50
86 97 10
52 89 48
72 91 46
3 93 46
52 59 35
78 93 6
40 57 59
11 77 60
83 92 19
59 59 60
32 68 34
16 70 58
55 87 35
57 73 42
13 81 23
7 74 54
5 49 56
22 57 51
85 90 58
27 36 29
47 97 55
0 44 47
47 89 52
97 98 23
1 76 16
38 64 46
7 31 29
39 67 41
39 48 54
45 45 35
26 54 40
83 90 25
29 44 49
5 50 54
53 84 36
9 58 31
49 59 8
33 77 0
56 70 19
56 93 7
73 86 41
17 38 32
90 90 27
11 21 50
32 44 46
26 87 56
11 42 10
29 62 57
34 87 54
9 88 53
35 73 33
45 87 29
5 83 18
79 99 34
31 76 36
73 73 59
26 39 43
45 51 6
36 99 40
24 53 6
89 91 19
53 97 54
54 61 51
94 97 52
77 86 14
73 84 44
70 70 46
51 63 34
70 74 47
63 69 53
42 43 58
20 28 40
64 95 27
83 91 3
69 91 27
4 8 60
54 94 9
33 60 0
47 81 14
58 77 54
27 37 23
89 89 4
69 82 25
82 86 47
93 96 25
69 93 37
82 83 26
20 72 4
90 96 28
3 7 38
2 96 27
76 92 15
11 87 56
70 94 0
4 72 54
29 31 17
71 80 27
65 65 57
10 78 29
55 77 32
28 88 36
52 74 13
10 21 8
33 57 45
62 78 16
90 93 47
9 73 59
26 48 1
79 96 35
27 64 55
22 34 30
64 98 14
63 89 1
37 85 60
96 96 34
94 95 18
77 99 14
72 83 40
85 89 54
66 89 31
70 90 5
24 86 12
63 87 34
63 78 19
50 92 40
60 70 11
83 95 9
21 82 38
3 72 16
81 98 49
82 97 1
23 58 0
90 99 38
90 91 53
42 92 49
91 97 60
3 79 26
70 98 28
7 77 51
73 80 50
33 40 17
52 92 58
52 80 40
15 18 50
11 76 27
6 66 9
15 58 1
72 90 26
66 67 32
23 66 6
53 86 9
19 93 2
36 59 39
62 74 47
73 95 54
1 73 36
85 96 6
44 56 23
0 81 14
10 84 4
89 98 33
28 77 59
27 73 14
43 89 8
1 34 37
25 99 27
36 95 19
23 82 7
55 59 43
24 90 48
67 99 0
67 96 41
72 72 34
4 15 13
40 40 15
45 60 35
31 71 45
89 97 28
38 92 6
6 42 20
72 95 33
20 74 15
53 88 2
58 69 23
24 32 59
57 64 25
6 13 24
92 98 8
71 75 59
62 79 27
81 88 14
7 17 29
84 91 11
31 56 37
78 98 34
35 68 48
29 99 34
69 77 10
74 77 41
36 75 46
43 77 36
87 89 7
64 96 16
35 97 7
46 60 46
90 97 1
43 60 12
24 89 44
41 52 13
5 54 44
98 98 46
17 59 0
27 41 37
88 89 42
0 22 3
37 73 40
66 80 37
5 26 9
88 92 37
34 98 57
27 39 10
96 98 45
75 80 41
96 99 24
98 99 34
18 79 53
21 26 13
12 66 40
66 96 46
25 46 36
56 62 20
11 79 0
71 74 36
21 86 55
53 87 15
62 85 51
77 96 56
15 75 4
4 33 19
27 42 53
7 64 59
95 98 16
43 93 43
24 29 8
31 73 29
88 91 51
8 8 24
62 89 29
36 78 11
47 74 29
37 87 25
96 97 49
28 80 13
71 78 54
42 51 8
41 66 29
89 99 59
55 89 34
17 45 48
75 98 41
52 77 33
58 71 39
9 65 27
27 94 53
30 48 19
19 45 55
29 46 2
91 93 35
13 84 39
25 78 60
80 81 42
20 35 31
60 87 33
49 62 38
70 93 17
19 85 40
26 26 2
68 77 16
3 66 19
94 94 5
91 91 11
27 49 28
78 82 16
38 65 16
50 97 52
15 47 13
31 89 42
46 82 9
41 53 29
9 62 42
41 88 29
27 78 14
30 84 55
55 80 14
74 94 29
45 90 19
51 51 55
27 77 48
24 60 29
40 45 29
34 34 21
72 79 25
48 48 53
9 57 0
19 53 47
24 28 43
3 16 35
66 75 25
17 76 39
26 74 16
29 45 1
88 97 60
15 35 23
56 58 8
10 53 24
53 63 39
63 80 14
19 80 8
73 93 29
22 73 8
75 82 46
55 70 22
46 54 7
64 72 12
39 85 0
54 89 8
68 79 16
21 70 53
30 78 32
61 69 12
7 49 22
45 85 2
21 63 4
56 56 46
52 64 28
23 61 6
67 86 53
39 49 53
44 65 20
58 66 17
20 41 46
3 81 58
47 83 17
2 57 0
23 63 10
82 95 9
80 97 33
38 79 32
26 61 22
56 69 16
48 64 5
27 97 37
57 85 48
11 15 18
59 95 60
4 32 14
46 63 46
39 79 26
16 58 35
80 92 0
32 62 46
94 98 8
72 99 21
28 93 44
30 43 17
73 85 24
42 65 50
28 34 58
6 80 52
3 22 38
34 83 36
86 88 27
30 83 46
41 67 48
87 97 34
90 95 15
12 41 1
85 86 31
80 95 50
3 90 31
80 88 48
13 93 16
95 95 42
53 79 36
41 80 24
53 67 37
7 20 15
28 51 16
15 23 2
85 98 16
11 22 16
49 98 13
39 39 37
26 37 44
12 23 30
33 85 27
58 98 43
5 7 53
72 88 15
60 65 8
49 66 34
85 91 34
20 67 8
17 87 52
88 90 8
19 90 53
31 60 29
40 55 11
8 71 50
46 89 9
19 69 44
33 61 59
51 87 47
39 57 0
63 71 32
26 33 50
11 67 53
0 74 47
73 78 1
74 86 23
38 74 37
51 85 58
76 91 29
18 26 45
42 47 33
89 94 14
30 66 15
57 63 48
78 96 43
22 44 23
80 85 23
24 47 5
24 46 48
12 63 53
41 90 41
3 55 60
81 86 33
61 98 37
91 94 44
69 76 37
92 95 32
35 71 18
82 91 51
16 99 2
5 57 59
85 92 23
26 28 51
8 42 17
71 86 15
2 77 46
33 46 25
39 74 4
82 92 49
18 25 16
19 28 55
31 32 25
41 97 43
34 93 39
23 46 50
65 86 48
8 98 55
15 46 20
59 80 57
9 43 38
13 64 47
14 82 27
29 59 41
3 91 17
7 14 47
6 41 9
82 88 11
35 43 17
25 32 20
7 66 13
23 27 2
52 95 32
52 67 47
92 99 49
48 70 0
67 94 28
10 45 23
8 69 0
7 24 15
37 89 36
61 89 5
58 82 47
45 97 46
65 85 21
45 64 12
39 56 23
33 33 0
43 53 16
4 28 14
95 96 8
40 53 44
73 91 29
31 61 1
31 50 18
66 68 42
88 88 12
85 88 41
24 64 37
32 63 58
71 76 17
87 98 14
26 32 22
29 64 52
64 94 48
57 61 59
2 62 54
30 87 27
80 80 59
67 97 46
77 92 20
27 47 12
26 36 10
48 74 17
87 94 7
22 72 13
75 78 59
77 91 60
62 84 28
71 94 7
88 94 53
95 97 18
93 94 3
47 52 21
39 99 28
29 87 24
62 77 37
86 94 42
89 90 13
83 84 49
12 84 20
92 94 56
27 87 5
38 99 15
60 99 32
18 64 11
55 75 57
24 80 57
46 61 29
10 40 9
72 93 52
75 84 38
66 74 53
7 15 20
83 99 46
7 54 2
6 26 58
66 82 11
53 62 46
65 76 29
50 53 20
10 15 14
56 57 57
1 78 2
65 89 52
55 83 54
70 96 58
73 77 15
36 85 35
37 83 28
44 55 25
49 86 12
23 94 48
39 94 8
76 86 47
97 97 29
40 59 53
71 87 39
9 96 39
66 87 12
46 73 10
25 98 12
17 79 0
33 80 18
43 68 54
18 38 38
12 81 34
9 37 48
37 55 38
56 80 38
12 69 17
71 71 47
58 65 55
70 71 36
35 41 18
92 92 45
5 92 25
64 73 15
48 73 33
55 91 17
5 97 37
55 93 58
76 98 26
46 68 11
20 65 18
51 80 56
12 60 41
52 57 58
83 83 1
84 90 39
11 38 40
83 96 20
88 95 55
38 59 3
10 83 33
75 94 51
70 87 19
76 95 29
14 40 19
38 40 50
20 48 26
55 66 28
86 92 40
32 37 16
92 96 13
69 83 58
13 23 26
2 41 55
26 29 39
74 91 22
82 99 31
11 58 51
79 93 18
35 35 7
26 76 11
40 47 0
94 96 6
90 94 19
87 95 58
20 95 54
76 79 11
61 93 31
46 53 24
59 90 14
64 75 33
22 94 35
48 92 38
4 96 39
79 98 55
78 92 39
12 27 0
87 92 45
28 62 33
50 50 52
11 93 37
84 95 53
31 84 10
13 27 23
85 97 22
77 84 52
26 73 24
55 86 42
25 74 1
59 75 15
60 64 26
61 66 29
41 63 27
8 32 4
1 86 54
19 36 49
11 71 4
87 87 42
83 89 54
63 65 52
59 98 14
65 96 33
4 36 59
56 78 7
25 77 53
45 48 18
25 68 16
13 80 8
68 78 33
49 69 17
48 88 16
57 66 51
74 76 39
80 91 37
49 54 31
24 41 57
77 79 42
4 84 46
74 85 24
4 37 28
60 78 7
86 93 19
61 80 50
1 60 47
63 63 43
49 61 53
7 29 46
37 90 20
66 98 14
17 40 59
75 90 33
91 92 17
70 73 5
43 57 53
72 84 39
40 72 59
22 93 25
19 94 8
67 91 26
13 39 38
23 48 48
72 94 6
38 38 27
82 89 39
54 90 46
33 97 49
6 28 22
25 62 36
54 95 30
92 93 41
39 70 46
76 94 40
67 80 38
32 83 25
27 65 37
32 93 22
8 37 59
71 85 7
19 95 37
63 95 15
44 47 7
16 65 8
20 26 57
35 65 11
55 63 29
93 98 36
26 77 34
42 60 5
19 25 41
49 55 18
41 55 8
38 45 40
91 99 19
67 71 60
86 99 17
17 39 50
4 44 11
31 91 38
48 76 21
70 72 3
76 77 54
77 82 10
82 98 44
20 36 39
34 97 31
56 76 2
4 23 13
1 65 37
97 99 40
93 97 48
31 37 16
75 95 16
35 89 33
54 76 34
20 69 37
81 91 16
69 89 5
33 51 29
22 32 50
81 97 36
17 28 11
56 73 35
45 74 36
79 84 42
38 84 2
84 87 54
37 94 46
30 79 29
57 68 55
91 98 30
17 35 41
12 52 18
53 94 40
83 98 17
40 92 29
77 90 7
63 99 58
8 74 41
35 98 37
0 19 54
31 63 1
8 68 48
34 44 3
9 41 29
32 32 59
8 23 7
42 42 53
0 13 22
79 80 29
59 62 54
60 93 11
48 65 52
79 81 54
46 66 58
13 32 26
73 99 45
2 20 6
72 80 53
32 77 6
47 86 40
4 38 16
19 21 45
31 74 14
70 92 56
10 14 19
63 91 43
2 33 49
74 96 19
59 87 44
73 96 34
71 77 32
70 83 14
26 50 16
12 15 21
34 80 19
14 63 56
67 70 23
58 87 22
33 68 56
67 84 29
83 93 8
33 71 34
60 75 51
83 94 55
6 79 37
42 87 33
39 52 56
54 79 51
15 56 54
80 99 56
14 17 9
30 74 33
13 44 20
17 83 10
76 81 20
63 86 4
67 98 54
44 46 44
46 57 33
17 82 14
71 91 50
13 76 19
52 72 47
2 29 25
59 72 39
24 37 12
43 97 4
61 77 23
27 95 12
9 60 59
21 37 49
62 83 17
30 75 32
48 87 28
89 96 41
89 95 40
61 99 10
36 76 8
5 73 17
54 58 40
32 70 43
16 67 22
40 77 4
25 92 3
45 61 5
8 72 12
57 94 21
51 89 29
27 52 45
64 99 25
33 58 4
20 55 45
60 81 16
4 40 16
37 51 2
37 57 48
51 64 21
47 55 40
66 73 41
42 70 1
29 88 55
51 86 7
45 84 7
1 37 15
51 92 53
58 92 23
18 42 51
36 38 54
75 88 2
58 59 27
39 59 37
62 98 57
48 51 34
84 86 49
55 92 8
34 79 19
79 89 9
23 88 5
81 82 32
64 81 43
24 87 42
94 99 36
86 91 21
5 37 59
55 74 21
23 47 10
21 22 53
21 95 0
30 72 8
15 71 48
86 95 26
72 89 16
18 24 47
63 74 55
43 83 36
33 52 37
0 37 9
47 70 60
34 64 10
72 92 44
54 72 8
24 35 39
35 84 17
0 20 52
75 96 25
8 64 35
93 95 12
63 75 9
5 24 53
33 62 36
90 98 17
21 96 45
53 76 25
55 68 20
32 47 48
0 85 24
6 62 31
33 79 22
21 27 19
46 67 52
43 87 20
21 64 19
60 66 30
57 92 32
60 84 52
9 85 14
89 93 29
41 85 46
41 82 0
49 77 40
49 56 19
24 78 25
83 86 58
55 78 26
90 92 16
61 75 1
25 42 49
72 97 59
13 71 36
1 77 56
4 12 31
48 58 19
23 73 2
29 68 37
21 29 16
67 88 0
72 74 12
29 82 39
66 88 11
87 88 13
7 8 13
50 68 5
6 35 60
10 37 56
34 88 27
62 68 7
8 86 22
52 88 11
84 88 38
80 98 49
14 54 32
17 23 59
37 44 56
75 86 40
66 97 13
82 84 23
13 37 7
33 34 18
84 85 54
64 93 6
3 45 35
86 90 42
42 76 33
44 90 33
75 97 7
34 77 3
74 87 41
22 59 28
60 60 41
70 78 26
21 88 16
54 86 14
5 66 6
33 94 32
31 59 55
25 96 2
14 98 41
28 41 18
40 94 12
46 71 41
7 82 23
24 31 53
16 16 18
48 98 36
56 91 15
44 72 11
79 87 1
71 72 37
67 85 4
95 99 56
40 96 20
44 54 42
28 87 14
33 73 36
17 44 60
88 93 49
20 30 26
26 47 18
24 82 6
0 63 13
22 80 59
81 93 5
43 70 11
58 58 43
21 72 31
52 70 4
71 92 49
14 29 11
9 24 46
57 75 2
13 40 31
24 72 48
53 70 21
3 15 20
67 87 7
51 79 35
22 63 1
29 77 54
11 24 27
41 98 46
80 83 45
85 95 7
25 94 44
41 54 58
77 80 12
24 97 44
77 98 57
64 69 41
66 90 18
55 62 60
28 60 24
51 55 34
28 68 4
78 78 11
37 91 44
12 95 33
8 96 43
44 84 43
76 93 9
43 46 3
11 23 42
79 90 21
25 36 1
85 99 30
7 62 0
47 94 14
14 24 52
45 67 37
58 62 11
44 93 32
53 72 0
65 99 2
14 38 28
74 74 18
59 81 44
26 62 54
91 96 59
27 32 14
42 84 30
16 92 7
73 82 38
37 97 16
65 97 14
2 82 35
10 46 57
54 87 38
26 78 35
35 47 7
36 58 33
7 56 55
24 49 5
19 33 19
37 50 14
53 53 6
85 93 55
40 49 26
6 49 25
9 32 50
63 83 42
49 70 52
80 86 34
27 61 23
40 81 56
40 52 45
6 58 36
4 94 35
20 37 46
11 83 11
21 41 38
68 81 11
15 84 45
57 86 49
17 55 35
84 96 0
58 85 47
85 85 11
51 66 43
4 11 36
41 93 6
59 79 15
31 65 28
44 92 32
5 64 49
43 98 25
81 92 33
1 54 10
20 39 55
52 90 60
13 74 33
53 89 32
16 94 29
28 75 15
13 63 33
8 84 58
7 10 48
37 66 53
35 99 40
92 97 44
47 76 58
67 82 54
41 83 46
61 90 27
71 89 14
58 95 30
30 59 57
18 88 3
14 56 4
38 81 44
4 90 34
1 52 28
19 63 15
78 87 33
27 44 22
64 90 37
15 93 16
1 99 1
22 64 2
43 79 19
19 61 37
2 56 42
46 95 26
45 73 27
17 92 21
11 32 55
62 62 11
85 87 5
78 80 56
17 46 23
21 99 45
29 52 2
87 90 56
22 29 21
38 48 55
43 74 1
47 88 10
9 74 10
14 89 25
62 91 57
78 95 18
9 27 18
9 92 44
44 44 26
79 82 29
8 47 45
6 81 5
21 93 38
81 83 55
68 75 0
39 93 44
3 92 48
82 96 35
68 96 6
37 64 49
18 60 59
35 54 15
87 99 37
81 96 49
15 65 2
68 92 38
17 25 14
69 71 24
84 84 19
68 99 15
26 60 18
32 34 9
93 99 19
28 55 42
22 35 7
32 95 16
51 84 47
5 95 60
25 29 32
18 87 4
8 22 18
17 26 47
6 84 47
49 80 58
23 76 2
15 96 1
89 92 42
16 66 60
2 19 43
46 78 46
21 80 59
52 75 0
49 84 53
22 90 1
67 89 58
57 71 9
78 91 45
15 15 55
69 95 28
16 51 33
49 95 18
21 94 40
45 68 12
34 94 27
21 40 60
66 95 21
11 98 35
74 99 52
71 83 42
19 82 30
35 78 20
40 86 50
3 78 8
49 63 45
25 64 23
4 69 17
15 72 17
86 96 3
21 53 11
79 85 31
69 70 6
63 82 53
55 72 42
82 82 28
7 79 19
35 90 36
7 90 26
25 67 14
42 45 33
56 92 12
11 54 12
62 66 43
1 42 1
22 49 54
62 76 33
44 71 60
84 99 47
10 58 58
12 39 4
81 89 51
9 23 58
78 84 15
60 91 52
6 68 10
43 99 0
45 55 46
3 60 32
14 50 4
63 67 1
15 26 21
0 90 56
54 93 38
57 62 35
63 73 54
32 60 34
29 37 59
24 96 15
36 53 52
28 94 7
88 99 15
40 98 43
15 76 10
7 69 11
75 76 18
46 93 45
33 74 2
81 85 13
36 67 32
53 71 49
86 87 2
28 91 6
39 77 4
70 84 30
0 42 37
10 19 30
50 95 10
36 84 2
65 83 49
14 66 6
54 73 57
5 17 5
8 55 16
4 82 29
2 76 10
1 58 59
9 69 52
7 87 2
39 71 35
3 59 15
3 57 24
68 94 18
4 31 0
54 62 40
14 91 1
3 85 40
9 67 15
3 10 9
50 62 39
11 11 42
52 78 55
38 67 23
4 97 33
24 27 11
21 85 12
45 56 6
58 64 59
72 86 6
13 57 40
26 52 58
20 32 20
50 58 22
52 52 2
22 41 37
8 79 33
11 45 46
53 56 24
20 78 41
40 68 22
22 95 57
35 95 27
28 59 50
20 60 19
50 65 49
16 75 40
1 84 57
26 98 10
29 74 16
69 96 1
64 83 31
36 69 46
9 83 16
20 88 24
16 35 55
33 55 45
86 89 47
1 96 42
55 96 35
79 97 40
32 82 22
30 80 23
7 76 1
15 74 37
33 70 34
2 93 43
2 34 42
24 84 51
31 39 53
38 60 28
30 71 60
11 61 27
55 81 6
51 82 59
29 97 48
4 9 51
1 35 42
21 61 8
47 65 52
36 61 2
43 88 15
70 77 33
83 88 56
67 95 46
24 67 3
31 94 25
1 29 0
50 93 26
45 50 58
38 43 43
10 74 36
23 62 51
6 12 30
46 81 16
4 26 43
8 21 16
47 87 38
29 85 42
56 74 31
66 69 31
73 90 39
8 45 11
34 59 33
79 79 27
56 72 52
12 98 7
10 33 30
73 89 56
34 72 1
8 19 29
18 32 16
33 89 19
13 59 20
42 85 18
16 87 6
48 56 60
10 87 19
6 57 42
36 96 39
45 59 17
81 84 0
69 97 35
56 71 1
22 77 41
5 76 46
27 93 21
8 46 51
36 66 60
25 90 0
31 51 48
47 91 43
1 45 42
28 58 45
27 98 45
51 75 1
8 41 32
67 79 32
24 73 27
44 60 27
40 83 49
22 79 49
15 27 5
0 41 39
48 93 7
66 66 41
36 42 24
25 93 24
55 99 34
36 82 32
66 78 12
22 91 44
84 98 58
2 28 36
25 49 27
42 68 44
17 62 24
66 84 19
4 50 9
34 62 42
30 69 4
28 67 16
68 80 22
82 93 57
47 98 24
50 56 9
53 98 39
1 13 55
56 96 52
62 75 1
46 85 39
2 51 59
65 80 22
76 83 50
17 81 30
41 43 28
38 85 18
50 76 2
42 98 38
67 75 2
49 83 40
22 85 46
14 37 17
76 88 36
14 22 34
59 94 3
0 71 48
24 59 28
52 83 16
71 97 29
49 58 45
40 75 22
23 85 51
5 39 42
24 24 45
68 87 54
18 35 40
77 89 5
38 47 37
76 87 9
21 55 40
27 62 4
40 61 32
8 56 33
55 71 58
53 66 29
35 82 27
21 98 38
43 86 52
40 82 40
76 99 29
56 88 3
64 86 45
45 94 30
74 81 60
76 78 21
18 93 17
55 60 41
17 21 22
21 46 20
45 88 28
40 63 5
36 56 0
79 83 6
16 33 14
57 76 48
0 54 8
30 34 43
9 44 48
34 70 11
22 22 20
6 20 15
49 78 29
43 94 15
43 51 32
58 63 15
61 88 49
7 11 50
41 86 38
75 81 53
42 67 24
27 66 11
45 71 55
6 7 2
81 94 21
12 44 4
79 88 10
64 74 48
81 81 41
30 60 47
42 69 20
48 99 19
19 30 40
61 63 17
13 31 0
81 87 11
9 10 0
1 94 31
16 43 31
12 93 48
4 39 52
22 30 27
8 43 46
6 74 8
68 86 26
39 40 35
41 44 56
57 96 46
39 65 56
2 15 43
59 85 36
27 53 18
57 99 52
16 31 52
46 76 25
48 91 4
1 47 46
19 22 43
59 68 24
25 41 0
6 31 56
64 76 41
74 80 35
3 6 35
23 78 7
22 88 59
11 65 57
47 56 57
57 89 47
34 68 50
65 75 9
48 71 6
19 87 45
65 79 44
16 82 56
19 62 50
28 30 20
30 67 10
0 69 5
15 34 51
87 93 21
7 57 19
4 24 7
78 94 27
31 55 60
28 79 6
79 92 9
50 69 56
30 65 5
84 93 58
39 89 14
62 86 35
77 94 51
43 52 2
69 94 30
33 43 38
87 91 18
68 83 38
10 95 24
60 73 16
48 60 5
43 73 3
30 45 49
77 85 0
46 86 33
1 28 9
19 97 20
70 79 13
47 72 55
8 20 10
57 93 19
61 84 41
41 58 8
12 92 31
28 28 52
2 38 9
62 80 2
32 86 2
25 39 31
17 20 17
30 90 28
38 50 49
59 86 10
33 63 32
1 97 15
61 85 46
5 19 12
73 92 4
66 72 17
44 69 15
31 83 46
42 94 10
26 68 38
63 68 7
30 50 14
15 25 1
80 89 58
45 86 19
74 79 53
52 56 3
17 37 56
14 86 58
58 84 33
69 87 5
42 61 10
8 59 20
58 93 22
18 96 33
41 41 53
27 67 3
40 64 9
26 75 23
27 27 51
13 19 59
69 81 21
64 88 41
47 54 47
6 54 32
45 47 39
2 59 32
20 21 31
74 82 12
45 65 48
11 85 57
38 57 25
26 96 19
27 59 27
2 99 33
22 24 55
18 51 7
24 62 31
16 60 17
54 98 19
48 54 41
16 18 3
75 87 13
22 98 49
44 64 30
62 64 38
24 66 37
16 77 55
57 60 22
50 96 49
11 31 10
11 36 56
37 65 35
71 99 58
52 82 58
51 81 10
60 74 49
69 69 48
34 73 20
66 93 40
43 62 11
50 83 54
6 63 19
35 51 23
28 78 40
53 80 1
40 78 24
63 81 28
6 51 11
50 54 25
62 90 32
32 89 60
33 37 5
36 92 1
35 60 60
46 74 55
26 95 0
28 85 34
30 35 8
28 84 11
46 46 33
2 11 39
56 87 59
64 66 8
9 52 33
74 84 18
26 58 43
4 21 4
74 95 7
0 98 59
84 97 45
58 79 48
62 93 35
41 65 55
63 66 19
27 48 26
46 49 2
3 76 13
0 99 45
30 98 35
55 98 58
30 31 9
69 90 25
12 77 39
39 63 0
1 32 1
40 56 45
30 70 1
51 52 1
20 73 34
10 75 16
68 72 28
13 18 8
88 96 45
72 98 17
87 96 12
59 66 27
16 62 59
53 55 9
47 93 49
15 64 17
38 91 25
11 43 21
13 77 60
50 67 39
77 95 39
38 54 53
70 81 6
66 76 45
71 98 4
79 94 3
14 67 1
13 24 60
1 79 12
74 90 3
55 58 4
49 79 25
9 64 18
20 56 38
58 72 8
39 51 4
43 54 57
50 55 21
49 82 42
84 89 39
54 74 9
6 18 35
82 94 44
77 87 37
59 82 19
10 73 60
62 72 31
83 87 0
62 82 11
81 90 21
38 90 0
22 33 41
26 51 19
12 73 3
60 90 33
68 74 25
37 77 17
93 93 23
25 27 57
51 83 13
8 57 35
54 64 41
34 66 54
25 87 30
32 96 45
42 91 32
2 79 57
64 71 19
0 61 19
12 30 40
79 86 0
53 59 47
24 51 12
37 47 51
30 57 56
5 98 52
59 69 40
24 79 32
69 86 57
4 18 52
28 96 48
40 41 19
46 98 35
47 77 40
7 37 31
27 76 4
6 56 36
61 82 15
48 80 30
0 76 39
2 97 32
54 69 15
61 61 13
51 68 55
2 81 23
23 64 26
42 80 10
11 91 56
9 16 12
63 64 17
26 67 39
15 68 19
52 98 54
61 65 7
36 51 24
59 74 33
20 33 33
42 90 58
26 81 48
22 46 4
34 78 30
5 5 23
33 86 34
13 20 42
61 79 20
86 86 45
84 94 40
44 62 44
35 94 56
18 55 8
5 77 31
19 44 59
40 87 58
20 66 36
20 46 17
29 39 32
57 97 42
29 65 22
25 34 0
35 63 38
8 58 55
23 44 33
53 81 44
25 53 32
37 76 13
48 83 1
62 73 39
60 68 27
32 97 48
44 48 22
45 72 7
75 91 5
32 46 26
16 93 46
13 72 55
28 81 28
78 86 46
13 34 4
39 64 1
50 61 29
6 8 22
47 84 44
78 99 58
24 98 3
71 84 30
81 95 50
25 60 4
35 42 50
4 30 20
3 63 34
19 64 22
66 71 25
72 81 48
45 82 31
41 77 45
16 27 30
10 94 18
23 75 29
18 36 21
28 33 22
20 79 24
5 84 23
47 67 11
58 67 13
70 97 45
49 50 8
32 75 47
64 79 60
40 66 14
11 44 18
71 93 60
50 87 33
6 60 52
46 94 11
44 57 23
25 73 26
4 83 12
75 92 24
70 85 15
4 29 34
22 84 59
32 35 19
4 53 26
25 61 10
46 64 28
50 84 31
69 88 22
41 95 25
72 96 47
31 31 58
77 88 20
57 84 9
38 53 22
44 95 20
15 73 6
16 96 59
0 92 17
53 96 49
39 43 31
67 77 1
6 83 25
61 87 7
4 16 30
17 73 49
48 85 1
63 85 29
31 57 35
16 64 49
39 92 39
50 82 41
46 96 30
25 28 40
41 76 10
4 80 25
49 97 4
75 89 55
50 94 7
37 68 23
62 65 29
9 86 23
28 39 53
0 83 29
41 68 36
3 49 2
7 46 59
22 38 29
67 81 3
12 12 12
18 82 38
53 61 48
28 71 38
23 86 4
22 47 11
18 40 34
80 82 33
56 99 20
18 57 44
52 93 37
29 83 54
9 42 5
65 77 10
83 97 49
17 54 23
43 63 39
23 35 41
18 80 54
26 70 6
29 95 25
5 25 56
16 21 41
70 80 15
33 39 55
5 72 51
38 69 42
38 77 22
39 47 5
34 95 13
76 82 53
22 28 31
1 95 33
32 91 54
0 86 19
34 48 17
62 97 49
16 42 38
1 25 15
56 66 59
38 39 29
79 91 26
4 51 11
38 93 14
40 70 33
62 92 15
15 51 60
13 21 40
49 52 21
0 60 15
58 60 57
77 81 13
20 63 51
41 70 6
37 74 49
64 92 1
58 80 34
47 63 42
54 83 42
27 28 20
56 67 33
5 74 41
20 24 11
1 44 40
50 57 35
28 89 48
17 51 46
29 73 29
30 63 34
63 92 29
36 94 15
8 77 5
13 58 8
31 77 42
66 92 36
15 38 28
59 93 28
22 75 60
49 76 51
2 42 19
29 80 25
14 52 3
23 80 20
14 87 29
16 37 13
48 66 34
4 60 0
4 17 54
40 79 27
8 14 7
17 65 7
57 57 27
15 41 8
32 84 60
2 23 11
68 90 5
53 90 59
10 31 44
12 26 27
15 31 57
10 32 35
31 92 40
55 97 1
44 52 4
44 73 28
15 80 22
14 32 15
26 35 28
76 96 13
19 98 11
48 50 36
56 60 59
64 70 7
13 66 4
68 85 12
53 83 25
20 75 57
17 17 25
43 49 6
47 59 39
43 96 7
18 68 48
4 74 9
53 78 19
25 69 20
36 87 44
18 44 29
73 81 31
27 86 34
42 48 27
11 60 46
50 99 12
21 23 36
64 68 3
60 62 55
15 78 49
38 80 6
5 55 19
59 65 58
28 63 29
80 96 32
26 53 20
56 98 48
50 85 25
57 79 10
19 88 51
58 70 45
9 17 55
61 68 27
54 66 38
53 75 36
29 98 19
57 95 16
42 53 22
3 39 41
45 95 34
2 91 20
56 68 56
8 13 6
60 85 19
13 97 28
16 50 51
35 37 17
31 88 22
50 75 30
22 83 35
56 85 0
53 74 12
2 22 43
38 82 32
34 51 55
28 83 59
13 60 33
31 48 18
45 70 52
78 79 33
3 51 21
30 76 31
0 88 20
19 83 2
15 97 3
73 94 10
64 91 23
37 60 27
69 79 41
9 55 9
63 72 9
24 39 13
32 80 26
17 94 22
67 72 38
39 98 20
28 36 31
63 94 6
14 97 28
58 86 43
61 64 4
55 64 22
9 30 39
32 58 43
4 81 19
26 40 58
68 68 31
71 95 34
75 77 16
52 53 36
44 77 53
19 29 48
30 62 50
65 92 1
33 81 11
61 83 31
15 42 31
41 91 34
74 88 56
44 75 3
23 30 56
2 67 54
14 34 4
14 96 7
61 96 16
53 85 20
6 76 25
35 79 0
17 67 51
65 98 15
84 92 28
9 66 27
24 52 11
1 39 48
4 59 17
13 86 28
32 79 16
5 29 13
22 36 15
0 87 37
7 43 50
44 80 21
59 76 15
19 66 59
13 42 41
38 72 60
32 49 51
49 96 22
27 85 19
41 75 22
48 86 15
28 54 53
12 87 19
80 90 0
21 31 34
2 73 10
22 39 32
29 93 7
14 25 38
23 79 31
49 88 37
10 56 19
71 73 10
36 47 22
13 16 38
12 97 50
35 92 25
56 75 15
34 85 55
49 72 0
64 65 22
1 41 3
36 62 46
73 97 3
37 58 17
18 73 43
0 97 55
1 82 37
36 43 25
31 36 6
21 59 24
1 57 33
22 97 2
58 68 9
47 50 48
23 91 35
75 93 31
74 98 50
8 10 23
4 65 60
56 64 7
56 65 46
48 59 38
34 45 32
18 48 6
24 77 47
10 98 26
0 46 1
42 83 16
6 77 5
46 99 59
12 96 55
54 70 40
56 90 15
29 51 53
41 49 33
20 61 53
34 96 9
25 70 2
6 61 40
10 69 5
10 62 42
71 88 51
38 44 14
0 47 2
69 92 24
61 67 30
67 68 40
34 35 33
25 88 16
17 53 19
63 77 13
12 89 10
53 95 2
41 47 47
58 88 40
16 17 1
31 79 2
35 49 21
77 93 16
46 51 10
13 96 47
86 98 49
29 70 11
24 34 30
26 72 29
68 82 50
27 91 30
41 61 53
7 25 51
55 85 56
11 49 36
76 90 20
23 71 52
34 52 4
56 59 60
51 62 8
3 46 5
59 96 22
52 97 2
41 50 44
25 76 3
30 41 57
59 99 58
0 89 58
34 36 23
45 75 55
66 94 58
17 49 24
36 63 48
37 86 46
15 40 49
28 43 24
25 63 44
69 72 4
39 84 48
2 53 19
11 48 54
66 86 58
32 72 2
12 70 1
26 85 19
17 19 36
12 13 38
27 51 50
2 87 58
12 65 50
57 87 10
40 67 38
69 84 45
36 41 20
57 90 57
40 54 3
31 43 35
18 65 50
60 67 32
58 97 29
39 55 49
25 54 9
62 95 26
78 81 49
46 56 29
29 69 54
39 58 36
9 36 57
52 87 21
0 3 41
76 84 48
43 69 38
45 78 3
44 50 49
16 76 20
21 25 26
6 30 46
5 23 29
35 40 40
42 93 57
35 48 8
63 97 35
56 83 57
56 86 15
19 19 11
20 49 58
46 50 28
44 88 60
17 91 35
68 89 16
61 70 35
1 18 14
58 74 25
41 57 35
73 88 5
59 73 0
8 40 53
28 82 57
17 50 48
20 83 46
24 65 55
2 27 48
18 49 33
45 92 4
31 75 18
8 60 51
26 90 7
10 97 52
18 95 23
26 38 60
17 96 8
88 98 48
23 50 57
28 86 47
41 84 58
50 91 59
47 79 9
18 89 0
3 36 48
8 50 24
45 93 4
54 75 39
51 71 47
34 69 35
40 88 25
66 77 34
76 85 60
25 85 54
32 50 43
5 20 10
68 93 54
59 67 34
26 80 7
66 85 13
50 72 7
33 42 9
21 43 46
24 93 28
32 56 10
1 17 2
7 96 8
21 56 42
0 8 21
37 99 47
82 87 28
30 77 19
42 75 2
73 76 15
40 93 14
33 44 27
28 37 41
35 77 32
74 89 28
47 47 36
38 76 52
63 96 50
28 32 18
17 89 36
29 54 43
7 33 9
20 68 23
48 77 59
47 66 26
48 67 9
60 82 23
8 16 19
2 10 52
61 81 16
70 91 59
58 89 37
80 93 15
39 72 15
6 9 18
48 97 10
24 42 33
52 81 14
13 38 23
48 89 10
19 20 15
24 48 45
10 65 12
47 71 7
23 36 28
50 51 21
65 73 0
13 47 19
37 93 47
0 55 28
23 23 39
48 72 40
60 63 13
58 83 10
36 49 14
31 98 5
69 78 24
12 43 50
2 48 56
49 91 37
28 40 21
7 50 18
32 78 56
13 43 44
20 51 32
41 81 3
21 48 21
44 68 33
46 77 1
10 77 56
64 87 22
6 92 24
4 47 42
31 41 3
10 72 10
42 66 1
33 93 7
64 97 32
4 6 57
2 50 14
17 97 60
18 37 1
60 80 1
82 85 3
37 81 54
51 61 2
42 78 0
2 61 14
17 27 49
32 64 33
7 55 14
5 94 22
50 64 46
37 67 25
78 88 10
39 50 14
73 75 57
13 29 37
29 56 60
27 33 48
60 88 32
4 56 50
7 52 24
15 45 18
16 39 58
5 81 24
50 70 27
54 71 6
9 40 51
47 62 22
57 74 9
28 50 8
31 93 29
20 82 60
28 74 38
61 92 23
21 24 57
6 17 1
17 47 56
34 71 13
60 61 58
77 78 15
22 58 59
5 35 58
47 92 55
34 43 57
8 54 35
60 86 32
56 94 35
1 92 47
63 98 29
16 28 12
43 56 59
9 79 40
28 66 29
42 46 57
8 53 16
10 89 28
12 51 6
43 64 56
60 96 60
23 93 48
47 51 2
25 52 44
26 57 31
16 44 46
10 10 14
45 52 24
11 92 4
70 95 1
17 32 9
74 93 11
18 70 34
12 42 53
0 38 23
27 38 32
65 94 50
71 81 60
45 46 40
71 79 16
55 73 30
31 40 20
4 13 27
33 56 15
3 19 49
44 79 59
57 82 50
65 69 28
24 71 24
68 73 17
35 55 57
44 51 42
10 88 10
2 68 12
40 71 37
10 96 7
22 51 0
38 78 36
80 94 15
9 75 35
44 58 22
13 22 59
57 72 37
18 74 59
10 71 19
7 47 13
43 55 5
5 14 49
1 6 35
22 26 47
74 97 54
6 88 59
34 74 31
46 84 59
27 40 60
5 21 49
52 99 52
9 71 51
26 63 57
52 84 16
71 90 34
51 69 23
13 75 38
16 79 44
65 72 13
48 49 8
14 58 32
41 79 33
50 60 44
10 34 26
13 49 21
11 47 17
37 52 20
2 65 49
32 98 30
8 9 30
80 84 25
39 62 7
12 58 44
1 38 38
34 46 55
54 77 8
29 63 35
6 27 38
10 52 43
25 80 8
11 28 38
18 72 21
16 90 8
53 64 59
52 65 45
5 12 47
12 45 22
4 5 25
8 49 31
61 86 53
23 54 19
68 91 41
49 93 27
7 94 31
12 25 8
1 63 0
35 38 0
27 74 27
39 73 47
10 50 9
30 49 54
34 76 52
31 38 52
57 69 1
62 67 55
48 81 59
18 45 45
17 85 12
1 50 55
3 75 23
19 35 34
13 65 8
19 58 51
19 52 4
34 65 20
20 76 9
49 94 37
1 88 7
8 29 57
63 90 42
44 53 24
76 80 5
2 35 43
2 83 11
32 87 55
18 46 57
54 57 22
72 78 25
16 91 44
32 55 42
1 19 21
62 96 59
8 31 25
8 92 32
30 92 31
20 47 4
27 31 49
11 97 48
10 99 48
7 99 56
3 68 28
44 85 20
80 87 3
40 50 32
43 65 10
16 19 42
24 55 43
7 71 29
20 89 42
41 60 12
19 31 33
42 52 37
65 93 56
47 48 8
44 81 37
52 94 45
5 75 50
49 74 26
0 50 7
68 69 26
2 46 42
52 61 49
4 78 24
5 30 40
10 30 10
25 82 56
58 61 15
0 31 35
53 54 23
28 70 14
7 98 38
35 53 29
20 52 49
44 99 45
19 57 7
30 39 14
68 98 4
26 42 35
59 92 56
7 93 37
52 60 36
62 70 56
16 32 19
29 42 58
67 69 24
16 25 36
25 83 3
22 92 25
36 79 20
23 92 7
8 44 50
30 96 18
8 90 6
36 57 11
6 33 44
45 91 10
17 36 44
31 87 15
45 53 26
12 14 8
28 35 24
26 82 53
32 61 58
11 51 30
27 96 49
27 69 49
44 61 35
11 37 46
21 35 52
36 86 14
54 55 31
41 92 58
14 47 20
63 88 28
57 77 25
45 81 32
58 99 51
38 56 40
35 52 25
75 75 37
12 29 40
51 76 24
25 89 13
19 71 11
41 56 14
21 75 4
73 87 26
22 42 22
36 64 39
36 73 16
20 45 29
77 83 36
55 84 49
43 48 60
18 92 34
30 94 10
7 88 50
36 48 45
65 66 52
1 26 1
12 62 60
21 21 26
0 82 2
83 85 1
59 63 16
2 89 45
15 61 29
7 89 26
48 63 11
12 88 4
43 80 41
4 66 37
18 33 18
28 52 21
61 72 59
51 60 3
0 52 29
51 67 59
64 89 47
23 34 8
55 88 10
5 86 1
69 80 0
12 28 59
23 72 21
48 52 43
6 47 30
40 85 20
24 83 30
51 77 23
21 92 21
15 87 32
3 5 53
21 34 42
53 58 59
41 78 60
12 47 8
36 77 2
9 13 43
37 69 40
6 70 41
30 64 27
48 57 3
4 85 59
35 72 8
6 95 22
43 95 57
9 33 12
10 68 58
46 62 57
0 33 48
3 32 16
30 88 49
40 73 43
63 70 11
6 10 15
47 69 21
77 97 3
74 92 1
56 81 12
33 83 44
21 51 6
12 80 34
34 47 19
9 61 30
38 98 19
13 14 51
2 30 19
3 64 27
49 92 46
0 77 35
13 33 17
41 69 41
8 91 25
44 70 6
31 64 43
72 75 30
43 58 21
13 79 7
78 89 46
5 8 40
30 47 43
59 77 35
37 98 54
58 78 17
4 86 22
10 90 48
47 90 59
53 77 0
33 78 35
48 68 29
34 39 1
1 4 57
21 81 37
16 85 40
19 26 34
11 96 30
40 97 5
45 83 27
31 72 34
49 85 1
5 69 58
37 63 6
63 79 19
32 43 57
59 78 0
0 51 21
24 45 56
3 30 17
64 78 52
5 41 54
36 65 51
2 45 22
3 48 8
50 78 33
52 96 11
35 87 24
59 71 60
18 18 51
25 75 48
39 87 57
42 49 33
54 56 30
7 21 56
65 95 26
13 67 30
30 42 19
52 71 6
35 83 53
28 45 40
1 43 0
51 90 41
55 94 7
6 94 38
72 77 23
11 62 59
13 56 19
43 81 5
26 97 35
34 54 53
51 57 12
20 98 30
3 41 34
14 64 11
8 34 53
8 15 20
9 95 25
65 87 37
20 97 10
48 96 11
49 49 31
50 71 25
20 58 13
4 45 10
25 44 3
12 86 9
16 59 31
24 43 60
36 74 27
1 24 15
72 76 3
47 80 42
32 85 13
76 97 38
15 16 13
29 33 46
12 40 7
17 68 0
46 72 9
5 65 56
20 62 15
0 7 13
30 36 44
31 99 27
19 34 39
36 54 17
32 57 18
17 18 14
48 75 16
48 62 13
46 79 36
2 64 54
38 95 1
18 23 32
29 40 1
4 27 48
31 54 30
18 54 16
6 48 40
78 83 46
6 91 42
18 50 7
2 98 11
9 29 24
6 11 34
62 99 24
53 73 55
4 99 3
16 46 35
35 76 15
1 1 25
34 63 17
50 88 33
49 81 19
39 81 29
55 76 33
7 86 57
0 56 7
16 81 53
22 70 56
57 59 58
32 90 44
40 43 25
38 62 31
39 60 6
4 42 31
68 76 5
20 71 32
9 34 18
21 45 34
7 61 17
20 53 9
43 45 7
9 18 2
23 60 58
44 78 8
10 35 33
27 56 59
30 86 28
6 29 12
34 90 13
14 72 29
25 56 59
46 70 23
44 59 41
0 17 14
48 53 1
66 91 32
18 61 36
29 55 20
65 90 1
13 99 24
26 65 9
40 76 52
4 22 41
64 80 5
40 44 12
27 88 27
8 81 5
14 36 48
22 54 40
22 69 42
54 80 1
3 67 60
7 36 25
50 90 32
5 44 44
26 91 27
67 67 43
15 82 10
28 42 9
1 85 12
51 91 24
70 88 30
67 76 14
52 69 29
53 60 21
75 99 16
38 55 22
9 9 17
15 21 28
51 53 5
37 72 43
40 60 15
10 12 56
68 84 46
21 97 33
32 38 33
62 94 59
45 49 52
43 75 8
0 27 36
41 64 51
8 33 50
26 83 56
68 70 38
6 16 55
1 56 3
5 68 32
1 21 32
10 24 0
17 99 14
19 79 38
17 64 1
34 37 10
66 99 16
53 68 11
21 67 16
10 23 48
71 82 4
58 76 59
22 76 38
6 72 55
75 85 54
30 38 48
23 70 7
6 87 48
10 42 32
29 94 26
41 89 11
14 26 46
46 91 17
33 96 42
15 60 44
60 71 1
33 41 50
3 54 12
13 70 36
44 45 57
20 91 9
28 98 26
48 61 52
71 96 53
77 77 40
11 64 52
36 80 50
21 77 1
4 58 31
56 97 40
0 62 51
17 66 54
54 82 33
52 73 2
46 55 0
53 92 17
35 44 47
29 71 57
56 61 20
23 45 53
35 39 26
43 67 10
22 78 24
17 56 32
30 73 21
56 79 51
46 58 33
49 68 17
19 75 15
51 73 17
13 62 47
6 69 6
35 62 23
58 81 53
5 87 37
13 51 28
42 55 4
23 77 29
49 60 6
13 98 17
10 63 13
34 42 48
39 46 34
0 45 12
18 94 48
20 44 15
4 43 38
33 59 43
67 92 39
19 67 7
1 10 36
16 83 55
3 43 44
65 71 19
9 72 56
3 94 22
2 92 41
57 81 43
10 25 50
16 40 54
25 86 38
41 99 46
36 90 41
69 98 47
53 69 34
28 47 8
37 43 10
6 65 22
56 84 54
27 83 52
26 43 5
44 86 42
51 99 19
28 72 17
32 99 20
9 98 26
13 17 18
21 89 57
34 99 32
13 92 28
22 37 46
75 83 36
0 75 33
39 61 33
32 54 58
36 44 45
58 96 29
27 82 17
43 91 42
46 92 26
26 41 57
10 76 21
68 97 27
22 25 2
11 63 32
2 5 42
31 96 35
18 90 1
35 64 37
33 47 55
64 84 21
62 81 33
33 91 35
37 48 7
2 44 44
47 57 34
9 21 31
70 82 26
6 19 0
10 41 20
3 26 41
34 49 8
29 76 18
34 60 46
42 56 44
23 33 27
3 50 48
3 74 26
35 93 54
24 69 50
24 92 37
50 66 59
7 60 7
3 27 55
14 77 4
20 22 0
3 95 24
42 63 54
60 92 47
46 88 13
62 69 16
38 86 54
12 35 49
37 54 25
4 48 53
13 85 17
55 57 46
8 65 16
44 83 22
23 81 26
42 95 29
8 62 20
78 85 23
61 76 41
54 60 15
79 95 5
24 75 58
21 33 36
8 88 32
41 46 32
60 72 52
25 43 43
6 40 31
20 34 43
0 28 54
13 94 23
50 98 33
29 41 39
19 50 48
12 54 60
10 48 48
31 66 36
4 55 1
28 48 40
51 74 25
16 29 16
8 18 16
16 23 26
51 59 49
30 55 57
40 48 39
54 81 28
16 56 14
81 99 0
26 45 50
28 65 33
26 99 54
37 88 5
8 82 32
10 49 38
50 52 0
45 66 15
1 3 31
28 46 10
43 92 26
21 58 42
25 91 38
20 80 55
0 65 7
7 12 22
54 67 35
35 88 31
11 72 25
1 59 1
55 69 27
3 25 46
29 38 15
38 61 7
2 40 29
4 10 41
58 75 6
44 49 25
42 97 45
11 56 43
60 95 11
54 63 15
35 36 33
78 90 16
31 70 8
38 41 47
14 69 19
70 76 50
3 13 48
16 74 54
30 85 32
54 54 5
70 75 41
60 77 49
14 35 42
18 67 13
57 67 35
0 6 6
23 74 56
14 68 46
9 14 15
43 90 20
72 73 33
40 99 12
48 90 36
17 84 52
0 21 17
68 88 49
18 86 37
31 47 13
32 48 60
51 93 8
30 46 9
5 10 8
32 67 57
74 78 49
61 94 8
35 59 45
65 67 0
17 43 5
44 91 37
39 88 52
68 95 51
18 59 58
24 44 18
39 45 25
32 94 56
6 73 17
1 55 25
5 34 15
3 88 34
0 18 10
41 51 40
38 51 22
13 46 12
20 86 40
69 99 17
30 99 20
31 82 32
14 81 29
10 80 39
36 46 35
19 81 1
53 82 49
66 79 8
33 35 31
44 87 27
51 54 3
11 78 32
1 31 13
14 42 24
28 90 15
60 97 37
22 40 17
30 40 11
1 16 10
18 31 15
25 25 0
19 68 6
15 49 47
9 87 47
17 31 33
10 91 59
29 89 0
57 65 59
65 88 6
1 98 30
42 72 55
21 42 59
47 60 26
49 89 46
43 78 44
27 71 9
3 62 21
29 86 43
8 30 11
5 67 3
16 38 29
28 44 12
29 32 18
2 63 24
11 39 13
22 43 55
29 79 30
0 49 35
53 57 43
26 79 56
56 95 0
46 48 46
62 88 51
47 64 47
8 28 7
41 62 31
25 45 58
33 87 37
65 70 7
40 65 39
21 65 23
16 89 13
61 78 58
42 79 51
21 38 28
48 79 51
14 48 0
17 74 30
45 58 51
11 69 16
70 99 55
15 94 38
27 57 45
6 71 52
25 95 34
2 17 11
39 91 25
9 45 21
13 53 15
4 93 22
46 52 59
20 27 22
19 38 21
21 52 11
72 87 53
41 45 31
29 75 3
33 76 22
47 68 40
14 99 5
28 97 22
6 99 39
15 67 24
2 69 14
42 57 46
29 30 40
14 45 31
49 67 56
1 91 58
43 43 39
36 50 23
69 73 32
33 66 5
0 43 43
4 61 26
8 48 37
33 67 53
32 92 53
42 73 42
11 20 52
13 25 56
25 81 50
10 27 10
15 37 20
5 38 30
13 90 21
38 66 39
34 92 36
61 74 32
29 50 20
3 24 20
17 93 10
26 46 12
18 66 35
55 55 1
39 53 42
39 90 1
5 96 13
1 33 6
32 53 51
16 63 22
50 89 25
0 36 25
23 51 12
21 91 60
50 80 15
44 74 10
62 63 58
11 50 24
43 47 39
10 93 47
73 79 29
31 85 27
55 67 14
12 18 54
2 37 54
22 52 48
35 50 4
13 78 50
7 78 53
52 79 3
11 25 9
42 86 28
55 65 35
13 13 60
18 19 27
3 38 42
59 83 13
16 84 36
57 58 4
16 71 40
38 71 16
12 75 5
11 52 31
33 53 42
19 27 36
38 73 55
49 71 30
0 64 35
14 60 21
54 99 5
1 67 41
13 88 7
5 60 21
54 78 51
21 39 18
4 67 1
14 61 59
35 86 29
10 66 18
9 26 46
51 94 28
13 28 49
10 22 42
28 61 27
33 36 34
17 90 26
24 58 9
19 91 8
15 63 5
31 67 26
14 75 30
3 18 48
27 63 7
12 16 51
46 75 57
2 85 21
39 83 35
18 69 53
8 78 25
37 42 13
40 62 34
20 93 29
11 89 41
67 83 15
28 56 56
34 41 19
35 85 59
24 91 1
48 82 19
34 84 31
47 61 8
3 69 31
37 84 41
27 30 45
39 44 45
64 64 34
51 70 36
20 40 48
42 96 58
9 63 27
7 13 42
37 95 26
20 29 49
19 39 26
66 81 31
1 27 27
6 23 23
15 77 28
47 75 52
55 79 20
19 51 45
31 80 9
32 36 35
45 80 30
14 33 2
61 97 46
15 92 38
26 59 57
7 42 55
15 69 39
82 90 25
70 89 33
37 59 43
47 58 32
7 22 3
41 96 31
29 67 35
15 57 19
29 92 9
45 98 30
24 99 19
0 94 36
11 29 46
37 46 12
43 85 4
10 20 15
18 76 51
0 67 8
35 96 35
51 95 27
25 38 4
5 88 21
22 27 49
54 85 47
41 48 34
10 92 15
44 98 35
44 96 25
27 50 13
9 77 33
24 40 50
61 62 31
30 32 3
9 80 38
33 90 57
54 84 33
20 77 41
28 76 18
59 84 49
28 95 28
52 68 58
33 95 37
28 73 42
65 82 36
22 45 47
10 38 6
31 69 19
6 45 36
85 94 3
42 74 59
36 40 8
22 74 12
23 57 33
18 27 49
47 99 14
64 82 43
1 53 15
12 79 11
36 98 19
23 59 40
5 79 13
31 49 39
12 82 59
0 14 40
23 65 50
12 34 29
9 84 30
42 82 30
3 99 47
7 45 1
9 39 2
15 33 3
37 56 36
52 58 58
10 70 55
51 58 40
12 59 20
24 76 18
26 84 33
61 71 12
20 38 46
2 88 55
38 96 47
35 81 60
32 71 27
16 97 1
22 50 12
31 33 22
15 62 52
26 56 41
23 69 23
10 47 14
51 72 10
11 99 45
13 41 32
2 4 60
7 75 44
42 62 53
1 87 31
36 72 34
30 53 28
7 85 48
39 54 0
65 81 32
34 58 4
37 38 8
33 69 2
21 36 51
15 66 41
25 48 8
39 86 13
62 87 3
31 62 2
35 67 1
23 56 24
26 27 2
58 73 47
39 75 2
40 89 27
8 97 44
59 70 31
5 89 46
33 99 56
5 45 54
42 89 49
52 86 0
40 42 18
12 85 14
5 91 42
40 51 32
5 22 34
13 15 40
8 36 17
43 66 40
43 61 57
37 61 39
22 48 45
33 49 36
21 28 42
65 74 10
32 40 47
10 60 36
5 40 60
23 49 25
25 72 47
29 58 5
31 45 37
45 77 16
55 61 37
49 75 50
8 38 5
18 78 21
23 28 24
33 65 48
21 49 8
55 82 16
12 74 38
25 40 43
33 38 14
32 73 10
30 82 9
19 96 51
33 72 32
76 89 38
7 92 54
27 99 4
35 56 54
15 43 32
49 64 50
65 68 53
11 82 55
42 77 17
30 95 19
56 89 55
41 87 36
7 26 1
4 71 6
19 60 51
59 88 36
24 25 24
34 40 42
6 53 24
19 84 57
59 60 35
38 87 39
9 59 6
22 89 33
22 53 54
37 62 5
16 69 16
9 22 3
18 83 25
50 63 30
31 53 49
64 77 6
15 50 53
45 99 3
3 34 11
25 26 7
66 70 33
15 70 51
54 96 43
22 56 42
39 41 13
18 58 21
19 65 3
55 90 0
36 83 58
9 97 21
8 11 50
19 70 54
12 76 50
7 19 33
42 81 17
28 29 55
5 31 45
49 99 57
32 65 7
9 89 53
6 75 28
51 96 54
34 81 18
20 57 10
35 46 7
6 50 25
40 95 40
13 82 21
27 34 60
2 21 52
53 99 51
45 96 31
42 59 2
34 89 33
4 62 37
50 77 42
17 80 34
36 81 53
9 28 48
8 94 22
28 53 3
37 82 17
43 50 1
10 28 48
5 43 47
25 59 35
11 30 60
1 75 27
13 52 7
2 2 25
6 14 36
47 82 31
10 57 8
4 57 2
16 68 21
52 62 26
19 23 49
18 22 18
4 46 18
57 91 45
17 41 45
0 30 39
9 68 39
2 74 4
21 69 31
4 34 37
36 39 43
37 53 1
10 81 5
55 95 38
19 40 16
3 21 38
3 28 15
32 81 57
1 66 35
14 74 45
15 91 60
37 75 30
29 66 42
10 67 59
31 97 35
15 28 1
20 87 50
58 91 55
61 73 43
43 59 35
40 84 48
49 51 7
46 59 55
0 73 54
78 97 26
38 94 20
65 84 41
29 36 47
21 32 47
30 44 48
4 92 47
67 90 8
24 85 49
57 70 35
27 72 22
4 7 51
8 87 56
74 75 30
28 31 7
20 96 36
48 69 42
60 69 17
60 79 6
5 27 5
6 15 3
28 92 21
23 31 21
21 90 14
18 53 12
35 66 48
2 84 37
19 78 60
38 68 24
7 68 13
4 76 1
14 57 38
50 74 48
19 74 30
17 34 30
23 99 3
26 93 10
8 70 5
14 28 48
11 68 57
44 94 58
14 30 1
10 79 36
15 99 20
15 90 24
18 47 34
49 65 3
11 46 33
14 95 35
10 61 40
33 84 21
12 94 24
47 96 25
44 63 15
15 29 20
61 95 20
15 54 32
47 85 42
14 15 58
20 43 19
5 9 31
33 54 39
48 78 60
35 91 15
23 29 2
13 61 0
5 80 51
50 81 20
1 7 33
38 58 51
24 63 6
1 64 14
16 52 35
10 85 24
51 78 15
13 95 16
9 20 31
0 66 2
2 49 45
29 61 16
3 8 60
35 74 5
37 80 15
12 78 59
30 61 24
11 80 29
13 91 37
38 70 28
22 82 20
36 89 3
11 74 44
27 60 38
40 46 29
7 30 24
36 71 26
3 71 55
47 95 15
15 20 47
26 89 50
5 85 46
57 88 5
15 59 32
23 38 2
50 79 42
3 12 13
38 88 35
49 90 53
27 58 32
72 82 36
17 71 26
21 66 2
60 98 43
18 30 55
14 71 14
3 33 14
30 93 54
7 7 39
24 74 52
6 22 4
3 86 10
31 42 4
25 71 18
39 68 40
47 49 49
33 50 37
26 44 51
7 16 6
32 51 0
6 24 7
41 59 45
0 24 7
11 33 0
26 92 34
14 55 51
27 81 8
59 91 33
31 58 13
17 60 51
2 60 43
8 39 9
12 24 28
9 99 25
2 54 13
21 79 47
69 75 47
21 62 38
67 74 10
59 97 20
5 51 22
12 91 17
43 72 15
2 72 35
21 78 13
1 15 57
4 20 22
35 61 54
13 89 9
63 93 39
11 84 21
7 67 45
36 68 44
18 34 31
11 66 36
54 97 14
35 75 3
11 73 28
33 45 5
34 82 40
36 37 38
41 72 58
60 94 21
18 98 16
32 59 7
27 54 57
21 44 3
6 86 36
40 80 30
16 54 33
5 90 15
2 25 44
13 55 30
16 78 3
3 29 17
26 88 56
19 73 33
0 72 55
27 70 60
35 45 26
39 82 40
50 73 15
5 71 2
57 83 1
15 86 8
19 92 48
15 36 50
8 80 34
22 60 12
54 59 46
66 83 60
2 12 58
29 34 17
35 69 11
23 26 36
16 30 14
12 21 7
57 78 32
16 24 20
23 43 46
38 42 20
67 73 16
28 69 33
14 70 19
5 32 58
27 46 32
23 83 49
40 58 29
16 22 20
56 63 27
0 29 1
22 81 44
53 91 46
73 83 41
4 63 53
26 86 44
17 72 5
65 91 10
7 34 22
5 46 60
34 86 18
22 71 11
12 56 57
9 47 29
45 76 11
37 92 43
5 61 31
52 85 46
2 80 47
6 93 10
8 25 41
5 11 6
15 55 27
34 53 31
46 80 51
23 25 9
17 61 27
29 47 47
23 42 28
19 76 45
20 94 19
11 35 1
20 23 54
10 54 21
7 53 59
48 95 56
8 99 29
26 55 52
18 21 51
13 35 46
37 96 9
13 68 51
12 67 49
45 79 45
33 92 58
6 44 19
30 54 41
11 75 0
41 73 48
25 37 10
32 52 3
44 89 13
52 55 16
35 80 54
4 98 9
18 77 56
26 31 44
45 63 20
48 84 0
18 28 6
76 76 54
30 37 32
1 81 9
12 55 26
19 55 4
13 69 5
42 54 38
6 38 27
5 47 31
48 55 56
17 98 25
1 93 26
4 49 6
34 50 21
34 57 41
12 37 40
38 89 19
25 50 33
3 35 22
2 26 24
12 49 30
27 92 25
14 65 22
52 76 42
19 54 59
42 50 49
9 70 45
8 52 44
14 80 12
15 32 38
14 27 21
14 84 0
41 42 20
0 12 28
61 91 45
2 94 43
17 70 55
18 81 18
21 54 42
39 96 22
37 40 53
12 90 8
22 67 29
16 48 1
26 64 2
12 72 25
5 6 26
29 90 53
9 56 39
3 98 47
10 36 12
37 37 52
23 84 46
27 90 17
7 83 60
23 68 31
9 76 19
9 49 24
11 59 35
3 84 30
35 70 45
44 97 33
7 70 13
10 55 24
0 68 30
7 51 2
24 57 33
40 91 2
0 5 16
12 48 57
52 91 15
46 83 17
15 24 57
54 88 50
17 42 56
