40 740
194
143
200
191
195
133
124
195
107
165
182
128
159
112
107
127
129
124
103
107
159
148
139
143
152
146
120
195
175
110
194
181
168
126
197
147
144
177
133
116
0 1 59
0 2 47
1 3 10
0 4 25
0 5 25
4 6 49
2 7 44
3 8 52
8 9 23
8 10 14
3 11 55
1 12 13
2 13 3
6 14 39
10 15 32
13 16 36
5 17 26
8 18 3
11 19 18
17 20 14
9 21 4
16 22 39
1 23 43
0 24 5
2 25 48
15 26 52
4 27 40
24 28 22
20 29 50
14 30 4
18 31 23
14 32 38
27 33 34
22 34 41
28 35 44
1 36 4
22 37 15
36 38 37
28 39 38
23 33 2
17 33 22
14 17 44
11 17 57
9 29 36
7 27 58
22 33 34
32 33 11
4 19 23
31 33 54
20 31 22
19 33 54
20 33 36
35 39 21
21 23 52
34 37 34
15 24 37
9 22 55
26 39 56
3 9 50
13 22 2
14 35 46
26 34 29
23 39 55
14 15 5
15 36 53
7 35 22
28 34 46
13 18 44
29 39 11
27 28 34
35 38 51
37 37 36
27 29 17
8 24 19
34 39 56
27 30 53
37 38 38
19 36 4
10 31 17
5 5 24
36 37 18
35 36 18
3 35 11
4 4 14
28 36 34
18 37 49
18 32 49
23 37 44
24 33 14
4 34 5
11 22 37
23 26 41
9 28 35
38 38 5
23 32 17
11 23 11
10 33 6
0 12 46
18 23 26
24 31 50
13 34 42
8 12 29
38 39 10
33 35 35
18 27 39
31 31 28
37 39 30
19 38 24
2 4 38
30 35 51
32 32 36
36 39 32
18 35 23
13 26 6
5 18 39
19 23 23
4 36 2
11 37 13
24 27 14
14 33 9
29 37 21
12 16 31
34 36 29
18 38 59
24 37 58
20 27 41
32 34 1
15 19 28
21 29 28
25 33 3
31 39 30
24 25 46
17 37 29
6 11 50
3 23 13
2 26 31
29 29 21
25 37 57
35 37 33
1 27 60
3 39 20
29 33 45
10 16 48
16 37 6
14 38 9
8 39 19
0 26 40
7 18 3
6 24 10
9 34 18
19 34 11
17 26 36
17 30 19
8 11 3
9 36 14
33 38 17
15 35 59
9 13 15
25 31 34
18 22 29
11 15 28
5 39 37
26 33 22
10 11 26
33 33 41
32 38 49
4 18 4
15 20 58
7 14 45
17 23 12
27 32 50
4 23 51
27 36 35
17 36 22
16 33 15
26 28 52
1 39 4
14 24 48
31 37 49
2 11 10
29 34 47
17 27 45
2 12 42
19 29 35
16 34 37
10 30 6
33 39 54
31 35 60
18 24 49
31 32 56
23 29 19
34 34 47
23 23 56
25 28 21
9 16 46
19 35 9
21 31 37
34 38 20
26 36 28
6 39 35
12 38 49
13 17 49
16 39 21
2 37 34
36 36 36
21 36 6
10 36 8
7 22 50
21 38 57
10 24 55
15 15 15
32 36 44
29 38 14
32 39 23
1 38 48
19 28 2
16 38 37
9 17 55
28 37 58
29 36 39
14 19 8
8 19 42
2 5 19
25 38 59
14 37 21
30 36 17
6 21 41
4 14 16
12 21 0
13 25 31
26 32 4
25 26 39
24 39 54
31 36 58
22 38 20
10 28 17
20 22 0
25 35 32
20 25 57
23 24 16
2 3 50
16 32 50
12 39 47
22 35 16
0 31 2
12 12 46
6 37 1
20 32 18
5 28 36
10 12 8
20 35 13
18 36 24
31 34 23
30 33 14
1 5 17
27 31 48
27 35 37
1 4 6
7 37 39
34 35 36
14 34 37
24 36 22
8 15 55
35 35 24
7 34 53
11 39 41
18 20 43
0 37 6
26 38 52
2 16 56
24 29 41
6 25 1
30 39 45
16 26 13
2 20 46
19 37 31
3 22 36
16 19 17
2 35 15
19 24 17
33 36 1
7 29 52
12 13 6
21 32 50
10 10 20
21 22 60
5 16 8
3 37 2
4 29 21
15 39 45
2 22 8
8 8 49
24 32 58
33 37 45
20 37 50
14 29 35
1 24 16
25 29 25
15 32 6
28 31 24
5 14 51
7 10 56
12 35 10
2 14 20
22 27 50
5 29 57
24 26 55
27 39 5
19 22 16
9 30 5
33 34 30
9 39 36
6 15 60
20 26 9
19 19 3
21 30 8
14 25 27
2 19 17
22 25 51
18 33 51
17 22 58
14 27 58
5 24 14
1 33 56
8 13 38
22 28 17
7 16 1
14 20 32
11 32 34
32 37 30
5 13 4
1 28 51
29 32 7
9 11 9
26 37 1
9 10 31
30 30 34
0 18 54
23 27 47
10 14 44
20 23 25
9 27 13
17 35 19
14 16 0
22 30 20
22 23 6
12 28 58
4 37 44
4 22 51
29 35 16
23 36 35
3 4 57
17 17 27
12 23 4
5 36 0
30 34 38
7 25 43
2 6 5
21 28 2
21 39 42
3 15 4
24 38 20
10 25 44
20 20 10
24 35 30
26 35 52
5 9 36
25 34 46
9 14 19
10 27 28
13 32 42
26 27 6
6 22 46
10 13 50
0 16 13
29 31 18
27 34 26
8 37 55
7 24 38
17 38 20
13 20 8
27 37 9
6 23 6
1 32 7
9 37 40
26 29 18
16 17 19
3 13 36
3 16 32
4 15 43
0 21 49
7 19 25
1 7 56
14 26 35
27 27 14
1 11 31
14 23 21
0 6 47
17 31 6
21 27 0
28 32 40
15 34 30
16 30 54
23 35 7
13 15 40
0 22 55
25 32 29
29 30 1
4 31 10
11 35 32
5 21 55
20 24 12
0 20 44
20 30 4
10 35 60
17 28 2
19 30 60
28 28 41
8 27 18
21 35 45
2 38 7
13 39 36
6 30 50
28 33 27
25 36 4
27 38 25
6 20 44
12 36 45
8 29 8
31 38 21
32 35 55
9 32 31
12 37 21
10 22 3
13 35 59
6 19 29
19 26 26
12 27 35
0 9 45
16 27 31
30 38 28
8 25 17
17 34 53
8 38 36
28 30 48
21 37 56
13 36 14
4 5 4
8 28 5
2 9 11
0 32 53
15 37 12
11 25 20
15 23 46
7 17 34
20 39 16
1 6 7
15 22 7
2 17 47
8 36 19
3 25 5
26 30 60
2 29 6
1 16 53
1 10 10
12 31 28
30 37 21
19 31 57
11 20 57
11 38 25
10 21 28
15 28 55
21 33 3
10 39 6
24 34 6
7 30 10
17 39 3
2 21 41
7 21 57
23 25 35
7 26 28
28 29 16
11 21 57
6 34 12
4 35 46
14 18 44
10 23 60
21 21 33
21 34 18
25 27 57
30 31 52
6 27 45
1 34 59
22 39 6
21 25 60
24 24 11
9 26 55
6 17 59
28 38 25
2 39 19
13 24 1
19 21 2
7 32 32
14 22 33
26 26 8
9 31 20
2 28 23
1 8 40
14 28 47
10 18 6
17 25 41
22 32 50
21 24 42
18 21 22
4 21 52
12 25 8
10 26 53
12 32 47
9 38 9
12 19 36
18 19 45
11 24 52
7 9 41
16 20 24
14 21 52
2 31 13
22 31 32
3 5 21
1 26 51
3 6 46
1 35 58
13 33 9
11 11 24
18 39 29
25 39 26
19 27 54
11 30 0
5 7 21
8 16 27
8 23 16
16 25 51
6 31 56
23 38 17
22 24 0
16 31 22
16 29 57
18 34 33
10 34 24
5 10 18
10 38 15
7 23 52
4 39 32
8 22 19
4 12 22
12 29 52
15 30 19
2 27 27
17 24 10
10 37 33
2 32 54
6 9 39
4 10 11
11 29 5
16 21 58
3 19 6
13 27 38
18 30 45
5 8 2
7 12 13
7 39 37
13 14 6
25 25 17
0 19 1
4 16 28
18 29 40
7 31 6
1 31 9
1 14 23
6 7 29
12 15 44
6 16 47
15 33 45
14 36 44
14 31 8
3 32 36
2 18 44
8 35 55
11 34 58
24 30 39
5 26 22
3 33 26
1 20 46
15 18 10
6 13 22
11 14 39
6 36 40
9 19 1
2 10 56
20 34 14
7 36 56
16 28 59
12 22 30
3 29 49
3 31 28
9 20 40
22 29 37
21 26 31
15 25 8
22 22 38
5 12 60
20 36 41
9 23 52
8 21 46
11 12 29
15 17 15
11 16 32
11 33 41
12 20 27
1 30 57
5 23 32
4 26 29
5 27 57
3 18 33
6 28 14
3 20 42
1 25 4
1 2 18
6 10 12
0 38 43
6 33 27
18 25 35
7 11 45
17 29 26
18 28 0
4 33 54
7 33 38
0 34 1
0 33 24
8 26 41
12 14 32
6 35 25
0 15 57
11 28 50
23 28 47
4 11 49
4 24 6
13 13 3
7 15 17
19 25 7
3 38 36
11 13 0
16 23 15
13 30 8
2 2 17
5 38 18
1 22 56
9 18 3
23 31 32
20 38 58
19 39 0
3 17 17
4 20 45
3 10 55
13 28 9
9 15 48
16 18 35
10 20 16
23 34 12
12 17 43
19 32 23
1 13 35
15 27 0
3 3 38
14 39 17
0 7 51
17 18 8
3 12 27
5 19 17
11 36 20
9 24 18
5 37 60
7 38 12
19 20 49
9 35 42
13 23 12
12 33 12
1 15 19
0 29 45
0 35 8
0 39 55
9 33 60
10 17 43
12 24 17
4 7 49
8 34 35
22 36 25
0 27 26
20 21 25
13 19 28
10 29 24
17 32 29
13 38 3
8 30 50
6 18 40
9 9 38
25 30 46
11 18 34
5 20 53
12 18 30
13 31 39
2 15 32
0 28 33
14 14 14
7 28 44
22 26 52
0 30 49
4 17 34
4 13 19
6 26 60
3 27 14
2 36 40
17 19 57
6 8 48
3 36 48
1 1 48
30 32 46
13 37 57
4 30 1
10 32 57
15 29 35
15 21 59
11 27 57
1 21 21
1 37 34
9 25 2
8 31 25
15 16 34
5 30 17
4 8 3
1 19 5
