35 560
162
113
179
190
164
171
144
169
181
122
192
165
126
104
157
101
186
138
175
176
105
135
126
165
101
149
162
124
118
156
110
192
176
168
132
0 1 4
0 2 47
1 3 40
0 4 31
0 5 29
5 6 4
1 7 51
2 8 26
3 9 0
5 10 10
0 11 19
7 12 16
8 13 47
8 14 44
14 15 34
11 16 4
4 17 49
13 18 30
9 19 47
13 20 59
9 21 47
0 22 53
15 23 8
17 24 16
13 25 5
9 26 29
5 27 35
13 28 50
14 29 14
2 30 27
27 31 57
27 32 16
17 33 56
26 34 38
14 18 1
29 34 48
6 7 26
31 34 51
33 34 23
6 28 25
8 28 0
3 8 17
10 11 53
16 26 13
33 33 25
23 28 15
5 8 56
14 30 42
8 24 36
15 29 5
30 31 25
25 25 25
6 27 18
5 12 45
12 22 38
18 21 17
32 32 39
7 21 60
1 12 46
26 30 47
23 23 50
3 4 36
4 14 28
22 32 5
21 23 16
9 29 39
6 17 60
17 32 13
13 19 3
10 19 48
17 30 47
3 21 5
22 29 4
4 25 25
22 31 28
8 10 34
24 33 4
12 14 37
23 33 25
23 31 40
16 18 37
25 34 59
10 22 29
7 28 48
26 26 30
30 33 49
11 34 20
3 22 5
28 30 32
21 30 25
22 26 51
17 28 24
21 32 33
2 20 13
21 29 5
0 25 54
7 29 58
1 24 15
14 14 17
30 32 36
20 23 40
20 29 6
25 31 35
17 17 16
7 24 50
16 32 46
30 34 26
10 17 56
20 28 33
19 27 0
28 32 18
9 23 60
29 31 1
3 11 17
21 21 0
5 26 48
25 32 26
9 31 32
20 32 18
9 11 12
12 27 57
18 29 29
31 32 55
0 19 57
3 19 21
31 33 47
29 29 29
11 19 41
25 28 25
1 29 39
15 16 5
20 21 15
26 31 19
12 29 18
0 6 57
23 32 46
2 26 45
25 27 3
22 27 20
14 24 4
7 33 34
8 26 6
12 17 17
11 20 13
6 10 30
19 34 16
4 5 54
27 34 12
20 30 53
2 25 7
7 30 9
28 28 37
6 26 17
21 33 33
3 26 60
6 13 58
14 20 20
21 22 28
23 25 29
30 30 10
13 30 59
12 15 6
3 7 39
4 23 52
9 22 50
29 32 52
10 13 40
11 25 52
16 24 54
24 25 16
15 21 47
26 32 28
7 23 43
19 33 53
27 28 60
14 32 9
13 24 53
3 34 38
16 29 17
20 22 47
1 5 1
16 27 24
21 25 32
10 21 31
11 23 27
1 22 41
24 24 22
16 31 41
21 31 29
26 29 38
24 32 56
29 30 39
7 31 42
4 9 6
4 10 49
11 11 41
32 34 31
28 29 32
27 30 53
28 34 46
3 18 5
4 18 0
24 29 17
15 30 28
29 33 30
14 23 18
5 29 31
16 23 21
5 15 27
16 28 56
8 32 53
19 25 2
10 26 25
8 17 18
3 13 30
11 27 33
3 28 2
8 9 20
11 28 26
21 24 58
7 17 21
32 33 57
9 33 56
24 31 56
7 11 51
20 25 22
12 18 15
24 30 21
1 14 6
16 17 12
21 26 55
15 27 27
12 33 36
26 28 28
23 24 42
6 9 8
20 34 25
20 20 1
18 27 10
12 23 48
23 27 40
10 31 13
0 14 2
8 23 24
9 10 30
14 28 41
10 15 17
24 27 19
12 30 53
15 25 14
26 27 15
2 7 1
1 16 31
4 27 34
12 13 18
31 31 36
22 24 35
28 33 35
6 31 35
6 18 45
16 22 33
23 29 46
2 29 9
13 17 60
10 14 2
14 21 30
22 28 47
6 15 27
14 22 50
16 20 6
5 30 41
15 22 26
24 28 16
18 34 35
17 29 11
18 20 12
10 24 54
13 26 13
23 30 25
0 20 55
21 34 36
15 17 26
3 32 0
0 9 60
22 30 39
12 19 13
11 33 9
3 25 5
18 18 35
10 30 35
22 22 32
6 8 18
10 28 1
5 22 42
3 6 44
21 27 20
4 7 25
15 28 19
1 28 43
2 12 53
12 16 56
14 25 53
2 2 39
9 30 17
27 27 42
7 26 3
24 26 47
4 31 5
18 24 42
25 30 59
8 33 52
18 25 52
2 28 27
17 18 50
25 29 57
13 32 36
15 31 40
17 34 40
16 21 27
14 34 16
0 33 45
0 18 53
8 30 25
1 13 6
13 34 39
18 22 38
26 33 18
25 33 46
8 19 56
2 21 51
9 27 31
4 20 24
0 32 38
8 22 25
8 31 27
9 13 57
5 31 12
3 17 30
13 29 46
2 19 35
19 24 52
15 20 55
10 16 27
6 30 51
14 16 4
23 26 23
12 34 47
6 32 55
15 33 47
1 2 40
4 30 17
2 9 16
27 29 56
18 26 3
9 18 47
15 26 48
2 17 41
3 12 42
9 24 33
6 25 2
20 33 19
3 20 37
18 19 55
18 23 36
12 32 3
8 15 25
4 11 20
3 5 14
11 14 21
17 26 35
0 17 45
9 9 52
16 16 15
1 1 26
2 32 13
0 13 46
7 16 43
6 19 33
5 18 10
10 32 22
13 21 35
13 14 20
15 24 48
11 18 51
17 27 29
1 15 7
20 27 35
19 29 43
7 20 17
17 23 52
18 31 51
10 12 7
5 16 50
9 14 6
19 30 37
0 27 37
22 23 57
22 25 25
1 19 56
14 27 34
7 34 13
10 27 22
28 31 16
4 19 31
7 15 50
7 7 8
1 31 34
5 17 50
0 7 6
4 4 18
0 23 48
13 16 43
5 20 31
19 23 8
0 29 53
10 18 23
19 32 16
13 31 34
2 15 17
12 31 36
11 26 1
18 28 32
24 34 38
17 25 36
22 34 13
13 22 35
16 19 29
11 12 18
3 30 2
20 31 49
6 16 50
23 34 41
5 7 7
8 8 8
1 11 41
12 20 19
17 19 35
6 33 56
18 32 41
14 17 22
16 34 34
0 3 44
0 31 11
3 10 57
5 33 1
14 31 22
2 24 18
17 20 40
1 8 49
7 10 11
4 16 7
4 24 17
3 24 18
8 20 60
16 30 39
6 21 60
19 19 16
10 29 33
8 25 41
16 25 25
1 23 46
22 33 50
27 33 24
6 34 20
6 22 42
2 3 37
3 14 19
21 28 8
4 28 9
11 24 13
13 27 33
11 21 26
2 13 53
2 18 19
8 27 14
9 12 20
10 10 50
16 33 4
5 28 44
19 31 53
19 28 21
1 6 6
5 21 33
4 12 37
11 17 43
8 11 20
6 29 48
15 34 37
3 31 59
17 21 20
9 20 49
8 34 47
4 26 59
25 26 19
14 33 32
13 33 34
11 31 14
1 30 54
3 15 15
2 16 28
2 31 37
0 10 57
12 12 51
15 19 24
11 30 37
1 27 0
8 21 16
1 32 8
9 32 26
3 33 15
2 14 12
6 20 44
15 15 60
4 32 12
10 23 54
8 18 45
1 33 8
7 13 14
10 20 30
5 9 16
1 26 40
6 23 15
14 19 54
11 13 34
15 18 17
5 14 57
1 4 12
3 29 16
13 13 22
9 15 30
19 20 5
4 6 59
12 25 20
0 21 3
9 25 16
2 22 24
18 30 9
7 14 2
4 29 38
14 26 35
0 30 24
8 29 25
8 16 3
6 12 45
17 22 54
12 21 58
2 34 15
11 22 49
5 25 51
5 13 37
0 26 18
1 20 41
5 24 34
4 8 25
20 26 2
0 12 13
10 33 6
0 0 24
7 18 47
13 15 3
