150 10425
195
118
130
170
111
159
131
145
184
185
157
191
163
128
118
170
144
138
188
129
198
133
159
154
146
142
108
140
100
149
196
182
144
127
193
132
134
192
116
101
170
170
192
184
124
161
104
199
153
132
193
125
140
200
193
161
168
100
133
128
165
155
106
145
107
104
174
176
151
151
156
134
108
111
150
138
138
159
128
158
151
150
110
137
152
116
193
171
180
168
138
146
176
117
121
170
110
179
115
171
128
170
116
100
102
182
157
144
176
176
191
143
178
191
104
104
160
183
149
106
178
115
139
115
134
105
137
122
186
133
115
184
160
146
148
150
113
190
160
174
145
121
122
149
151
174
145
135
117
107
0 1 28
0 2 56
1 3 45
0 4 59
0 5 37
4 6 23
5 7 50
1 8 17
1 9 8
4 10 28
4 11 11
2 12 57
8 13 26
9 14 8
3 15 7
4 16 23
15 17 44
15 18 53
14 19 60
17 20 48
13 21 6
10 22 32
9 23 30
20 24 2
7 25 36
20 26 29
13 27 58
2 28 40
10 29 52
2 30 23
25 31 46
12 32 47
23 33 44
14 34 45
29 35 20
31 36 13
26 37 40
13 38 4
22 39 48
7 40 21
16 41 12
35 42 8
38 43 53
24 44 57
11 45 54
3 46 7
45 47 41
15 48 16
36 49 1
40 50 59
39 51 9
1 52 35
17 53 55
31 54 42
45 55 29
33 56 20
51 57 37
7 58 57
19 59 45
17 60 26
17 61 10
44 62 11
11 63 8
59 64 44
30 65 24
52 66 30
6 67 12
11 68 51
51 69 42
18 70 55
54 71 40
46 72 52
58 73 16
24 74 51
7 75 27
13 76 3
35 77 44
7 78 54
19 79 58
26 80 48
52 81 51
37 82 17
79 83 10
0 84 5
36 85 26
14 86 15
36 87 27
9 88 41
5 89 55
34 90 8
70 91 10
67 92 28
27 93 26
77 94 7
18 95 2
80 96 3
0 97 18
7 98 18
64 99 53
82 100 28
33 101 38
76 102 5
90 103 14
59 104 45
17 105 2
66 106 51
17 107 39
56 108 0
58 109 49
103 110 42
24 111 16
107 112 49
87 113 54
59 114 52
16 115 26
1 116 15
110 117 60
100 118 59
69 119 5
16 120 42
47 121 41
120 122 28
93 123 13
106 124 49
83 125 18
3 126 14
42 127 0
45 128 37
102 129 10
116 130 24
120 131 1
12 132 1
48 133 57
129 134 43
95 135 26
53 136 9
123 137 35
35 138 52
60 139 15
34 140 16
114 141 46
128 142 46
14 143 23
11 144 57
98 145 30
30 146 43
21 147 22
67 148 9
93 149 57
7 11 51
92 123 26
50 100 7
126 137 46
102 143 56
47 77 17
139 139 43
67 127 24
24 56 43
120 145 22
75 119 8
104 116 1
137 140 57
74 82 36
14 93 16
2 128 57
126 126 24
33 145 28
9 144 39
131 146 36
89 103 6
84 92 5
17 81 25
97 110 9
142 146 45
98 149 18
116 119 22
140 146 48
4 100 26
22 147 14
44 115 4
125 141 16
124 136 59
0 57 17
94 95 8
92 109 56
106 148 30
66 89 24
2 34 6
86 123 1
70 72 20
104 125 44
12 120 24
144 144 30
15 65 40
25 148 14
28 104 56
113 117 1
104 143 51
2 47 46
26 55 29
104 142 2
1 95 32
72 106 51
20 88 53
67 95 25
127 148 14
122 127 57
80 100 51
86 100 52
122 141 5
94 117 24
0 18 43
98 116 45
77 102 13
10 89 11
8 21 33
29 73 48
137 149 25
51 95 21
10 105 20
17 69 10
28 118 1
132 136 30
2 108 22
105 123 40
40 42 56
55 123 53
62 133 3
11 34 14
2 137 52
125 142 60
110 123 53
112 131 1
75 92 46
67 135 50
19 99 58
23 112 0
18 39 3
24 83 49
136 146 34
12 94 19
111 146 34
3 69 13
113 149 20
67 144 16
107 124 38
28 134 18
26 117 56
45 76 16
62 70 42
58 91 48
144 149 4
64 119 51
95 143 5
95 125 43
0 59 44
41 66 43
113 136 17
38 134 37
60 126 28
93 130 14
8 146 43
11 95 7
92 120 50
67 137 9
25 110 2
83 103 0
64 141 20
121 133 34
125 145 31
75 114 11
143 143 36
127 142 52
108 138 19
84 147 9
148 149 13
37 103 25
30 116 49
35 106 4
79 94 4
34 45 54
145 147 32
50 78 37
61 146 60
85 103 42
55 147 45
44 110 40
133 147 60
11 22 52
77 142 21
15 63 60
63 106 32
101 108 3
1 39 50
145 146 35
57 96 51
66 148 23
37 78 21
36 119 59
139 147 17
19 72 1
51 109 3
7 21 37
141 145 27
27 110 25
98 108 11
13 120 48
93 136 3
89 114 1
29 84 25
103 124 24
43 82 2
25 73 55
2 8 24
4 105 52
60 87 9
27 51 5
18 20 10
116 143 41
46 124 29
103 115 29
25 38 27
146 147 24
44 107 15
144 146 46
135 148 32
134 141 44
127 136 8
145 149 35
97 136 12
27 109 8
130 130 60
34 96 14
38 145 56
111 137 3
121 147 43
90 134 44
16 133 57
20 132 15
3 18 7
33 51 57
140 144 29
124 137 43
64 127 21
10 62 37
103 111 36
132 133 3
143 148 2
104 144 47
67 131 23
131 134 4
25 122 16
52 64 25
5 148 4
93 115 51
57 142 25
66 80 8
62 131 39
75 132 39
90 132 37
55 56 34
12 71 43
111 135 31
111 131 56
26 99 12
4 44 54
42 124 16
100 123 3
57 135 45
132 142 2
3 99 1
66 96 26
50 126 51
33 117 5
38 122 27
0 77 39
38 45 48
88 110 51
79 104 2
113 129 58
43 128 48
42 48 44
40 67 13
141 148 5
89 116 43
62 85 10
45 83 60
94 136 57
138 141 14
32 110 21
41 43 56
131 143 55
97 137 6
5 107 37
81 122 47
103 137 29
55 143 30
108 143 40
39 137 12
129 147 42
19 29 23
147 148 47
13 16 59
94 130 24
80 131 34
59 106 33
78 101 45
62 124 32
7 49 7
8 144 43
87 133 9
108 123 38
135 135 60
30 114 53
72 129 29
56 136 55
134 139 40
14 131 39
28 90 58
9 143 53
44 70 9
75 123 50
114 119 10
45 101 40
114 120 57
71 135 45
85 129 4
97 123 25
72 136 29
96 127 48
71 146 25
1 107 14
119 130 34
45 148 4
124 127 24
32 42 54
107 123 15
49 73 24
146 146 18
26 63 45
69 94 40
112 132 20
13 113 57
97 100 24
63 100 39
91 142 2
55 55 33
20 129 44
137 142 50
69 78 21
84 111 45
2 66 19
69 82 43
26 26 30
6 84 31
99 149 24
90 95 9
41 57 52
95 101 22
66 127 39
90 127 3
88 137 1
78 92 10
22 105 22
43 87 40
27 83 38
99 147 36
81 119 35
45 120 16
99 118 40
114 130 19
46 80 9
33 129 20
100 113 1
95 148 52
134 134 43
48 108 7
103 107 45
112 135 39
28 108 50
129 137 26
12 140 29
68 100 3
90 125 9
28 44 36
40 143 48
56 102 45
11 74 29
59 79 34
105 114 20
79 98 9
10 18 8
18 126 45
139 149 40
60 82 30
80 99 43
109 141 35
17 131 55
13 79 14
60 62 23
132 141 15
97 126 12
17 98 3
23 70 42
18 66 36
76 113 49
15 49 55
52 107 10
111 132 28
42 43 9
97 119 53
82 106 31
65 133 47
37 61 50
73 99 0
76 95 20
121 149 53
74 125 25
70 74 60
42 102 41
82 138 15
10 51 35
61 119 25
23 146 18
100 133 53
39 50 58
96 125 23
89 135 43
96 120 7
40 115 46
5 88 56
47 127 6
96 122 44
66 126 47
82 85 23
102 134 4
19 71 7
93 145 40
64 121 57
66 128 27
142 147 1
92 136 44
42 57 43
36 106 45
66 135 54
32 41 28
133 148 16
103 108 30
104 128 23
133 149 13
147 147 9
135 144 42
139 142 24
15 139 5
19 101 37
30 94 4
19 82 55
36 78 20
22 135 39
17 120 48
2 136 25
27 103 50
62 80 51
40 134 57
84 106 43
125 140 42
58 75 30
15 114 57
91 99 55
22 37 4
54 64 22
28 43 57
115 134 60
104 107 16
95 147 47
39 131 12
117 146 34
57 106 36
16 141 17
75 76 0
10 90 4
48 110 20
145 148 38
137 146 35
4 117 56
48 132 9
117 143 24
143 147 4
15 120 56
130 141 29
35 97 17
140 148 20
125 135 36
10 91 22
120 138 24
94 109 37
96 129 13
45 146 32
18 85 4
16 72 5
88 109 54
4 81 17
74 122 33
80 80 3
24 57 24
36 100 5
13 125 42
92 138 1
57 138 47
14 147 45
127 127 46
13 97 21
37 121 6
124 134 51
26 38 34
109 146 35
25 30 39
26 115 8
55 104 17
60 129 37
93 135 19
17 48 17
74 118 59
112 117 57
117 129 59
76 85 16
132 146 14
2 5 41
141 149 58
93 143 40
24 118 55
65 146 57
112 127 29
43 83 47
34 102 22
33 128 1
125 148 31
60 116 28
53 103 58
2 107 45
37 144 14
68 101 54
118 133 5
38 85 20
110 124 28
23 63 40
46 144 5
33 36 24
93 111 9
9 71 11
85 112 12
61 93 14
24 125 46
2 134 13
48 83 9
125 125 52
138 142 19
58 98 49
122 139 23
98 142 13
70 126 1
114 148 15
111 121 55
76 117 26
54 90 20
4 128 57
4 77 19
58 127 46
126 144 28
14 122 6
141 147 56
14 80 29
144 145 7
9 12 6
121 141 1
94 105 46
97 135 49
111 140 53
84 91 27
35 102 14
65 91 39
69 95 8
88 99 14
83 88 17
7 50 29
138 147 12
28 60 49
101 114 9
115 129 54
16 101 60
33 86 37
93 109 31
24 104 25
5 45 25
60 68 27
98 120 24
83 101 58
69 118 21
75 97 55
120 123 42
106 141 1
144 148 40
89 90 4
18 111 19
107 132 53
102 137 25
137 148 39
45 145 5
87 121 31
103 113 41
48 51 54
112 133 27
127 135 20
116 117 18
124 149 30
21 27 13
50 91 11
52 85 29
100 148 1
49 134 21
68 91 46
86 116 27
24 61 24
33 138 41
42 82 48
16 74 19
80 121 9
94 139 23
23 43 50
32 50 46
90 106 3
6 80 27
28 37 2
58 101 53
77 87 56
16 70 32
27 127 13
5 25 3
40 48 4
136 148 8
47 116 7
53 74 8
49 95 10
0 78 54
56 123 57
104 138 8
99 119 42
110 138 42
33 102 42
146 148 46
126 142 55
5 143 0
25 88 8
119 132 40
20 73 22
39 132 7
47 67 28
132 140 24
145 145 20
81 125 8
52 115 15
8 83 30
117 131 48
80 92 23
61 101 8
94 103 54
72 74 24
131 141 35
0 73 21
148 148 54
134 149 59
63 107 43
64 138 35
119 120 15
55 109 54
93 132 46
40 51 3
36 128 16
59 129 14
62 123 27
39 128 56
16 118 37
91 108 5
39 104 25
34 44 11
1 27 24
46 102 40
123 144 3
79 139 3
74 86 23
108 112 12
127 144 10
105 111 46
99 136 19
5 82 57
23 147 23
86 111 45
11 138 30
39 124 43
2 71 19
77 77 11
134 145 13
4 9 33
61 77 39
134 148 18
12 26 29
80 112 17
30 50 10
134 140 53
129 148 20
76 140 14
50 52 40
106 109 34
3 89 44
9 109 30
24 99 27
92 125 22
67 114 10
0 85 60
13 58 20
31 97 56
34 117 26
98 128 25
15 62 44
114 122 8
85 126 21
100 134 51
0 65 43
136 142 11
6 101 13
65 71 31
46 67 39
82 135 18
116 132 10
86 147 16
93 97 36
116 118 36
114 115 43
85 87 53
31 89 39
83 136 47
9 47 21
85 127 57
134 138 2
103 104 20
45 139 5
92 119 31
62 63 6
49 79 47
72 96 12
137 145 6
44 53 53
115 120 46
103 132 22
65 129 34
108 113 16
105 136 20
91 121 52
129 146 53
11 79 20
127 132 17
19 135 7
53 99 51
104 135 36
64 90 25
108 147 40
37 127 7
5 97 25
90 144 34
35 73 26
11 46 50
116 142 36
80 119 36
1 31 30
48 131 4
121 144 40
76 138 48
47 83 49
42 60 32
22 101 45
77 90 40
39 126 5
36 75 36
45 105 11
118 146 59
79 119 50
139 140 21
75 90 56
112 140 13
79 123 60
112 123 3
27 140 35
129 138 26
82 102 60
94 123 36
126 135 38
102 140 1
69 140 23
47 61 30
32 117 56
61 147 32
123 136 26
32 75 58
24 53 0
129 140 17
123 133 57
138 148 40
97 142 31
91 130 47
40 86 6
2 50 43
140 142 40
28 137 59
125 134 44
30 35 12
49 101 2
43 136 1
105 131 1
132 137 52
105 117 1
44 124 17
15 136 38
25 80 9
41 53 16
7 140 37
72 87 28
127 146 22
114 128 25
82 117 23
88 127 24
41 79 10
39 54 47
84 124 28
121 122 2
48 68 41
96 104 38
52 148 1
37 113 23
132 144 49
19 139 57
49 103 43
57 134 31
143 144 21
87 90 40
95 110 44
22 85 53
74 120 58
139 145 41
90 112 39
133 135 43
105 149 20
11 121 20
120 136 42
130 139 37
37 54 11
99 108 49
30 53 1
77 84 51
50 121 50
114 142 55
57 95 19
49 60 22
29 36 52
78 78 41
38 79 18
9 145 33
72 89 46
3 17 10
113 118 43
146 149 23
85 128 20
1 46 54
87 107 9
133 144 4
60 134 1
26 74 30
7 54 9
19 70 37
18 58 1
100 138 56
40 120 29
59 63 47
143 145 56
29 42 40
80 149 6
17 115 1
98 146 35
141 142 58
136 137 48
110 122 36
5 20 21
116 127 31
56 104 41
121 127 22
109 114 37
83 87 26
105 105 33
38 101 2
109 148 51
109 132 38
136 136 38
43 46 38
61 129 59
63 91 37
71 149 11
87 136 31
99 99 22
53 139 6
138 138 20
129 141 24
59 137 14
110 113 57
41 59 13
87 141 52
116 131 11
25 142 35
119 125 13
138 139 13
29 91 35
77 83 43
114 144 10
20 125 36
40 149 37
21 65 39
22 69 33
50 130 37
20 69 1
44 84 54
106 126 3
8 72 13
139 146 33
0 83 43
130 131 2
85 113 18
67 143 32
72 122 13
13 121 36
14 115 54
56 131 13
46 147 56
31 99 57
139 148 0
86 138 7
47 54 7
108 111 19
34 35 24
125 138 22
50 115 14
118 129 51
22 127 16
43 140 25
11 44 50
62 82 5
22 114 15
54 86 55
8 129 50
70 116 12
83 120 27
39 57 21
128 138 5
100 129 44
108 118 36
139 141 36
106 122 1
50 93 4
16 135 12
48 124 4
20 35 11
36 117 0
93 128 38
6 29 37
50 142 55
115 131 26
73 85 51
17 97 41
70 103 27
64 92 7
96 123 34
32 132 33
132 138 50
59 67 39
37 135 11
113 113 30
109 145 38
64 106 12
119 135 6
98 109 8
34 135 37
119 140 60
8 111 42
138 143 23
15 107 13
49 113 18
41 46 10
81 124 42
91 128 48
115 130 7
61 73 5
50 74 44
122 143 27
56 126 31
106 116 18
60 93 49
73 139 13
63 88 11
132 134 28
97 122 24
22 78 42
80 106 0
4 58 36
99 134 12
63 148 26
120 140 59
19 94 41
51 64 37
38 55 54
104 114 27
141 141 42
57 112 33
84 99 22
79 122 28
62 125 41
70 84 39
18 108 50
79 142 7
20 76 20
52 78 6
114 140 12
4 147 19
119 149 26
0 36 45
120 137 0
110 116 58
16 34 54
25 114 7
35 71 60
26 112 10
5 39 7
43 50 4
140 140 45
20 139 26
141 143 32
26 93 9
89 115 4
38 52 58
137 147 41
98 99 2
3 90 38
11 32 10
123 141 17
131 133 46
34 91 53
14 90 55
110 126 4
41 93 56
27 91 26
126 132 0
119 122 47
57 145 15
50 53 14
60 92 37
119 148 60
69 107 17
113 114 34
4 57 49
13 45 10
98 122 42
44 133 24
91 141 31
53 122 30
7 116 23
128 144 3
0 89 55
143 146 27
85 147 55
73 147 2
36 103 46
35 128 40
115 115 45
118 138 31
115 126 39
113 146 46
63 143 21
137 137 10
99 100 13
105 109 22
103 136 53
118 124 17
27 104 33
31 116 58
116 133 41
34 146 12
63 81 28
31 109 10
52 77 14
112 143 56
63 108 59
70 135 39
79 92 52
28 120 14
4 101 27
52 60 56
22 27 9
139 143 4
16 20 31
131 139 5
83 147 27
106 140 0
55 66 13
110 144 31
98 139 10
57 130 6
119 144 3
69 125 23
62 106 36
19 32 40
112 124 40
4 69 52
36 80 8
130 134 58
68 120 18
103 117 26
2 25 16
99 111 58
112 128 52
21 60 37
114 149 9
107 122 34
25 26 28
47 124 34
111 129 7
106 113 56
81 111 21
59 86 7
28 149 37
133 142 31
55 125 57
40 80 59
30 69 25
70 108 25
94 145 53
74 142 19
31 70 22
88 112 15
76 101 46
136 145 5
12 75 47
132 139 9
7 148 45
49 102 14
75 101 48
141 144 60
76 132 18
17 50 39
60 111 44
16 47 24
62 69 51
75 79 54
33 116 47
2 45 46
52 114 16
23 39 22
35 70 42
14 70 36
105 142 6
26 136 58
78 112 16
58 71 15
29 116 51
28 70 3
0 144 50
49 139 4
119 128 22
37 74 18
128 129 56
47 55 4
42 118 26
40 145 25
114 147 40
3 96 38
62 110 53
136 141 59
57 119 51
15 78 15
14 132 53
52 142 42
3 63 35
44 113 32
72 126 9
127 130 19
78 80 48
38 100 22
79 97 6
36 59 48
2 105 13
71 106 22
2 88 36
126 133 12
19 128 49
81 104 13
14 84 48
87 147 27
26 52 13
122 125 11
104 122 0
35 53 6
66 136 36
37 84 9
105 139 2
119 138 29
142 145 55
45 63 28
40 96 42
80 98 50
76 106 45
109 113 0
32 80 54
75 117 31
37 89 3
28 94 37
47 75 42
42 148 39
5 104 30
87 142 10
11 78 35
28 121 19
13 143 48
46 51 46
18 128 55
11 88 19
43 67 21
39 107 54
34 66 49
135 142 54
15 110 7
0 42 57
26 71 20
15 134 4
52 146 15
0 107 55
21 76 18
62 105 33
74 75 28
117 118 16
100 143 10
22 64 29
105 128 22
63 132 59
25 125 8
35 67 54
57 97 42
17 149 22
74 128 5
0 108 44
91 117 48
98 110 35
127 138 32
80 97 32
73 127 24
40 144 5
125 147 14
79 111 14
71 92 22
78 131 16
69 144 30
22 91 50
101 110 56
25 47 24
4 41 34
21 29 22
126 147 9
37 91 10
67 74 9
18 106 15
60 83 14
111 134 60
12 68 44
17 133 45
94 135 1
62 143 35
61 85 0
85 137 31
70 93 14
32 137 6
134 142 2
39 110 52
142 149 11
113 145 42
3 67 10
74 145 36
65 141 47
27 60 38
102 145 24
130 132 36
127 139 32
33 39 60
94 129 6
54 129 33
60 128 17
45 138 37
118 145 7
136 143 11
70 124 26
65 79 4
93 131 58
110 112 51
109 142 25
64 101 7
83 139 54
59 107 52
69 123 51
122 122 50
78 141 51
135 146 31
13 86 11
29 66 31
96 138 20
113 130 40
43 123 48
71 84 13
56 146 43
50 89 58
7 72 25
32 43 52
106 131 10
84 94 26
121 139 58
78 132 6
71 83 25
73 109 48
14 71 57
50 123 17
71 109 57
20 61 9
10 57 35
22 61 34
36 67 29
68 145 29
7 61 23
24 128 20
99 122 31
73 111 36
89 126 28
47 142 6
109 115 38
72 93 50
68 109 50
6 27 13
110 147 52
79 103 28
1 87 4
46 96 60
98 131 18
134 147 54
47 52 35
21 83 22
58 107 20
80 127 57
45 123 53
52 144 40
0 35 31
25 29 45
44 132 51
32 70 39
122 138 28
34 111 50
36 77 47
42 105 6
103 144 48
50 82 36
7 64 32
142 144 60
37 122 15
122 134 25
1 63 25
94 146 13
43 116 22
102 120 13
59 147 21
26 62 58
120 147 34
73 98 35
62 127 19
85 124 16
7 12 24
88 144 46
5 126 38
132 148 21
26 113 44
19 64 18
92 149 8
52 92 18
44 80 33
66 144 19
8 143 52
26 145 44
48 95 48
34 141 17
75 91 45
123 132 8
92 141 11
16 102 7
17 66 48
50 50 28
56 84 20
128 149 59
3 105 58
13 96 9
27 45 10
83 95 11
36 71 11
60 122 12
47 80 54
130 147 3
96 132 2
58 61 12
80 139 17
62 141 60
9 149 46
66 119 44
24 65 14
125 127 3
77 133 26
79 79 31
77 110 57
12 126 36
9 92 30
19 100 47
85 119 45
5 32 17
3 41 43
101 118 29
119 147 36
96 145 27
52 125 27
125 132 35
1 48 40
55 82 54
21 74 46
30 96 30
82 113 22
45 135 33
54 105 32
93 134 58
12 30 36
20 63 36
108 131 35
118 130 42
96 130 60
14 20 17
111 114 15
55 135 22
22 56 34
112 120 47
118 121 59
41 141 9
71 104 3
88 105 18
95 114 22
89 110 22
111 113 28
39 142 0
2 114 22
113 124 22
73 95 2
68 75 36
27 86 56
4 8 39
54 77 59
132 147 35
62 76 47
63 137 25
82 84 34
31 38 11
117 149 27
86 104 55
33 115 30
100 110 52
77 111 48
77 127 4
64 124 2
59 113 43
62 111 9
128 143 43
27 74 57
111 145 46
115 127 30
90 108 43
48 73 14
16 30 8
30 119 60
57 85 40
124 124 56
83 149 14
110 127 58
123 128 51
119 134 45
110 121 60
63 114 37
129 143 4
1 121 31
54 81 45
109 134 14
48 105 51
1 44 0
65 145 23
129 129 16
5 27 30
60 61 48
112 119 29
129 131 9
108 136 35
11 47 23
110 118 6
29 69 44
105 106 7
95 129 29
51 63 19
118 131 19
63 89 44
54 140 21
101 127 51
128 132 5
19 63 3
12 124 18
103 147 24
104 115 8
7 62 33
3 145 6
14 134 29
108 108 12
18 122 59
124 133 46
133 143 8
100 116 52
52 143 10
103 105 11
60 107 22
31 56 49
82 147 59
65 93 26
96 121 35
21 23 39
23 26 44
1 106 36
49 96 51
54 144 28
120 124 35
55 88 29
13 84 58
36 121 1
81 108 47
45 67 35
100 106 56
94 124 17
6 106 47
6 146 58
92 101 43
14 33 8
24 46 2
73 101 57
77 97 11
60 117 29
25 70 16
92 142 26
28 138 30
73 117 2
21 34 40
130 135 60
55 62 22
13 42 59
69 69 47
120 121 3
117 145 57
116 137 13
102 108 19
49 58 45
136 149 40
13 107 60
92 128 53
123 134 53
10 84 47
63 90 4
76 134 39
5 36 44
60 63 8
23 110 32
16 54 26
29 93 35
35 109 17
62 94 27
61 84 20
49 53 34
20 60 17
121 138 21
8 31 28
111 147 55
95 130 28
70 113 54
125 133 60
6 130 35
37 140 37
91 104 35
48 74 21
37 46 27
5 72 24
106 120 15
64 146 9
104 109 12
43 53 42
27 46 40
86 141 13
16 60 24
33 95 39
51 145 15
5 60 12
113 125 55
50 104 18
78 143 38
6 148 43
51 123 11
31 80 26
76 125 1
59 141 16
14 99 12
147 149 38
85 88 42
80 90 52
86 105 37
18 125 57
134 143 24
129 136 41
115 128 5
96 140 39
125 149 47
92 94 54
37 100 8
30 102 52
100 126 50
101 140 45
64 114 39
116 124 19
49 136 40
75 143 58
111 122 44
72 113 11
130 138 1
10 45 43
96 115 48
3 123 50
69 106 41
70 101 20
13 126 15
109 144 33
101 104 54
52 91 47
56 143 30
135 147 3
4 47 34
3 6 6
6 6 16
63 116 60
54 148 3
79 137 15
110 140 9
103 116 56
137 139 44
46 46 29
83 97 43
126 139 13
130 146 36
50 99 34
35 50 53
123 139 1
36 89 45
45 74 36
60 127 50
89 99 54
8 89 48
13 36 40
80 128 31
36 73 13
7 27 36
89 106 59
26 133 50
129 132 20
14 22 60
39 102 55
126 131 52
4 38 5
64 76 43
126 129 1
57 116 55
47 82 57
101 101 9
11 117 47
93 101 20
31 121 49
44 59 58
92 114 4
70 142 28
120 126 55
26 33 54
70 80 9
46 146 17
108 124 24
29 68 8
95 138 29
116 121 16
65 100 11
45 87 24
92 147 30
64 70 27
1 143 23
73 97 46
48 62 18
40 127 32
56 56 7
70 76 18
92 135 45
83 128 3
87 89 59
66 117 51
25 127 7
29 133 16
77 101 44
113 133 35
103 122 47
29 127 23
88 91 46
75 122 44
20 138 13
60 132 45
116 139 36
64 128 10
108 130 14
50 66 4
51 81 32
81 143 48
111 118 25
62 132 49
88 128 1
33 84 52
33 59 32
106 145 40
63 145 21
9 117 37
101 126 3
105 138 46
96 142 7
104 124 6
0 100 0
15 122 9
53 79 15
66 105 59
74 102 0
70 141 10
71 102 56
99 133 45
64 66 6
66 137 19
30 55 43
49 109 49
45 97 53
16 114 0
105 145 52
22 99 43
31 107 30
122 147 54
60 64 39
41 130 30
63 110 38
0 0 40
56 118 60
21 127 44
95 117 15
112 126 60
68 73 5
48 149 0
72 135 43
6 56 33
34 119 56
94 107 48
50 133 4
94 125 40
10 76 30
6 122 51
133 138 41
99 129 49
126 149 39
6 82 41
131 149 12
68 108 42
91 129 6
49 100 60
62 84 1
28 143 57
3 71 17
61 102 58
129 142 28
94 132 13
75 131 52
102 122 54
68 69 56
6 35 23
70 90 54
67 111 51
95 111 5
60 109 8
64 77 51
39 105 11
78 135 38
32 48 57
66 84 18
51 51 20
121 131 53
98 136 45
37 109 31
125 126 40
58 119 54
114 118 28
54 135 54
26 82 0
84 107 11
16 40 13
117 144 57
104 146 4
22 22 18
80 145 37
59 94 6
40 109 28
6 59 52
30 34 28
90 129 40
143 149 46
129 130 27
19 126 26
37 118 52
93 138 34
68 81 6
70 137 7
72 88 54
93 103 32
41 77 56
88 97 22
30 108 3
3 54 6
124 135 54
58 129 26
67 70 28
63 99 32
94 137 56
42 65 52
9 123 10
23 55 23
123 143 39
25 136 17
53 111 60
50 95 53
101 106 34
44 94 59
100 131 47
88 120 14
9 120 22
74 109 7
52 79 55
5 118 15
103 106 24
106 115 16
24 47 28
72 85 53
106 149 10
56 138 18
128 131 5
133 146 10
78 108 1
35 58 20
3 8 5
15 142 1
34 82 19
57 137 2
81 101 57
137 138 20
102 125 52
107 110 28
74 115 48
117 148 8
21 94 15
90 94 36
119 121 9
109 109 20
7 106 36
46 65 3
114 121 17
45 64 57
122 140 22
57 75 53
60 86 3
118 149 6
2 112 15
43 70 50
49 128 7
3 115 7
5 47 39
35 122 41
57 120 13
12 66 18
109 131 53
94 108 14
140 147 12
102 118 58
52 67 15
81 86 10
15 79 42
17 22 6
138 149 21
51 133 40
112 118 35
72 111 55
134 146 21
127 149 26
121 140 35
131 136 9
87 108 23
83 109 52
87 127 11
91 144 57
97 145 36
91 105 31
17 63 51
50 106 39
85 140 20
133 136 43
49 87 50
26 45 36
87 125 51
39 74 24
66 120 55
123 140 29
52 118 55
65 94 31
72 82 34
140 145 23
7 39 25
19 112 9
94 104 21
36 74 15
136 144 26
65 65 26
44 55 1
138 145 53
35 143 3
41 132 41
29 137 1
51 92 18
21 102 23
39 83 28
87 110 34
105 126 57
47 143 41
73 119 29
93 148 17
64 67 55
68 123 41
19 20 19
70 81 7
47 49 29
48 122 50
16 138 8
47 47 7
42 129 15
40 79 20
76 98 40
126 148 55
118 140 51
8 95 25
57 133 37
74 99 9
23 101 46
27 53 38
46 142 49
97 138 58
129 145 8
86 149 36
130 142 16
95 124 22
29 106 37
52 134 43
10 75 59
77 124 4
4 103 30
11 36 10
85 101 14
20 32 41
102 127 15
2 57 56
101 121 8
117 119 10
17 90 34
50 120 6
79 102 51
72 146 14
14 16 32
13 73 58
76 99 58
3 83 49
48 135 24
87 105 24
91 145 47
14 100 58
19 42 4
129 149 34
10 72 24
96 118 59
17 51 57
111 136 18
14 127 15
23 49 48
129 133 53
53 68 15
34 132 50
92 92 57
9 20 36
64 130 60
17 65 19
64 123 22
104 149 26
37 123 41
12 79 23
18 103 13
13 26 18
71 94 21
62 101 24
58 110 41
28 32 2
136 140 44
99 104 44
97 121 44
34 147 19
17 77 6
35 89 16
77 98 2
68 142 29
70 78 58
32 32 4
63 125 48
15 143 34
53 128 25
44 102 56
99 141 53
39 127 60
128 128 9
10 65 20
132 135 27
66 83 34
15 33 30
23 47 54
28 85 60
126 138 16
63 101 29
58 133 41
14 79 8
41 106 53
28 42 44
26 68 10
99 106 40
117 132 36
144 147 15
59 71 0
63 104 51
76 148 28
98 130 17
64 98 17
123 131 57
32 76 40
12 119 60
46 122 10
33 72 45
102 113 32
112 125 35
104 132 46
80 88 3
82 127 17
74 79 27
93 139 46
118 122 50
21 78 4
102 128 46
74 127 10
46 55 36
91 132 8
84 109 43
1 117 8
135 138 45
44 52 16
133 141 43
60 94 57
17 64 3
90 148 0
121 121 34
113 138 13
118 128 43
75 145 44
71 140 41
22 51 12
107 107 56
25 126 37
62 92 6
68 117 20
71 98 12
91 127 24
140 149 24
51 122 17
25 137 28
38 131 56
58 84 44
139 144 27
52 73 19
115 123 0
79 106 49
138 146 37
40 44 12
124 129 0
62 95 39
14 142 27
95 144 21
132 132 48
3 68 58
34 77 9
29 115 7
79 131 38
8 100 58
83 99 8
101 113 36
134 137 40
53 82 12
69 111 49
44 142 57
124 131 23
26 27 37
3 31 1
81 127 56
100 119 17
94 122 60
91 119 0
21 111 45
100 124 19
118 148 59
22 141 5
47 63 43
109 143 55
100 136 54
38 93 4
104 119 48
1 127 28
113 132 45
46 106 31
68 80 13
69 76 22
34 110 32
60 112 9
78 125 48
9 101 54
21 89 10
39 116 41
25 111 49
111 126 4
0 102 37
31 62 25
45 142 59
94 97 6
111 128 7
19 21 53
36 138 14
33 79 45
21 132 33
40 61 8
36 141 43
62 81 47
23 56 24
73 135 56
11 102 56
99 109 11
60 66 7
51 53 13
121 132 24
5 119 57
57 81 37
0 69 11
30 139 0
112 116 26
5 52 17
72 101 26
50 129 52
6 145 2
103 103 14
122 136 53
125 131 1
46 118 1
73 114 28
114 123 34
12 27 44
135 143 1
72 108 43
88 93 56
87 138 55
34 70 54
52 75 28
51 100 22
13 65 41
28 124 43
37 51 9
99 124 39
52 62 9
106 108 5
62 66 59
126 146 4
16 116 11
2 78 31
57 101 18
3 34 9
61 133 8
12 53 38
24 126 33
17 32 40
80 144 31
96 146 12
142 148 21
86 122 24
21 24 37
72 133 9
72 137 18
50 56 30
54 138 35
117 139 30
94 126 46
68 146 5
127 141 44
88 103 40
1 91 37
36 72 11
114 138 20
73 94 3
119 124 35
73 89 5
4 50 21
109 118 59
38 86 17
105 146 20
105 147 40
77 130 53
38 130 29
121 124 45
88 90 19
73 134 9
108 128 57
26 126 31
61 62 40
78 90 46
70 139 33
56 117 33
22 79 27
18 97 37
98 133 6
101 116 54
49 71 31
36 131 14
28 57 35
9 13 60
21 84 22
15 74 37
13 60 44
27 106 16
28 52 14
51 89 7
73 105 8
19 55 41
77 95 0
19 113 1
58 79 14
22 35 55
33 82 53
34 126 17
59 142 36
6 71 58
22 30 27
47 106 40
47 58 1
120 132 29
8 93 16
56 73 0
33 71 43
47 98 12
55 149 8
97 107 41
73 93 29
92 96 12
69 101 44
75 86 53
89 132 37
26 40 26
25 112 27
49 137 60
9 133 28
130 140 52
27 90 38
92 102 26
54 84 45
43 92 6
7 89 22
56 78 13
9 129 60
54 111 51
29 121 29
14 96 55
69 92 14
82 94 19
64 89 54
38 50 7
102 112 11
84 114 34
97 112 46
48 123 15
7 127 25
45 144 35
128 140 46
33 41 45
76 149 15
90 101 19
73 112 45
15 141 22
92 148 31
47 53 25
101 149 20
87 148 9
43 120 33
128 139 55
55 70 13
43 64 39
38 110 45
57 113 33
6 62 8
41 145 37
28 146 59
115 121 7
91 118 16
17 62 41
63 73 49
99 107 51
11 72 28
14 63 57
93 133 9
136 138 7
73 82 11
115 133 20
112 138 2
65 102 40
3 148 60
53 146 49
58 60 15
75 141 32
86 115 38
26 120 11
130 133 17
22 87 8
109 116 56
29 147 53
72 80 30
138 144 27
69 85 55
45 127 22
5 29 7
22 42 34
78 119 40
86 129 54
8 18 36
42 136 60
12 148 10
103 127 29
77 122 4
56 65 11
71 99 24
65 82 31
55 68 40
31 147 17
87 93 5
70 79 39
63 66 12
77 117 45
98 115 32
27 49 19
9 141 28
62 93 52
9 21 6
142 143 15
56 130 46
80 108 25
19 49 39
87 143 9
13 30 45
29 119 41
98 117 33
106 129 53
89 144 3
36 114 53
68 148 44
13 94 36
67 97 8
9 29 54
99 148 18
70 127 43
131 142 30
53 55 13
70 140 10
54 110 34
93 120 2
109 133 18
101 107 52
37 149 13
32 77 29
40 92 7
79 82 60
15 130 42
113 131 11
71 141 4
86 148 55
120 139 34
117 142 11
88 148 26
99 143 51
64 91 3
54 132 37
112 112 37
91 126 37
42 61 13
43 97 51
54 73 50
59 149 16
103 133 26
66 134 6
13 141 24
16 19 24
79 80 39
4 122 5
114 114 56
58 125 27
25 76 40
92 115 57
14 68 57
105 143 59
131 145 40
28 123 22
57 105 36
79 133 38
105 148 43
6 144 22
95 106 17
109 110 33
108 135 32
90 116 60
44 140 25
69 116 1
124 139 7
123 129 56
35 123 22
109 129 51
89 93 25
35 132 21
3 58 7
111 127 51
88 117 57
88 134 10
52 110 60
87 98 8
97 140 32
8 34 40
45 52 20
30 77 40
44 85 50
7 97 34
130 144 3
56 69 9
12 107 16
108 116 16
89 92 3
31 124 57
0 105 25
30 106 48
122 135 29
87 94 41
59 72 15
32 90 25
70 149 38
116 138 12
70 138 43
26 53 32
14 111 34
34 53 44
128 136 22
58 64 59
41 123 0
99 131 26
84 100 20
75 88 49
43 57 26
113 139 32
8 102 7
81 112 41
121 123 59
90 118 3
47 135 43
108 148 52
27 96 23
97 131 4
42 109 51
100 112 2
6 86 48
12 21 36
114 131 38
99 112 28
19 117 46
57 82 9
99 135 19
61 65 26
90 102 48
32 89 4
22 66 47
38 147 0
122 133 16
77 89 43
59 116 13
39 87 36
33 139 16
107 117 19
52 122 52
56 87 55
91 95 0
4 80 51
83 107 37
13 134 55
89 117 48
133 139 0
111 138 52
63 118 16
0 103 19
24 147 10
95 126 9
89 94 8
72 109 42
38 106 19
13 48 59
29 65 53
69 121 51
92 116 22
110 119 26
91 109 10
113 137 54
65 75 29
103 141 30
131 148 30
18 112 34
121 148 56
12 42 7
28 111 22
6 14 44
34 137 21
41 129 13
71 121 13
128 130 33
90 124 44
87 114 6
6 134 21
38 125 25
69 137 32
10 88 41
0 118 33
103 112 18
4 29 18
83 84 6
39 77 21
67 136 45
50 61 13
71 122 49
75 124 15
68 134 7
135 140 30
1 68 50
107 133 23
64 83 18
40 98 12
109 135 32
110 111 54
117 126 34
1 45 10
108 114 51
34 54 8
12 143 36
76 122 34
21 68 33
67 87 27
96 110 52
115 148 5
102 103 28
27 69 54
50 138 54
19 61 30
86 143 23
90 104 21
44 139 55
41 127 50
82 136 20
39 64 26
1 23 42
14 113 0
119 141 26
13 118 7
118 143 6
16 16 40
77 146 5
91 147 37
22 96 57
78 133 19
79 125 3
59 98 2
55 90 11
94 133 45
121 129 19
78 88 16
16 25 48
47 129 18
53 89 52
8 67 12
38 140 43
16 149 46
41 84 44
131 135 27
18 117 37
53 110 9
18 109 23
0 79 44
84 84 34
67 130 26
90 122 18
30 43 4
107 137 31
30 83 15
105 119 48
95 123 3
26 83 0
30 71 17
70 123 8
32 121 44
73 107 3
67 102 18
0 20 45
59 95 51
81 142 22
62 100 31
68 147 12
41 108 40
60 130 42
101 124 59
123 127 58
55 118 49
76 96 23
48 115 37
107 127 20
25 40 42
84 118 24
87 123 43
100 135 9
25 64 51
23 65 0
46 128 23
105 144 48
3 102 34
0 25 43
34 55 15
104 126 26
110 136 26
11 85 8
13 56 28
45 88 20
25 147 50
21 105 49
65 109 37
100 101 60
70 132 44
2 55 51
116 128 52
24 25 41
82 110 14
96 107 52
46 107 49
13 145 59
76 77 11
37 47 53
109 147 40
108 122 22
16 85 45
90 135 3
137 141 42
43 62 23
66 149 17
16 112 53
102 110 29
7 118 52
8 122 0
48 136 59
122 132 3
15 108 59
10 54 55
44 108 20
14 149 34
34 114 22
117 128 14
0 116 49
76 131 54
39 118 27
69 120 48
35 100 15
40 62 53
73 125 30
5 90 16
37 133 54
29 108 0
120 133 41
115 125 46
82 137 32
47 93 6
114 129 5
111 141 50
43 81 32
96 148 59
42 72 55
24 30 3
118 147 4
111 143 7
3 14 14
6 33 45
16 147 4
118 137 38
80 123 16
42 51 60
36 39 30
7 63 17
14 50 2
60 110 46
75 96 43
102 121 23
108 117 32
12 56 19
111 124 35
4 24 41
89 127 7
76 116 8
23 118 42
50 135 32
34 98 12
38 115 37
19 109 12
24 134 54
63 123 16
127 145 29
25 60 10
36 132 15
75 77 0
76 109 49
22 108 21
24 101 40
24 26 13
116 122 19
124 144 13
38 70 34
107 131 12
137 143 27
12 123 27
59 70 24
64 64 27
124 143 22
81 123 9
122 149 4
77 120 33
63 82 27
8 126 33
68 116 21
101 148 31
125 128 57
77 138 32
8 127 52
107 114 50
18 28 25
23 80 40
85 148 14
2 90 42
126 134 39
72 118 48
104 118 31
93 125 58
35 85 28
99 130 55
40 122 2
114 146 13
66 73 50
104 120 12
10 101 6
6 68 43
47 139 47
128 145 2
85 115 49
43 76 42
21 133 35
73 115 17
68 136 54
44 92 42
42 119 40
38 38 40
77 82 4
107 144 14
43 106 36
33 76 18
61 138 21
35 135 31
125 143 60
28 113 60
98 103 3
36 129 31
123 125 57
80 129 39
15 94 28
133 133 14
42 75 57
115 122 51
98 113 10
41 124 47
72 77 59
124 128 18
66 147 25
77 81 27
57 66 32
68 106 54
131 140 51
5 137 60
11 90 3
31 104 2
28 97 0
23 41 0
78 99 44
46 141 52
70 120 28
74 147 23
62 78 31
108 149 53
123 135 55
19 137 20
25 107 53
82 121 56
33 118 20
14 137 48
55 136 0
18 127 56
15 76 28
47 113 42
65 122 8
130 137 13
113 135 55
42 77 32
62 88 59
32 65 37
83 108 4
23 116 56
11 48 37
68 139 1
120 134 45
20 141 4
19 147 33
50 102 12
89 124 49
130 143 30
27 55 25
79 84 50
4 56 41
71 112 13
51 139 55
16 104 42
20 115 11
41 122 3
39 89 5
30 138 37
85 122 17
27 107 51
38 113 35
23 138 13
82 109 2
70 129 38
120 129 55
14 25 43
14 129 13
96 124 15
38 127 31
18 137 60
38 99 21
32 135 36
103 140 10
39 43 44
8 76 7
100 117 52
96 147 30
60 91 11
4 92 29
55 93 44
115 144 51
119 133 26
44 96 25
24 145 0
74 126 10
91 124 22
98 124 13
72 138 22
27 112 46
98 134 5
78 115 1
5 96 13
25 128 35
81 135 41
69 97 54
88 95 53
84 131 43
72 99 56
78 137 23
70 148 15
74 85 36
106 112 47
51 61 52
48 121 4
22 131 60
2 17 5
6 32 59
31 117 35
120 149 29
124 141 52
94 144 41
17 78 46
70 92 28
86 135 28
85 92 54
107 128 32
72 117 7
95 122 14
98 137 24
1 80 15
115 149 16
53 65 35
124 146 46
76 94 18
27 115 35
92 118 0
116 147 23
89 146 4
25 99 45
58 148 7
14 105 13
67 106 30
77 123 32
79 126 22
4 116 46
112 113 12
45 131 34
64 144 1
74 110 43
44 135 49
112 130 16
18 86 57
96 126 37
8 106 49
8 119 37
61 97 4
2 102 60
31 46 43
95 107 42
89 145 49
85 132 5
97 130 8
59 81 30
27 144 38
6 23 15
71 89 12
29 97 7
93 146 48
57 76 39
82 87 50
1 139 22
6 78 13
58 120 26
70 102 30
37 69 26
43 89 41
43 145 5
68 128 35
47 118 7
9 16 47
65 131 58
128 147 19
14 135 5
123 126 10
134 135 11
94 118 22
68 111 17
129 135 34
75 103 24
85 123 40
77 147 50
77 113 6
46 111 55
101 120 37
62 87 5
79 138 46
51 132 46
97 141 51
50 124 34
97 144 2
111 148 50
46 66 45
108 119 24
46 62 15
63 76 6
115 119 53
2 124 13
42 110 49
127 140 19
34 139 37
121 128 37
125 136 16
10 48 59
50 54 48
48 113 41
13 62 12
133 145 28
72 84 53
87 104 35
125 130 36
14 62 24
2 120 13
19 88 28
9 53 55
118 144 59
13 124 27
81 114 4
32 105 17
40 77 40
101 128 23
38 69 54
73 128 47
31 88 38
56 82 50
82 118 31
49 142 59
58 89 47
24 107 39
28 65 47
0 72 27
98 140 14
45 99 11
68 70 38
121 142 13
39 69 18
18 144 15
79 88 43
72 125 60
135 149 6
84 136 0
76 83 37
14 26 58
99 139 6
76 136 18
41 99 8
96 131 35
10 81 20
131 144 25
113 119 3
117 120 21
7 133 24
135 145 54
86 145 49
78 126 19
76 89 1
55 110 39
77 92 57
52 71 29
3 114 19
97 111 25
45 75 33
39 45 46
53 61 60
23 121 10
90 121 45
18 131 0
19 74 1
68 129 11
102 146 0
129 144 49
15 138 58
22 133 54
64 82 39
74 97 2
89 125 49
49 93 11
38 139 46
10 21 40
31 52 8
53 134 19
22 62 28
78 79 48
84 139 59
89 148 6
36 57 60
103 139 12
95 104 23
28 95 22
57 143 10
1 26 44
82 88 31
69 99 18
44 60 44
77 131 40
31 139 30
56 63 46
47 51 23
45 69 39
41 134 35
49 143 7
69 93 11
47 57 22
81 84 29
61 111 41
64 68 42
37 102 27
88 121 52
12 128 33
121 136 47
51 125 13
44 137 17
51 117 30
32 73 17
11 127 31
71 97 42
8 117 48
98 143 49
45 118 49
120 127 15
82 93 41
14 109 3
101 144 24
14 41 42
39 136 30
22 119 46
62 115 3
28 135 52
51 114 38
62 96 29
110 141 44
41 119 15
69 127 22
5 120 36
116 135 46
98 121 38
20 22 25
98 135 4
71 110 41
60 102 56
26 149 41
77 121 7
13 17 39
26 39 50
36 41 3
98 106 48
63 119 58
58 149 22
12 125 35
16 57 29
122 123 24
58 62 41
2 116 42
11 107 23
7 71 55
116 125 13
4 91 36
27 82 41
38 141 36
44 91 12
43 75 55
133 137 39
43 58 54
17 80 52
10 40 27
120 135 44
97 109 24
19 111 8
18 82 30
13 93 60
16 105 42
40 81 12
37 65 18
3 93 50
59 101 48
0 132 38
95 133 5
19 19 56
38 66 18
38 138 39
55 81 43
56 88 13
61 83 51
42 68 46
105 121 14
0 68 54
94 138 27
10 17 45
58 82 2
55 97 44
33 35 31
2 113 35
52 103 6
8 25 22
57 73 21
49 82 45
109 125 45
12 112 5
91 137 53
0 46 43
20 47 59
11 133 27
50 128 53
24 70 22
63 103 36
22 128 53
0 82 6
89 142 53
116 146 53
131 132 60
93 108 48
83 89 20
86 140 53
18 135 36
79 100 0
98 100 2
54 143 26
35 137 17
61 113 57
53 90 37
99 145 15
47 68 42
5 109 19
1 16 47
74 93 57
3 144 8
27 32 6
71 91 20
28 31 47
107 130 49
32 114 44
23 108 52
75 83 35
62 120 51
53 147 14
10 73 50
92 100 36
64 87 34
105 137 39
70 130 22
56 60 12
31 84 56
17 134 52
66 122 25
135 136 47
75 98 59
54 88 47
75 107 12
76 84 25
70 96 2
53 130 16
4 112 4
22 130 37
47 72 48
52 70 32
112 144 15
37 55 17
56 132 35
23 115 38
63 147 39
51 146 31
13 23 11
97 127 46
33 54 26
25 92 39
35 39 8
28 141 28
107 143 29
142 142 46
107 125 54
40 71 52
43 139 38
108 141 15
10 147 58
63 111 55
41 97 59
93 95 48
81 144 40
40 40 28
65 101 30
64 65 57
104 147 5
12 61 32
88 98 18
131 137 4
71 136 27
101 136 16
50 73 19
110 143 47
57 63 41
42 126 3
46 136 52
117 141 52
62 114 43
129 139 10
39 41 7
41 131 36
28 145 31
80 87 34
112 141 16
11 108 11
45 61 13
106 136 25
114 139 23
1 21 52
12 20 26
12 127 16
88 133 17
103 114 42
4 40 0
35 110 48
128 141 12
130 136 19
1 38 4
33 67 41
23 58 49
30 52 37
22 121 21
28 28 16
23 111 22
70 133 57
47 136 23
140 143 37
66 107 16
29 99 48
10 10 50
3 23 49
92 143 51
16 145 5
58 92 52
100 130 38
71 115 54
125 137 42
14 42 43
50 125 27
117 125 47
37 112 8
11 64 8
86 101 2
54 67 5
29 149 5
32 103 46
94 100 12
24 115 42
10 79 31
41 76 51
54 119 44
34 127 6
1 100 46
12 43 14
127 129 57
116 141 53
105 118 19
20 149 19
41 120 59
137 144 0
41 61 51
102 114 59
101 103 49
46 84 15
121 135 59
27 61 17
48 103 24
106 147 32
109 120 28
6 46 0
10 99 45
2 26 25
61 82 7
28 45 45
1 25 4
113 147 3
45 116 27
53 69 37
30 38 44
37 40 55
91 98 33
10 113 11
99 115 19
127 128 8
14 118 29
16 103 18
112 148 58
104 110 0
17 37 50
10 111 46
91 133 28
68 132 30
110 131 12
3 85 12
11 69 34
106 111 43
50 81 4
22 44 39
4 52 16
34 100 56
40 53 8
116 120 3
5 132 15
70 83 43
116 136 30
58 114 49
40 88 9
35 35 30
7 32 14
74 104 12
27 146 22
81 137 23
45 124 48
48 66 0
113 116 60
18 18 5
17 138 22
39 55 19
102 116 26
55 131 51
87 111 54
72 144 51
116 145 5
85 143 57
46 73 21
27 89 37
36 149 10
54 97 17
26 72 43
95 146 15
80 85 53
60 100 30
130 148 7
7 134 45
107 140 42
85 131 52
49 114 31
64 140 22
0 41 34
18 79 47
58 131 48
45 114 55
61 126 26
15 128 26
19 119 7
118 127 34
59 74 23
36 66 14
56 133 43
102 126 25
20 57 39
18 102 32
52 90 25
51 110 11
51 103 31
0 38 1
32 78 1
107 135 34
76 123 25
57 71 23
102 123 19
81 107 48
88 139 59
48 78 28
35 66 2
9 122 45
92 110 18
54 146 51
81 106 23
9 111 36
61 80 3
28 73 13
7 143 54
106 114 27
100 102 40
118 141 33
111 133 59
31 87 45
77 129 20
87 144 15
30 126 47
112 115 45
16 86 39
27 57 18
89 97 34
20 104 58
40 108 12
23 27 34
108 132 57
7 79 52
89 123 58
71 134 21
22 137 28
8 33 36
26 127 12
32 93 19
93 141 55
96 144 34
38 51 53
124 130 26
44 106 52
18 54 9
3 92 2
87 135 32
19 93 38
31 134 57
141 146 33
16 51 13
10 145 20
55 75 8
102 139 0
18 107 32
70 117 0
18 139 56
69 81 54
60 113 60
126 140 5
51 104 41
48 102 49
18 148 41
5 80 51
140 141 5
98 107 29
1 36 59
62 118 5
91 114 48
67 85 22
43 61 24
65 106 57
26 79 18
107 120 18
80 122 49
76 108 24
24 94 49
31 129 2
78 103 40
59 66 42
81 140 50
41 85 47
21 81 47
67 99 56
43 51 14
60 96 35
82 128 45
35 112 50
4 139 1
1 58 44
134 144 27
70 121 29
60 148 56
88 118 58
79 116 24
71 73 19
32 98 22
115 116 40
107 108 12
115 124 49
43 121 15
122 146 1
63 68 45
119 142 52
67 98 4
66 74 53
7 59 45
73 83 4
112 147 57
79 90 40
21 59 16
89 101 25
66 68 45
77 136 60
44 44 38
1 1 50
69 129 50
39 68 0
6 100 41
72 86 49
9 38 49
74 84 41
133 134 38
32 147 18
92 131 54
33 47 54
125 139 56
44 97 11
39 94 42
95 119 35
73 84 35
41 104 14
78 138 22
8 116 10
38 144 59
21 53 39
78 123 39
58 93 12
82 125 5
89 111 35
47 120 18
1 114 12
117 140 41
34 142 45
6 137 3
74 96 28
65 78 29
59 148 31
64 116 12
44 50 11
51 82 59
25 143 40
52 104 44
11 116 30
21 141 7
59 90 58
5 34 28
112 121 57
14 78 13
71 86 10
73 96 33
57 100 8
49 123 40
120 146 31
29 74 60
136 147 56
14 136 39
20 145 41
16 94 54
32 51 26
17 54 7
53 97 32
11 76 8
23 59 17
58 140 25
34 51 17
11 71 3
18 77 31
107 121 24
6 58 30
61 142 1
24 130 6
0 137 24
7 68 7
24 42 58
97 120 25
0 75 16
24 86 56
45 149 24
53 78 48
105 113 54
74 143 39
33 140 22
69 148 57
48 81 25
63 128 28
10 41 29
49 138 52
86 139 15
14 138 13
30 118 47
101 135 24
111 123 54
40 56 8
5 139 41
62 126 54
94 131 57
3 13 48
17 21 41
85 145 28
107 138 10
13 54 15
111 149 1
117 147 42
31 41 4
14 73 41
93 124 52
104 137 60
25 135 15
59 84 53
110 149 35
8 141 3
97 105 7
97 108 56
13 131 48
20 23 9
34 71 33
63 105 40
54 133 26
40 114 17
7 112 45
121 145 55
116 123 7
17 126 22
52 69 6
10 52 60
43 66 13
61 107 18
107 146 38
0 28 9
13 148 6
70 110 11
41 125 12
9 118 37
91 138 27
132 145 12
83 85 43
72 141 26
111 117 53
31 98 45
71 117 8
9 25 16
27 142 24
19 65 35
121 130 30
46 77 38
104 140 6
61 120 26
43 77 45
46 97 32
8 128 2
8 104 35
72 114 41
46 129 15
46 133 0
64 86 4
0 52 45
64 142 35
84 93 7
26 95 35
67 146 44
85 134 0
54 145 0
18 62 4
100 108 39
115 138 39
46 90 27
63 74 30
8 88 5
32 144 36
0 71 9
8 71 40
27 77 16
102 115 50
55 137 52
59 82 54
53 105 26
98 105 49
28 103 33
104 148 20
84 89 31
63 67 54
48 69 5
52 140 26
78 118 24
114 143 32
58 108 60
82 141 15
21 71 33
15 109 37
52 80 55
12 41 15
72 119 28
38 56 50
42 108 39
10 95 14
26 47 9
29 32 17
66 85 59
62 107 5
40 87 59
5 146 14
70 131 30
62 113 9
76 119 4
55 148 49
62 98 56
75 89 41
20 90 19
33 88 18
33 111 57
50 69 25
113 127 42
48 97 31
96 139 52
27 29 6
81 120 18
86 137 1
91 96 22
19 131 30
53 75 48
51 105 37
95 118 30
76 147 13
63 65 60
20 74 40
115 141 55
17 68 29
62 83 9
40 59 41
53 109 46
30 129 8
103 146 13
0 56 34
21 136 43
85 90 14
18 92 22
119 139 41
15 124 25
40 78 19
39 71 0
1 15 15
4 134 23
51 79 10
21 35 3
29 45 38
72 97 3
2 81 43
0 109 35
67 77 20
21 139 46
77 107 58
51 84 21
47 149 16
55 77 34
64 115 3
12 64 50
13 74 50
49 111 12
79 113 54
84 96 23
81 93 26
20 130 5
40 90 46
23 127 42
65 125 39
36 113 18
37 75 43
56 125 28
36 42 3
68 87 55
49 74 59
38 64 4
50 134 41
87 97 15
80 103 59
74 92 31
106 146 60
74 138 22
74 140 57
80 138 15
12 28 9
42 42 17
109 149 39
38 137 39
119 127 53
123 146 27
64 94 1
80 134 46
87 149 17
82 129 18
90 98 36
12 49 57
81 92 47
111 142 22
80 140 10
132 149 15
14 59 48
69 128 9
40 133 27
124 147 43
6 66 54
24 95 23
93 98 26
46 82 9
9 128 21
104 127 7
53 102 5
14 121 54
109 136 32
99 113 24
77 128 49
65 115 2
65 110 40
25 105 25
8 15 38
56 91 19
16 67 29
82 89 25
58 117 56
117 117 1
112 114 11
70 134 39
87 101 54
86 113 12
59 60 17
63 77 13
124 148 4
41 136 51
5 101 53
107 126 40
1 78 12
5 125 31
84 101 47
3 38 20
45 46 2
55 57 27
60 118 38
86 98 41
62 108 34
97 129 29
51 144 44
24 78 23
38 123 2
43 43 18
35 103 35
14 14 30
88 111 26
131 131 22
43 149 17
96 103 35
77 108 58
89 105 28
45 104 36
101 111 4
90 143 3
91 102 8
18 81 22
99 132 18
92 106 16
46 101 5
110 129 27
46 130 6
108 134 33
25 86 59
25 129 11
54 55 47
19 89 32
48 116 47
53 104 54
31 58 54
125 146 3
28 96 34
97 148 22
4 104 26
88 125 60
5 144 0
97 133 52
134 136 55
9 115 48
4 15 45
117 121 18
7 125 23
58 115 47
2 127 35
54 92 58
31 131 51
73 116 37
88 141 20
13 138 17
64 129 10
80 91 31
62 103 31
33 80 20
12 80 44
79 140 52
55 67 9
92 97 19
29 103 13
54 128 22
48 107 35
13 50 22
53 76 53
108 121 47
39 46 37
27 44 36
5 44 18
15 55 37
71 123 50
34 49 37
32 53 45
30 42 58
50 85 58
110 120 15
80 105 1
73 87 11
84 133 42
84 130 33
65 98 24
52 136 60
65 139 45
102 106 0
46 114 45
37 81 31
5 49 27
110 137 19
116 116 1
88 107 38
20 147 31
65 116 58
10 37 46
32 145 41
22 142 14
76 135 51
51 74 51
106 106 32
47 109 28
58 137 21
27 126 37
112 142 46
30 75 46
60 135 34
67 140 1
100 125 7
41 115 19
23 32 45
78 149 56
33 68 57
75 84 53
18 90 17
73 124 56
95 131 1
20 20 14
55 72 33
48 109 14
64 149 6
7 9 4
99 128 27
21 120 46
119 146 35
53 83 2
3 127 36
53 93 13
97 143 49
71 82 17
50 146 39
16 24 45
108 129 60
48 129 26
31 31 33
100 127 41
96 135 21
18 63 2
114 127 14
43 130 39
19 87 28
31 122 22
95 140 54
67 76 55
29 139 35
86 90 44
96 119 8
38 146 30
84 105 17
115 146 34
40 107 53
5 84 24
6 131 40
91 139 53
94 143 59
100 140 45
11 18 12
23 103 57
25 120 7
118 136 51
10 87 45
40 68 9
87 145 8
1 119 57
42 58 59
20 97 0
3 56 2
7 42 50
24 136 30
70 77 56
3 36 43
94 98 36
56 67 54
60 140 11
106 123 47
47 48 18
61 106 45
7 142 44
6 30 17
55 78 54
76 100 54
55 95 57
29 114 45
29 88 58
79 112 47
26 134 19
113 115 59
59 62 47
115 136 38
38 103 51
23 84 44
47 99 55
39 121 38
32 55 7
104 134 14
12 81 29
20 112 4
81 145 48
62 68 23
104 130 40
96 101 43
78 85 11
32 81 27
61 136 10
14 110 25
37 117 60
89 102 8
46 120 43
51 93 48
75 126 13
54 68 30
35 129 4
19 98 2
15 135 26
38 98 4
47 111 41
109 123 56
0 24 34
31 114 6
41 149 29
5 83 33
115 117 8
50 119 9
121 134 41
52 99 60
38 75 7
18 56 13
8 97 11
22 31 38
10 34 4
115 118 34
36 101 19
5 55 32
27 75 34
12 137 10
78 83 1
16 62 21
4 137 38
45 84 5
81 88 12
39 76 57
26 44 21
48 117 60
82 145 35
20 142 3
23 104 44
20 85 34
37 126 28
121 143 35
56 92 54
80 133 32
85 144 50
35 64 50
4 130 14
117 124 4
5 68 30
18 120 19
7 92 48
74 112 13
4 94 30
44 93 47
30 61 34
51 101 55
94 119 39
84 134 57
36 84 55
65 119 59
20 51 4
54 79 40
82 101 3
38 108 14
87 120 22
12 17 23
74 131 55
37 56 44
30 145 0
78 134 47
106 128 14
109 126 9
36 111 7
127 133 42
50 101 46
50 127 10
120 144 22
32 131 18
5 134 11
24 43 59
52 98 47
11 118 29
47 144 59
15 50 25
55 64 53
49 108 42
61 95 22
68 115 5
100 149 1
20 30 40
96 100 24
104 104 51
52 126 21
83 93 53
131 147 27
8 47 36
44 103 23
72 110 46
69 146 19
38 105 25
106 135 6
122 124 10
73 80 0
113 144 2
29 70 1
78 106 3
37 119 50
87 106 18
15 70 7
39 49 52
5 6 54
42 97 9
29 123 16
37 108 37
37 49 1
25 78 39
48 148 19
61 116 3
46 99 15
9 83 39
32 124 39
22 145 47
95 132 15
71 131 5
23 97 42
75 106 42
73 146 42
52 96 50
93 96 46
15 92 13
54 59 41
25 113 26
43 80 11
132 143 38
105 133 11
41 68 24
52 139 57
88 149 28
46 109 20
8 125 60
12 47 52
1 37 10
68 114 46
53 58 36
18 78 3
30 45 10
78 109 21
85 109 42
14 53 6
45 62 53
2 138 34
23 78 6
49 69 46
25 57 22
56 85 17
93 127 24
30 54 9
48 141 0
60 73 9
28 105 58
78 121 0
21 124 35
8 109 32
64 104 23
104 145 8
101 112 51
37 72 17
6 47 16
58 86 17
81 131 23
27 105 13
115 147 56
26 110 54
78 96 23
66 132 55
64 136 53
32 122 0
9 43 29
100 114 51
53 117 22
12 136 26
3 64 59
94 121 58
29 83 42
101 115 20
17 44 48
45 112 16
107 147 34
106 119 7
22 149 47
108 137 56
10 78 29
58 77 15
84 87 0
77 141 15
27 130 42
109 112 12
9 132 50
17 139 48
116 126 43
98 123 37
57 139 27
19 130 21
85 105 54
96 116 6
87 102 36
0 110 37
16 58 51
80 141 32
60 72 53
14 51 19
88 140 39
49 148 60
40 93 11
36 79 48
53 108 20
17 42 20
47 78 14
55 121 20
37 130 5
40 136 7
78 140 52
58 106 52
68 144 2
88 115 51
109 130 45
62 109 12
66 90 30
53 95 37
25 117 59
74 107 46
11 84 36
26 85 19
110 114 47
22 26 8
114 117 48
38 104 41
72 145 46
58 144 0
63 140 7
49 112 26
4 27 20
11 56 41
123 124 47
54 85 15
3 131 10
43 147 22
61 127 55
28 71 29
97 99 33
18 145 53
71 114 60
46 117 56
43 109 46
80 84 51
39 119 21
75 137 58
106 107 40
26 78 23
37 125 48
90 123 24
15 16 35
9 72 6
42 140 47
83 137 16
69 142 19
86 126 27
49 118 59
84 117 37
97 106 32
53 57 58
101 145 6
86 132 54
82 142 47
0 138 55
32 66 14
40 102 8
82 97 54
35 59 25
16 56 3
64 111 56
5 62 52
81 116 14
23 98 50
57 99 60
117 130 14
107 109 32
102 130 60
75 78 11
9 41 52
10 93 32
12 88 28
37 147 4
52 94 0
0 114 24
92 126 24
101 122 46
135 139 47
107 141 25
68 103 27
123 148 10
47 88 19
1 104 39
76 86 8
75 138 41
57 67 29
15 105 10
128 137 18
44 125 58
11 140 40
36 36 15
61 91 19
105 132 37
36 90 51
58 143 10
42 149 40
18 33 5
87 140 12
2 143 24
72 103 4
77 96 28
12 45 51
123 130 58
79 124 4
45 121 33
79 115 60
29 49 13
6 48 28
0 112 9
88 101 27
11 73 11
14 31 42
55 134 56
34 75 40
76 104 16
70 147 43
36 95 50
56 95 52
110 135 38
42 111 19
40 70 44
43 125 20
77 119 33
55 83 14
8 78 18
90 141 36
117 138 47
90 111 49
72 127 59
61 72 56
16 42 35
128 134 35
56 75 1
66 124 41
94 120 29
32 108 44
21 33 15
36 92 39
91 149 53
61 87 22
18 51 34
20 146 8
126 128 8
30 66 13
114 116 26
31 128 3
17 27 23
22 82 16
22 123 37
122 148 2
80 136 33
32 119 33
112 139 18
120 148 51
104 131 50
93 105 35
18 65 32
35 94 5
12 121 44
5 138 21
59 93 15
42 80 19
17 26 41
56 81 57
37 137 57
83 111 19
125 129 20
88 94 18
32 45 42
2 68 54
56 115 52
68 126 51
118 123 37
23 133 60
30 58 7
26 147 8
17 23 28
12 18 13
59 92 35
63 80 28
18 29 18
27 100 60
118 126 22
29 107 7
55 61 46
60 95 27
49 141 12
7 22 22
51 111 59
1 137 36
40 94 46
79 117 58
103 143 12
51 118 31
2 96 4
74 78 45
28 81 59
94 96 43
71 78 35
105 122 40
78 84 2
37 105 1
7 147 24
86 96 24
108 144 19
20 94 47
15 52 18
59 135 37
65 80 46
62 62 11
128 135 45
1 90 31
51 131 12
61 69 42
98 102 59
30 132 20
112 136 55
84 97 15
94 106 30
99 123 18
3 141 20
84 121 55
34 78 38
18 113 6
97 132 55
57 131 32
31 135 41
21 148 3
85 121 21
94 116 56
108 146 50
123 145 56
13 61 33
40 95 5
19 45 11
28 122 11
56 110 12
55 91 44
42 81 40
39 65 21
60 125 51
25 33 52
7 86 3
27 98 59
122 145 33
24 55 15
90 92 56
31 86 28
41 71 1
95 115 50
17 24 14
68 124 24
92 104 10
51 70 29
36 105 19
122 142 30
51 143 59
113 123 60
95 100 45
34 95 39
3 11 44
22 36 47
71 96 30
62 86 20
46 83 8
8 27 45
2 53 31
69 143 52
2 139 25
67 110 48
48 145 7
95 137 38
85 110 11
70 70 47
74 87 3
29 135 38
68 79 29
43 124 55
12 134 22
58 87 56
30 131 7
38 82 60
106 143 23
88 88 19
27 65 40
49 91 4
55 140 55
13 32 51
12 133 30
41 143 54
7 117 1
1 40 54
6 28 58
12 131 5
94 94 6
28 84 28
95 98 45
68 97 53
20 21 60
27 118 13
47 73 49
105 129 40
48 114 5
30 103 41
22 84 43
65 117 41
1 148 48
12 73 12
96 117 1
23 24 56
50 94 39
27 67 50
54 58 10
16 88 0
10 15 50
57 140 48
81 81 35
69 139 19
122 128 36
93 114 7
98 148 9
68 125 34
30 82 10
7 136 29
59 130 38
69 75 5
7 46 21
74 114 5
100 104 6
93 122 36
27 135 47
42 89 48
3 107 43
71 72 53
92 111 22
120 120 9
66 93 41
26 97 34
40 101 45
39 44 31
11 30 37
73 123 43
40 65 26
31 66 56
111 116 35
2 48 19
126 127 53
9 77 11
44 112 50
22 28 52
89 118 52
1 77 40
41 105 14
101 134 6
95 139 10
92 130 10
89 136 0
87 92 40
2 145 55
94 141 6
96 102 25
12 149 9
115 142 50
66 109 38
39 73 37
92 140 33
115 135 54
29 48 56
32 84 32
45 126 46
83 83 15
84 127 53
83 96 31
9 125 53
24 102 19
50 105 52
99 125 16
56 111 38
17 147 15
118 139 31
125 144 39
24 133 53
50 117 9
59 68 5
92 133 56
23 76 46
50 144 57
81 141 43
43 74 41
50 118 26
4 149 32
110 146 21
12 92 58
54 109 53
73 88 39
106 121 56
8 136 16
20 54 37
41 88 20
0 142 5
24 75 11
64 145 32
20 53 0
36 51 3
37 83 50
88 123 41
18 123 44
45 133 11
23 48 10
39 47 30
39 112 58
89 113 21
23 42 56
99 138 44
15 148 35
31 125 31
86 130 2
20 29 33
64 97 44
117 134 49
16 93 6
102 107 23
128 146 40
33 144 47
74 111 36
7 104 39
17 72 51
61 139 12
10 116 34
96 111 16
84 113 36
14 74 28
44 148 31
8 59 47
40 91 19
87 96 6
39 72 8
65 136 19
60 81 60
1 57 5
17 132 36
11 17 25
63 133 57
60 136 50
83 129 44
20 28 48
116 144 26
60 141 57
77 134 38
80 113 43
49 59 55
43 137 14
82 108 36
68 121 11
56 57 55
89 134 3
91 92 32
7 30 11
45 78 35
107 134 8
73 104 50
56 145 6
45 130 40
83 140 47
35 98 60
46 148 3
31 74 8
23 52 47
25 28 34
17 52 38
18 138 52
48 79 43
91 116 32
12 98 58
13 49 42
9 86 0
77 137 30
59 87 58
7 144 56
42 74 24
43 102 54
62 144 46
40 139 40
126 136 47
94 113 38
40 132 42
48 84 10
3 22 29
126 145 16
88 147 56
1 110 42
61 134 57
7 36 6
97 139 8
86 93 32
6 99 8
56 103 32
39 100 9
109 121 33
40 75 52
30 59 9
16 137 22
74 148 39
131 138 46
127 147 21
103 125 55
45 45 19
18 43 56
28 38 50
87 100 27
80 94 8
107 136 39
111 130 28
25 123 20
51 62 4
4 87 21
4 17 10
48 58 25
78 116 22
50 51 8
49 97 30
90 140 32
123 142 3
69 124 2
17 109 35
25 134 18
51 59 31
36 88 40
3 12 16
13 88 42
31 67 12
20 55 14
24 69 29
60 131 40
21 85 35
135 141 36
24 32 49
38 73 29
4 129 30
7 138 16
5 102 52
26 46 53
14 91 39
113 134 50
47 81 26
100 111 2
109 127 34
6 95 60
92 117 26
37 48 11
15 80 17
4 61 57
26 128 5
83 100 56
74 113 54
2 44 20
47 103 38
20 39 35
74 119 40
34 60 16
101 123 43
92 129 9
54 127 47
0 13 30
103 135 8
88 116 22
13 91 29
23 124 31
81 132 29
66 114 25
56 59 32
117 136 19
8 130 6
68 74 15
96 137 42
49 127 54
12 147 54
41 94 27
35 55 33
52 105 17
25 100 38
18 49 56
24 124 6
50 112 21
16 146 20
40 128 40
93 116 12
37 107 24
35 149 57
56 124 2
99 126 52
22 72 8
53 92 6
41 110 56
85 107 58
74 94 19
123 138 13
69 109 57
11 130 25
13 102 19
9 139 49
67 103 2
110 132 12
52 74 34
81 89 25
50 108 46
104 105 42
80 148 2
10 119 60
15 23 3
24 131 44
13 55 56
108 142 17
34 123 39
122 126 20
108 125 31
79 134 59
52 127 15
92 105 40
61 148 19
89 107 12
18 101 50
31 141 33
3 125 39
52 149 25
32 120 53
54 139 33
90 93 8
19 62 28
81 97 44
54 112 35
45 51 28
15 47 20
94 134 48
4 82 18
109 111 55
98 129 33
12 76 3
66 139 7
10 19 41
61 141 33
86 107 12
34 52 58
20 71 40
21 144 25
36 60 54
44 146 3
83 142 25
57 72 11
52 97 8
118 125 29
60 144 59
119 119 40
59 61 45
52 112 42
59 65 25
81 139 2
95 97 10
19 107 18
58 147 43
33 147 39
68 133 50
34 115 21
89 109 12
30 134 47
66 75 10
6 37 5
80 126 58
50 67 37
63 78 17
105 141 39
40 85 28
23 136 31
28 110 13
87 117 10
25 145 43
13 13 30
97 134 39
41 69 1
109 139 47
52 147 60
0 126 52
91 103 5
35 107 34
90 105 10
14 38 48
118 120 20
67 128 45
62 147 33
44 105 58
72 78 44
86 103 0
89 98 22
40 130 6
43 108 36
115 137 12
79 91 49
93 110 40
120 125 56
42 92 28
67 122 57
20 103 51
17 130 4
9 63 40
52 68 55
8 64 35
5 79 43
36 133 57
8 69 11
1 126 59
30 109 18
2 148 18
94 140 2
32 127 5
106 130 32
100 139 0
57 109 24
41 112 33
38 124 48
96 128 31
7 101 56
11 39 32
88 145 1
10 30 6
69 74 51
37 110 24
40 64 48
72 128 50
51 98 17
18 24 57
56 142 2
65 69 3
61 131 4
7 105 11
12 97 36
22 63 54
37 80 7
58 67 24
51 96 51
21 97 1
114 133 59
92 145 47
13 72 42
96 143 14
122 137 26
3 57 29
22 144 10
89 130 5
57 58 3
27 39 0
101 141 3
83 116 5
26 36 43
84 120 40
72 102 35
29 76 57
22 148 31
101 131 21
40 74 52
25 83 34
21 108 57
138 140 32
34 83 56
14 92 35
45 100 37
117 135 47
0 27 10
107 142 7
104 133 58
119 143 44
91 115 14
61 63 52
39 97 22
4 54 2
103 149 31
20 100 39
124 142 3
108 127 26
13 66 22
47 134 58
72 130 13
23 92 35
35 120 55
28 74 29
86 119 26
86 91 60
3 80 44
53 77 0
27 62 53
33 78 37
15 119 14
24 82 18
58 103 14
17 142 39
28 116 31
111 139 19
110 110 4
42 123 27
86 127 6
34 61 46
74 124 23
45 72 35
56 112 27
47 85 55
36 97 22
78 87 26
26 141 36
121 126 31
106 110 5
3 24 4
28 101 49
68 93 31
43 84 51
67 126 6
83 145 28
66 88 53
10 103 56
21 32 6
47 122 2
85 102 28
100 141 31
2 62 21
36 102 60
13 85 31
14 39 48
72 139 21
59 118 2
3 4 53
37 68 55
90 131 18
51 58 30
55 87 39
46 81 25
34 76 33
70 71 7
75 111 9
1 66 0
99 105 50
29 75 36
101 146 45
53 107 23
63 129 20
76 80 51
72 149 58
46 63 54
91 148 55
38 102 33
109 140 19
68 122 20
68 92 7
93 129 40
114 125 43
38 95 10
36 58 30
11 16 38
30 88 12
62 149 49
33 50 24
55 114 6
112 137 32
27 80 11
42 54 22
1 133 30
100 109 40
19 35 38
45 125 39
48 72 40
55 76 33
31 42 55
38 68 39
38 65 55
17 79 29
58 138 27
57 117 6
35 78 44
68 127 59
59 78 4
104 123 38
9 146 14
30 49 25
105 124 23
22 81 33
3 147 29
124 126 6
124 140 33
4 83 48
29 77 22
86 87 14
44 136 50
0 29 43
113 126 35
33 96 0
95 128 11
93 102 8
105 116 55
72 123 39
24 77 56
76 115 27
135 137 35
42 53 36
41 107 56
60 69 60
0 135 13
54 56 32
21 128 17
83 124 8
17 84 54
38 109 15
47 96 57
13 47 5
63 142 30
69 133 11
99 127 16
91 135 37
33 98 14
24 149 15
26 50 57
13 20 30
117 122 58
79 145 15
64 122 15
54 102 54
16 84 9
6 57 42
28 98 31
40 69 13
76 111 48
4 48 52
6 10 23
17 122 33
18 69 26
21 70 53
58 74 44
63 124 58
84 148 54
19 31 14
65 144 37
45 122 16
124 145 37
119 137 46
32 47 60
25 116 38
103 138 52
95 102 36
26 76 20
0 31 14
67 119 23
9 50 52
93 126 56
15 31 1
49 83 37
26 125 46
2 133 33
6 15 17
104 139 30
48 138 53
19 132 28
84 115 56
40 49 44
34 56 41
28 88 58
109 128 59
3 19 5
116 140 39
89 89 12
35 80 42
16 132 29
45 134 1
7 56 24
32 35 14
105 107 54
34 34 45
42 121 56
107 148 22
89 128 29
65 90 0
62 99 59
17 123 25
10 129 16
119 145 4
83 106 22
100 128 0
42 55 28
75 105 6
58 146 30
66 66 43
90 120 27
12 95 41
117 133 32
15 83 24
56 74 10
48 77 26
84 143 20
80 137 37
16 142 49
100 100 29
79 135 4
12 139 2
110 130 9
88 113 7
75 94 12
44 88 31
62 71 12
61 121 36
34 108 30
20 70 12
45 68 5
69 77 6
52 56 3
58 72 53
41 135 19
114 145 12
21 42 24
75 116 29
58 99 42
11 147 51
100 103 0
99 146 30
47 108 37
63 126 54
76 78 4
46 50 53
0 54 37
79 149 43
3 130 3
44 65 17
95 108 10
22 40 34
53 125 13
89 95 32
92 144 5
3 30 42
111 125 8
77 93 44
83 117 21
0 131 8
37 43 37
89 137 43
31 83 44
43 132 36
15 95 9
26 64 14
108 109 45
6 21 0
26 41 4
90 91 35
87 139 4
39 140 13
97 102 44
62 122 56
23 94 44
37 53 15
3 88 59
36 109 53
36 65 26
70 128 28
54 66 13
69 108 28
84 88 44
89 140 46
10 142 53
20 140 59
39 143 56
62 65 14
65 67 44
39 75 35
39 139 36
98 138 58
34 67 49
79 147 46
71 147 44
76 90 8
19 58 16
37 116 46
26 75 10
39 135 6
12 90 27
20 111 16
1 62 6
87 116 48
36 107 31
70 75 37
64 79 31
14 140 13
57 146 23
5 108 12
67 101 28
39 40 40
15 71 38
88 142 18
35 61 0
31 57 1
20 68 17
42 116 3
102 138 41
24 29 42
76 139 5
13 41 25
60 77 38
59 122 26
96 141 27
84 104 20
85 120 32
65 137 29
83 127 59
73 73 12
42 138 53
2 61 56
6 98 38
21 98 45
34 143 12
43 73 10
45 93 39
63 112 8
22 71 7
97 149 17
11 49 36
74 117 45
101 147 54
75 128 30
107 145 7
59 75 28
88 132 6
52 132 5
126 143 20
19 56 20
70 119 18
46 85 15
39 149 31
21 130 28
41 47 11
48 71 9
46 87 7
21 82 24
29 54 11
106 144 26
23 93 41
0 17 32
76 88 59
47 69 55
85 108 42
86 89 44
80 120 26
26 69 4
9 113 43
9 138 38
77 139 53
33 100 25
65 103 16
67 78 31
36 136 58
73 78 14
5 26 33
43 114 33
99 110 1
85 111 17
63 136 34
40 43 26
23 46 26
120 142 40
47 107 39
39 123 44
88 129 48
83 134 21
71 138 53
94 115 18
48 76 53
60 70 53
41 126 5
136 139 17
76 76 25
93 117 49
27 117 32
24 88 7
91 91 45
84 98 53
54 82 32
14 85 46
70 143 47
13 115 56
2 51 37
93 100 33
34 85 6
103 145 0
53 123 6
80 111 9
69 72 53
92 99 13
19 22 8
2 131 48
33 112 45
70 89 17
44 126 59
91 111 5
113 120 52
95 127 31
6 149 32
40 55 14
2 77 50
49 117 27
44 66 2
39 60 15
15 82 36
27 41 4
33 126 35
59 102 34
25 109 16
9 70 5
44 74 0
9 18 52
27 114 20
49 133 38
27 129 43
46 134 16
25 51 2
14 35 15
73 74 2
74 139 16
3 27 30
20 77 57
28 39 38
57 83 44
124 125 51
80 146 29
84 95 51
79 148 13
75 140 19
0 61 28
30 142 46
54 136 45
45 66 38
95 99 40
93 107 43
54 72 9
48 100 28
17 148 52
93 121 5
37 95 30
114 137 59
21 75 60
73 138 21
7 17 31
92 103 57
44 89 11
35 145 16
19 27 6
63 93 55
56 135 60
35 65 19
86 86 52
91 146 52
70 105 21
14 44 45
65 124 40
79 107 7
30 95 19
21 91 49
68 99 24
28 29 9
39 138 53
50 65 9
103 109 35
24 80 20
51 137 14
108 126 31
92 93 2
67 107 55
50 84 50
69 130 47
44 76 33
3 106 38
100 115 19
103 130 56
26 135 43
110 142 21
85 125 23
64 85 58
6 9 27
81 85 7
53 143 37
67 149 9
15 100 59
71 116 33
8 14 50
22 33 4
19 36 22
49 119 52
51 120 32
84 122 29
3 3 31
49 55 44
80 95 57
58 123 23
58 97 23
115 145 30
63 113 7
27 70 54
7 48 56
105 115 10
104 129 55
50 114 26
84 85 53
2 3 17
27 88 9
24 50 22
19 57 8
15 125 14
88 108 18
12 110 19
4 89 54
42 143 28
22 94 32
86 92 20
0 15 26
61 96 29
40 103 53
26 140 30
16 35 30
58 76 59
59 138 60
60 84 12
79 99 24
38 90 53
61 104 9
58 83 36
40 76 51
45 98 11
78 128 5
63 69 5
18 87 57
67 69 24
54 141 49
83 130 55
11 103 42
84 135 28
76 146 23
34 103 60
81 109 37
59 125 29
100 145 39
90 113 43
16 139 11
6 19 35
86 110 11
11 101 24
75 115 48
31 81 34
68 68 43
40 84 60
47 145 21
28 61 57
2 41 33
59 134 53
93 137 55
56 119 27
49 77 19
75 149 52
56 83 13
122 131 33
106 125 17
15 66 26
93 119 59
109 137 16
66 142 48
20 64 9
51 71 1
85 98 2
59 127 59
61 61 37
23 87 54
28 62 2
38 57 51
70 107 30
31 118 51
6 124 14
98 98 30
91 136 11
58 95 23
33 93 26
48 59 0
31 94 7
8 32 28
3 59 8
61 79 50
94 102 33
18 32 16
16 80 31
74 123 13
35 126 19
83 146 37
58 111 34
65 99 59
47 50 0
72 112 30
83 138 39
36 122 11
29 104 4
51 108 7
41 83 57
84 102 36
45 143 17
59 132 10
77 105 57
78 107 31
21 62 19
77 85 1
95 113 18
30 127 48
25 52 46
8 39 28
38 78 30
23 85 38
63 149 22
50 116 40
90 107 21
85 114 43
19 123 51
4 67 11
91 94 11
8 103 31
94 111 33
49 66 9
57 91 58
66 69 25
84 119 59
26 77 32
20 56 32
25 56 32
59 126 47
21 146 49
90 130 19
89 96 22
58 59 15
7 7 2
16 140 49
4 59 28
38 94 14
92 107 30
5 57 36
72 148 54
51 67 1
36 143 59
71 95 17
126 130 60
56 101 21
51 129 9
20 42 18
22 73 48
78 104 30
119 126 38
1 96 50
77 99 42
21 50 1
4 106 24
61 74 46
17 141 19
52 117 21
75 82 53
7 99 20
3 118 10
0 62 38
66 121 57
88 102 12
35 44 23
72 124 34
78 142 13
36 134 4
89 91 18
30 41 35
9 39 42
128 133 24
107 119 44
39 39 55
51 126 60
34 79 54
61 98 25
8 140 56
79 132 23
26 96 38
44 141 31
72 73 53
9 131 29
90 100 8
76 145 16
30 149 40
33 73 34
3 82 56
7 23 35
23 109 19
3 84 36
104 108 39
43 103 34
106 139 57
80 109 1
46 132 21
101 137 51
73 90 21
23 117 41
44 46 21
6 24 55
35 114 43
8 8 47
20 45 32
49 106 59
39 133 28
5 87 60
59 143 30
50 136 15
92 108 52
17 104 7
21 52 55
97 124 9
18 50 13
19 80 57
6 83 29
94 147 25
54 78 16
59 145 0
31 119 16
44 123 55
90 126 27
45 103 37
106 133 47
49 105 51
65 120 3
18 73 29
123 123 2
82 140 56
23 144 33
12 16 30
10 24 45
90 145 49
38 142 15
42 49 36
95 112 5
46 52 49
5 112 46
44 130 9
31 115 39
79 114 33
58 116 8
36 83 27
29 95 55
56 120 29
57 114 49
19 66 36
97 104 27
86 109 9
55 144 15
11 123 56
40 100 2
74 149 46
6 65 5
74 91 9
35 47 0
72 142 31
15 27 32
80 130 24
90 90 55
71 143 10
28 56 7
11 42 28
78 98 42
62 139 4
56 140 11
59 120 0
3 43 24
7 69 42
10 135 48
41 144 60
57 132 3
79 96 30
87 103 36
12 50 51
53 149 27
24 73 20
33 43 49
17 112 35
1 113 5
43 96 17
47 146 2
24 148 32
57 59 27
4 142 37
37 98 1
13 31 57
2 75 23
101 105 1
40 121 33
31 79 16
8 92 39
5 50 34
112 149 17
61 130 24
71 129 21
4 60 33
64 100 60
74 83 10
73 102 2
73 113 42
90 137 54
61 128 43
86 125 8
62 75 29
8 54 39
68 72 5
56 71 13
48 54 13
34 40 21
47 87 59
23 122 20
12 65 9
16 78 7
1 136 16
95 105 40
50 137 54
1 105 37
66 101 44
16 89 6
18 124 38
14 144 22
77 100 8
120 130 37
35 87 32
5 103 5
48 61 5
46 123 28
78 124 46
114 135 55
69 100 33
20 131 58
48 130 16
14 141 41
77 115 9
58 66 50
78 114 0
80 143 35
72 98 17
89 122 30
69 110 33
40 138 22
29 125 14
4 124 43
61 78 34
102 131 49
35 37 44
1 53 30
82 114 47
2 72 51
73 122 18
78 147 4
13 59 41
59 121 34
22 52 4
119 129 9
71 74 16
26 54 47
46 149 10
29 63 47
69 122 50
25 93 30
52 65 25
0 50 5
33 85 22
51 97 12
39 101 46
18 42 3
29 64 54
31 105 25
37 79 1
10 124 39
39 58 37
25 45 49
38 58 55
38 92 27
74 121 45
96 99 4
126 141 45
31 77 20
42 59 3
26 30 10
17 111 50
47 130 60
41 140 10
86 112 2
55 103 46
74 81 57
71 79 41
18 38 11
20 59 11
117 137 36
91 106 36
11 105 34
53 64 13
26 139 23
82 90 31
4 119 3
7 20 5
3 128 55
82 130 52
5 64 53
42 139 40
118 135 60
110 145 25
16 79 53
15 147 15
6 25 23
100 107 29
3 112 54
32 92 59
82 123 16
20 82 29
15 61 22
80 102 37
9 79 25
67 129 0
87 122 18
73 145 34
59 139 7
76 105 30
91 122 0
30 105 36
38 71 45
9 135 18
32 115 22
52 59 43
82 107 32
52 76 18
11 112 14
18 96 29
7 139 46
16 73 1
23 132 40
30 81 50
1 88 41
38 107 60
41 117 47
28 79 48
41 148 60
119 123 37
103 126 22
13 87 56
127 131 56
24 64 26
11 54 1
16 107 28
8 52 8
21 38 29
84 126 23
66 145 49
9 24 59
3 25 3
34 120 23
83 98 22
3 28 52
65 138 56
21 99 25
1 111 46
82 148 41
38 61 15
39 90 15
51 94 52
103 120 50
66 108 43
63 138 50
5 110 51
80 132 4
32 88 45
8 74 14
4 132 3
16 111 25
95 120 44
42 101 12
42 132 30
69 86 5
15 96 31
24 24 9
33 90 27
82 95 43
13 95 21
5 75 53
25 44 34
95 149 14
16 53 43
18 119 25
77 143 21
28 102 4
12 40 13
61 149 13
115 140 48
83 121 18
85 149 3
61 100 2
71 142 48
6 94 32
3 44 39
11 21 57
55 79 32
46 79 39
3 113 32
33 105 56
9 10 31
5 63 8
60 108 47
69 136 22
123 149 0
56 139 42
60 89 20
46 127 57
49 115 4
19 124 31
79 128 32
52 101 21
56 137 47
26 101 55
46 137 52
7 90 27
39 147 2
71 127 11
31 144 1
46 121 23
37 143 60
5 81 28
27 132 19
9 78 27
29 85 9
92 134 0
66 87 7
79 105 31
49 99 53
12 44 4
90 146 8
83 86 50
24 117 51
21 107 43
28 50 57
30 64 11
49 68 60
39 111 55
74 105 8
2 82 10
56 70 59
15 37 57
36 86 27
0 32 32
83 133 45
25 87 31
19 105 51
26 66 10
2 95 17
3 133 50
56 76 23
79 144 19
82 134 5
33 123 23
99 121 35
40 41 35
65 128 52
78 110 1
112 145 28
46 71 5
85 94 44
19 127 49
1 79 49
62 135 21
49 57 31
81 130 10
9 126 59
133 140 12
21 77 24
0 53 57
26 43 56
105 140 18
3 35 0
0 99 2
10 137 13
58 141 43
99 101 22
5 136 50
51 130 40
85 146 21
3 98 59
54 70 44
0 21 20
8 24 25
63 64 46
91 113 37
75 127 54
54 80 50
44 47 20
32 107 25
69 105 40
36 115 3
4 43 54
35 57 59
81 126 22
32 104 1
96 109 19
92 98 0
106 138 55
52 83 56
81 99 40
84 144 54
106 118 20
6 105 10
16 144 21
82 144 51
21 104 6
13 110 32
1 43 5
30 62 39
40 147 18
81 96 48
50 141 8
67 116 49
68 86 23
27 43 22
107 115 45
72 83 42
63 146 55
96 96 45
33 42 13
6 50 56
30 47 55
20 40 37
94 110 59
69 138 48
77 104 36
15 73 29
67 109 29
40 106 30
35 119 0
0 14 24
27 133 60
104 111 17
44 90 27
67 84 0
41 54 49
38 111 43
0 140 1
56 116 10
22 46 42
61 76 54
67 121 4
78 97 47
80 83 9
89 121 7
65 70 19
67 138 22
29 101 48
0 43 47
14 65 51
39 84 58
37 71 14
60 146 24
14 36 54
47 140 50
15 67 53
73 136 3
46 64 31
102 136 13
75 129 21
47 119 54
26 148 40
23 125 13
79 86 48
4 64 4
31 136 9
101 142 49
11 126 49
61 117 29
79 120 1
88 114 51
119 136 48
76 110 20
15 60 1
65 83 18
77 114 57
106 134 0
23 45 43
9 80 5
57 61 0
45 70 45
14 23 50
16 125 40
50 90 28
2 140 56
25 97 42
11 65 25
82 124 33
67 68 25
12 83 22
53 101 0
58 88 27
5 11 23
70 146 28
86 120 28
48 118 16
110 128 57
39 93 3
32 37 20
41 65 6
53 126 30
52 63 39
77 144 21
66 104 22
55 99 13
27 149 54
30 78 14
73 76 19
102 117 48
48 65 26
17 114 13
19 145 11
10 53 58
45 95 55
9 37 42
2 33 22
66 82 18
10 66 57
37 77 45
36 120 28
31 37 24
6 143 9
20 89 37
17 116 22
61 71 29
33 127 34
11 93 42
30 137 20
117 127 34
77 149 16
91 123 13
12 111 34
25 27 55
53 140 36
92 137 43
50 122 44
79 81 53
61 92 43
130 149 55
47 89 22
41 111 14
55 89 15
59 99 50
57 127 3
25 32 13
9 32 58
26 48 6
48 75 58
10 59 16
78 86 3
15 115 35
7 96 20
24 100 51
27 37 60
97 146 31
114 136 24
102 132 1
26 107 39
68 137 14
68 94 40
69 103 17
23 120 32
52 128 45
18 88 50
80 114 29
36 144 39
22 65 0
91 107 26
3 97 21
16 50 0
76 142 14
16 44 28
63 87 32
19 44 49
55 129 55
36 40 8
36 68 60
27 64 16
24 140 59
41 102 34
2 98 14
62 64 26
33 97 6
77 79 56
16 122 56
56 107 4
75 121 24
47 115 38
67 67 3
0 95 16
27 143 17
38 87 57
21 122 27
42 45 7
18 21 24
31 64 54
130 145 35
75 100 1
110 125 60
20 44 28
15 28 9
42 47 14
56 58 8
71 76 40
6 115 57
35 133 41
12 89 48
47 148 27
10 94 9
29 124 32
102 141 11
28 68 20
14 123 23
7 73 49
57 110 48
18 27 22
85 100 51
46 61 27
60 124 57
65 112 3
31 146 53
59 80 23
49 86 31
22 32 54
32 44 47
49 50 36
44 79 24
42 66 34
24 37 5
20 114 14
63 144 60
8 105 42
22 134 23
0 141 31
63 75 60
62 72 2
36 46 33
99 120 25
19 146 41
92 122 27
6 117 58
35 72 22
14 43 59
63 86 48
24 72 12
33 91 10
61 118 46
14 45 14
33 141 5
8 84 6
55 94 59
11 99 43
25 77 39
40 135 41
11 41 38
58 104 2
54 131 29
48 80 37
104 112 42
47 97 21
27 85 55
26 51 53
73 118 34
52 111 8
74 95 22
24 76 12
43 68 37
9 74 43
76 103 41
83 148 49
24 98 46
88 96 44
32 36 52
93 147 48
77 145 8
23 107 48
28 107 5
30 124 9
59 96 35
37 139 17
55 146 36
41 52 57
73 148 33
13 108 45
50 58 3
22 89 53
16 90 11
34 113 9
11 59 6
65 130 44
17 137 53
69 96 1
68 83 46
65 81 7
65 73 52
67 142 55
97 118 22
73 108 22
54 95 32
92 132 25
119 131 20
88 119 0
98 119 4
11 19 39
86 117 5
25 54 44
47 59 4
23 67 29
58 100 44
14 56 13
50 72 35
12 144 35
21 56 45
90 114 27
97 128 56
60 74 0
8 77 17
96 133 25
53 132 4
61 140 25
68 96 37
36 118 55
33 49 14
23 66 52
0 7 48
39 78 14
18 121 42
17 125 45
24 40 54
2 122 45
44 122 26
24 89 55
104 113 55
29 128 39
83 113 53
29 41 17
13 64 35
9 55 5
29 38 44
66 133 38
62 73 0
115 132 17
59 111 44
12 52 22
74 101 22
70 104 38
42 63 8
86 106 31
118 119 35
22 106 18
31 71 49
17 85 31
4 136 31
22 124 51
16 98 51
51 60 37
6 8 32
109 124 9
110 139 26
7 66 55
17 36 53
94 112 6
107 149 0
37 132 0
69 71 53
66 113 24
24 97 0
15 144 52
18 45 30
33 142 40
61 66 20
31 44 3
2 20 3
122 144 4
3 110 25
18 37 50
17 83 30
41 56 41
48 63 50
88 143 28
118 142 53
23 50 23
25 58 6
5 127 48
24 119 11
4 123 6
65 104 37
84 142 48
60 88 1
32 67 10
49 104 5
77 118 39
3 74 6
28 40 21
28 114 24
49 56 42
107 139 56
43 144 37
108 110 46
19 136 7
15 86 49
23 25 22
79 136 53
46 94 17
99 140 54
51 68 22
118 132 58
35 54 8
37 52 54
64 139 49
123 147 57
57 69 56
37 85 47
33 94 54
66 111 23
101 132 23
121 146 59
23 83 47
86 118 22
40 126 4
49 75 44
57 93 13
89 129 22
116 148 33
23 64 13
24 96 38
89 141 0
103 134 31
67 73 35
64 147 51
3 48 45
0 9 2
34 106 19
71 124 43
4 51 47
53 127 29
69 102 60
41 116 34
11 11 44
22 77 1
3 103 44
92 139 33
22 23 14
114 132 12
15 25 4
30 125 20
55 80 15
60 98 34
51 78 16
78 120 5
98 141 4
91 101 54
34 124 18
69 87 24
6 7 2
29 138 52
30 122 44
78 100 39
25 48 34
46 76 44
12 105 23
55 69 41
1 17 55
71 85 24
67 88 44
49 92 13
56 129 50
86 131 59
72 92 33
29 44 39
87 109 49
26 91 54
29 47 47
99 117 21
67 147 47
116 129 16
28 49 54
49 65 37
83 126 10
10 140 41
22 75 10
25 65 59
90 97 53
7 129 7
70 95 25
31 113 40
74 135 18
33 148 3
91 125 50
26 130 2
59 146 4
15 58 1
82 146 5
31 51 58
1 135 56
83 112 31
14 104 40
44 61 57
29 39 43
54 106 43
66 86 3
73 86 34
62 134 50
10 130 2
34 133 27
81 102 53
103 129 4
100 142 43
57 144 16
56 122 38
5 92 1
51 140 46
53 81 6
86 124 23
12 15 54
85 130 0
89 112 9
7 110 24
59 83 16
78 89 16
32 85 30
44 54 14
31 55 45
3 104 10
3 50 3
63 141 40
36 38 15
42 103 26
24 146 15
96 113 7
54 103 18
85 95 18
4 34 2
9 148 1
0 47 31
4 33 32
67 71 48
42 130 14
7 94 11
122 129 41
10 114 3
84 140 42
10 131 26
93 112 37
69 147 41
75 120 59
78 136 41
113 143 20
38 81 19
20 101 1
31 63 33
12 12 26
24 62 2
48 140 11
6 11 47
95 136 55
81 95 22
14 69 12
85 136 40
73 129 19
58 128 53
11 14 39
55 101 22
27 52 58
39 56 35
116 149 3
11 38 20
51 99 51
5 69 14
64 81 45
71 80 6
101 133 19
88 130 0
7 114 56
37 111 47
32 95 23
54 76 9
11 58 17
2 104 42
20 107 32
6 121 6
68 78 34
87 129 4
127 137 2
45 132 21
34 84 9
27 139 38
47 92 57
23 82 52
39 117 31
39 67 48
57 147 57
90 139 24
8 63 10
36 81 33
38 114 46
87 95 4
98 101 43
66 92 16
100 132 38
49 120 2
36 43 47
99 114 38
67 115 19
44 71 10
112 146 21
43 99 58
9 142 46
113 142 41
25 115 9
12 109 6
30 115 41
5 23 56
55 130 53
13 114 19
57 118 37
79 110 16
104 136 37
60 78 56
51 135 24
8 36 19
30 73 22
86 142 42
27 95 45
68 112 2
25 149 43
56 93 25
7 74 31
9 31 0
31 73 24
5 18 6
59 119 49
69 73 4
27 148 8
42 99 33
15 145 52
29 126 6
99 103 6
21 21 42
67 79 31
59 59 50
121 125 59
55 133 8
14 21 0
32 72 43
55 116 34
35 127 47
34 94 18
80 115 35
47 90 14
66 91 30
31 93 13
13 14 46
44 116 51
13 129 21
18 83 14
61 88 33
69 114 38
82 91 17
48 91 44
19 26 5
42 78 46
60 101 57
4 109 52
62 77 28
80 86 55
8 62 2
83 114 23
76 82 27
79 118 16
35 38 16
94 127 2
52 119 19
101 130 6
56 66 24
59 124 25
68 143 30
66 76 34
53 59 31
114 126 40
39 95 17
45 90 6
92 146 24
23 145 21
26 137 0
5 131 43
46 74 12
90 119 34
43 142 26
40 137 55
43 126 39
101 129 30
24 90 20
87 112 29
13 119 7
23 143 35
93 99 60
110 115 56
23 113 40
23 31 33
17 17 1
26 122 35
75 136 32
9 96 17
29 140 26
3 146 49
31 60 60
27 28 19
23 60 13
22 34 38
41 96 10
50 55 47
55 112 20
18 22 34
53 63 55
112 134 32
49 116 53
98 104 51
4 70 33
67 100 3
80 116 24
37 37 48
63 95 26
11 13 51
73 103 6
29 109 29
69 89 9
32 68 18
36 130 36
50 148 23
55 111 21
55 113 21
49 124 26
33 113 9
15 101 21
54 98 51
85 85 40
68 105 55
59 89 12
31 101 45
46 103 57
35 41 43
50 88 38
43 94 48
44 87 5
34 81 3
55 86 40
82 92 60
55 145 18
33 64 3
84 86 45
76 141 36
23 79 56
23 81 48
30 148 9
58 94 27
33 121 4
21 36 51
35 99 14
7 130 29
12 130 55
105 134 49
71 119 34
63 117 56
91 110 26
120 141 30
20 66 39
27 97 54
11 27 58
50 63 19
57 121 51
107 129 1
5 140 5
21 67 26
4 107 27
53 113 15
14 37 4
6 39 27
42 76 60
55 58 28
39 122 56
84 110 24
94 114 26
81 149 33
10 115 1
65 96 39
45 79 50
100 144 42
1 64 23
49 126 3
0 67 56
38 74 41
71 101 3
12 114 21
66 98 52
0 129 27
41 73 22
14 83 50
46 86 42
62 91 11
52 124 50
17 108 21
8 37 0
74 88 41
64 102 28
72 81 50
35 88 33
44 114 17
72 75 15
95 116 35
30 141 59
38 48 46
11 52 13
5 51 30
34 89 20
102 135 28
12 108 18
14 66 46
23 23 55
61 115 12
40 118 20
34 118 44
6 36 37
36 148 37
53 141 54
96 114 7
62 128 47
1 86 10
12 99 55
86 136 36
4 97 46
6 102 28
61 122 51
3 109 23
15 26 26
12 78 41
2 89 49
51 90 46
110 133 29
35 36 54
31 50 51
43 134 7
9 9 9
24 129 40
49 49 54
45 136 3
81 134 51
13 33 0
63 71 58
2 125 52
14 49 1
105 120 39
98 111 38
11 109 23
24 144 16
33 131 13
27 27 56
74 80 38
66 110 32
54 115 7
44 104 32
14 98 40
94 149 55
4 71 21
83 102 40
54 124 29
29 144 47
27 76 60
36 64 16
59 108 60
65 121 36
84 132 2
124 138 51
88 106 31
2 52 37
83 110 4
6 13 26
61 70 33
59 140 32
68 85 45
98 144 25
11 51 56
35 131 59
46 116 44
63 130 23
53 71 13
2 101 58
91 97 53
87 124 8
99 144 1
41 90 48
29 90 59
7 135 23
32 94 38
32 33 27
9 56 28
21 63 19
34 74 31
17 146 42
111 115 37
10 70 46
56 80 34
27 68 46
67 72 28
38 117 40
54 87 32
27 56 20
6 54 29
75 93 36
87 134 60
21 131 39
11 53 29
43 115 21
17 117 4
65 123 14
75 75 12
24 143 56
49 85 27
87 130 46
9 58 37
35 111 15
67 108 11
8 35 20
22 88 5
4 121 58
57 74 14
67 104 29
94 148 17
8 61 34
14 72 16
29 131 5
9 136 10
22 57 47
25 140 18
101 102 15
102 104 47
42 113 32
2 36 3
16 81 46
113 148 31
61 90 31
61 81 12
54 134 28
61 67 1
14 87 10
29 89 55
14 125 20
30 44 22
21 100 13
115 143 39
81 90 43
64 137 35
82 82 23
67 145 32
24 139 21
50 80 36
39 63 3
22 104 10
16 97 22
2 111 6
67 86 25
93 118 19
79 109 52
47 76 10
5 40 28
46 78 27
50 149 19
64 113 8
45 109 52
90 138 20
108 120 22
31 92 18
70 118 16
22 29 57
45 58 37
65 140 3
66 102 30
100 146 9
78 93 52
75 113 54
89 120 45
54 121 46
65 113 33
17 43 46
61 103 41
37 145 7
61 99 24
128 148 33
82 126 29
20 122 12
32 111 40
3 121 9
2 37 18
80 82 34
83 90 7
98 132 32
49 81 16
78 94 8
26 56 37
37 50 59
79 130 17
70 112 14
12 62 51
45 57 0
43 63 24
105 108 47
93 94 26
53 129 1
16 23 51
6 53 14
86 114 59
39 120 31
15 42 54
0 98 41
77 135 49
9 36 47
59 85 41
84 141 58
39 103 28
9 51 28
48 144 13
66 71 12
95 134 34
31 35 55
31 76 60
69 113 14
53 115 40
24 67 31
40 105 7
19 40 28
107 111 31
47 147 49
16 108 17
80 107 14
36 93 48
108 145 0
60 104 2
2 141 14
15 140 2
36 142 49
77 116 5
73 144 42
54 83 32
113 122 39
27 119 21
68 89 13
42 146 47
16 113 26
110 134 20
16 110 26
97 113 12
84 103 29
43 71 51
49 72 27
68 77 60
9 49 1
50 83 9
30 104 28
75 133 0
78 139 3
8 19 49
7 126 34
1 50 59
9 45 43
76 137 8
71 139 30
42 114 37
87 88 15
44 51 32
2 119 9
0 51 40
11 135 0
17 94 36
76 127 10
45 54 49
7 29 12
67 81 23
116 134 50
71 126 22
41 72 13
19 43 41
46 139 34
54 75 52
36 124 49
11 24 52
0 48 24
33 33 47
103 118 32
78 102 52
6 128 8
24 85 47
33 119 43
52 102 1
35 105 31
75 139 8
39 80 58
34 39 44
61 135 19
124 132 29
101 117 23
6 112 8
58 122 37
84 129 13
29 53 10
127 143 31
23 54 53
32 128 55
43 93 12
35 84 32
22 55 46
82 105 55
38 126 15
80 101 8
38 54 22
5 56 10
56 79 1
25 144 3
6 63 52
87 99 5
57 98 42
55 117 2
17 73 37
12 55 37
50 131 18
34 112 27
87 128 44
74 103 7
62 138 59
114 124 59
18 129 54
82 111 16
23 30 34
34 65 42
49 78 6
1 7 51
3 129 16
55 102 6
86 128 18
36 139 45
44 144 27
67 118 1
81 115 40
31 34 13
33 108 15
50 98 23
2 85 29
102 124 20
45 111 1
54 63 28
45 96 33
118 134 3
42 87 48
21 69 24
32 116 55
68 113 31
16 37 9
25 36 49
59 117 36
65 126 34
45 49 27
64 108 55
0 81 37
13 44 48
57 68 46
36 146 32
23 126 59
34 121 28
57 79 4
55 115 33
5 122 40
94 99 50
38 149 19
10 97 22
96 136 11
27 35 46
5 19 8
33 130 47
8 66 6
65 76 4
47 112 56
53 135 6
26 131 11
36 99 45
48 126 46
6 142 40
16 128 5
80 135 40
64 135 13
13 142 37
42 115 48
98 125 24
72 72 6
16 131 42
19 103 50
91 112 49
80 117 59
68 131 11
1 30 17
20 78 35
23 53 52
77 132 15
24 105 28
0 86 54
68 149 3
4 115 25
31 149 26
45 56 55
57 92 43
16 91 32
16 49 59
35 124 14
53 148 41
46 49 50
17 92 51
23 51 30
0 34 22
40 47 53
92 127 28
5 24 48
100 120 37
46 95 29
30 117 0
56 94 36
48 111 4
14 97 53
11 113 39
46 126 36
20 118 55
44 77 29
52 108 11
9 19 57
37 96 37
75 85 38
30 120 17
21 103 53
85 104 28
105 110 17
46 91 54
10 117 36
16 96 13
45 60 33
65 87 47
49 140 13
38 120 35
19 39 48
57 125 59
83 119 60
66 146 8
58 85 19
8 149 52
8 48 34
38 67 55
53 121 21
70 106 41
17 29 3
46 47 4
31 40 12
50 75 42
18 91 55
98 147 49
37 76 51
41 50 38
29 111 35
60 103 25
74 144 15
25 59 24
84 116 45
59 136 43
56 141 4
14 60 25
62 79 33
52 100 5
89 104 26
35 115 59
69 80 19
102 105 52
113 128 33
102 147 53
62 104 12
48 48 4
52 145 27
62 112 58
6 116 57
7 26 52
9 116 33
31 65 2
112 129 55
17 76 14
23 140 30
79 87 50
67 105 37
4 18 11
20 124 41
47 65 40
9 60 32
44 64 29
108 133 15
25 101 25
76 126 13
15 118 27
47 86 43
21 54 12
33 81 54
5 130 36
54 116 13
81 147 16
18 72 0
68 140 24
10 49 8
53 86 10
102 149 9
31 102 4
50 79 36
64 80 17
40 89 8
20 48 27
33 37 18
92 113 26
17 119 3
23 35 22
56 106 56
19 102 7
44 86 34
36 137 2
8 110 53
30 57 36
49 131 56
113 141 33
26 57 53
26 86 21
18 46 19
47 137 13
58 69 4
7 67 12
44 98 14
41 44 6
0 119 23
15 24 5
17 103 41
44 127 30
47 74 46
53 60 24
18 31 19
11 57 15
36 140 53
32 52 49
103 121 27
9 65 48
8 26 25
35 68 14
77 112 59
26 144 48
14 46 3
74 136 51
48 60 29
13 69 47
76 114 44
60 115 43
63 122 8
86 133 22
50 59 41
49 89 49
7 14 31
9 62 20
34 43 0
54 93 60
7 47 14
13 98 31
103 123 60
83 92 36
0 88 24
71 120 6
47 94 35
83 143 43
8 131 34
65 107 3
95 95 45
29 102 43
97 101 22
24 93 58
87 146 5
58 102 6
7 18 56
43 119 47
26 70 30
74 132 21
106 137 2
79 146 28
33 74 22
12 85 31
97 114 35
20 144 27
25 79 58
45 85 19
102 142 55
38 84 31
6 79 18
45 110 20
21 43 9
4 88 36
12 57 8
71 113 54
105 130 3
90 149 59
82 103 20
81 103 12
40 52 56
15 132 28
33 110 15
72 79 9
36 145 30
83 104 28
25 96 13
61 114 48
34 36 0
66 95 55
5 12 60
55 127 18
59 131 48
5 111 49
108 115 17
60 85 38
86 102 56
68 119 10
7 108 39
83 122 2
12 70 32
15 129 23
69 70 50
42 142 14
19 34 49
16 66 1
2 63 60
64 110 24
18 132 27
61 75 13
18 34 55
54 120 38
22 116 41
1 20 12
2 4 26
12 77 39
58 68 23
0 11 42
38 62 28
19 90 54
65 95 6
37 120 29
58 70 43
79 108 42
43 117 58
37 136 37
17 100 23
68 95 16
30 100 34
54 126 23
33 107 45
106 142 60
12 122 43
13 70 34
53 138 58
25 53 21
75 148 14
63 96 31
55 73 29
35 43 58
78 122 2
64 75 60
96 106 18
66 141 52
12 117 18
64 134 31
26 111 2
9 137 56
0 58 40
89 147 34
59 103 1
21 110 49
44 58 38
82 139 17
9 52 33
77 109 43
30 101 51
42 112 15
23 40 5
16 92 59
127 134 33
109 117 24
1 85 33
7 10 23
8 137 20
12 142 15
73 142 16
8 96 9
81 146 41
41 128 2
4 36 4
7 52 5
77 103 13
74 134 32
78 130 40
81 110 27
8 134 24
28 139 8
88 124 5
60 65 36
34 148 1
54 54 5
0 44 30
16 134 40
83 141 41
10 42 8
85 118 53
38 112 6
36 126 33
73 132 9
38 41 3
47 133 31
100 147 28
29 43 0
60 133 24
37 63 51
39 59 19
79 143 52
55 96 2
56 100 43
0 70 42
66 143 8
28 36 32
18 114 17
27 59 19
21 118 28
8 142 3
4 5 9
101 138 54
17 93 51
3 65 8
18 104 24
10 86 7
60 60 26
14 108 23
24 58 55
66 115 18
74 146 32
42 62 29
52 89 23
19 133 57
39 92 3
83 144 53
1 94 9
8 81 46
80 89 27
39 81 16
31 32 7
13 144 1
117 123 52
28 48 8
28 93 56
14 29 47
80 118 46
13 89 43
57 102 37
55 105 59
40 82 14
98 114 54
57 136 15
43 138 20
55 141 12
57 94 42
106 117 51
63 83 6
2 86 58
25 43 50
29 105 28
30 70 25
29 98 46
95 142 25
2 2 3
96 105 34
36 147 49
64 84 17
27 79 38
50 113 34
69 84 22
69 134 59
12 113 53
3 75 30
88 138 27
33 61 23
8 87 16
7 13 31
50 92 37
81 94 18
21 41 25
52 129 36
28 140 53
39 53 4
67 125 14
3 95 50
31 75 20
39 144 40
85 99 25
87 137 14
29 59 18
20 123 25
89 149 22
26 42 35
65 134 38
11 20 44
60 97 22
19 41 0
44 128 10
67 113 40
56 144 8
51 56 56
17 58 16
0 146 40
32 60 22
1 72 15
2 59 32
68 138 40
94 128 32
76 124 25
82 119 23
43 79 26
5 141 43
0 23 28
41 58 48
5 70 59
88 92 53
13 137 8
29 94 1
105 135 10
76 81 4
67 132 57
106 127 36
51 106 39
33 92 45
63 134 18
52 130 59
11 139 54
77 125 21
51 87 46
3 136 50
43 104 41
56 147 7
51 128 21
41 64 39
89 138 38
19 38 39
20 116 55
75 104 58
34 93 13
3 60 3
11 81 19
12 103 41
59 100 20
54 74 51
34 63 49
9 61 7
23 106 2
32 130 49
5 10 0
18 48 20
39 62 39
27 128 40
36 50 12
51 149 16
45 113 33
10 138 16
7 128 12
35 83 32
37 38 30
21 90 49
33 149 12
7 19 32
23 134 15
17 71 10
39 91 50
33 75 35
53 112 40
62 97 12
28 51 26
26 121 27
30 31 10
3 61 59
62 119 31
77 78 21
17 95 41
34 58 48
18 64 47
31 108 28
32 56 52
23 139 20
19 121 25
8 49 47
36 44 0
9 46 55
42 94 50
59 76 24
50 77 12
13 101 52
33 44 23
6 52 25
49 125 10
0 93 47
11 129 46
1 99 26
47 123 24
70 85 32
6 92 4
90 115 57
68 84 42
22 53 11
18 134 31
27 71 40
44 57 60
43 88 43
73 137 56
12 96 10
1 2 58
25 132 14
72 90 33
25 41 53
3 10 47
11 66 32
66 79 51
18 68 48
69 135 8
77 126 9
3 49 53
73 106 57
47 126 55
54 89 10
33 38 60
91 120 15
49 63 2
97 115 54
20 117 46
74 100 18
10 77 50
25 138 21
1 122 41
71 111 34
74 74 7
17 33 30
4 127 58
23 105 19
65 86 28
74 141 32
7 100 17
76 79 40
72 143 33
33 57 50
51 72 2
41 100 22
61 94 26
17 59 11
14 88 16
19 28 15
18 94 54
48 64 34
85 142 47
11 35 23
98 112 10
88 122 11
71 144 32
29 112 54
19 108 48
44 149 0
1 97 49
19 95 45
22 50 2
55 126 34
46 112 15
27 47 23
79 89 21
17 143 51
11 125 22
26 67 56
51 124 22
55 65 13
35 60 20
58 112 42
63 84 47
76 128 21
27 134 35
71 130 59
56 121 55
50 139 54
16 77 19
67 133 44
43 100 4
5 21 56
93 104 57
60 120 50
87 87 22
31 33 46
66 103 46
61 124 46
8 115 40
6 108 31
55 122 51
16 87 40
12 138 27
6 41 11
33 120 52
82 104 20
32 149 22
54 99 47
7 45 23
14 61 2
26 129 54
52 113 42
44 145 55
104 121 59
69 88 16
55 71 0
85 138 24
34 47 40
58 130 54
102 148 10
92 124 30
25 131 13
23 99 48
4 12 52
44 49 4
25 75 9
19 140 9
12 23 35
66 112 59
13 104 38
49 132 59
25 130 10
16 36 58
67 134 45
75 108 42
69 131 21
31 91 5
47 66 31
44 73 20
35 147 11
9 121 53
61 112 27
98 127 43
31 137 53
102 133 20
36 127 17
102 144 27
45 94 28
18 47 30
64 126 60
30 123 49
38 129 44
54 130 8
54 91 34
50 62 26
9 76 6
65 92 45
0 3 39
84 112 58
74 116 19
69 104 25
40 124 21
2 35 31
62 136 43
81 117 42
43 143 33
20 91 39
38 97 16
93 144 4
7 87 21
82 98 28
49 54 12
33 52 15
96 149 38
7 57 47
41 92 55
13 82 26
29 122 32
48 101 32
42 46 57
48 53 16
34 62 56
34 128 42
41 80 55
78 81 1
53 119 24
13 39 27
26 114 57
5 35 31
19 52 13
29 78 35
0 80 16
7 109 51
87 118 15
23 34 3
44 101 34
40 111 60
3 79 43
2 115 57
25 94 44
53 94 4
35 92 50
9 57 16
71 108 17
42 135 22
41 98 60
64 93 8
8 10 44
97 116 25
61 132 10
6 55 51
102 119 52
13 57 31
104 117 37
44 99 15
57 103 15
50 109 6
29 60 57
107 116 40
15 40 28
68 104 27
94 142 57
22 80 52
11 122 35
47 117 23
5 77 11
84 123 54
15 126 60
70 94 55
35 81 54
1 67 47
66 99 37
44 69 0
37 129 36
21 28 8
9 73 1
21 149 7
38 53 21
81 128 9
12 60 53
34 92 45
10 71 5
86 88 22
21 121 31
64 103 2
37 45 18
44 45 15
6 89 52
16 26 5
16 63 60
2 123 20
19 25 48
50 145 33
50 86 49
10 31 59
55 100 38
3 39 56
53 142 40
15 97 8
74 133 0
60 80 37
65 88 32
42 90 20
39 96 18
48 104 27
5 5 26
112 122 15
48 128 39
11 31 57
16 61 24
10 38 39
10 25 45
4 28 15
58 136 51
42 56 52
4 78 12
79 129 28
24 60 19
24 39 55
82 99 25
61 109 20
90 96 21
19 96 59
21 80 21
9 87 46
24 33 44
0 145 51
5 43 7
28 132 10
42 86 49
86 146 21
12 22 11
86 99 7
48 89 55
8 28 56
30 76 42
1 54 59
85 106 17
64 117 30
15 113 5
42 100 47
20 52 55
55 108 53
37 90 53
85 96 15
49 51 1
46 75 51
62 129 41
75 142 41
5 16 38
67 120 57
31 100 26
12 46 56
74 130 35
8 17 36
37 142 23
12 24 2
24 66 5
48 106 41
27 34 6
28 69 44
41 70 53
81 121 31
1 35 0
86 97 59
21 140 47
68 76 0
22 54 26
0 37 55
80 110 60
17 75 47
19 148 13
28 91 56
75 102 47
56 128 25
36 70 39
100 105 16
22 68 59
46 68 48
56 127 29
1 41 19
31 127 37
46 53 21
33 40 40
9 106 46
53 80 60
24 54 52
27 63 38
5 91 15
60 79 2
28 35 21
105 125 14
49 61 21
106 132 22
96 134 24
44 78 10
24 81 9
8 56 10
103 131 8
29 56 31
76 91 13
23 114 41
60 71 13
28 76 40
27 145 13
32 139 13
16 46 52
8 107 60
8 148 3
51 52 32
15 90 27
33 60 24
1 76 54
11 89 39
81 91 26
77 148 51
50 57 0
37 92 37
31 142 12
66 116 47
46 108 19
19 116 38
10 127 55
45 91 26
14 18 31
16 27 3
14 67 47
66 94 32
48 112 39
3 45 7
20 120 1
53 67 34
1 47 0
9 34 16
81 129 32
11 131 12
57 148 46
29 30 59
12 69 26
81 105 59
51 127 10
39 148 48
54 69 18
12 19 49
75 146 58
71 107 58
38 42 3
42 144 40
53 124 36
48 86 27
0 120 57
37 104 55
9 75 46
86 144 22
16 28 17
83 105 36
36 48 13
39 129 45
12 135 7
10 32 54
3 32 60
41 42 26
64 125 40
35 40 29
20 128 50
13 122 1
73 133 1
0 64 16
61 125 35
89 139 54
16 124 39
67 80 48
0 128 3
9 114 28
42 84 29
76 133 41
2 7 34
74 90 43
17 136 33
51 116 28
83 94 2
8 138 55
8 85 40
20 72 54
7 115 39
85 91 12
83 135 10
68 71 16
25 85 40
61 108 24
113 121 4
75 81 60
20 81 21
48 127 38
10 12 28
79 95 44
34 105 52
22 58 17
31 82 23
37 73 19
36 69 0
105 127 18
32 91 17
30 56 5
21 93 15
64 69 4
26 106 0
111 144 10
35 139 32
7 76 18
55 142 21
5 9 43
5 15 39
7 111 57
35 136 30
37 146 21
28 100 29
38 39 13
97 97 15
23 75 47
4 35 54
2 18 30
12 48 7
60 123 3
74 98 20
54 147 21
12 34 40
67 96 18
10 144 2
13 127 19
75 80 59
121 137 40
19 23 27
2 135 17
14 116 47
20 113 1
2 130 39
28 133 18
55 132 58
12 25 34
8 124 37
40 117 13
108 139 17
42 50 57
47 104 32
18 59 47
4 65 5
51 65 36
1 60 55
100 122 5
76 92 49
93 142 19
88 100 58
51 88 58
109 119 46
15 51 16
88 126 54
19 114 29
17 82 10
67 139 34
19 73 47
90 133 44
63 102 31
2 76 39
28 106 15
62 116 52
95 96 23
73 149 41
6 114 60
41 142 45
9 66 26
6 38 7
47 138 19
73 121 47
11 77 17
68 88 12
25 63 0
38 136 9
23 91 34
9 90 34
110 148 26
63 79 14
23 68 27
32 39 21
42 93 59
4 143 14
46 140 17
7 137 52
45 107 28
26 109 43
30 32 43
40 119 18
90 109 52
38 46 1
2 38 60
21 25 59
40 83 43
30 60 9
52 109 15
95 103 42
7 55 24
76 129 11
38 60 16
48 96 49
15 149 18
12 39 6
65 143 37
60 121 56
72 140 21
89 119 9
33 137 54
27 42 20
11 100 18
42 104 56
27 50 0
36 53 22
53 145 35
83 118 38
85 133 42
44 118 29
50 87 51
43 72 17
7 77 33
38 76 14
10 133 19
28 55 24
35 75 35
4 39 49
46 56 7
0 143 26
15 106 55
73 131 27
0 127 52
5 124 25
74 129 23
46 59 24
0 66 27
10 27 49
78 117 35
38 132 21
83 131 22
4 114 45
74 76 47
5 38 45
54 137 13
31 145 0
33 53 50
22 45 4
24 68 28
29 130 45
53 98 41
51 75 53
16 59 49
21 135 17
87 91 23
5 99 53
91 140 48
82 115 45
9 93 4
62 90 25
57 108 6
81 148 24
55 74 60
13 43 21
4 42 1
8 29 56
62 142 47
20 80 54
7 41 59
22 49 55
52 54 36
38 77 43
20 148 7
75 118 0
1 123 24
64 109 45
24 52 52
6 18 60
15 56 39
42 83 52
1 149 1
74 77 19
120 143 42
47 132 8
57 60 11
48 57 26
6 107 36
69 132 43
32 148 60
1 84 40
60 149 21
27 40 3
96 97 50
51 86 48
13 83 18
5 66 48
29 52 40
18 89 31
39 125 46
29 146 15
22 118 7
91 131 60
41 87 12
84 137 7
48 143 13
10 80 49
84 128 1
42 96 45
54 113 33
15 21 29
0 30 3
89 108 22
18 60 51
57 88 59
60 137 43
68 110 7
51 142 16
29 33 5
57 129 12
1 115 43
86 108 49
2 110 45
5 106 26
47 95 20
21 138 33
55 59 59
15 84 36
37 114 28
34 50 0
8 86 49
1 134 3
6 75 50
9 95 4
45 50 57
13 18 50
59 112 47
36 135 27
32 40 30
8 65 36
21 125 24
43 48 31
64 148 11
61 105 32
25 89 25
53 73 28
17 45 45
29 96 18
65 89 34
3 124 32
95 109 7
58 134 12
13 111 27
66 70 11
1 92 16
65 85 12
1 33 59
56 99 24
18 98 30
2 87 59
6 34 7
8 23 4
10 118 23
33 89 0
52 72 7
15 131 12
66 130 42
0 26 50
56 113 4
9 28 28
2 10 42
23 71 9
17 34 25
62 117 43
40 99 58
71 71 46
73 143 42
45 80 18
87 131 3
41 81 44
3 33 40
29 34 25
99 137 39
32 136 11
14 126 0
10 102 6
64 131 35
15 29 46
27 137 46
24 106 9
120 128 33
15 35 34
49 145 2
25 104 16
53 84 8
67 93 11
21 55 60
13 92 22
65 118 27
16 126 31
111 111 59
32 125 24
6 91 44
49 98 24
71 90 15
57 141 44
60 105 7
86 134 10
70 87 45
3 66 59
45 106 29
82 149 45
42 85 16
56 134 21
20 62 53
93 140 16
72 134 24
15 43 4
45 137 30
64 95 18
122 130 34
18 136 36
52 95 32
30 143 23
21 30 49
20 98 33
17 38 18
92 121 54
32 109 42
87 115 27
5 95 42
40 116 39
42 122 60
95 121 7
0 63 52
19 141 28
9 48 43
6 26 37
47 70 41
3 73 55
6 72 48
31 106 39
7 141 29
45 92 56
10 134 36
1 89 7
92 95 48
42 133 38
15 53 8
8 132 40
15 81 16
84 138 55
22 70 19
41 78 10
85 139 58
35 49 53
33 58 39
8 12 54
13 22 16
25 66 11
72 115 51
10 122 5
6 139 35
52 88 26
11 40 42
5 67 43
9 110 54
61 68 1
57 89 2
52 133 59
31 130 15
19 91 17
16 33 45
10 56 31
61 145 20
39 98 50
9 108 43
83 132 42
34 145 8
24 135 28
26 142 13
64 72 26
75 134 37
84 145 23
45 81 37
44 72 7
76 130 58
9 81 48
26 31 40
67 75 24
76 93 55
0 74 7
4 96 16
91 100 15
72 121 42
28 128 45
90 99 54
36 96 11
26 132 8
38 80 27
61 137 2
81 98 4
54 107 31
68 107 56
99 142 51
85 93 58
46 88 27
11 23 54
12 141 16
60 142 35
46 57 1
19 50 1
43 78 28
49 94 28
82 86 48
64 74 39
33 99 45
66 138 14
60 143 13
24 27 14
12 54 20
1 69 8
105 112 41
37 59 23
52 87 7
20 84 19
4 49 13
54 122 51
70 111 18
5 78 54
60 76 37
90 142 50
18 140 6
5 76 47
9 84 12
69 141 13
6 129 26
78 145 20
48 142 40
75 125 20
21 123 2
56 62 25
54 65 20
50 147 49
37 97 55
22 25 54
69 83 33
66 100 10
51 141 51
40 125 7
56 109 36
23 73 60
13 77 2
14 48 21
29 132 16
6 42 2
54 123 43
51 136 37
56 98 0
6 85 9
49 149 60
20 106 52
63 131 4
65 77 4
9 103 18
34 125 52
28 47 45
85 141 52
113 140 37
6 70 50
23 129 49
114 134 34
44 48 59
18 36 22
8 42 34
56 64 17
60 147 27
45 82 40
0 124 8
28 30 10
30 87 37
40 123 31
2 103 20
17 67 60
34 88 22
28 41 17
66 97 41
111 112 18
2 19 51
18 133 43
31 120 51
39 106 30
16 82 44
15 121 17
71 81 39
78 91 3
58 80 33
44 68 40
14 103 34
51 55 32
33 124 28
15 99 40
4 85 59
53 133 10
41 48 34
21 72 19
11 149 21
21 37 8
12 38 60
25 146 36
4 68 19
93 113 45
32 106 37
61 86 12
40 57 22
13 103 12
88 89 15
10 60 52
9 98 34
48 85 46
4 140 25
49 80 1
85 116 37
30 93 7
60 99 38
70 86 58
18 19 7
23 142 49
37 86 8
51 85 12
11 43 27
49 107 32
46 69 15
44 143 0
8 70 0
17 128 37
6 119 27
1 120 15
34 134 55
29 110 24
51 138 15
35 96 35
27 99 39
75 135 17
71 125 26
64 118 0
25 90 35
9 127 13
103 128 44
38 121 9
2 83 20
57 64 38
20 96 37
35 101 11
23 95 18
20 49 45
29 117 28
78 129 25
88 104 40
56 148 46
18 141 37
6 44 34
68 135 21
64 105 9
50 110 11
54 104 31
1 55 18
20 109 27
29 51 18
15 59 37
4 37 8
22 138 40
34 59 50
14 52 23
55 124 57
12 106 30
34 129 40
52 131 3
51 112 49
20 25 27
38 148 54
12 72 3
78 111 13
63 97 57
58 145 52
38 83 18
16 106 28
61 89 32
3 122 20
80 104 46
56 68 6
70 144 50
47 114 36
14 82 10
71 145 15
68 102 28
16 31 3
65 149 52
23 44 13
111 120 32
7 83 40
39 141 34
1 82 23
15 104 60
4 53 13
46 110 22
97 103 57
40 73 55
32 38 3
29 113 52
6 111 31
47 141 15
10 13 10
71 118 21
46 70 40
28 54 10
14 95 40
101 119 33
30 90 60
30 84 8
20 31 19
2 29 38
55 98 52
11 80 46
35 134 0
46 135 55
6 113 10
6 125 50
66 140 1
30 80 18
37 67 30
47 110 46
3 108 4
85 117 37
8 60 51
10 109 45
26 32 23
29 81 36
4 148 52
45 86 44
29 58 30
65 147 7
52 137 1
10 126 56
8 16 60
18 67 30
1 140 41
64 133 17
84 90 39
0 55 21
18 76 53
76 97 50
8 120 15
44 83 24
25 35 20
30 113 36
10 35 34
41 133 32
52 93 0
21 92 46
2 146 47
12 115 51
69 91 59
35 116 35
0 96 13
45 119 16
3 138 22
3 120 24
22 103 5
43 65 7
33 104 33
75 95 40
26 58 42
8 44 15
41 139 57
28 127 0
2 132 23
75 110 36
47 102 27
31 126 31
31 53 59
7 34 24
28 77 23
19 75 19
13 128 1
4 23 11
7 131 24
13 37 32
35 48 43
7 24 27
21 73 21
27 87 4
73 140 37
55 92 10
57 87 40
62 148 38
6 136 53
4 86 45
49 67 42
26 94 29
49 70 2
37 148 3
30 110 44
30 140 57
10 149 0
24 137 54
62 146 52
6 88 36
36 61 21
21 26 29
11 146 12
2 24 32
101 125 28
14 81 20
44 117 14
37 60 33
47 91 19
18 57 59
1 65 47
22 74 45
81 83 39
66 78 8
12 74 6
96 108 2
3 72 9
14 117 45
64 78 2
69 145 18
36 104 24
34 73 9
9 100 48
33 135 57
34 37 38
4 146 11
13 147 33
14 128 27
24 121 23
18 26 35
50 103 49
85 135 58
25 84 41
40 112 14
19 76 17
99 116 12
52 141 58
38 116 43
22 136 26
5 133 49
5 14 54
53 56 2
4 72 22
88 131 20
97 98 30
66 131 40
21 145 3
39 145 15
80 142 0
67 124 9
6 96 46
28 72 10
11 86 54
17 113 57
77 140 47
47 105 22
14 94 37
54 57 5
3 100 18
55 139 49
52 53 57
0 104 22
107 118 59
42 98 48
33 45 53
3 91 0
69 149 4
59 110 36
72 100 47
89 133 1
15 68 1
24 41 17
10 125 41
3 37 37
84 125 55
32 69 42
17 102 16
37 42 7
76 118 15
9 22 5
57 128 59
56 61 37
1 29 4
10 92 35
24 84 24
9 69 42
5 116 48
34 68 25
61 110 59
36 55 8
51 113 27
30 63 5
34 149 7
36 112 5
18 84 53
65 135 34
36 45 56
98 118 18
63 120 45
25 62 41
65 148 27
17 127 33
64 71 44
32 100 5
62 137 16
68 82 56
5 98 21
35 144 2
41 114 24
74 137 42
53 116 40
15 69 50
55 120 26
27 58 35
7 132 39
84 108 23
20 93 48
16 119 33
32 86 38
34 38 12
38 49 47
7 123 42
78 105 12
48 147 30
59 109 48
40 104 57
7 95 13
24 116 6
22 126 45
100 121 35
109 138 22
57 104 48
0 16 5
54 114 14
47 84 19
5 59 16
41 63 58
25 50 13
15 127 11
20 41 28
53 66 49
35 79 52
25 133 39
38 133 47
15 75 0
82 133 14
28 129 24
70 99 13
76 112 27
17 106 47
49 76 15
49 90 37
30 85 50
42 71 47
65 68 46
58 126 24
14 32 45
25 69 53
5 48 28
33 122 56
26 143 20
6 16 19
13 99 49
17 57 12
29 55 2
66 72 13
31 95 30
44 147 44
37 128 53
76 120 34
1 109 7
38 135 39
69 112 29
25 39 26
7 38 59
53 62 26
29 61 46
17 124 29
29 92 27
31 140 51
16 22 36
118 118 59
78 127 50
71 87 44
21 117 38
90 117 47
82 96 36
2 11 24
7 122 1
25 55 49
31 96 37
23 77 40
6 77 23
64 120 31
44 120 41
3 53 43
76 87 2
53 100 55
1 131 27
8 147 27
59 144 4
3 26 7
51 77 20
41 75 40
22 122 40
36 123 36
68 90 53
34 97 15
75 144 32
22 60 20
59 115 2
64 107 2
30 135 46
33 55 8
10 83 13
8 22 31
82 116 20
6 126 2
13 19 49
5 30 12
30 40 49
31 61 38
32 82 3
15 102 29
40 131 48
66 67 15
10 85 39
7 8 59
42 131 60
4 98 10
6 60 59
26 59 19
43 141 35
17 140 51
33 63 31
11 70 42
91 134 43
22 129 34
36 37 53
14 24 45
71 75 58
22 41 1
40 72 9
22 48 36
43 105 56
54 61 31
58 105 56
50 111 33
18 80 15
90 128 17
7 16 26
6 22 38
28 147 58
0 125 47
35 141 0
53 91 58
66 81 35
17 30 42
29 62 57
12 36 7
21 46 18
30 36 8
41 91 37
10 96 34
15 64 14
41 121 23
48 99 51
99 102 39
18 35 58
62 89 9
48 146 57
64 112 43
40 63 11
55 84 38
7 15 53
46 92 5
77 91 36
44 56 35
10 112 14
58 135 35
46 131 52
53 85 14
59 133 12
70 122 32
17 28 6
35 46 55
3 81 12
10 63 50
39 108 9
34 136 32
47 101 40
7 102 59
16 55 59
38 63 26
0 33 52
85 89 40
20 92 12
60 138 8
30 74 50
26 60 37
32 83 4
77 80 35
27 72 2
22 97 3
44 138 30
33 146 24
30 48 16
37 93 42
58 65 46
28 86 4
71 100 41
30 130 22
12 63 27
72 147 12
58 113 24
68 141 48
43 131 29
34 87 58
16 38 22
63 70 34
78 95 54
4 93 34
6 51 13
2 42 28
19 53 46
44 81 49
32 112 47
20 87 41
28 92 1
6 135 7
96 112 29
79 141 0
2 67 40
41 95 55
43 54 7
6 104 2
34 64 39
22 76 45
50 71 15
67 82 34
28 112 50
12 33 28
9 102 13
45 108 35
41 86 60
38 72 10
11 111 34
22 92 58
2 65 55
37 87 45
7 88 55
2 15 36
98 126 55
67 83 36
1 144 28
84 149 10
42 137 17
6 120 19
28 136 38
65 97 17
34 48 24
9 33 40
52 82 8
8 46 45
42 147 23
31 45 31
72 91 49
91 93 55
37 57 12
26 81 11
19 115 30
41 41 26
3 132 35
25 108 30
45 53 4
73 100 26
22 111 35
40 97 42
78 148 34
18 61 0
0 10 4
49 52 13
21 40 29
62 121 6
103 119 1
19 118 9
71 103 28
79 85 55
21 49 43
70 136 31
72 104 15
2 117 15
26 90 28
1 13 12
46 105 39
82 132 26
45 140 31
25 25 18
3 143 19
74 106 40
10 82 59
38 59 2
2 91 36
103 148 20
69 117 52
25 141 55
18 40 47
51 134 54
34 80 20
102 111 40
33 132 9
11 28 18
20 126 8
21 51 59
6 12 29
27 101 16
9 112 24
44 82 41
9 130 25
22 100 35
16 39 6
33 125 57
67 112 11
10 16 42
54 60 20
102 102 26
4 118 56
25 61 60
63 63 41
55 63 29
43 112 11
87 126 7
27 84 44
28 34 51
4 26 15
86 94 15
70 97 57
20 50 31
11 61 42
62 67 20
17 70 52
65 108 5
88 136 54
0 147 4
89 131 10
49 146 58
22 110 7
72 116 45
9 30 0
13 34 5
49 84 44
17 40 48
17 18 48
42 106 11
13 51 56
2 74 13
36 56 25
3 94 56
46 104 4
43 133 49
28 82 22
1 145 59
25 72 4
76 143 55
111 119 36
21 113 38
16 83 43
23 90 50
14 17 5
30 33 24
51 73 44
38 119 20
6 43 5
31 103 26
10 139 38
7 70 55
0 40 48
72 105 36
60 106 3
61 143 3
42 95 52
1 5 57
27 54 33
4 19 39
34 122 38
28 33 2
4 14 37
81 113 13
35 52 59
18 25 13
51 148 3
10 146 8
13 123 42
17 74 32
17 118 60
2 13 10
15 98 30
13 24 16
5 33 59
0 136 10
83 115 0
18 44 55
27 108 10
48 56 8
57 62 58
39 61 51
48 94 38
15 116 19
15 117 5
109 122 4
19 129 3
65 72 8
10 11 26
69 98 16
3 52 24
2 54 58
34 86 40
26 116 39
5 37 52
4 4 0
63 92 33
63 72 47
5 113 58
31 85 22
4 79 26
16 17 24
43 148 13
62 140 14
39 82 56
104 141 34
4 138 19
51 115 3
8 114 38
58 139 18
57 70 18
47 128 36
19 138 35
15 103 40
5 71 17
7 103 25
40 46 50
17 87 43
30 67 30
13 117 35
10 121 40
14 76 30
57 126 29
6 141 29
0 8 2
90 110 43
10 23 4
44 109 48
63 109 21
48 70 23
50 60 51
29 129 48
2 94 18
28 53 7
5 114 11
35 63 35
47 100 50
0 92 4
43 91 58
33 87 7
30 144 58
19 86 35
15 57 56
38 91 4
5 8 19
32 34 59
75 87 31
42 64 54
5 135 1
100 137 10
36 110 40
61 123 31
1 118 16
49 147 60
53 87 11
43 49 53
36 125 24
40 129 24
17 49 43
56 72 21
30 128 44
82 131 26
104 106 39
27 73 56
28 119 33
2 27 21
16 43 30
67 91 38
1 75 31
22 47 56
28 131 28
57 149 41
26 118 10
52 138 24
64 96 5
1 22 12
48 88 19
11 141 36
50 68 29
21 39 25
65 111 12
19 143 19
70 109 47
35 45 60
76 107 31
65 84 51
19 134 21
3 29 20
1 124 22
18 53 44
32 146 35
11 142 59
7 145 40
73 126 7
32 59 15
32 134 59
16 99 60
6 97 39
25 118 36
48 93 47
10 108 33
2 109 14
40 66 34
9 17 52
13 29 21
16 18 12
7 81 7
23 86 27
35 95 56
23 128 7
79 121 50
82 143 4
43 69 26
37 134 21
3 87 40
44 100 21
6 64 9
30 46 54
17 135 12
73 81 8
3 20 7
1 128 8
64 143 7
12 104 10
94 101 38
19 120 51
46 93 37
16 117 28
3 9 16
29 37 14
17 25 40
24 120 44
61 144 1
23 36 11
28 87 35
37 138 3
93 93 54
93 106 32
75 109 53
2 70 57
27 113 18
5 22 19
13 52 1
67 141 38
32 143 14
29 29 44
37 115 25
39 99 28
2 142 38
31 111 52
16 75 25
5 61 10
40 146 28
26 87 60
57 115 22
43 45 26
4 145 53
10 74 42
73 75 4
32 64 11
82 83 8
31 59 43
91 143 39
54 108 25
20 83 0
70 145 27
61 64 8
3 149 7
8 9 50
39 130 8
33 106 0
20 127 11
59 123 27
20 133 18
38 96 5
43 85 59
10 20 4
44 134 55
39 42 26
27 111 47
58 90 54
11 67 24
14 145 21
13 25 42
10 58 14
71 105 40
26 102 28
23 38 36
10 55 60
34 144 24
32 126 36
7 121 38
4 20 27
43 95 4
23 135 54
3 142 11
32 79 33
18 23 24
22 95 56
83 123 9
23 88 30
67 117 6
9 147 18
29 136 21
0 139 19
22 117 39
32 113 34
23 37 42
97 117 47
46 119 14
103 142 40
19 51 60
15 85 31
53 120 60
80 125 43
19 48 41
25 34 22
11 143 16
73 79 52
58 124 37
34 116 18
11 62 18
23 57 2
51 54 15
6 69 58
52 55 19
101 109 19
45 65 12
41 103 21
9 35 14
12 93 14
5 93 13
14 112 13
1 10 48
34 69 20
32 101 45
30 68 30
28 64 8
108 140 35
7 43 19
48 137 50
81 138 1
25 74 12
26 49 24
57 122 30
4 135 53
35 113 12
7 146 25
30 37 12
56 114 1
12 59 3
23 61 4
23 28 25
8 55 16
37 62 23
63 127 59
3 137 54
41 82 49
73 120 59
7 28 8
14 101 33
70 73 2
0 101 44
9 119 46
81 136 15
79 93 1
18 105 7
0 134 49
27 121 56
28 63 4
68 130 9
1 59 43
54 100 3
51 91 11
23 69 16
2 69 31
18 74 0
24 79 9
6 76 56
51 66 14
43 127 12
25 124 19
16 68 7
53 137 25
7 51 39
21 114 8
33 69 40
63 121 60
15 77 60
26 65 59
13 116 14
18 100 5
18 99 55
50 140 30
19 67 15
21 44 47
1 11 39
47 56 51
66 129 53
31 90 0
43 135 44
18 30 1
21 116 57
13 71 39
11 137 5
51 83 6
90 136 25
0 91 40
71 93 18
79 127 42
72 132 14
13 135 9
1 24 40
37 39 0
18 110 16
64 132 55
49 64 49
32 99 30
7 82 6
52 123 1
102 109 43
55 128 47
39 113 50
9 68 8
29 72 4
14 58 43
1 74 0
23 74 41
58 81 24
9 40 36
25 42 7
43 118 35
25 91 14
0 87 44
7 53 58
9 54 32
83 91 33
9 85 44
7 80 29
29 148 18
20 65 33
35 148 17
23 137 26
19 78 28
15 133 21
4 31 59
35 146 50
44 111 48
73 77 24
95 141 60
10 141 32
58 118 60
78 146 49
8 98 11
14 77 22
13 78 29
46 113 43
14 102 56
3 119 33
13 68 46
14 146 16
25 68 32
4 76 3
60 67 51
31 69 21
69 90 49
70 125 6
6 147 49
41 51 7
32 63 34
4 99 26
71 132 27
21 87 39
89 100 50
20 37 24
97 125 9
65 132 32
5 74 35
1 146 20
21 64 35
58 58 0
97 147 6
27 78 34
15 93 38
54 101 9
6 87 60
28 99 55
42 107 8
4 75 2
14 133 48
24 49 40
33 114 19
54 94 51
4 108 57
11 128 21
43 44 17
21 86 25
39 146 17
41 109 44
13 146 39
0 12 0
1 138 22
11 115 33
17 96 34
24 87 25
13 81 43
25 82 23
4 22 0
48 125 36
87 132 4
17 89 18
101 143 23
1 125 42
36 82 10
30 30 51
29 80 3
45 48 25
21 119 17
57 77 60
63 98 13
48 98 25
32 129 17
10 33 24
41 55 40
21 95 2
30 99 13
71 148 10
73 91 46
26 138 37
48 90 12
71 128 22
0 149 35
14 40 25
18 71 22
39 86 2
3 40 59
54 118 11
40 113 3
11 132 22
72 131 14
11 33 3
3 47 53
6 123 32
70 100 42
44 119 25
29 87 14
4 62 50
23 100 24
42 120 0
65 105 46
25 95 59
15 34 18
0 122 55
45 115 29
115 139 39
26 146 39
30 147 35
52 120 52
13 133 32
60 119 27
20 137 44
17 35 32
42 67 54
46 48 31
8 90 52
37 99 3
18 130 40
27 33 27
15 32 5
51 147 17
34 41 44
29 145 16
25 71 27
21 58 60
10 106 12
0 76 7
12 82 2
14 120 2
107 113 13
70 114 46
9 105 36
19 110 13
29 100 10
2 79 27
9 124 34
6 20 21
44 129 19
75 147 3
43 113 49
43 60 60
78 144 21
15 72 5
38 143 21
26 123 56
63 135 22
36 54 37
18 93 19
66 123 19
64 88 1
30 107 28
6 49 28
8 75 38
28 144 9
3 42 40
18 118 26
31 110 11
53 53 33
17 41 27
37 41 38
21 109 58
21 61 37
20 86 32
41 45 20
57 86 16
25 102 13
64 73 50
27 131 16
28 46 12
78 82 57
39 52 53
57 65 22
45 102 13
19 60 13
30 92 10
71 77 7
25 119 4
69 115 34
62 130 5
32 97 12
9 26 49
22 115 40
8 113 38
17 121 35
5 115 24
12 118 33
2 97 30
24 48 37
10 98 16
80 81 31
28 75 7
46 60 12
9 42 52
49 122 32
32 102 35
23 141 5
5 65 24
33 103 17
31 123 22
19 54 26
28 115 57
6 140 37
22 109 4
43 146 43
55 107 21
27 38 57
15 89 57
70 82 18
32 71 31
71 133 28
37 88 19
0 39 37
20 67 51
44 75 4
39 109 52
0 130 16
70 98 55
24 103 19
2 6 29
35 142 16
15 54 27
52 121 38
49 110 1
51 121 47
16 129 18
56 89 9
10 107 11
46 115 22
20 105 36
55 119 20
54 142 13
16 71 54
56 86 4
4 63 16
29 71 55
43 52 48
8 68 49
52 61 60
4 84 40
41 67 26
4 110 38
8 43 11
8 20 45
42 70 5
10 132 31
5 58 60
12 37 22
53 106 32
57 90 48
15 41 22
43 86 10
21 134 41
16 45 25
20 108 24
17 99 56
54 96 41
0 6 60
27 81 4
77 88 43
27 138 18
15 46 17
1 49 2
26 98 48
9 104 30
57 80 3
33 65 5
35 91 15
28 109 4
51 102 3
81 100 34
41 49 4
60 75 2
12 116 56
25 81 7
11 75 9
50 64 42
0 49 15
17 31 52
25 103 2
7 107 12
6 109 11
8 121 7
24 36 55
17 55 38
82 112 3
23 89 49
63 85 55
32 46 22
22 107 28
67 123 40
45 59 25
41 101 24
26 34 44
19 92 4
38 118 6
58 78 47
19 68 47
19 84 32
46 89 11
32 57 47
45 129 12
26 100 18
22 38 55
21 66 8
15 39 24
35 90 36
27 48 9
3 70 27
48 92 19
28 58 42
42 134 14
58 132 11
25 46 42
14 124 33
29 67 54
2 40 48
1 101 57
82 122 58
45 117 5
19 83 12
59 91 26
11 114 46
2 22 46
26 61 2
5 17 3
0 113 28
