50 1175
160
159
103
132
194
182
111
192
190
125
196
136
184
181
153
109
132
163
169
132
113
176
135
155
199
120
177
137
189
199
189
145
149
192
137
177
130
114
168
178
120
145
108
138
154
192
163
133
120
182
0 1 39
0 2 12
0 3 44
3 4 16
4 5 37
3 6 58
0 7 59
7 8 40
4 9 11
0 10 16
9 11 58
0 12 43
1 13 7
4 14 56
7 15 14
8 16 7
3 17 22
16 18 51
1 19 13
1 20 35
0 21 0
1 22 25
18 23 29
0 24 30
4 25 40
25 26 42
10 27 8
8 28 7
28 29 58
27 30 12
18 31 54
17 32 32
9 33 18
22 34 48
1 35 11
15 36 42
13 37 56
16 38 58
19 39 4
13 40 36
11 41 49
12 42 26
40 43 54
8 44 48
27 45 7
30 46 50
5 47 2
38 48 18
32 49 31
26 40 11
8 32 45
7 32 55
43 49 38
18 28 52
0 23 47
23 23 58
11 47 54
7 44 51
38 44 22
11 37 51
18 39 17
41 46 36
44 48 2
24 46 25
27 47 29
27 46 53
32 33 38
11 32 1
5 35 46
14 29 0
14 20 12
27 36 30
33 37 46
32 47 16
40 46 52
16 41 0
25 27 43
37 44 37
11 36 57
39 48 14
16 44 45
10 44 40
34 35 37
41 49 20
44 45 53
6 23 46
28 42 4
28 31 49
32 37 9
24 24 55
9 15 27
4 30 29
38 39 4
9 10 21
37 46 55
41 45 27
5 14 8
15 35 44
37 39 43
34 40 16
24 40 13
31 35 12
6 25 12
4 42 35
15 37 24
42 47 29
14 41 11
48 49 57
23 44 33
31 45 60
13 25 57
25 40 49
11 29 19
37 40 2
5 33 28
33 34 2
12 41 18
46 48 28
35 44 30
15 25 33
25 36 50
11 35 30
24 31 2
11 34 27
2 20 24
10 29 33
31 40 49
28 49 49
17 49 20
43 44 12
7 43 56
21 44 30
25 45 1
23 36 33
0 6 59
12 46 57
21 40 36
23 42 44
17 48 53
43 48 4
3 34 46
9 41 42
17 40 22
38 45 45
18 36 18
9 14 31
1 10 51
21 22 41
0 19 44
38 46 58
13 42 17
19 49 43
47 49 35
9 9 8
22 24 40
15 21 32
46 49 49
22 26 55
37 41 32
2 23 2
1 28 38
41 48 16
9 36 5
9 13 47
9 24 12
26 45 41
15 42 19
5 39 16
36 48 9
28 36 46
47 48 16
42 45 12
34 49 27
43 47 28
31 48 56
9 12 37
28 34 7
13 34 39
16 31 1
39 44 16
33 44 11
27 40 4
6 37 6
4 32 3
37 43 39
24 47 8
27 34 19
4 19 48
7 47 44
13 15 30
9 22 58
20 23 27
16 25 59
32 46 21
32 34 10
18 37 32
0 28 0
35 35 46
5 13 22
9 26 31
7 7 7
26 36 45
28 33 27
5 12 11
40 48 5
30 39 35
39 41 10
24 32 34
13 30 6
14 46 0
3 25 37
30 32 40
40 40 42
29 36 12
30 31 23
0 11 55
33 38 24
14 47 49
15 38 13
33 41 45
27 29 23
23 47 23
36 47 24
16 23 10
34 42 37
9 30 13
20 39 56
9 34 2
28 38 50
39 42 39
14 45 12
3 32 1
29 32 46
19 21 32
19 25 48
2 28 24
1 49 11
14 49 23
21 39 36
20 38 1
21 48 36
5 7 20
44 44 49
19 34 54
26 46 22
31 47 34
4 40 43
11 12 21
0 22 11
6 29 46
29 47 8
35 41 44
35 49 15
23 43 29
9 45 1
42 46 34
24 25 17
5 16 23
8 41 41
35 38 54
0 15 16
27 44 58
20 36 49
10 24 44
45 45 25
34 48 19
40 41 18
46 46 1
7 13 18
5 38 27
38 42 49
31 41 60
37 37 38
12 45 19
31 39 19
29 33 55
35 39 6
30 38 41
14 38 32
21 42 45
7 38 44
5 30 26
33 35 20
30 34 58
17 38 12
47 47 38
44 47 57
12 44 29
45 49 11
18 27 2
14 35 32
4 15 8
39 39 58
28 45 8
41 42 14
7 26 46
31 42 8
20 30 14
28 44 11
14 40 5
34 45 25
44 49 19
8 20 0
27 38 43
42 42 28
7 21 37
42 44 39
11 27 40
20 47 15
24 48 14
21 28 2
24 36 50
3 29 50
18 47 26
14 25 49
14 43 18
0 26 9
33 46 45
21 30 30
26 30 31
2 32 26
27 42 16
23 40 57
31 46 6
25 31 54
39 49 29
15 18 29
8 15 14
37 38 53
36 36 16
5 44 40
20 35 38
30 41 47
5 23 37
1 44 18
7 29 39
19 43 49
30 33 30
29 48 50
12 12 41
14 18 17
22 33 5
9 39 54
43 46 59
8 37 57
13 46 39
28 35 15
27 43 2
7 9 21
3 26 14
12 36 2
9 38 42
34 47 59
4 7 37
4 22 39
45 46 2
46 47 26
21 35 40
17 24 0
8 43 18
0 39 12
48 48 51
3 31 58
28 47 15
36 45 52
9 48 54
4 12 22
26 48 27
1 17 0
29 29 22
26 34 41
10 43 39
4 18 45
35 46 7
30 30 8
25 25 21
33 42 36
19 45 31
43 43 59
16 42 11
13 18 41
35 42 29
42 49 47
6 16 54
20 21 26
8 34 37
28 32 52
19 44 6
21 33 19
10 21 56
35 45 60
8 23 57
4 33 59
41 41 3
33 49 35
40 47 43
2 34 4
12 35 14
22 47 43
2 36 22
7 24 53
15 45 48
35 43 43
27 32 24
21 32 54
27 49 46
9 21 10
26 35 35
5 49 7
16 36 48
15 26 19
34 43 30
40 49 19
19 29 51
44 46 60
0 29 0
6 6 56
22 42 46
32 35 40
5 28 17
23 33 57
25 49 43
14 36 59
12 29 2
1 32 30
2 26 55
23 38 59
29 42 32
18 44 9
19 23 37
24 34 31
14 17 42
7 37 9
14 31 30
37 47 22
3 9 59
6 17 11
12 27 34
38 41 49
20 45 43
0 41 37
22 32 16
2 38 48
22 37 42
11 38 25
15 47 51
2 9 25
2 19 27
10 41 34
5 32 1
13 14 52
12 21 23
4 46 43
15 28 14
13 20 46
31 49 9
7 42 11
9 31 49
24 29 33
25 33 37
33 45 50
17 42 36
0 30 28
0 45 30
36 39 33
12 43 0
2 6 59
10 15 25
0 9 54
40 44 19
7 36 56
22 46 17
13 38 23
39 46 24
13 48 18
17 23 55
6 38 8
25 43 34
43 45 0
36 46 8
13 41 16
38 49 57
39 43 36
32 43 10
3 11 29
6 35 22
20 20 30
16 24 60
36 41 30
38 38 12
1 40 44
16 33 17
11 33 17
24 28 21
22 30 3
10 16 19
29 31 3
12 19 24
32 44 7
29 38 39
19 38 19
20 25 8
9 37 44
34 46 35
23 48 36
5 37 10
12 47 59
17 47 28
8 22 44
4 11 23
8 33 46
36 38 15
15 24 30
15 49 50
3 44 39
29 40 36
26 43 60
29 44 3
34 41 47
2 33 13
1 24 56
8 39 51
32 39 11
21 21 18
6 24 6
14 24 39
19 24 31
6 42 22
11 21 22
15 27 5
8 13 1
45 47 37
34 44 6
27 31 52
26 38 37
22 38 51
23 29 56
32 41 5
11 17 3
3 19 58
19 30 47
38 43 26
7 46 33
0 5 11
0 8 1
10 20 59
0 34 40
7 35 50
37 49 57
5 25 51
1 36 60
36 44 5
34 37 28
29 43 34
31 43 28
15 33 11
22 48 27
14 48 51
4 34 27
6 40 42
30 45 60
19 22 37
1 37 27
3 37 32
18 38 28
16 28 24
19 28 11
11 43 30
16 19 16
5 5 32
10 18 26
35 37 10
19 32 36
8 45 22
29 35 35
29 41 42
6 48 31
5 24 60
26 42 50
5 48 57
26 47 13
11 44 2
3 33 30
30 35 19
4 29 55
25 38 30
18 32 60
23 45 52
35 40 16
4 26 54
21 49 32
10 28 29
3 43 18
9 47 41
7 40 34
1 3 51
3 12 40
6 19 30
32 36 33
6 8 18
8 40 8
21 36 34
17 30 56
24 39 38
4 13 30
12 33 16
15 34 53
36 43 39
15 15 19
26 39 9
7 20 46
9 43 7
11 48 32
6 20 16
14 44 1
11 30 58
3 16 13
17 22 45
11 19 40
25 37 9
31 32 52
1 33 1
13 13 53
20 32 3
1 23 2
33 36 35
8 10 4
27 35 35
6 34 60
9 25 27
26 49 32
3 5 0
6 15 29
16 30 6
12 22 16
25 29 57
36 42 0
8 29 23
30 43 32
7 45 50
18 49 50
2 27 48
13 19 21
8 17 57
34 38 48
28 39 31
17 33 18
17 18 37
18 25 28
20 43 17
36 40 41
31 37 7
20 27 32
8 9 48
17 37 54
10 23 20
29 34 3
12 31 7
24 38 35
42 48 18
42 43 27
30 40 21
18 18 0
0 35 49
21 38 50
23 31 55
14 19 27
15 31 33
7 27 11
24 45 27
19 20 38
1 30 45
15 23 2
1 18 56
23 35 1
40 45 15
40 42 9
39 47 2
14 21 60
0 42 14
10 12 20
19 37 43
13 49 44
10 36 39
29 46 17
9 20 52
3 48 18
12 39 3
4 4 50
20 24 21
4 37 60
8 18 31
22 49 13
10 49 46
3 13 4
12 18 58
9 28 42
15 46 13
18 21 3
34 39 48
15 30 26
31 38 48
14 27 52
0 16 45
17 31 3
13 47 20
16 47 47
32 48 8
14 30 25
28 28 22
33 39 43
4 36 2
11 39 17
22 27 23
12 16 3
26 37 15
11 24 12
6 47 23
5 10 36
23 27 45
27 27 15
3 28 25
21 46 51
20 33 32
11 42 11
13 32 37
12 17 28
29 45 2
27 33 36
10 34 4
26 44 48
19 46 27
14 23 2
37 42 32
19 40 47
12 38 20
15 19 24
5 20 16
31 34 55
5 36 17
6 49 40
19 48 21
14 32 19
13 23 31
33 47 1
24 35 52
15 40 10
6 43 28
9 46 44
17 46 38
18 42 28
1 15 12
21 45 35
6 33 9
28 48 30
6 9 17
16 48 14
12 30 35
26 32 43
35 48 25
25 34 36
4 35 19
5 8 2
20 22 28
37 48 44
0 20 51
16 37 18
16 40 55
14 42 42
24 42 50
3 21 13
35 36 1
36 49 14
39 40 55
33 40 0
10 33 49
17 34 37
22 39 36
6 18 46
14 37 32
30 49 31
7 18 60
7 12 35
17 27 57
33 48 19
4 38 53
25 46 33
29 49 10
24 37 33
8 25 11
25 42 57
21 23 1
14 22 44
6 22 43
5 29 24
23 34 41
18 22 59
25 30 40
17 21 0
16 35 15
20 34 25
5 22 17
32 45 5
23 26 43
11 49 44
45 48 9
27 28 9
2 5 42
4 44 30
29 39 12
24 43 10
10 30 32
10 13 60
2 25 30
35 47 24
4 31 37
9 16 41
12 34 28
10 14 0
15 43 47
18 24 49
21 43 48
3 14 40
22 40 35
14 14 38
6 21 38
19 19 14
4 23 14
10 32 35
3 47 34
25 28 11
2 30 54
0 49 45
7 23 5
21 29 60
11 45 51
27 39 45
3 27 39
20 31 8
18 19 5
29 30 57
19 42 2
21 26 39
13 24 53
2 11 56
11 11 24
19 33 60
23 49 37
24 33 54
15 39 28
11 40 56
1 47 40
3 39 56
22 35 56
1 41 34
16 32 13
30 37 10
28 41 6
5 18 51
0 33 14
24 41 39
23 37 60
17 29 4
19 41 40
17 25 52
24 49 57
2 35 40
34 36 11
13 44 23
26 41 20
21 34 3
28 40 57
9 17 57
22 28 17
41 44 19
7 33 27
26 33 44
17 19 32
6 45 4
1 16 44
26 28 48
21 41 32
6 44 37
24 27 45
6 31 41
37 45 60
21 25 12
0 31 17
3 20 44
18 34 8
15 48 13
36 37 50
6 26 46
30 48 21
17 17 40
41 47 60
22 45 13
33 43 53
3 18 26
22 31 57
10 22 36
11 15 36
4 28 56
21 27 50
2 21 39
12 20 7
13 17 29
1 26 53
9 29 16
7 41 29
16 39 13
8 27 31
31 33 27
28 30 2
14 33 3
17 28 41
28 37 31
7 25 49
1 46 18
22 43 17
7 48 48
15 16 17
23 39 25
31 44 10
8 31 24
27 41 10
7 10 10
17 45 36
3 10 39
20 48 3
31 36 8
14 39 48
9 35 0
20 28 26
11 28 33
38 47 29
16 27 39
41 43 4
2 8 50
17 35 60
8 11 38
21 37 21
6 11 12
18 30 51
10 48 38
11 46 41
6 10 37
17 39 24
15 41 15
2 4 16
3 3 27
0 27 27
17 36 15
5 42 8
19 47 31
10 42 18
2 22 41
15 20 19
9 27 17
6 39 36
12 37 46
6 28 25
8 12 23
33 33 13
21 24 25
18 33 16
2 2 0
32 38 8
12 13 47
22 29 46
3 40 34
8 24 51
3 23 29
11 23 41
5 45 16
17 44 57
38 40 0
4 45 19
27 48 5
8 48 32
16 34 49
19 27 12
4 17 42
2 41 46
30 42 42
17 26 59
12 49 15
2 12 60
10 45 25
11 20 8
25 48 23
32 42 9
1 34 40
5 19 51
1 27 29
13 31 7
7 16 60
34 34 11
4 20 51
22 44 25
10 40 10
18 48 15
8 35 31
12 48 58
8 49 45
5 46 54
23 46 0
1 8 23
23 28 15
18 41 45
16 29 60
6 12 25
11 18 23
8 8 28
39 45 40
13 22 27
10 37 41
16 26 41
16 16 18
27 37 57
25 35 57
25 47 44
1 39 42
18 40 15
6 36 33
32 40 27
0 48 56
26 26 13
11 13 49
3 24 23
18 45 60
11 14 33
6 30 11
20 42 6
17 43 41
1 2 23
2 44 10
10 26 20
25 39 45
22 36 36
30 47 12
23 32 43
7 31 37
16 49 51
2 31 24
5 41 6
0 46 29
19 36 6
11 31 56
25 44 15
13 36 8
1 11 21
9 32 19
23 24 9
10 10 36
24 44 48
4 21 21
13 29 49
2 29 16
9 44 20
3 46 35
6 32 59
2 24 41
23 25 5
0 0 48
0 47 17
3 41 41
14 34 12
26 31 37
10 17 3
4 43 33
1 7 41
13 35 48
24 30 39
9 42 11
12 28 23
10 35 56
2 42 41
17 20 16
28 46 47
2 13 59
4 10 22
10 39 12
4 16 19
3 35 54
5 27 59
21 31 1
8 19 11
16 17 20
1 14 14
22 41 1
21 47 16
20 40 0
15 32 8
5 9 18
12 40 10
20 46 35
2 49 33
13 21 45
7 49 42
0 13 32
4 39 15
7 30 29
8 38 52
13 26 16
10 47 12
4 8 24
12 32 10
5 17 35
5 40 8
18 46 55
22 25 44
22 22 35
11 22 30
18 26 20
6 27 31
5 31 2
7 22 43
20 49 59
15 22 10
1 9 21
1 42 24
16 21 9
1 6 33
24 26 18
31 31 9
26 29 32
8 46 42
5 21 42
0 18 25
8 47 17
1 48 23
2 14 9
3 22 59
0 36 22
5 43 27
12 25 19
1 29 49
20 29 52
2 15 31
11 16 26
18 20 57
2 39 49
14 26 58
12 14 37
23 41 59
13 39 30
18 35 20
12 23 38
25 32 8
28 43 6
2 18 28
2 3 51
5 26 2
1 38 43
3 8 60
4 27 19
2 40 35
25 41 53
16 45 5
12 26 15
5 11 6
20 44 23
8 26 29
12 24 38
15 17 47
18 29 33
2 17 21
0 4 50
30 36 26
4 41 17
20 26 54
1 21 57
14 28 30
2 47 16
