140 9030
128
111
122
173
129
101
151
165
144
144
119
146
176
176
183
198
157
114
106
192
182
192
183
154
194
165
141
109
146
166
101
119
139
198
114
120
139
102
166
159
119
194
176
129
160
163
113
198
186
183
171
156
126
121
153
147
162
126
134
144
194
157
138
160
157
100
104
197
171
165
170
123
169
191
142
119
111
113
164
139
181
113
102
184
183
102
197
160
121
189
133
140
181
171
127
194
183
199
196
128
200
173
189
121
109
130
107
118
154
123
171
143
186
199
195
185
115
108
165
139
155
111
165
105
163
113
184
147
154
134
152
142
126
128
196
192
145
198
107
121
0 1 54
1 2 51
1 3 34
0 4 3
2 5 40
5 6 44
6 7 34
5 8 47
6 9 1
9 10 6
5 11 13
6 12 47
10 13 3
12 14 49
2 15 57
8 16 32
3 17 55
2 18 59
16 19 53
16 20 12
4 21 25
2 22 5
20 23 40
11 24 41
22 25 36
13 26 30
19 27 29
27 28 23
8 29 42
17 30 46
29 31 1
14 32 15
20 33 30
8 34 10
16 35 14
32 36 30
16 37 48
15 38 21
36 39 28
4 40 30
21 41 59
25 42 53
26 43 36
39 44 43
28 45 25
12 46 20
42 47 35
46 48 47
3 49 38
33 50 41
48 51 39
14 52 24
48 53 32
14 54 12
42 55 19
18 56 19
44 57 22
30 58 41
29 59 38
4 60 22
2 61 33
36 62 39
57 63 58
12 64 19
61 65 53
52 66 18
23 67 9
6 68 2
68 69 18
39 70 3
46 71 32
46 72 0
52 73 34
43 74 23
28 75 55
35 76 11
44 77 18
71 78 9
10 79 33
46 80 13
35 81 40
77 82 46
17 83 6
47 84 49
4 85 7
2 86 35
6 87 53
25 88 4
46 89 25
13 90 38
14 91 35
50 92 23
20 93 9
70 94 46
47 95 58
1 96 55
54 97 6
51 98 58
7 99 1
59 100 25
41 101 19
81 102 1
5 103 43
89 104 29
7 105 0
82 106 50
55 107 22
20 108 12
69 109 10
2 110 27
97 111 10
77 112 14
12 113 18
97 114 20
25 115 19
10 116 33
98 117 9
63 118 39
11 119 47
83 120 0
106 121 49
55 122 27
46 123 53
78 124 51
20 125 19
90 126 56
74 127 8
127 128 13
12 129 50
7 130 39
62 131 3
59 132 13
64 133 25
124 134 42
126 135 32
121 136 39
99 137 8
39 138 41
127 139 28
5 79 7
101 102 10
79 137 30
54 66 13
8 36 35
17 51 39
113 135 25
106 126 33
83 112 1
126 130 17
87 123 37
134 135 5
127 129 33
1 45 3
14 77 31
31 122 52
102 103 10
55 62 15
30 117 35
91 115 5
33 84 34
129 133 3
26 133 37
74 109 45
103 106 48
19 47 20
86 110 43
135 138 13
109 115 47
54 104 24
80 128 18
115 120 40
33 138 46
132 138 41
113 130 14
115 135 31
23 93 60
125 133 47
76 98 39
86 100 49
31 98 50
88 132 14
64 118 49
46 128 48
52 136 0
60 138 39
81 132 33
92 110 18
11 54 27
30 70 7
92 126 3
111 138 19
63 72 9
20 103 56
23 44 2
135 135 16
103 109 9
46 67 34
99 134 30
59 135 22
129 134 57
98 137 45
46 84 54
72 103 60
43 69 20
2 90 33
43 116 29
125 139 14
133 134 44
54 114 27
84 94 24
3 52 39
110 136 18
130 137 56
36 137 24
36 45 19
69 126 13
66 80 21
84 128 37
13 70 53
108 125 52
102 138 53
136 137 53
18 125 8
30 92 10
65 127 17
99 109 39
19 134 6
90 127 52
36 43 3
116 129 18
64 95 35
84 92 41
114 136 39
22 65 17
9 31 5
71 87 15
133 138 54
57 111 56
32 107 45
62 68 1
12 99 10
93 117 3
25 37 18
87 113 8
91 102 57
80 138 32
82 108 35
18 59 55
22 125 57
133 136 38
75 89 9
111 122 40
13 87 57
138 138 46
19 66 50
39 95 46
56 67 12
10 15 37
104 128 37
4 48 43
11 25 18
69 76 43
88 122 52
91 128 39
48 119 51
114 139 31
135 137 23
131 131 27
25 55 31
18 93 21
121 134 19
74 98 47
126 138 50
50 63 25
6 35 33
95 119 33
8 49 13
46 101 33
60 63 24
9 79 6
19 115 7
74 117 39
91 130 4
51 96 27
33 44 10
84 118 21
111 130 40
134 137 35
54 78 51
105 130 4
80 94 46
112 130 34
70 106 43
77 100 51
12 49 3
14 42 52
29 70 20
48 116 53
60 117 29
108 137 56
105 113 48
80 136 10
135 139 23
21 21 32
57 66 27
37 87 55
87 96 43
127 132 47
75 106 27
76 108 36
21 124 57
128 131 37
10 106 1
137 138 48
39 61 54
103 118 19
49 53 28
32 98 18
109 119 41
46 66 5
99 126 57
56 118 53
111 139 16
107 113 6
85 90 17
68 133 16
70 134 32
112 115 45
46 82 18
70 96 29
114 116 47
92 114 45
53 111 12
49 85 32
128 137 46
112 119 6
101 123 42
11 73 18
103 129 26
99 138 6
116 132 33
40 138 1
34 97 36
59 126 38
5 55 1
2 132 36
13 74 18
127 133 13
107 119 58
95 104 24
24 59 17
38 134 7
72 117 43
19 72 16
12 15 4
25 137 10
10 33 13
35 101 20
23 105 21
26 115 24
25 71 48
1 40 35
55 90 5
104 109 10
34 102 33
54 123 37
82 128 17
20 22 0
17 119 5
83 105 6
98 132 44
19 30 18
111 114 1
2 7 3
135 136 26
6 128 48
106 134 15
64 89 23
72 85 24
25 29 45
49 137 2
126 129 31
105 108 4
120 122 14
62 78 55
21 92 20
8 119 47
102 136 3
138 139 45
64 125 12
57 77 12
89 117 52
5 39 43
1 105 49
63 69 12
31 54 45
129 139 36
130 130 39
87 93 53
53 91 38
84 107 8
7 73 58
34 71 22
131 138 60
19 44 59
104 131 32
130 135 31
52 59 10
38 130 5
77 129 11
91 105 18
124 136 52
102 129 29
55 117 48
45 131 2
130 133 8
8 90 16
28 90 12
6 91 15
51 86 26
119 129 49
129 137 54
55 128 44
77 133 47
52 129 3
25 86 13
121 137 1
52 62 39
86 139 50
59 59 60
73 135 40
0 131 52
102 134 29
18 55 52
31 43 46
64 114 42
26 91 14
55 116 46
88 98 3
35 69 36
61 106 0
40 40 29
82 129 7
87 137 3
102 137 15
9 25 14
83 110 31
136 138 1
14 126 58
88 139 58
69 115 13
42 81 22
119 139 24
1 32 41
18 109 52
122 139 42
94 118 28
23 60 22
4 50 59
82 117 4
128 134 3
11 124 19
33 34 56
83 138 29
137 139 38
91 95 1
119 130 17
118 118 46
45 70 37
133 133 42
67 75 46
1 70 58
56 136 12
80 112 20
79 111 55
80 106 19
90 106 36
33 88 14
2 127 59
98 135 20
24 124 13
47 97 38
53 108 42
80 114 50
49 59 41
81 93 49
102 105 14
92 113 45
5 86 33
45 87 14
17 105 6
36 125 11
73 138 57
129 132 42
111 135 13
125 125 55
3 114 45
22 57 44
131 133 10
52 95 14
57 118 8
116 128 36
98 133 32
55 76 35
42 85 27
109 132 1
81 130 18
45 57 22
73 116 14
13 118 26
31 53 33
92 122 0
47 66 32
76 92 30
124 126 25
91 116 9
119 128 19
128 139 50
121 126 53
87 106 37
108 115 45
71 137 28
6 93 51
6 105 21
59 83 35
91 99 3
3 12 50
51 56 5
48 49 1
15 81 37
66 101 59
97 109 27
54 62 31
132 136 12
10 110 23
65 96 24
34 113 11
49 120 45
44 48 12
121 139 26
17 99 35
22 112 0
79 123 51
42 131 54
12 57 39
89 92 29
136 139 39
60 91 12
58 72 55
120 134 7
133 137 0
116 126 13
9 102 17
91 124 20
48 70 53
107 135 19
0 106 13
74 74 31
7 98 39
96 118 20
34 131 42
29 93 7
38 62 55
125 136 26
58 105 56
6 13 43
23 124 28
38 128 7
2 23 5
32 59 14
23 40 58
129 130 18
69 108 60
33 80 25
76 76 58
34 41 59
38 51 55
82 112 43
19 82 44
45 100 15
25 100 24
120 138 37
73 125 1
124 139 18
28 135 48
55 71 57
67 136 23
31 94 48
115 136 40
61 82 2
123 132 46
30 121 48
79 110 60
55 92 44
7 20 0
98 113 0
31 91 5
2 53 29
64 128 38
78 133 16
137 137 27
0 71 38
77 113 48
134 138 42
60 125 2
125 130 3
131 135 8
125 135 11
64 79 9
93 122 16
50 110 16
69 90 47
4 41 18
79 134 39
27 95 58
73 126 54
28 115 48
10 119 9
29 87 40
19 138 25
14 103 35
17 121 34
69 119 56
35 135 57
51 58 20
9 109 20
88 105 35
9 117 15
98 109 15
125 137 36
6 88 9
76 127 54
68 94 45
53 134 24
13 19 32
110 120 58
54 73 50
113 123 39
37 121 55
124 124 13
114 128 44
14 67 35
48 136 52
59 104 59
62 133 20
77 78 30
61 95 48
96 96 4
8 121 46
4 22 36
125 134 24
68 118 34
93 107 16
69 138 40
36 46 49
85 88 46
72 119 19
0 109 4
66 110 6
56 101 26
105 107 12
61 128 12
8 68 12
128 135 30
37 95 25
108 110 21
126 137 39
4 81 3
60 135 21
134 134 56
96 134 28
94 139 47
41 112 31
129 136 51
80 116 19
93 120 44
105 131 24
39 127 34
10 96 41
63 86 53
136 136 22
81 99 34
6 113 28
37 63 23
31 119 25
60 101 30
63 130 45
49 112 29
84 126 55
120 126 52
27 124 59
28 49 15
92 115 12
39 117 9
63 94 31
132 134 57
109 128 18
127 138 34
27 58 30
110 126 41
28 80 33
41 121 30
116 130 17
76 129 1
13 28 13
21 22 6
77 90 30
60 80 34
105 120 36
87 120 25
67 108 33
106 119 25
101 129 51
14 115 46
78 103 46
37 134 19
87 115 10
46 70 49
105 115 37
79 93 33
62 127 32
47 110 18
13 39 56
103 126 40
15 67 42
64 109 33
42 91 39
13 89 47
4 88 46
58 87 37
55 114 18
89 131 49
58 64 22
23 116 25
39 94 52
34 120 12
25 72 58
18 60 20
124 130 4
50 125 24
8 104 47
132 139 13
14 61 28
101 128 37
78 138 20
71 106 25
16 97 37
8 53 48
73 118 13
112 112 21
94 132 2
83 95 34
11 118 19
112 117 29
5 123 0
83 107 3
15 72 32
40 79 7
74 128 56
4 116 2
69 110 2
24 126 21
36 126 31
67 68 0
117 128 39
72 95 3
84 88 40
121 123 21
55 124 29
61 107 57
78 139 18
109 117 7
59 92 50
128 133 1
22 108 18
118 130 2
85 100 30
34 117 11
115 116 48
102 121 28
34 70 53
20 21 3
78 130 57
31 112 4
24 78 44
116 131 52
74 134 2
17 49 9
73 81 20
97 105 48
126 132 45
96 132 49
90 92 18
8 58 24
126 139 7
122 124 23
75 122 49
51 131 8
121 130 18
75 113 20
27 68 38
12 97 36
89 114 59
108 121 14
36 115 10
40 85 33
116 123 47
46 119 46
41 116 2
67 109 56
94 117 37
39 114 4
130 138 19
91 129 46
43 137 30
132 133 10
31 126 18
111 131 53
89 97 57
111 121 50
63 109 19
64 85 51
77 134 23
86 127 58
2 62 35
86 91 45
6 83 16
82 95 48
11 88 36
98 128 40
53 121 6
114 132 38
93 136 12
84 84 45
67 131 45
83 99 58
44 52 30
5 29 23
51 104 54
59 133 50
8 77 13
31 57 5
70 131 60
35 47 37
131 139 57
5 134 55
65 70 51
0 129 33
12 79 44
87 99 38
88 92 7
33 39 22
40 91 44
50 87 54
93 110 54
9 57 13
102 111 6
126 127 1
53 85 12
34 57 19
74 136 52
55 137 60
95 106 34
18 136 41
49 50 36
43 70 37
87 98 39
40 132 3
81 81 32
57 112 20
100 122 26
94 104 31
108 130 30
78 97 49
9 113 30
125 127 22
115 131 51
75 97 0
51 92 53
64 77 59
52 86 45
94 131 51
12 98 55
32 106 26
18 54 51
67 87 48
108 127 19
109 130 46
99 135 31
109 134 39
84 106 2
119 125 53
48 85 55
73 114 59
114 125 17
9 78 50
6 108 9
7 80 30
108 133 41
81 82 39
24 76 12
30 112 57
98 124 47
97 138 44
92 124 59
36 127 53
91 117 17
105 105 59
26 124 58
62 82 57
60 95 58
21 35 55
7 43 0
30 129 16
104 111 16
99 139 45
101 127 58
85 99 19
117 118 60
113 120 12
31 115 6
90 133 1
119 124 29
16 82 33
13 123 51
1 53 52
60 89 37
115 115 15
21 43 45
86 98 51
66 89 18
26 134 0
122 135 50
79 82 25
48 94 29
113 132 58
24 40 52
90 107 56
30 123 48
3 21 26
49 101 16
95 96 47
118 122 29
21 81 22
131 134 8
13 69 46
34 109 1
35 46 37
47 107 6
86 130 18
41 77 3
103 133 48
123 134 28
119 126 45
98 100 26
42 74 29
42 86 44
52 130 36
1 79 32
68 78 24
49 94 23
131 136 21
113 139 38
0 92 32
36 59 17
73 119 55
80 127 10
38 114 24
44 46 13
36 133 15
47 65 50
24 111 38
74 131 59
2 83 28
16 111 49
72 104 22
97 139 13
48 98 28
21 82 43
106 124 11
85 116 60
93 105 20
75 134 10
61 88 41
52 90 3
62 80 13
95 128 12
70 111 10
104 120 13
43 54 29
69 113 40
117 136 24
80 139 54
86 120 26
118 133 7
76 121 41
50 118 59
38 89 44
49 61 54
68 122 19
85 96 52
32 126 10
97 132 37
100 131 46
80 85 44
68 136 50
113 136 53
33 72 3
99 108 29
40 49 47
97 107 29
103 128 31
84 104 36
99 113 57
45 69 19
0 107 0
95 116 57
72 93 32
85 111 42
35 116 49
13 51 7
49 49 54
8 127 46
68 90 43
79 86 52
91 138 55
70 93 19
26 100 20
15 129 13
31 113 29
80 126 16
122 136 29
3 19 48
96 137 10
81 111 11
1 41 7
100 127 34
122 122 44
43 105 60
28 120 55
78 128 0
113 128 35
31 79 31
85 92 45
50 84 26
67 86 59
62 84 2
20 52 36
14 93 44
68 71 16
67 130 47
43 79 45
48 135 37
96 97 34
93 114 53
49 132 7
95 127 1
100 110 52
45 52 23
58 133 37
44 75 48
1 94 16
83 104 32
3 82 42
26 58 48
0 116 43
87 122 26
25 79 28
81 94 40
43 103 59
53 57 37
88 114 50
43 123 27
122 123 15
85 130 36
6 37 26
80 132 21
99 106 4
6 94 55
38 72 22
126 126 14
110 114 51
99 125 41
27 105 50
83 84 7
70 132 12
24 81 15
103 134 10
45 85 24
38 90 55
43 52 0
72 101 32
48 62 6
16 53 10
117 131 10
119 127 6
33 86 31
8 22 26
127 131 14
96 131 10
120 130 39
33 53 7
58 91 15
74 133 5
43 57 47
41 132 23
58 132 9
116 127 48
84 114 18
123 125 40
115 118 14
111 136 41
6 57 29
114 131 28
77 98 60
31 80 28
118 124 52
108 131 43
21 75 4
121 131 11
3 32 11
22 133 17
54 121 2
81 136 14
48 110 24
36 96 20
46 62 7
99 127 41
37 45 52
50 120 55
40 47 25
123 138 10
90 123 3
9 12 20
80 96 49
57 96 36
114 115 55
31 31 39
26 81 59
90 121 43
50 127 54
6 51 9
110 133 48
111 120 60
108 109 42
17 92 6
62 69 6
10 112 9
33 125 39
54 77 18
14 96 26
43 72 52
104 130 19
105 117 50
55 127 52
1 36 44
71 120 55
24 42 18
54 127 20
34 53 38
82 135 30
82 102 44
95 100 3
21 93 36
35 123 27
84 93 10
66 103 27
53 77 7
125 128 44
49 77 44
40 74 29
58 95 51
24 61 45
24 35 50
1 130 43
50 129 3
114 137 59
35 58 26
89 91 46
7 12 19
11 92 11
52 125 37
1 24 52
76 110 54
7 67 24
55 100 12
55 66 30
77 115 55
82 138 43
79 102 5
78 136 52
73 124 42
41 95 33
49 134 22
117 120 34
88 107 36
29 137 12
32 97 8
76 120 43
105 125 25
98 105 53
4 79 41
107 111 14
24 47 15
112 118 3
109 138 50
7 91 42
16 90 23
66 136 10
101 133 12
99 121 60
61 105 46
53 92 13
127 127 22
20 111 0
26 99 56
53 94 50
68 80 55
71 119 26
35 95 4
117 139 41
116 138 18
58 88 36
93 98 6
71 139 33
96 99 15
34 64 44
125 131 40
13 97 56
63 132 54
107 136 1
66 77 3
82 93 9
84 97 3
66 107 22
18 34 28
19 95 24
36 38 39
110 110 36
31 102 1
1 35 27
54 83 38
65 107 4
5 73 0
55 82 27
31 62 24
83 115 20
100 126 12
121 135 36
57 108 26
18 48 60
56 134 19
20 65 51
15 127 25
126 134 1
28 92 38
128 128 17
122 129 36
84 116 53
39 110 48
23 79 21
38 73 17
60 68 0
114 123 11
99 118 47
59 81 32
28 99 8
111 111 48
11 61 18
39 120 42
36 40 51
117 123 60
100 103 5
66 84 28
43 59 6
52 58 6
31 61 52
84 123 11
101 115 34
87 117 42
78 110 0
19 65 51
47 76 26
63 126 3
24 131 28
99 129 57
24 82 46
41 85 57
119 136 44
107 116 38
119 133 51
88 96 27
85 135 38
98 116 22
89 132 6
10 58 30
106 112 59
5 26 49
30 87 60
59 120 22
106 106 38
107 124 13
87 135 32
106 118 16
63 108 30
22 124 28
22 53 29
38 111 14
118 135 36
0 27 33
58 118 5
69 73 43
12 94 1
28 130 11
61 104 22
65 89 30
124 128 54
80 109 54
109 116 29
62 77 6
51 79 60
71 102 42
71 105 14
37 46 59
48 87 50
104 116 9
2 121 50
5 126 4
15 82 43
39 130 45
40 83 57
124 127 20
76 82 60
69 124 7
120 133 29
43 121 6
23 57 6
41 126 21
55 95 57
15 122 24
21 89 33
97 129 42
2 92 16
18 66 59
90 139 20
99 119 17
15 56 16
27 40 31
103 103 5
111 134 20
101 124 37
4 87 45
103 124 7
77 85 30
87 100 51
75 110 50
13 120 12
70 116 11
62 90 38
53 68 39
31 109 33
74 96 37
89 106 45
16 116 7
79 130 15
46 130 43
28 81 16
88 137 6
100 104 56
118 127 23
127 137 24
57 100 46
69 129 30
33 115 10
126 136 14
11 97 57
91 93 21
119 137 13
85 108 39
100 138 50
34 94 54
73 120 58
100 115 5
112 116 42
10 40 53
51 133 25
40 134 40
100 134 55
14 50 25
79 131 58
81 100 35
17 32 23
23 97 55
28 29 26
5 101 27
11 50 6
105 119 43
110 127 28
107 109 25
58 131 17
66 121 27
3 136 60
45 56 53
27 137 25
38 79 42
1 88 16
93 106 41
26 26 2
75 125 8
41 63 0
113 138 35
85 85 60
118 119 34
42 50 47
33 135 6
81 96 8
1 57 5
113 129 14
59 61 37
65 90 28
123 136 41
115 130 56
2 116 19
7 110 36
2 34 50
2 35 2
103 105 60
0 113 5
108 123 39
36 85 10
76 90 57
52 133 60
125 132 27
116 125 45
120 131 45
121 129 40
64 119 54
37 96 60
39 60 30
49 65 5
132 135 8
116 121 0
96 136 34
24 107 39
30 94 36
4 78 14
68 72 36
64 115 7
132 137 9
95 131 36
59 105 9
13 48 35
80 108 45
63 83 53
76 134 9
101 103 51
13 64 42
8 100 22
91 107 21
114 138 30
92 100 41
81 125 30
39 84 43
36 84 37
46 127 13
109 131 45
59 125 56
12 122 34
126 131 47
118 137 19
57 72 37
36 49 15
37 118 21
41 62 28
116 120 33
5 96 6
12 59 11
123 129 30
29 33 28
1 23 40
46 100 47
101 106 14
26 126 15
18 37 45
26 97 55
33 103 41
6 112 40
118 129 57
63 97 4
64 138 45
3 111 23
60 139 16
46 106 5
106 115 13
69 120 13
74 119 12
61 72 58
87 139 36
57 138 35
68 87 24
21 119 20
74 116 47
43 115 43
115 139 54
38 76 42
72 78 18
63 63 33
79 99 27
113 115 33
45 83 24
86 99 41
39 74 50
42 67 57
37 119 58
83 128 34
55 72 42
120 121 1
72 107 46
29 138 53
109 127 49
43 68 37
51 91 38
67 74 52
27 101 47
14 104 38
93 103 15
15 95 52
15 54 33
24 30 7
92 107 26
76 136 24
55 111 29
23 128 49
51 134 3
92 111 43
75 102 37
90 118 19
123 139 28
116 124 49
49 76 40
31 124 23
8 27 25
42 127 4
118 123 7
23 82 55
100 120 39
47 104 17
37 51 49
97 126 15
86 116 31
115 129 42
86 90 48
48 127 3
44 44 22
54 113 32
93 119 35
63 133 25
118 126 0
39 133 52
7 90 20
12 50 50
81 106 39
124 132 43
85 120 7
89 102 57
66 75 40
39 53 16
55 134 59
78 125 13
9 128 56
24 123 27
44 92 13
101 138 9
41 81 40
84 135 44
92 138 34
57 124 33
30 106 38
34 65 41
7 117 59
73 117 0
75 128 9
23 117 45
118 125 46
95 130 43
28 131 26
38 68 50
53 120 1
73 136 5
100 137 6
100 111 31
117 117 24
39 113 11
81 83 34
51 99 34
71 97 0
8 21 15
90 131 45
11 129 33
106 127 52
111 112 0
19 113 9
52 119 11
35 74 7
11 47 60
114 122 56
1 125 60
8 79 25
36 53 6
12 83 8
26 30 28
28 126 7
4 76 26
48 100 59
97 128 11
61 71 15
23 90 47
30 55 27
16 42 0
90 99 54
82 119 31
65 74 52
81 108 31
6 52 31
19 123 44
22 31 30
41 115 32
29 45 16
52 118 7
120 132 28
26 76 38
77 80 34
83 130 2
104 115 26
4 33 35
27 31 22
124 129 40
39 46 37
32 42 50
89 139 34
34 90 34
77 89 32
87 92 15
1 133 56
53 55 1
113 124 40
103 135 3
45 136 21
109 135 30
75 118 28
91 98 28
11 29 47
79 112 19
70 99 56
107 138 42
76 81 8
4 100 27
44 55 49
118 128 10
119 135 0
40 59 32
9 104 25
69 92 26
110 119 20
20 28 52
18 105 51
27 49 59
16 46 14
129 129 39
37 74 0
80 90 30
86 95 5
70 104 43
66 86 13
109 112 37
27 37 59
6 79 39
84 119 16
0 84 10
5 59 24
30 73 21
3 31 37
31 41 57
70 87 13
28 74 38
0 53 57
101 136 30
112 121 12
77 114 47
83 117 5
21 106 15
108 122 22
16 80 19
54 79 22
4 120 19
22 81 32
39 57 46
37 103 34
78 121 47
75 87 19
123 126 53
80 110 2
106 125 50
58 99 4
47 124 52
108 135 44
30 46 52
102 123 7
0 10 49
16 48 5
77 99 16
87 119 44
81 123 33
97 135 1
108 126 45
82 136 43
44 84 51
51 53 54
72 118 30
28 101 17
32 138 38
56 107 54
42 124 25
3 88 1
71 91 6
16 75 41
37 43 33
88 133 17
113 121 7
33 38 37
66 92 43
12 62 30
37 86 10
134 136 39
64 74 41
56 79 32
134 139 59
5 41 59
65 88 58
93 118 46
55 68 2
53 82 17
62 122 16
109 123 10
51 114 50
62 123 56
61 115 12
25 67 39
4 119 41
47 82 26
78 85 41
109 129 60
119 131 30
90 114 9
42 63 59
52 128 58
101 131 40
96 126 53
2 37 2
23 36 49
41 92 25
102 139 59
29 60 49
64 105 5
48 108 16
71 99 31
56 119 55
28 108 30
34 78 22
27 139 59
66 127 36
50 126 6
112 127 33
101 113 27
7 118 47
72 79 46
69 80 56
47 57 39
66 72 40
69 136 52
101 101 30
18 32 12
23 76 17
15 91 23
90 91 31
8 96 18
29 52 26
47 58 23
73 83 53
53 56 52
52 55 35
4 4 51
29 103 43
114 135 52
45 101 37
5 94 42
23 32 37
56 115 12
114 118 16
2 63 1
67 103 16
117 129 15
3 33 18
88 138 34
38 75 50
93 112 19
97 127 28
46 65 59
10 109 54
90 124 23
2 47 47
15 57 38
56 62 11
87 108 17
51 89 59
55 59 44
131 132 58
58 129 8
107 112 31
56 88 51
22 44 59
70 127 34
30 53 50
58 81 46
2 65 13
41 71 44
51 88 59
35 96 35
118 132 38
117 119 35
109 111 37
80 130 60
9 134 9
100 101 4
26 110 6
7 37 55
120 139 39
127 134 20
120 123 43
118 120 46
75 117 38
45 130 11
110 137 10
3 69 17
111 132 25
75 99 56
119 132 31
48 71 45
104 138 27
42 106 9
100 133 50
92 116 43
9 52 48
108 129 30
24 52 35
105 135 2
72 84 34
107 114 52
6 76 54
107 126 39
61 97 40
123 127 14
7 53 30
102 119 49
26 92 0
40 130 28
110 122 19
75 109 9
28 47 27
44 87 31
44 68 53
13 56 19
61 122 5
37 128 41
33 126 9
25 52 46
98 139 14
42 111 47
20 116 37
133 139 46
33 108 45
26 111 18
100 106 17
86 126 17
65 84 16
0 34 24
8 13 28
132 132 27
29 105 27
89 89 45
83 86 53
44 100 41
112 132 51
4 68 16
29 118 0
36 104 11
15 119 21
2 88 41
115 124 26
115 126 23
82 133 13
77 121 16
80 86 43
11 121 36
104 118 47
14 111 26
105 111 46
53 60 26
130 131 15
5 42 46
6 84 3
56 114 50
39 108 7
24 56 30
64 96 37
6 135 49
59 72 2
120 137 36
26 39 21
110 115 60
17 101 40
4 64 20
114 133 44
9 72 4
125 129 39
87 89 48
61 111 3
38 55 32
1 16 11
72 87 33
24 25 60
47 134 7
92 106 34
109 120 57
83 111 9
4 123 32
53 112 49
108 119 60
2 69 4
81 133 35
29 123 18
76 83 52
47 125 17
98 111 35
4 39 7
79 96 18
6 117 0
94 97 21
2 67 43
100 108 15
86 113 30
11 45 19
75 123 31
1 110 22
85 93 47
63 117 19
33 123 40
124 133 19
59 136 48
25 40 55
51 136 30
11 66 0
56 61 24
98 103 17
50 65 36
50 81 48
90 132 0
14 36 59
108 138 15
37 76 35
86 119 15
52 83 2
93 124 36
78 107 39
49 88 35
89 113 12
45 95 60
23 112 13
28 124 51
125 126 42
80 84 25
122 134 3
5 99 4
22 42 31
35 128 8
84 110 36
17 72 35
17 78 59
95 138 48
86 123 47
98 126 33
39 78 4
59 119 45
98 131 57
15 98 52
85 87 30
82 109 37
83 103 12
23 37 34
20 25 46
11 42 34
110 135 52
11 18 42
70 70 30
66 113 56
74 94 15
72 116 43
97 122 47
21 135 51
39 87 39
83 101 40
11 17 41
74 124 4
19 128 58
79 91 8
62 92 4
53 80 44
102 112 56
69 95 2
102 124 24
87 101 59
4 96 14
77 88 35
45 88 32
51 127 28
66 95 10
95 107 24
96 121 56
90 96 53
2 82 58
5 84 49
76 126 26
91 139 18
35 120 58
88 90 42
4 24 28
72 121 3
21 85 0
12 28 22
104 114 22
133 135 37
19 39 17
65 79 60
46 112 15
87 104 15
65 118 23
78 84 9
78 104 2
15 80 3
102 116 30
56 59 7
8 135 34
49 57 21
58 127 30
70 76 49
42 135 54
22 64 42
7 92 59
32 49 35
72 90 25
61 135 28
0 38 30
41 124 35
91 100 30
19 34 23
57 59 31
11 11 21
83 108 27
115 125 11
19 125 25
49 87 48
7 121 31
54 129 27
20 51 36
96 122 55
30 95 51
90 111 40
27 54 52
24 45 20
63 76 58
44 65 40
45 127 22
51 69 10
33 77 4
96 119 31
28 110 16
88 88 39
18 22 13
51 126 5
60 119 40
6 121 7
33 116 28
93 135 3
57 80 60
98 119 3
31 110 55
109 122 59
11 77 23
96 102 24
0 88 37
59 101 25
39 131 44
97 131 46
20 102 56
0 97 4
102 102 49
76 77 32
77 107 20
87 95 55
85 136 34
12 63 23
37 50 14
11 120 45
27 53 37
62 95 3
70 100 22
17 91 27
90 112 53
120 120 2
42 84 38
98 112 42
52 98 10
76 105 36
90 90 40
34 75 18
23 78 10
7 120 23
80 129 34
51 101 50
6 56 18
28 87 9
35 87 11
57 64 3
11 82 40
46 105 1
0 22 7
43 91 53
27 66 49
128 132 31
11 95 36
64 69 20
19 121 29
80 101 38
0 61 57
76 117 60
49 64 20
8 102 40
65 67 43
44 103 0
128 129 32
6 47 51
9 48 49
64 139 1
88 124 30
97 97 34
88 113 18
70 124 36
102 127 19
19 109 17
65 106 55
57 113 40
51 72 3
70 138 30
99 111 34
93 99 34
101 104 15
69 135 60
70 98 10
24 128 51
59 110 40
54 75 44
67 80 59
9 92 51
60 110 1
67 104 23
38 43 27
38 131 15
50 124 43
10 97 38
15 105 0
15 27 60
70 118 28
103 125 47
75 132 27
96 120 22
41 139 11
50 133 19
20 58 38
127 136 30
16 84 24
18 138 52
104 108 30
57 99 32
47 74 53
2 68 29
10 24 60
104 139 60
10 123 23
74 118 13
31 134 38
26 129 24
61 112 23
17 80 39
23 33 49
8 83 46
44 81 18
110 134 44
81 86 22
10 131 18
51 137 58
5 16 4
14 63 59
30 113 57
117 135 19
93 126 0
95 135 22
86 122 30
21 51 21
88 116 18
70 128 7
40 122 44
11 136 38
76 84 9
10 92 19
95 132 3
91 133 12
38 117 8
37 40 3
77 91 31
69 70 2
43 135 4
72 122 54
58 73 13
10 104 31
68 104 57
59 84 57
48 68 26
63 122 30
113 127 42
37 102 45
13 24 9
17 61 53
31 130 50
41 48 20
49 68 5
4 106 3
69 131 40
93 93 19
72 82 19
11 87 2
48 132 25
102 109 27
41 46 11
22 61 35
64 123 27
117 133 29
27 116 34
78 102 26
39 42 33
58 86 14
43 48 1
32 48 12
16 63 26
76 111 3
22 93 30
121 125 55
73 106 46
14 31 7
29 97 9
25 128 56
117 126 23
75 84 34
62 116 49
86 112 33
94 99 26
123 128 23
8 19 5
60 104 27
78 108 40
22 39 55
81 105 48
63 84 50
69 132 28
82 94 50
12 92 12
59 89 22
93 102 55
35 129 55
99 120 30
88 129 30
120 135 15
85 103 5
5 97 60
29 38 0
116 122 58
35 83 13
94 107 16
23 29 7
49 111 19
5 90 26
13 17 33
67 111 6
46 139 16
90 108 39
20 99 59
29 65 9
116 137 23
33 113 12
65 139 42
6 45 16
48 80 10
55 109 39
13 16 3
117 134 14
70 80 9
93 115 2
28 60 48
22 56 49
29 53 12
17 75 13
22 85 7
85 98 21
40 120 29
52 126 37
84 103 51
28 65 10
113 126 24
64 70 26
34 134 4
13 68 58
100 130 33
77 94 3
98 138 3
74 135 39
110 130 32
12 54 5
34 104 30
22 38 46
27 27 15
18 133 3
19 57 27
95 122 5
127 135 2
86 111 60
87 133 37
64 88 11
131 137 8
21 90 47
55 60 14
70 78 6
79 115 43
80 102 28
53 126 47
91 131 49
115 132 51
65 111 59
118 131 5
114 121 39
89 108 56
92 99 28
116 119 28
16 59 31
97 118 7
68 82 5
63 131 34
95 101 20
30 114 34
8 61 57
16 101 36
93 125 41
78 101 45
37 52 20
12 29 45
60 116 18
40 42 25
5 31 40
68 86 19
76 89 18
44 50 7
12 135 60
56 125 36
29 34 57
30 137 1
87 109 20
87 114 59
11 32 17
89 136 2
120 129 42
70 92 57
33 59 29
84 138 24
92 98 4
67 106 17
2 93 58
130 132 10
91 101 32
106 136 22
35 75 43
45 134 39
82 131 7
10 138 22
102 122 21
3 89 14
54 63 12
11 115 53
55 69 58
28 31 52
106 107 29
89 123 49
22 84 43
32 75 7
30 133 10
71 92 36
41 76 16
68 88 24
29 37 13
8 32 26
16 136 49
39 106 7
11 60 22
52 68 53
94 94 1
48 138 54
16 133 18
105 127 0
15 84 55
1 37 11
62 119 41
63 123 6
27 75 11
47 80 17
50 137 32
1 69 56
58 60 33
17 93 22
5 95 41
61 66 15
76 87 57
60 92 4
36 36 26
13 130 25
27 112 41
52 115 37
62 88 45
123 133 38
48 66 21
70 84 16
15 62 57
117 137 48
48 115 9
74 86 12
85 97 20
58 83 36
19 114 34
50 57 28
84 108 31
26 64 23
73 76 32
51 138 39
50 52 10
49 69 43
75 88 37
7 16 38
1 124 10
8 63 4
61 131 50
32 41 48
82 116 60
95 115 32
16 122 52
49 123 49
82 115 55
104 104 32
89 94 19
1 83 57
7 136 17
8 44 10
27 30 51
90 102 27
118 134 2
88 95 26
3 7 52
35 136 26
97 125 12
80 123 26
57 127 18
113 113 42
23 110 9
30 82 59
73 89 46
15 99 46
23 92 23
110 124 31
56 110 56
90 100 9
56 99 44
63 104 15
78 96 3
42 109 32
77 105 30
63 96 30
8 95 28
32 46 27
85 125 12
68 126 19
25 104 29
104 119 10
28 88 16
49 99 56
5 87 33
49 117 55
7 31 43
56 56 46
13 41 29
22 109 22
113 131 16
73 110 3
33 122 34
56 104 12
35 113 45
18 132 25
109 121 40
18 128 17
29 89 40
10 100 51
108 128 31
38 88 56
85 114 2
34 49 19
102 113 52
44 80 51
20 139 36
47 139 10
66 114 30
75 78 12
26 56 56
69 74 10
69 107 10
28 107 58
2 133 53
65 109 4
63 87 12
100 132 28
1 103 18
3 99 23
16 113 51
69 114 44
3 112 37
68 127 25
14 17 53
128 130 38
56 60 27
59 73 34
43 60 23
39 88 56
67 135 49
122 133 53
7 97 41
29 134 55
4 93 32
1 137 44
12 93 30
95 112 11
49 92 33
44 102 41
121 138 27
9 137 4
111 113 21
30 107 46
100 129 37
34 39 43
36 109 27
52 67 20
61 100 36
100 112 41
57 65 60
93 108 8
114 130 9
23 30 31
4 51 20
63 136 8
63 66 18
36 108 21
1 66 49
88 97 30
104 105 8
34 77 46
25 111 50
15 23 4
94 119 52
25 63 36
99 124 35
70 77 36
70 81 39
94 130 10
28 113 60
39 103 21
71 75 2
77 120 24
16 87 53
38 63 33
89 96 36
51 67 0
67 112 16
9 93 30
83 132 10
53 114 25
58 63 27
34 46 13
110 123 5
38 54 56
23 94 0
15 41 12
56 135 56
33 128 10
8 35 57
3 83 10
9 86 52
99 101 15
43 113 30
20 46 42
53 62 45
83 131 54
84 86 51
56 95 35
28 33 2
0 137 57
117 122 50
96 98 40
96 113 23
96 104 24
88 104 45
95 113 15
7 23 31
18 63 6
52 131 49
65 69 51
34 85 18
90 101 48
37 133 54
97 123 40
78 79 57
47 52 41
116 117 24
16 26 12
80 121 57
25 114 15
42 82 6
93 131 56
69 79 9
71 84 25
16 18 14
56 93 14
69 130 45
78 117 33
89 111 37
28 116 56
17 137 15
123 124 51
94 110 20
29 115 20
124 138 53
81 90 32
95 129 39
45 96 40
35 36 27
73 121 19
49 55 31
3 23 8
82 87 17
63 121 11
18 70 15
60 85 4
34 88 17
47 59 50
50 77 51
13 121 14
85 121 52
22 106 25
59 95 26
37 69 7
52 75 34
59 82 35
57 83 29
42 138 38
62 128 19
22 72 20
73 97 17
48 126 52
96 135 0
19 118 59
103 114 58
91 125 47
115 138 6
27 134 48
11 71 14
3 34 56
66 83 52
41 64 34
87 126 38
7 21 47
8 97 57
4 111 39
24 83 55
14 19 56
12 18 47
127 130 25
17 63 20
96 127 38
10 38 6
41 93 47
50 66 30
41 122 42
104 125 54
103 131 40
104 127 2
113 122 11
29 56 11
40 67 17
89 133 53
23 103 9
115 127 34
65 116 25
128 138 15
4 117 4
11 116 9
107 120 36
82 97 7
107 129 34
7 13 17
92 102 56
21 38 24
68 110 55
35 65 8
40 45 11
37 108 27
81 128 47
28 64 11
41 105 16
11 22 0
88 120 20
22 134 12
79 133 11
95 133 22
90 122 40
108 117 40
116 133 48
14 40 32
2 79 50
88 130 21
106 128 60
59 96 35
39 90 25
0 81 13
54 80 13
102 133 54
121 124 27
7 34 28
115 121 48
98 115 14
85 128 33
106 109 22
66 129 54
23 59 4
55 91 53
26 62 1
50 106 43
12 132 19
15 138 27
23 61 32
44 60 45
78 98 24
20 69 1
103 122 44
34 48 38
42 125 2
45 109 34
43 93 37
18 44 22
16 131 43
84 102 13
57 94 19
109 113 53
30 33 25
1 5 11
47 78 43
4 73 9
130 136 59
32 74 22
9 59 52
34 103 54
54 99 13
105 129 15
88 99 10
44 101 44
67 134 13
101 109 36
19 24 21
19 70 37
44 83 55
8 91 26
27 129 51
29 84 4
88 89 32
20 26 58
19 90 49
58 70 60
74 90 0
120 127 19
22 95 54
85 139 17
55 85 58
10 84 23
46 115 36
1 90 14
38 57 29
37 59 30
37 70 23
59 113 38
83 100 40
27 84 53
7 50 33
59 62 43
1 136 4
21 139 39
102 108 6
116 118 9
19 26 10
130 134 51
59 91 22
38 41 0
30 67 38
103 121 10
57 114 13
4 5 39
27 118 25
98 134 60
47 69 28
110 138 47
85 94 6
45 47 51
10 94 6
79 105 26
30 126 25
60 105 7
104 129 13
96 129 49
22 105 14
14 71 30
54 124 59
82 132 47
13 43 48
84 134 41
85 91 29
81 117 52
105 124 48
11 15 15
8 92 0
46 78 8
85 122 17
54 100 36
30 130 33
108 120 24
104 124 39
44 107 32
35 50 4
12 60 55
41 134 20
62 111 45
44 113 31
104 112 50
85 126 39
87 87 50
78 95 0
36 87 31
74 107 21
34 60 2
110 129 41
79 103 25
37 122 50
47 137 26
60 109 21
42 62 25
4 109 51
58 130 19
94 115 34
83 139 7
74 97 12
21 50 18
88 119 18
72 127 38
69 86 32
71 124 16
16 57 47
58 125 16
89 101 1
13 67 54
64 132 40
31 84 2
70 122 18
107 115 50
74 114 34
49 74 45
83 87 60
100 135 53
50 100 10
83 124 10
27 99 12
29 30 29
76 123 27
73 82 31
51 129 17
121 133 30
130 139 48
6 24 1
8 112 32
114 120 30
97 113 20
50 112 39
6 32 2
93 100 14
43 89 42
32 122 27
46 79 13
43 92 26
27 131 18
74 76 18
20 54 15
88 91 24
85 129 51
15 79 41
75 107 55
64 101 1
9 74 47
40 62 36
77 126 54
56 65 39
74 106 39
73 111 10
64 120 35
7 14 57
45 68 55
60 78 18
57 79 57
7 44 32
59 137 48
7 72 52
29 90 55
108 108 9
100 109 38
81 139 53
16 41 48
61 92 40
8 114 22
35 114 58
94 103 41
30 116 1
96 115 44
21 99 43
92 95 21
2 126 49
15 133 7
34 58 16
97 120 27
34 100 49
25 125 36
44 131 60
38 101 9
2 76 11
13 127 4
50 107 19
102 130 50
32 105 0
29 81 49
0 41 30
35 98 42
9 19 18
68 101 36
96 100 38
53 131 28
54 133 53
107 117 23
81 87 54
57 117 51
47 113 24
78 100 38
56 123 1
34 54 44
22 55 3
75 120 34
13 50 17
47 64 57
19 94 47
34 56 54
65 71 7
86 128 26
12 139 44
111 126 31
78 109 2
75 133 28
78 114 25
67 95 56
22 51 40
19 50 48
11 108 56
85 117 36
24 88 29
92 118 14
57 139 20
49 115 24
94 135 58
26 93 15
21 74 32
61 136 49
53 138 15
61 123 38
26 95 18
108 139 48
24 134 34
39 115 5
96 108 23
128 136 46
69 116 31
114 117 7
122 128 7
104 121 56
111 128 0
76 128 37
16 17 16
40 125 30
32 43 7
79 104 46
86 101 43
14 92 35
30 119 13
123 123 3
15 60 4
94 126 3
97 115 14
106 111 23
4 104 37
37 44 25
87 131 47
8 30 58
21 31 0
47 132 18
12 116 34
120 136 55
103 113 47
75 94 17
6 120 46
94 123 16
92 131 57
93 109 58
27 106 35
119 122 23
49 86 36
46 83 35
17 56 24
73 86 41
12 111 9
1 131 46
22 47 31
22 137 56
122 138 30
114 127 9
27 43 19
70 89 41
3 24 14
24 27 11
74 123 18
0 93 48
62 94 46
27 119 16
42 61 49
31 101 48
71 88 10
117 130 31
20 135 38
10 130 2
17 116 33
13 18 10
69 100 6
51 120 51
81 85 24
101 110 26
53 65 22
106 139 52
57 107 42
5 138 5
93 123 56
13 102 44
6 134 6
60 132 33
111 137 43
60 111 58
113 116 14
115 134 24
87 91 43
109 139 8
7 139 37
40 50 43
71 73 35
124 131 60
2 102 43
58 102 4
99 122 7
40 129 19
97 124 45
35 99 14
92 127 2
61 139 16
40 114 59
49 118 26
12 44 53
13 72 41
61 94 22
90 128 3
52 101 54
31 88 43
101 105 27
15 89 24
24 97 56
41 54 42
122 126 11
7 100 15
0 39 54
70 97 42
62 100 32
62 138 56
9 37 22
48 92 40
62 129 12
58 121 46
28 128 31
1 34 20
72 91 53
24 70 58
34 92 41
48 84 46
55 108 17
38 78 43
115 119 60
25 51 47
10 69 19
88 103 58
38 67 43
45 105 46
64 72 0
46 138 13
56 92 42
1 46 44
25 98 0
9 41 18
15 53 55
41 98 30
112 139 22
57 128 49
57 134 4
11 100 6
109 126 21
3 61 50
112 114 33
84 137 2
12 119 59
6 27 12
116 139 39
94 98 49
75 136 36
55 61 58
65 128 59
98 108 47
35 84 3
70 72 58
109 109 44
46 113 26
53 83 6
89 130 59
22 22 50
50 97 9
36 132 55
14 35 25
70 88 38
100 123 48
84 120 4
64 98 22
1 30 31
22 94 51
14 105 19
29 113 59
18 111 55
66 135 4
59 94 42
26 125 33
88 125 1
93 97 27
22 123 15
41 131 24
116 134 19
71 76 2
9 81 2
14 101 38
47 103 1
0 52 53
74 91 4
30 39 37
77 87 30
61 85 42
24 73 55
46 122 2
94 101 5
95 136 33
17 44 55
50 108 27
65 120 11
92 112 16
50 80 10
17 46 11
96 125 51
32 117 50
64 121 34
69 133 48
98 125 29
23 70 36
67 115 52
112 113 43
5 135 6
20 106 30
28 96 57
64 127 16
37 66 31
50 123 21
80 89 3
1 134 41
68 89 28
68 85 22
77 116 8
52 114 34
5 119 20
24 26 59
118 121 33
46 58 23
73 107 0
11 114 56
58 61 29
52 120 40
0 119 3
45 64 40
2 64 27
97 100 17
106 122 40
84 85 23
72 137 44
34 67 56
78 93 49
103 138 44
14 16 56
83 92 29
82 90 7
47 130 13
43 122 15
55 112 4
48 59 55
72 96 19
61 116 54
7 104 47
33 98 56
32 64 2
4 55 33
64 94 45
35 119 39
101 114 9
33 35 19
53 119 50
41 86 10
65 131 43
0 15 1
58 100 46
91 109 8
0 33 18
6 81 44
11 125 1
104 110 41
71 136 59
31 114 48
63 89 10
129 131 55
92 105 52
104 113 51
50 121 37
76 80 7
25 120 40
90 134 33
78 90 3
119 121 16
56 72 28
37 67 51
47 72 43
62 65 29
57 81 58
19 60 13
41 82 6
73 94 33
95 114 50
89 137 9
74 122 55
96 106 18
35 43 16
40 98 24
40 86 12
52 87 21
44 51 56
29 101 24
83 106 7
50 136 21
15 120 54
7 39 35
99 128 33
34 98 60
19 32 55
81 137 38
88 108 6
23 98 60
8 47 56
58 92 32
53 109 60
46 74 4
40 73 40
67 98 40
61 90 29
52 78 22
97 121 24
2 84 46
24 29 26
30 78 41
111 118 8
21 134 16
41 80 11
96 123 56
56 89 47
65 113 36
85 101 8
22 132 59
9 24 36
19 132 1
100 136 0
28 48 12
44 54 11
87 116 60
18 103 7
11 70 28
44 79 25
65 81 3
41 72 38
25 68 44
49 66 6
51 73 9
121 128 14
2 56 15
73 95 34
10 47 55
116 135 36
22 139 11
17 109 40
83 116 42
39 86 7
89 112 36
37 49 5
16 119 18
18 130 20
66 126 13
23 100 22
123 135 1
59 131 29
58 116 38
2 75 47
73 131 27
63 73 24
66 82 59
40 111 42
2 21 9
60 90 13
31 116 3
67 93 12
22 54 39
107 130 31
41 59 22
113 137 18
86 137 45
88 112 40
95 124 38
30 38 40
64 91 7
76 125 59
11 64 36
92 97 3
4 130 58
26 84 2
115 117 47
84 91 50
29 95 59
34 76 57
28 100 41
47 55 7
46 125 19
66 66 19
60 106 44
49 100 26
28 114 7
20 119 6
34 89 19
28 79 30
54 96 17
37 79 44
40 115 18
39 128 34
66 98 38
80 122 10
18 74 5
21 76 58
7 85 42
32 83 52
45 81 60
95 97 28
21 105 0
44 49 34
28 70 13
27 64 11
121 121 42
33 67 46
25 124 7
73 112 5
110 118 56
36 91 40
46 98 44
55 135 60
38 45 53
48 90 30
41 117 38
58 112 18
44 132 49
46 50 58
100 118 1
72 92 13
88 126 44
101 130 24
17 60 30
37 77 57
94 111 14
37 138 42
30 69 11
72 113 14
7 60 45
17 69 28
90 119 18
9 123 34
32 81 53
29 126 7
41 118 30
10 118 0
77 84 17
41 102 10
75 92 18
25 112 58
58 110 54
61 67 26
41 89 38
116 116 6
1 111 29
33 71 12
18 30 22
43 66 51
42 77 37
29 32 48
8 131 30
86 115 46
4 103 53
28 57 21
18 121 56
82 137 16
55 120 35
74 102 35
53 106 0
21 131 1
13 65 34
20 41 18
12 131 57
89 95 45
78 88 12
27 72 14
99 102 58
35 118 18
112 134 8
6 72 15
47 86 13
129 138 11
6 23 52
24 139 39
124 125 52
50 130 12
106 123 11
57 129 55
61 124 33
88 106 36
98 106 46
15 139 18
37 123 53
56 64 27
25 76 36
76 79 3
85 109 5
105 121 28
35 111 24
3 86 8
63 80 20
20 88 38
103 104 37
42 90 1
28 129 41
51 66 13
23 28 3
98 123 55
57 115 54
64 134 43
81 91 60
22 34 37
8 129 47
41 110 46
44 124 33
45 106 37
112 126 54
44 134 28
105 116 51
29 102 9
65 75 44
37 130 53
69 98 28
30 97 53
19 136 30
105 132 44
86 96 26
15 100 9
5 53 14
5 25 12
29 122 26
9 131 21
126 128 12
63 106 27
60 67 43
2 97 7
46 54 42
71 82 3
9 101 1
34 44 26
70 121 38
44 135 24
73 77 9
75 104 48
33 65 55
9 119 22
83 134 22
80 104 12
77 111 32
7 22 1
61 129 6
30 85 47
7 78 25
32 121 30
63 114 16
19 110 3
6 69 51
115 128 19
13 80 23
83 127 55
55 93 1
70 85 48
48 74 59
32 94 9
89 126 48
30 90 23
68 83 25
1 55 42
81 118 43
78 82 22
46 107 39
42 139 44
9 120 33
35 72 36
6 19 15
108 134 39
3 65 29
0 21 52
39 71 18
47 93 40
42 66 14
24 133 52
97 101 19
25 47 19
84 99 13
57 75 57
54 117 48
56 100 40
19 21 39
72 132 43
4 37 55
122 125 23
14 57 37
28 104 25
0 128 11
62 113 38
106 120 57
7 111 30
8 51 47
9 28 52
43 125 10
24 39 40
8 134 1
70 107 1
99 100 10
106 137 22
43 99 56
10 51 23
21 104 6
36 41 38
52 89 19
21 117 26
18 33 24
56 57 38
21 138 21
75 135 43
47 88 19
74 111 28
76 119 43
2 24 21
72 130 46
76 118 12
86 132 30
21 71 30
22 28 13
61 138 45
101 108 20
1 11 7
45 65 0
79 132 24
23 104 28
16 138 45
53 81 17
2 49 19
29 119 2
8 15 24
82 96 58
68 92 5
52 112 33
83 129 41
80 117 48
7 113 38
28 89 48
40 52 39
88 128 33
68 113 30
32 68 13
8 101 27
19 38 57
34 121 10
20 42 54
68 137 31
47 94 20
23 80 57
74 120 43
82 103 16
41 73 18
103 120 13
19 127 24
34 93 5
69 94 31
81 95 22
101 118 45
80 111 48
51 64 39
28 54 46
40 116 54
0 101 43
119 123 17
114 119 10
111 127 52
37 135 14
20 32 39
104 133 31
105 106 14
39 41 8
18 25 25
107 133 50
50 73 39
27 87 47
47 121 24
37 47 10
63 98 24
103 115 15
12 26 41
12 117 5
39 77 13
97 99 7
56 91 7
44 98 53
64 107 45
53 87 9
48 137 51
16 61 49
0 30 27
30 49 53
59 117 14
67 101 4
90 138 6
10 55 0
43 73 52
56 124 7
36 50 7
47 83 34
32 39 39
39 72 46
48 124 53
97 112 17
72 133 40
45 80 5
8 117 20
12 137 30
104 135 10
69 81 1
47 90 33
14 24 52
70 95 26
66 69 46
38 103 42
31 127 14
112 125 55
68 81 20
21 108 38
120 128 39
63 115 0
70 117 37
54 69 43
14 62 14
34 62 44
28 40 9
59 60 9
79 139 4
9 90 34
21 94 55
105 112 51
61 127 18
98 122 23
100 105 25
30 52 17
17 59 46
1 51 59
41 125 47
99 123 1
22 104 32
2 85 32
45 137 59
75 77 6
103 130 23
37 65 58
6 31 54
97 98 14
8 113 3
25 97 45
36 107 32
44 70 42
30 44 7
16 43 50
62 112 34
20 57 53
54 68 32
7 96 17
33 87 50
29 139 58
102 131 34
62 98 26
48 54 5
111 133 36
76 103 45
26 44 36
6 49 25
45 110 48
79 114 3
43 131 41
27 33 12
40 108 6
60 93 35
43 102 14
71 114 43
81 112 43
46 93 46
79 109 5
46 91 43
96 114 41
35 62 46
19 93 56
115 123 58
71 112 56
41 120 36
122 132 40
63 100 11
14 14 50
81 135 18
77 81 21
51 135 43
110 112 24
33 52 55
121 127 46
97 117 58
86 103 38
98 118 53
44 66 57
38 99 37
6 137 26
75 114 50
95 108 16
50 102 40
82 111 11
60 102 10
114 124 10
13 63 39
52 64 54
45 84 39
1 92 10
108 124 43
0 136 18
13 125 50
88 118 56
53 73 38
123 137 7
8 67 46
5 108 41
16 72 58
14 49 42
48 86 0
87 130 53
122 127 40
14 130 59
65 91 24
66 88 54
71 134 21
19 36 27
70 135 59
47 56 41
59 98 45
54 106 5
25 135 12
101 122 44
33 136 46
37 68 50
87 121 55
31 39 37
46 60 11
38 84 6
89 115 39
3 105 43
32 89 17
59 70 19
103 127 26
31 128 33
100 119 31
12 72 48
17 25 12
82 118 36
10 80 57
22 29 44
39 51 56
26 40 23
15 17 45
83 109 60
14 80 11
33 49 48
65 65 14
48 101 58
4 114 11
114 126 23
14 129 5
14 47 50
16 33 20
72 134 50
104 122 48
106 135 9
63 137 41
2 130 37
30 118 4
35 91 45
45 92 17
31 121 34
16 65 10
50 132 43
56 138 60
59 108 4
5 131 32
14 81 3
31 70 58
66 109 2
68 96 11
123 131 15
0 66 22
27 48 32
49 83 8
37 117 37
55 77 3
38 138 44
28 36 11
54 131 39
15 69 45
117 132 7
68 132 16
62 104 35
37 136 32
67 117 31
2 78 26
9 73 31
38 44 2
13 55 43
79 90 44
1 26 6
50 95 39
112 137 29
101 137 51
42 118 60
60 86 53
44 71 49
78 81 28
27 108 29
8 115 40
88 101 12
66 96 27
62 97 8
120 124 13
11 44 35
6 55 32
99 131 29
16 137 36
27 125 22
23 72 51
92 108 49
46 87 49
75 111 54
85 106 47
22 130 21
39 67 3
13 77 57
15 19 2
43 128 30
95 137 5
68 93 8
16 100 18
3 63 0
21 95 30
111 119 2
23 54 15
27 94 51
5 104 45
84 101 22
17 33 47
11 78 12
39 92 50
29 124 31
89 122 60
90 104 54
15 40 3
14 127 49
33 33 3
1 100 58
86 106 21
37 129 43
43 65 9
63 71 54
35 73 46
67 114 25
31 81 1
51 106 17
111 115 5
35 109 29
100 139 34
12 89 48
71 116 47
38 139 33
74 92 7
4 57 37
35 110 53
38 60 45
70 74 34
11 41 50
8 72 11
122 131 35
50 114 55
70 126 33
4 19 17
35 115 53
32 61 1
93 137 32
53 118 22
9 130 49
53 97 30
21 53 9
32 101 29
4 94 26
69 82 17
56 127 43
54 136 51
83 121 29
42 101 56
62 109 0
25 85 35
56 109 13
68 99 39
9 68 31
110 113 11
78 91 41
105 134 0
29 117 41
43 62 29
21 57 49
64 126 29
64 106 40
26 109 57
57 120 24
5 32 52
60 100 19
71 123 32
114 114 38
26 60 25
26 108 22
99 104 31
36 52 53
0 86 19
32 139 13
82 121 42
32 51 11
73 79 47
18 31 56
48 52 28
76 115 59
26 128 7
21 97 14
11 138 15
45 133 15
35 48 27
12 24 12
26 132 8
15 108 59
107 134 19
109 110 51
20 87 43
72 72 10
30 102 19
67 76 58
65 129 45
112 131 4
44 128 48
27 77 23
21 126 5
0 44 21
10 89 7
14 98 54
34 116 59
1 18 18
17 19 49
0 85 12
26 103 48
95 126 6
105 128 43
112 122 47
83 96 3
105 139 43
7 129 8
64 116 13
105 133 4
92 104 51
18 112 0
58 124 58
85 110 24
36 61 38
11 20 5
51 82 1
0 126 58
12 38 57
15 16 10
27 42 16
43 100 23
41 68 0
3 132 12
79 98 3
58 138 20
52 134 16
129 135 5
44 130 5
64 117 40
15 97 4
63 107 33
52 57 56
0 108 27
38 98 18
48 60 19
53 70 29
83 88 30
117 125 51
40 113 11
11 112 54
58 93 20
115 122 33
97 134 30
3 73 50
66 74 41
53 101 31
18 79 43
40 92 5
15 90 42
80 131 48
48 103 45
92 121 17
55 80 60
9 118 50
56 81 51
3 72 21
38 133 42
26 71 26
25 87 48
71 108 56
50 61 17
35 97 44
40 68 29
8 109 44
36 76 36
53 122 8
6 15 8
17 110 8
103 110 2
9 14 16
90 93 22
17 26 34
77 118 17
47 91 39
94 96 27
37 90 21
53 133 6
46 110 13
45 59 9
41 60 17
27 80 42
66 132 39
81 119 4
13 53 48
16 127 42
101 134 45
51 65 20
33 91 32
3 67 32
48 120 18
83 90 40
54 84 15
13 30 48
78 122 26
11 16 47
14 37 48
2 3 12
64 129 32
36 60 41
94 113 6
77 137 41
54 110 9
56 66 22
66 117 26
52 93 6
70 91 18
61 69 33
78 115 58
55 106 24
3 14 31
102 126 59
14 28 49
45 89 11
120 125 27
53 88 13
104 123 53
32 90 37
1 59 24
64 93 43
30 100 35
36 112 5
92 103 60
33 111 48
39 85 23
78 94 26
27 117 30
33 109 10
44 133 37
22 103 13
52 82 15
38 70 25
2 95 43
91 112 26
99 99 37
34 124 57
62 130 19
110 131 45
42 83 35
49 105 35
39 97 2
76 85 47
113 118 50
55 104 56
56 117 39
42 93 40
75 81 2
38 52 29
33 78 22
44 67 31
44 72 1
59 75 55
106 133 2
103 136 15
18 52 46
55 83 4
77 135 60
21 47 40
5 33 19
59 111 28
8 123 58
24 87 26
17 65 3
60 64 49
58 108 39
26 139 9
20 53 0
51 54 34
84 131 4
0 103 47
60 88 0
37 53 21
12 33 55
61 98 19
33 70 42
45 62 39
61 130 11
87 103 56
34 69 8
46 108 26
18 137 11
95 134 45
0 69 21
2 20 0
87 107 37
95 123 5
2 113 45
98 114 60
26 32 26
46 132 35
1 8 55
70 79 12
29 121 12
81 115 10
28 55 13
9 55 43
10 98 26
115 133 33
18 65 9
93 94 5
89 135 44
32 38 21
7 24 6
32 55 53
97 103 17
107 137 37
4 23 41
93 113 47
46 94 36
69 127 41
27 56 40
73 78 56
0 138 5
56 94 34
54 112 25
16 98 26
55 74 34
76 93 41
16 77 48
25 58 37
64 137 53
51 76 20
50 103 4
38 125 27
74 121 51
23 87 30
20 36 8
64 112 5
86 124 14
64 108 60
87 125 29
65 77 3
16 102 45
25 130 41
98 136 51
36 90 6
33 51 8
69 117 27
2 105 19
45 126 0
32 120 28
43 114 25
71 94 32
25 45 15
40 131 60
112 129 14
84 111 54
53 125 47
94 106 55
9 38 54
57 132 25
3 113 48
55 125 40
110 132 20
50 138 30
3 57 41
27 69 8
50 50 28
92 120 42
17 37 10
33 120 22
4 124 11
105 110 34
14 136 32
5 115 33
47 117 27
67 120 22
64 82 46
18 38 37
39 89 55
3 93 38
25 101 14
80 134 13
83 135 48
63 101 20
107 127 60
44 85 50
19 29 16
1 116 41
46 135 58
44 99 56
91 94 46
8 130 44
61 120 37
43 49 19
5 27 39
76 109 37
66 133 32
98 129 38
33 92 47
16 110 13
2 39 24
30 32 55
77 131 16
48 112 25
71 98 59
53 127 54
65 114 26
94 121 4
57 91 47
32 79 33
79 138 32
79 135 20
40 43 49
15 66 55
18 75 12
54 61 17
19 85 21
44 106 27
52 117 15
44 117 2
12 106 57
9 138 46
35 133 4
71 89 41
42 132 43
74 87 18
94 134 1
39 81 3
71 90 31
52 123 15
20 77 11
40 81 60
83 94 40
29 135 13
48 72 12
40 44 38
5 89 54
54 94 57
70 108 1
105 118 37
71 77 34
92 134 60
10 11 6
10 90 35
46 95 56
5 9 45
82 84 22
61 74 10
81 98 31
35 103 39
81 84 8
37 113 14
46 55 33
91 134 19
13 79 6
113 119 28
98 102 35
48 99 30
80 87 6
34 80 24
83 136 46
22 101 27
0 2 25
35 93 55
41 74 19
67 83 51
98 104 43
27 29 30
46 116 47
16 36 9
81 138 5
78 123 33
122 130 41
21 49 50
71 117 42
13 20 24
0 64 20
62 105 0
27 126 47
23 89 37
3 126 32
1 135 5
118 136 33
27 91 55
96 111 52
107 110 2
3 60 35
1 22 33
24 101 26
85 138 53
62 87 32
13 135 33
39 59 56
80 118 27
28 63 52
87 97 57
82 98 36
9 107 9
69 121 20
93 139 9
91 97 41
6 138 2
86 134 14
67 138 16
58 104 8
14 21 50
67 100 15
82 82 22
29 63 41
1 75 30
25 90 10
78 105 48
6 132 28
95 111 57
82 122 59
28 37 56
83 93 41
86 105 42
19 106 0
100 128 39
92 93 16
33 99 22
58 84 58
62 124 32
7 74 45
110 111 60
105 136 38
78 87 19
20 86 36
82 83 38
63 124 14
23 95 56
41 130 44
11 67 45
73 74 56
73 91 21
27 74 20
37 109 49
14 22 36
37 75 5
54 132 37
27 52 41
56 75 41
33 41 42
35 39 0
9 112 32
54 93 4
57 122 8
75 137 43
43 87 50
42 49 49
22 63 40
27 81 29
19 103 20
25 81 34
90 129 37
91 91 21
62 107 28
103 119 15
82 127 36
76 137 56
34 106 60
12 52 56
102 106 24
2 55 55
41 99 20
3 13 28
6 136 59
38 39 54
20 113 29
3 108 28
61 121 13
25 39 31
1 43 39
9 56 13
47 89 10
89 120 27
94 120 4
33 105 34
52 113 34
62 81 30
61 110 39
52 137 50
29 62 21
87 110 25
81 92 41
68 128 2
40 109 1
19 37 40
66 115 7
21 91 21
58 90 44
39 62 30
114 134 38
71 72 55
29 132 17
74 137 43
24 80 43
85 127 36
79 119 51
26 116 58
111 129 45
42 70 21
25 106 4
65 68 44
94 129 51
52 103 36
19 75 50
42 134 54
13 32 9
117 124 44
65 80 18
18 53 19
55 105 4
68 106 8
1 52 35
53 116 40
73 104 47
50 70 38
84 90 9
33 63 37
22 67 38
4 108 40
83 118 54
21 65 34
18 18 46
64 100 59
37 57 17
18 47 15
96 124 36
71 107 7
24 93 10
41 114 7
6 65 2
74 80 54
22 96 42
97 110 43
74 82 27
107 132 6
118 138 42
38 122 34
40 119 10
82 91 30
6 10 28
1 74 5
11 98 60
74 112 43
82 92 53
7 101 51
6 21 27
38 112 20
86 108 37
44 78 41
17 31 12
7 114 46
93 138 59
67 128 55
17 132 55
30 122 50
43 85 19
77 86 31
56 85 35
91 122 34
36 70 51
102 107 6
67 99 6
86 114 1
90 113 55
32 69 50
32 91 49
26 121 45
52 80 41
46 59 8
47 54 6
37 115 36
13 124 43
86 97 7
22 135 47
22 127 46
5 7 14
40 112 51
32 45 49
82 130 48
105 126 17
72 124 7
41 133 54
34 34 58
31 76 44
4 82 37
109 124 16
90 109 13
21 55 6
92 132 34
58 119 59
15 87 25
4 11 35
53 89 31
73 85 25
95 125 14
24 104 21
26 65 24
56 78 8
12 25 27
73 123 32
36 44 4
62 106 57
80 133 31
19 23 12
107 131 34
10 36 24
61 84 55
22 74 1
37 91 1
19 96 29
57 123 47
39 136 58
73 132 45
77 79 1
67 116 13
102 135 55
15 101 8
39 102 17
57 135 53
21 64 16
68 74 3
70 71 47
16 21 4
86 129 41
30 138 27
68 103 51
56 116 33
79 121 28
2 89 22
83 125 7
85 104 35
17 71 2
31 52 39
75 75 52
38 100 14
71 96 3
86 135 29
92 123 23
54 74 23
0 51 25
15 107 26
126 133 3
4 6 2
11 76 41
27 133 9
123 130 46
49 128 0
58 78 48
44 74 30
119 138 7
75 108 39
41 57 33
1 4 30
10 63 10
69 122 36
15 75 32
84 124 37
31 138 51
29 58 45
89 121 36
85 131 15
14 112 2
36 130 38
68 116 35
77 83 24
56 76 15
22 66 52
51 125 52
13 93 26
33 55 45
44 123 23
122 137 56
46 124 57
13 132 1
74 88 26
27 50 12
86 117 26
5 21 2
96 133 51
74 78 14
108 132 27
46 46 60
24 115 53
23 51 40
96 107 52
80 103 26
4 15 49
106 130 32
61 75 55
29 35 34
0 45 36
94 138 29
79 124 54
91 92 20
19 116 52
0 94 39
26 53 12
33 74 46
106 131 13
44 110 58
105 109 10
30 74 45
70 130 54
12 120 39
81 101 44
29 46 27
10 101 12
39 75 36
9 47 26
101 125 54
18 107 44
71 80 9
81 127 21
3 133 21
38 65 4
1 104 3
85 105 17
94 109 6
17 47 29
106 110 12
33 36 2
16 68 55
91 132 30
63 79 37
4 71 19
36 82 1
60 137 2
64 68 20
0 91 33
36 120 40
45 115 25
92 135 58
61 81 60
100 100 4
26 123 19
68 117 52
48 83 6
114 129 51
57 73 18
103 108 50
8 25 21
3 39 33
70 120 41
19 119 8
30 60 53
34 111 27
31 33 54
81 116 46
25 64 23
88 93 45
72 73 23
23 121 36
45 66 30
82 86 47
61 109 8
20 104 43
61 102 38
26 54 19
4 62 35
78 119 30
27 36 23
37 111 20
32 129 48
62 126 31
57 105 15
104 132 12
112 133 35
47 114 53
21 77 12
7 61 41
29 86 59
66 76 18
49 60 31
7 75 13
18 78 42
71 118 6
57 98 19
6 109 16
58 80 27
29 127 27
103 123 3
96 103 0
32 47 57
31 68 36
60 130 25
59 80 12
20 72 11
67 70 44
60 76 2
94 125 36
85 119 31
67 137 59
9 20 3
86 94 54
81 134 58
13 15 45
89 119 6
79 79 25
8 10 54
0 36 60
44 94 0
119 119 51
3 50 50
5 132 22
42 73 25
110 125 49
4 31 20
1 61 41
3 106 43
34 139 1
41 97 42
105 138 41
68 68 10
4 91 22
19 55 27
68 100 10
23 108 30
39 49 3
42 108 58
24 36 57
11 51 25
78 78 22
92 96 35
52 100 22
36 97 4
8 87 14
17 39 12
10 137 57
94 136 51
111 116 8
59 139 50
67 77 5
71 93 45
72 112 1
102 115 34
4 83 14
23 56 7
2 118 26
50 62 25
95 109 38
97 106 47
57 71 16
67 82 15
74 84 6
27 111 35
67 119 3
10 121 9
35 80 50
41 78 37
36 74 37
106 113 28
74 83 37
76 114 36
19 111 57
88 131 34
107 139 28
59 87 15
37 124 6
24 90 33
26 77 55
23 66 6
63 95 27
15 94 27
0 20 47
44 122 48
52 84 31
35 104 38
7 88 52
104 136 43
66 71 20
69 84 50
22 23 54
15 86 56
68 129 46
8 18 1
75 98 34
24 94 50
77 97 50
16 117 58
33 118 12
33 106 40
31 67 7
84 136 9
62 120 46
25 53 39
7 15 42
6 78 0
27 86 35
17 45 39
29 74 58
66 70 41
14 82 23
38 85 52
79 122 24
26 47 2
14 69 26
89 99 1
61 133 40
42 76 14
20 138 43
51 100 10
37 39 12
46 131 54
67 89 37
36 117 54
80 124 47
66 104 35
1 64 20
75 79 49
54 85 18
31 35 25
54 55 22
2 6 12
2 25 34
101 116 10
42 42 56
64 66 54
23 26 23
55 130 18
5 88 26
29 131 43
28 30 53
37 85 32
14 84 52
13 71 50
80 91 52
7 35 23
95 103 19
3 131 32
48 131 52
28 123 8
12 16 49
62 135 21
5 113 27
28 94 48
24 41 15
20 79 4
43 101 45
102 128 9
36 57 1
5 118 6
29 36 58
27 76 47
52 105 17
92 125 27
13 27 57
18 27 4
45 135 29
59 85 48
26 78 49
33 124 52
88 115 27
49 104 34
2 71 49
2 17 41
73 80 44
87 102 27
23 125 10
96 116 44
88 110 54
95 139 34
18 69 30
71 135 2
13 95 9
68 119 40
44 127 42
77 104 23
24 32 3
31 82 40
9 139 39
18 114 13
72 102 28
25 84 11
77 124 55
0 98 38
1 14 54
125 138 35
9 65 11
36 105 42
11 135 15
63 75 59
70 119 17
76 102 28
110 128 38
11 12 23
59 109 43
41 56 21
116 136 44
20 131 21
39 132 23
9 97 3
70 73 40
31 129 42
102 110 30
25 136 12
85 107 16
91 96 34
90 137 32
74 110 43
18 90 39
62 72 27
73 99 7
16 107 51
101 119 40
43 46 22
56 126 25
12 118 8
5 85 8
8 57 47
75 105 42
3 91 2
15 96 2
21 130 15
58 113 7
37 72 8
58 109 3
67 91 55
78 118 12
87 111 9
12 86 16
107 107 32
5 78 7
91 126 58
52 81 48
68 111 32
19 69 41
119 120 33
13 105 38
36 77 39
70 125 19
20 47 6
21 98 54
112 123 19
14 65 5
16 129 7
13 100 14
23 99 17
21 58 8
91 127 47
121 132 14
82 104 39
100 125 32
106 129 60
94 122 57
32 86 0
46 63 44
91 135 39
81 107 54
47 136 25
13 133 49
11 75 23
98 127 44
27 102 8
102 118 4
45 53 25
58 137 31
71 121 6
6 17 50
63 81 52
12 134 31
44 119 10
70 133 47
10 132 5
5 76 25
60 79 23
28 122 58
78 116 29
68 130 24
11 63 55
55 73 14
10 35 33
85 137 2
9 84 55
84 96 33
17 73 51
72 89 53
48 75 60
39 101 52
52 74 46
26 94 52
89 125 1
93 121 57
66 120 1
45 94 24
101 135 26
103 112 16
36 56 44
1 132 55
106 116 18
57 85 18
13 25 15
20 37 56
22 49 58
16 54 29
84 122 20
57 84 32
4 66 9
5 122 28
47 127 2
58 98 38
21 132 26
31 105 53
89 107 60
66 138 4
31 96 38
7 66 25
112 136 28
36 79 9
12 53 33
19 100 41
27 88 49
73 103 11
40 60 0
17 136 10
39 69 36
42 121 32
35 53 46
64 71 9
64 75 0
70 137 58
8 23 51
6 97 52
27 104 52
3 20 2
25 80 37
55 96 58
71 71 55
97 108 17
35 57 30
3 30 41
61 99 6
106 117 55
37 93 58
26 96 50
52 71 46
5 105 31
24 135 19
23 130 36
109 136 59
56 102 19
95 120 13
15 45 48
5 47 5
29 79 13
24 110 57
13 76 50
7 106 41
71 130 38
104 134 4
48 128 22
76 100 38
81 109 51
78 131 31
21 69 40
63 119 23
30 83 43
82 107 49
65 121 23
79 92 34
22 76 21
40 136 19
5 127 39
5 50 40
66 85 27
103 111 14
52 116 26
79 89 7
84 98 40
62 75 55
10 87 2
57 95 39
23 126 47
34 122 14
102 117 6
30 59 12
19 51 39
95 118 27
50 74 19
68 123 21
7 63 11
60 71 13
94 116 60
17 21 49
48 69 25
18 104 36
15 37 31
20 45 39
32 131 18
20 91 36
32 88 29
16 91 51
92 101 7
11 38 56
35 117 27
60 62 23
77 130 9
65 85 34
66 139 44
1 81 2
27 127 54
31 89 11
55 123 0
0 55 9
76 131 4
47 67 52
50 83 0
28 132 31
72 88 56
51 118 2
29 96 56
40 127 32
97 133 55
80 98 15
22 136 20
72 74 35
69 88 55
119 134 46
56 111 34
64 110 20
22 110 33
65 122 20
58 97 33
15 104 38
10 42 5
7 115 33
15 83 24
53 105 14
19 42 14
86 86 36
66 116 5
67 69 46
98 99 12
62 137 8
33 46 41
14 53 33
49 130 29
78 89 51
1 119 48
5 28 24
75 124 6
39 121 49
43 132 1
79 85 27
63 134 15
111 123 36
89 134 38
28 43 5
32 103 22
100 114 43
68 114 25
124 137 32
33 82 10
99 133 34
103 116 48
43 55 12
44 121 20
31 71 35
31 38 56
51 121 50
6 41 30
86 136 46
43 118 14
60 82 25
64 102 8
46 103 27
40 106 18
46 99 48
25 60 55
61 80 18
47 108 31
76 135 35
47 138 51
2 125 57
74 105 11
36 42 6
61 113 6
108 116 49
48 95 49
74 115 56
8 132 24
1 97 8
4 105 54
15 65 43
29 125 39
10 54 28
3 125 17
10 18 37
91 108 30
31 135 41
3 116 38
17 100 12
21 121 58
2 33 42
38 127 56
16 135 59
31 40 15
85 113 1
8 99 23
20 89 54
54 98 52
49 62 59
45 91 41
61 86 14
11 85 35
20 92 8
29 39 24
6 139 18
61 83 48
20 29 28
98 107 12
60 72 40
36 116 33
62 63 8
16 67 41
17 87 4
10 99 6
38 64 4
7 56 16
0 18 52
13 112 46
69 104 23
8 70 42
31 78 23
107 122 44
115 137 36
51 128 18
61 70 1
48 102 32
14 110 54
42 80 49
53 96 39
78 112 2
8 74 13
1 107 4
4 139 9
15 124 58
82 99 29
39 73 46
77 101 60
21 109 38
71 83 55
80 99 38
41 58 53
40 102 25
18 51 56
34 138 41
94 102 45
12 130 6
39 124 59
73 93 37
3 66 13
0 72 43
6 39 27
100 102 31
60 83 51
26 120 24
82 105 40
66 124 18
24 106 19
33 121 26
40 100 34
46 69 26
82 85 27
62 114 56
62 74 47
75 76 27
3 48 4
6 61 23
78 120 18
31 108 10
34 43 42
88 111 11
17 134 12
87 129 59
30 41 54
73 130 2
13 119 20
1 31 46
31 125 47
22 100 14
24 132 32
124 135 1
101 132 56
78 86 8
29 76 12
17 24 22
92 117 29
19 25 13
55 113 7
17 18 9
9 77 11
23 85 37
49 93 0
49 67 25
98 110 27
57 70 5
37 84 60
45 125 26
61 132 7
37 38 54
11 96 35
86 102 50
15 78 26
56 69 0
10 115 34
23 42 11
57 119 49
55 79 41
74 126 52
94 133 21
24 119 9
43 78 57
6 122 15
45 103 46
76 130 6
5 71 45
8 54 21
17 20 43
10 81 4
58 67 13
58 66 52
10 68 30
11 59 17
42 64 57
2 123 35
79 107 6
78 83 29
21 100 12
72 76 41
75 100 54
26 38 54
46 102 1
6 92 27
74 85 3
13 49 32
52 56 31
46 51 39
66 122 34
18 92 48
56 71 1
17 58 42
92 119 25
91 119 54
3 81 34
11 131 48
81 113 35
74 77 27
37 98 23
5 75 3
28 68 11
10 108 7
43 119 20
23 48 48
11 34 31
89 127 45
81 120 35
24 136 1
26 67 35
35 130 47
15 131 17
29 104 43
42 128 14
60 94 30
32 57 40
77 122 0
20 74 19
36 101 2
86 118 51
26 127 44
90 110 50
30 104 6
32 73 7
86 89 21
58 79 48
12 32 30
90 136 6
20 126 2
70 114 31
1 58 35
63 127 1
47 79 2
28 103 11
35 92 47
25 77 5
32 37 41
95 95 19
76 99 7
22 83 34
72 138 7
87 132 6
44 116 17
64 131 5
29 107 16
52 96 42
14 102 19
16 92 52
20 112 33
49 129 26
2 43 4
54 137 10
15 123 1
24 79 13
17 138 45
78 99 11
6 114 21
35 51 52
16 78 35
22 68 56
1 56 38
1 21 6
2 131 46
23 31 20
27 57 38
80 81 29
55 115 18
65 126 55
39 93 11
101 121 32
10 134 60
75 91 35
30 108 19
11 137 15
22 117 20
18 41 2
59 130 17
39 45 20
86 88 23
37 61 8
77 138 0
51 63 16
57 58 19
93 111 36
38 94 26
39 48 26
39 104 56
86 138 17
34 128 32
54 134 24
26 88 59
59 129 40
67 121 28
38 116 54
53 76 58
25 91 13
30 96 35
19 83 34
1 84 19
68 70 9
47 116 42
5 37 32
11 40 53
65 136 1
76 91 53
24 75 26
7 18 51
9 60 10
63 110 18
7 58 57
12 127 31
63 102 20
14 121 17
0 57 31
2 96 32
23 119 55
104 106 23
11 69 45
53 64 12
32 80 3
70 110 0
15 85 3
66 97 29
2 29 56
37 82 37
38 56 4
40 54 22
64 80 20
47 129 6
9 108 54
1 10 47
80 125 2
72 120 30
65 119 59
54 86 9
94 95 4
13 116 39
15 44 33
75 82 38
42 110 55
59 76 32
29 72 34
32 100 2
1 126 38
24 86 24
3 109 27
59 123 8
1 38 55
20 122 3
10 103 49
38 110 54
91 120 17
92 139 25
29 80 57
31 37 51
84 125 20
72 77 48
37 54 55
60 136 9
66 119 58
58 82 51
12 126 59
39 129 30
20 82 33
37 107 59
94 128 22
77 139 21
56 105 10
76 138 52
5 107 0
6 14 7
8 118 0
84 132 48
20 39 45
84 87 47
107 121 26
76 132 27
42 133 41
42 87 22
7 42 28
65 135 46
30 139 18
62 102 47
47 63 52
99 115 56
47 118 9
39 116 35
55 94 26
49 89 26
2 128 16
62 139 57
42 97 20
89 90 59
81 110 29
45 67 8
43 124 40
108 114 4
91 104 34
12 95 38
76 113 43
112 120 49
0 90 21
95 102 12
31 77 5
52 79 4
20 56 25
65 115 14
54 107 19
49 80 59
27 89 58
58 106 15
54 122 7
67 110 59
79 116 36
121 122 29
29 120 12
54 89 60
11 79 37
67 88 37
62 110 35
17 42 7
42 56 47
39 55 29
6 8 15
65 105 14
34 72 57
86 87 60
9 110 36
35 122 58
61 114 43
90 115 54
21 111 35
48 48 19
80 100 39
110 116 12
61 87 54
50 69 54
10 46 54
57 130 18
40 69 6
71 111 2
64 86 27
39 58 13
57 116 10
74 99 59
52 138 53
39 122 15
41 49 36
22 116 52
71 115 0
44 125 15
9 122 46
89 103 6
59 102 1
28 127 58
27 122 27
57 133 29
0 127 31
29 42 8
101 107 24
82 126 5
59 90 57
29 69 47
108 118 40
18 131 40
50 56 38
54 70 40
62 73 33
34 81 28
91 121 55
54 82 56
2 13 27
17 88 44
100 113 54
82 125 13
23 115 16
75 119 5
47 120 58
58 58 36
45 121 24
27 62 5
5 69 22
65 132 37
29 114 10
2 57 39
30 88 24
14 34 24
4 63 19
70 115 26
7 33 22
47 102 17
12 67 56
30 111 35
43 139 28
2 120 20
59 63 10
4 110 29
6 101 32
20 76 3
19 77 35
11 19 51
110 121 50
106 132 23
56 73 22
62 64 17
36 113 15
12 80 57
74 108 25
2 42 26
13 46 14
53 130 15
27 113 31
19 135 52
112 138 35
11 14 5
71 110 15
74 89 51
79 106 57
17 120 0
54 128 22
51 111 43
58 71 8
102 114 33
20 105 49
57 88 37
41 70 47
5 23 26
29 109 55
39 105 23
39 139 48
76 139 11
10 59 52
25 109 32
4 129 0
78 126 4
45 118 60
35 88 51
28 109 5
4 131 19
75 95 29
0 70 39
45 98 27
12 124 42
10 86 55
75 131 18
65 138 35
37 127 45
89 118 59
17 111 35
103 117 40
75 126 11
38 97 48
32 125 57
12 88 19
2 80 48
16 29 36
42 96 25
20 27 50
21 36 39
49 136 45
34 126 51
7 48 40
27 41 55
45 114 9
80 135 34
81 131 11
76 94 16
38 126 42
38 104 18
46 56 6
35 85 27
48 123 19
36 99 28
55 129 15
98 101 36
20 34 26
55 88 29
0 124 12
24 38 25
30 110 51
19 41 41
31 56 16
37 106 17
34 118 41
64 104 55
63 78 43
32 32 45
54 57 26
69 103 34
66 123 3
4 59 6
67 85 3
32 58 28
24 109 25
63 128 46
60 114 21
66 131 24
67 125 23
49 108 2
46 109 27
24 125 49
36 63 34
42 68 47
43 109 31
52 76 19
40 64 4
42 48 2
49 90 9
35 125 18
12 17 7
72 136 60
113 134 59
61 79 19
2 99 30
71 101 24
73 75 42
1 123 58
18 20 34
90 116 10
83 113 19
15 88 19
45 77 20
18 117 9
51 52 1
8 12 19
27 128 32
39 39 54
15 74 47
30 86 58
100 124 7
57 67 2
32 71 49
36 55 17
66 94 26
11 48 6
91 136 35
5 63 17
31 111 2
93 129 3
43 108 28
11 30 60
84 115 11
53 66 29
14 73 55
25 33 9
18 116 52
40 75 12
19 108 56
97 137 58
82 89 18
3 26 21
21 68 28
88 135 55
41 94 55
18 115 25
16 16 42
40 76 28
48 93 20
19 35 39
6 50 11
9 136 20
27 46 59
72 75 7
24 62 5
6 115 39
10 61 39
75 96 50
76 106 51
67 107 13
48 111 30
34 127 60
75 103 28
31 90 5
32 93 23
87 90 36
45 99 51
107 123 17
13 91 12
51 71 8
17 64 1
107 128 40
56 122 25
39 80 2
13 113 45
8 78 25
64 92 20
7 8 44
94 114 24
23 114 51
108 136 24
3 22 24
46 133 39
83 85 21
20 67 54
74 138 24
78 106 32
1 121 52
87 134 12
41 106 0
32 76 31
13 54 36
52 107 3
9 45 33
5 56 57
13 13 16
19 20 54
15 117 49
64 87 43
18 45 42
5 124 7
60 131 9
8 136 0
6 95 39
82 123 55
2 138 45
117 127 35
43 111 10
39 119 37
57 62 11
9 53 45
3 28 8
3 41 13
90 94 13
30 45 19
43 106 32
65 97 34
3 6 15
61 93 17
59 134 31
77 110 48
6 36 50
35 68 12
75 112 58
50 98 30
57 92 39
16 93 0
14 132 46
108 112 31
14 27 4
25 103 13
118 139 52
8 39 0
55 97 36
51 105 12
8 107 59
45 107 14
52 121 43
5 106 34
80 95 41
39 54 21
57 126 31
64 90 10
53 137 52
45 48 46
57 90 46
20 80 26
10 139 54
33 81 34
53 104 1
79 113 51
16 62 10
30 51 47
0 112 29
9 115 25
87 128 5
44 91 47
79 125 15
12 77 15
80 83 58
46 134 30
49 119 11
9 121 13
34 37 9
6 123 1
63 138 39
42 58 25
67 71 50
19 129 60
67 139 2
38 135 26
1 91 43
7 126 29
37 71 42
15 39 45
33 75 48
21 63 54
81 121 37
12 45 35
90 125 22
35 61 40
7 131 4
0 13 22
49 102 33
10 133 1
42 94 11
46 47 48
15 55 30
16 118 40
32 78 57
62 125 5
42 119 13
79 100 9
60 128 50
61 96 44
101 126 9
27 98 20
92 94 60
27 107 29
51 110 56
78 132 13
85 95 55
10 12 28
51 59 14
90 95 58
6 71 41
113 125 39
23 102 49
38 48 0
28 117 2
58 122 57
43 47 46
75 101 32
42 114 3
63 120 39
13 61 24
14 89 0
19 99 42
81 114 42
16 52 51
61 134 37
10 21 22
59 138 34
1 63 6
8 111 54
59 124 17
3 77 54
32 77 51
23 71 27
84 112 10
20 127 43
32 63 22
18 73 19
58 114 22
77 92 44
40 133 33
24 37 43
30 42 49
78 137 60
71 95 14
3 53 24
9 95 2
53 58 35
12 75 25
102 120 25
66 111 20
25 32 25
93 133 45
66 90 36
71 103 22
12 105 39
50 91 24
1 117 12
40 63 24
6 125 13
94 127 56
69 125 48
12 125 3
45 76 40
21 84 35
43 129 56
56 108 2
23 63 20
74 132 20
37 94 12
8 138 18
43 83 11
59 115 1
54 101 30
49 110 40
7 86 55
23 113 38
2 10 19
3 43 24
23 34 60
4 44 0
79 80 24
33 114 29
69 139 29
23 109 25
65 82 20
26 104 19
43 136 21
36 66 51
23 139 34
26 90 30
97 104 58
54 64 58
50 116 55
25 35 19
1 82 53
27 39 57
27 96 28
96 109 4
61 101 28
18 43 57
81 97 48
34 101 8
63 67 40
61 61 20
2 81 46
17 54 0
8 45 56
35 60 1
11 126 4
5 34 12
4 67 58
36 67 3
36 119 7
48 129 51
34 52 8
21 96 20
13 52 7
41 75 34
102 104 8
4 135 34
70 112 48
69 91 23
62 70 42
14 120 13
76 86 58
9 87 34
0 8 37
41 113 8
26 101 0
32 52 40
51 139 39
15 116 55
6 25 10
72 98 6
28 93 46
48 109 2
66 79 20
25 139 18
89 138 40
24 77 45
103 139 36
113 133 47
42 123 12
36 136 19
60 73 2
18 49 50
38 92 39
20 30 24
60 70 9
51 108 8
74 93 0
89 100 16
68 134 0
42 117 7
80 120 24
100 107 46
3 10 58
48 107 50
16 45 57
1 78 8
82 139 38
62 86 16
20 24 36
86 107 27
62 101 19
69 78 11
17 131 10
37 55 32
29 128 14
37 78 56
36 48 9
7 124 36
90 120 37
94 124 21
36 89 41
4 98 55
5 77 14
88 123 2
8 40 21
34 99 8
44 118 6
107 108 40
16 58 46
20 115 46
57 69 1
48 121 2
84 121 53
61 108 5
4 69 54
15 77 49
53 93 15
46 77 5
14 20 50
37 60 49
49 124 55
35 124 20
46 96 54
3 102 8
48 139 45
16 121 28
14 95 60
9 27 4
2 72 16
4 25 8
24 54 42
96 117 15
60 60 13
43 43 24
41 50 59
51 119 44
30 136 16
47 101 28
60 121 1
51 109 11
24 114 1
18 108 55
93 116 9
82 120 30
5 64 42
20 59 0
76 133 28
38 105 35
20 40 36
34 61 10
17 48 40
112 128 10
43 81 41
1 33 30
99 136 30
72 110 23
16 86 16
19 54 21
97 119 3
51 81 35
23 58 37
80 88 46
55 131 6
50 59 8
65 112 7
24 66 36
19 122 9
5 130 42
48 117 53
10 31 17
42 46 52
29 100 5
5 35 50
73 127 55
47 73 56
43 51 24
86 131 28
49 82 52
59 116 19
31 99 38
28 56 27
3 51 35
59 97 1
79 95 2
34 35 55
60 134 3
31 73 34
67 133 45
42 105 22
66 99 50
68 75 47
40 107 19
23 129 27
0 68 30
9 50 10
68 84 13
76 101 25
40 105 38
32 82 19
14 60 3
53 53 5
2 8 34
23 68 46
43 58 20
44 120 13
28 50 57
46 85 12
39 135 12
19 104 20
40 82 25
16 94 41
51 61 14
7 103 45
60 66 28
53 54 58
70 113 42
19 71 53
33 104 8
58 139 58
40 93 17
0 123 8
106 108 52
3 119 49
40 103 17
66 125 39
31 47 54
2 122 59
26 105 36
13 31 26
99 110 13
24 91 39
74 125 59
13 29 12
9 82 52
24 113 37
3 4 13
10 14 13
34 42 35
64 135 21
45 113 33
20 98 16
85 123 56
35 106 30
73 134 31
34 36 57
45 54 47
20 120 42
11 90 41
12 128 5
46 73 40
49 63 59
47 98 52
96 139 15
0 17 36
16 23 15
28 98 20
0 35 32
26 138 52
72 99 34
2 94 16
21 61 52
14 88 24
31 34 43
38 124 24
8 76 6
20 136 28
95 110 28
7 125 25
8 137 54
65 72 59
59 68 35
25 44 18
91 113 35
101 117 47
46 76 12
23 49 55
12 112 45
12 103 57
77 109 7
25 59 47
48 82 52
57 60 56
3 92 18
4 95 10
95 99 2
29 66 53
54 87 3
56 121 16
45 45 10
13 14 13
9 66 37
40 139 36
28 59 17
92 92 0
69 102 25
35 44 46
12 40 13
84 127 35
47 75 28
31 60 9
56 120 23
29 47 52
26 89 56
16 89 50
69 71 29
3 37 40
8 56 20
3 59 29
56 133 41
44 95 37
63 85 9
89 105 21
13 82 9
24 34 59
55 57 35
33 83 46
90 130 29
28 86 25
38 40 27
64 64 48
56 96 17
74 104 9
20 132 33
40 65 0
42 57 42
38 108 52
85 102 33
24 108 3
4 13 52
9 15 44
76 107 50
33 110 28
94 112 42
90 117 19
68 112 35
41 103 49
20 68 7
32 72 44
80 107 15
7 64 33
8 14 34
32 34 44
1 98 17
15 134 42
32 95 57
42 120 12
26 33 19
4 99 16
55 133 17
19 102 55
10 135 28
6 60 29
6 42 46
32 115 32
21 129 20
16 99 44
55 110 33
13 47 51
55 75 2
96 105 27
48 67 52
77 108 37
25 34 36
40 97 53
35 138 52
65 123 0
27 136 41
10 16 52
33 45 17
105 122 8
28 28 19
19 137 31
13 85 39
39 134 58
65 110 56
10 71 38
45 93 21
32 109 28
18 21 42
28 112 55
35 78 9
58 62 23
107 118 58
91 123 52
67 105 26
43 110 5
51 122 33
35 134 51
77 102 37
113 114 53
56 103 10
41 69 8
5 81 10
67 72 21
0 7 34
35 55 41
52 91 37
49 81 13
72 81 3
85 134 10
20 100 7
33 97 60
18 57 5
23 50 4
35 35 28
48 133 2
84 95 37
73 87 27
13 114 39
33 127 40
23 135 53
6 124 53
28 73 39
101 112 10
55 58 54
17 22 3
17 114 52
65 94 31
6 77 15
29 61 49
7 69 8
17 133 38
2 16 26
41 108 16
21 116 24
16 83 60
80 113 29
17 112 53
5 74 53
4 122 13
44 89 42
15 132 13
73 98 23
19 59 37
55 118 18
50 58 43
51 123 37
5 129 18
68 131 40
20 101 3
3 84 3
73 139 55
109 114 26
23 96 26
47 135 48
4 126 24
73 128 24
27 34 4
40 66 9
29 54 28
4 35 0
9 58 41
11 80 32
51 74 23
7 84 31
30 56 34
48 78 55
83 137 5
6 86 52
47 68 21
22 36 41
26 41 55
64 81 43
25 49 6
51 132 34
79 118 40
25 66 58
4 38 42
53 63 56
43 98 22
12 100 14
36 65 59
61 126 6
40 88 10
61 73 51
25 107 33
93 127 26
32 108 53
26 119 55
54 139 38
22 45 18
59 128 9
15 24 22
39 125 6
42 69 39
51 78 49
40 46 17
40 55 39
0 31 11
22 30 36
33 69 55
56 74 18
92 137 22
28 119 48
97 102 9
49 70 56
46 114 49
105 114 39
9 33 46
48 118 38
95 117 9
22 59 8
29 49 0
18 23 6
38 115 33
36 118 15
94 105 17
84 100 6
111 125 53
38 58 9
24 118 34
14 137 12
9 89 4
45 129 48
19 64 3
31 86 60
63 74 25
73 90 55
6 63 57
44 69 34
38 121 33
17 36 1
36 83 45
56 132 32
39 63 27
15 36 12
41 129 49
10 107 21
3 42 55
41 65 45
49 139 50
21 30 58
88 102 31
58 120 23
7 137 54
65 93 3
117 121 51
42 107 59
13 34 3
51 87 43
20 20 26
85 89 26
62 93 16
23 73 8
67 81 53
4 36 45
24 68 9
48 130 54
42 71 25
12 110 40
92 128 39
26 114 31
56 97 43
23 23 56
19 98 1
1 20 47
52 85 39
50 131 35
45 72 2
6 40 34
38 132 15
51 97 57
32 67 52
56 58 0
10 10 32
84 117 9
42 89 17
36 131 22
30 62 36
73 113 17
11 93 24
13 36 23
1 62 13
54 126 48
69 83 24
100 116 10
1 76 2
50 128 39
12 23 33
12 91 43
45 58 59
25 116 53
48 76 20
81 88 12
25 93 23
62 83 53
10 126 12
79 136 18
22 118 53
30 91 34
17 62 23
49 73 16
2 112 51
10 117 34
75 138 41
54 54 0
63 82 26
33 112 49
32 133 57
3 122 44
42 137 55
45 86 0
23 136 28
9 39 52
15 63 40
55 84 21
9 125 58
66 78 38
53 79 42
26 46 49
47 70 58
64 84 54
35 127 60
9 133 9
43 71 59
70 101 16
62 71 9
2 111 33
102 132 55
0 83 29
68 109 30
7 62 28
111 124 33
61 125 40
59 127 34
83 98 30
53 135 7
31 49 10
30 89 54
63 77 57
79 81 46
66 112 3
22 98 54
96 110 28
11 33 10
58 103 14
70 105 5
53 128 34
24 98 9
35 70 22
13 138 27
79 127 4
31 42 21
77 125 1
16 128 29
50 79 51
30 109 36
47 96 25
70 123 36
64 136 21
48 55 58
18 110 46
73 115 22
32 130 6
99 117 49
73 88 58
69 112 28
30 79 44
48 91 20
55 63 59
47 122 47
11 13 39
18 64 57
18 89 44
5 30 27
33 57 37
109 118 60
25 56 20
4 32 1
12 58 38
43 120 46
9 106 41
48 77 21
32 70 60
28 39 36
46 81 49
36 111 4
43 138 33
66 118 59
0 96 8
45 50 9
0 48 2
38 61 38
81 129 42
84 139 17
2 11 47
26 107 17
40 80 42
24 69 2
20 128 37
40 118 0
23 83 26
32 50 30
52 109 45
98 120 5
6 104 39
57 97 21
1 73 5
50 122 56
33 62 45
10 85 3
79 129 54
22 80 48
12 114 60
8 110 18
47 53 31
15 58 44
13 38 40
53 102 22
3 71 41
106 138 50
28 32 31
2 74 33
34 66 22
8 42 15
66 67 2
50 93 44
15 29 1
50 113 21
19 63 52
35 71 40
44 104 23
62 134 26
11 23 11
52 52 8
44 112 38
50 111 54
11 99 43
54 119 16
39 100 4
68 95 47
44 63 40
32 85 57
34 135 22
4 127 38
62 62 10
83 122 15
65 78 4
21 133 56
53 124 47
80 93 29
51 70 14
12 21 13
53 90 22
4 77 33
9 18 4
68 98 52
6 70 57
41 135 26
2 66 5
0 79 9
108 113 59
1 87 57
92 129 24
34 82 4
89 116 50
19 53 55
77 77 12
2 31 30
6 28 26
68 102 20
14 64 39
27 100 47
27 120 41
53 132 17
88 136 15
41 111 19
10 83 46
34 133 58
7 83 9
42 115 44
12 68 39
100 117 27
17 50 25
9 69 2
110 117 54
78 134 13
85 86 1
51 62 57
3 110 28
8 46 11
52 111 59
51 57 3
27 82 60
22 33 37
43 75 9
41 136 45
31 95 27
53 100 17
83 102 12
93 104 40
54 67 55
58 117 56
4 49 25
46 61 53
86 133 0
58 75 27
52 69 9
14 133 0
4 34 54
102 125 57
4 46 21
71 126 5
55 86 54
59 114 30
36 75 33
4 12 50
14 25 3
57 104 58
49 103 2
14 44 46
44 47 7
9 17 8
71 122 33
6 59 14
72 106 27
27 90 39
39 65 29
13 129 52
18 98 29
2 58 25
91 137 51
22 120 46
12 85 49
30 43 25
70 83 41
25 117 28
53 74 51
21 72 39
39 109 29
0 56 60
37 58 11
46 52 50
2 27 13
34 114 13
63 135 20
43 130 22
58 74 32
9 11 21
76 78 4
6 53 15
37 92 11
16 73 39
29 94 16
63 111 0
42 116 34
31 120 53
71 138 20
4 53 12
25 122 33
13 115 19
47 106 47
40 101 26
79 84 12
12 47 21
24 49 59
36 129 36
90 103 19
3 121 49
16 79 21
0 130 26
7 49 50
44 109 32
6 131 11
78 111 56
4 26 13
9 16 55
48 134 17
58 85 0
82 110 52
8 73 49
18 84 2
90 97 42
10 111 43
5 136 53
0 11 12
44 139 22
97 130 5
55 99 32
34 137 50
42 59 51
48 89 38
50 67 16
43 96 0
23 62 24
99 130 40
111 117 20
72 126 0
7 45 59
33 129 50
62 96 46
9 85 49
29 82 43
99 114 9
15 76 41
76 97 12
32 65 10
7 112 34
29 29 49
29 48 0
107 125 31
71 128 54
15 33 40
65 133 3
58 65 48
25 69 47
3 123 58
68 105 49
48 105 37
49 95 50
99 105 7
99 132 23
67 78 28
58 136 9
3 58 23
67 92 33
18 85 24
109 137 1
17 82 3
7 30 8
10 50 10
68 135 2
19 117 31
77 95 14
22 50 42
49 96 48
10 62 22
36 72 31
2 30 52
3 85 44
63 112 55
47 61 46
24 74 5
44 56 5
48 97 5
5 70 59
94 108 14
62 79 10
15 50 19
59 118 42
7 123 33
65 104 7
42 112 20
31 63 53
45 108 35
95 121 30
30 65 55
39 96 34
47 47 40
87 127 58
50 55 17
28 41 13
37 88 37
73 100 7
51 116 8
11 122 40
35 67 38
17 90 16
87 138 58
22 87 26
5 45 51
42 53 12
9 91 19
105 123 27
47 87 15
96 130 11
77 127 18
104 126 4
38 91 25
62 132 60
33 107 23
57 121 48
3 118 13
33 76 43
1 68 29
50 115 51
0 125 57
26 55 14
0 32 13
1 67 42
8 122 25
36 139 25
43 45 12
47 100 13
46 104 35
21 110 6
85 132 23
108 111 57
28 118 23
6 18 43
21 24 57
11 123 42
16 24 11
30 47 56
7 138 51
38 96 12
72 86 53
14 15 44
70 139 57
0 122 7
66 81 25
3 11 30
10 122 20
17 70 14
68 138 2
84 130 3
65 117 43
83 97 13
61 63 25
15 61 54
8 94 34
26 48 22
39 50 1
16 31 11
17 97 15
37 139 7
0 87 18
3 101 20
72 139 56
81 89 60
30 80 56
34 108 30
34 136 18
23 138 50
79 120 10
15 110 47
50 109 58
22 58 5
67 84 22
55 138 54
68 121 52
46 92 51
69 89 41
64 122 4
36 69 31
24 105 31
22 122 18
0 59 46
13 128 19
42 95 38
20 96 53
34 95 23
52 102 13
82 88 20
67 97 60
16 126 24
99 112 45
77 93 34
18 50 30
46 120 13
37 64 26
65 76 55
75 129 46
21 101 0
69 118 52
30 127 23
52 53 24
39 82 3
18 39 20
50 117 2
62 89 5
3 64 24
14 107 14
67 122 13
13 75 17
7 19 16
25 54 49
81 122 34
70 75 55
88 100 35
50 68 44
34 110 39
18 88 13
20 83 21
3 68 57
81 104 16
55 102 48
70 82 27
27 51 56
2 103 39
23 122 34
109 133 27
62 91 31
66 128 39
42 113 27
34 84 29
19 52 3
11 74 45
22 43 17
14 99 10
46 129 58
41 42 14
84 133 28
16 96 40
41 127 3
12 101 8
9 129 58
67 79 12
68 108 2
60 127 12
24 138 13
77 117 12
25 96 2
23 47 38
7 133 1
60 108 30
6 73 27
24 60 58
36 100 38
48 88 49
50 75 46
94 100 16
36 88 6
51 77 41
57 137 5
60 74 60
22 41 17
86 92 48
21 39 43
71 86 22
34 74 23
35 42 37
43 84 45
63 105 28
10 30 49
49 79 37
24 44 10
21 59 30
25 95 60
29 67 3
75 90 53
52 106 50
20 81 15
20 129 33
1 128 6
18 58 52
55 89 3
47 49 35
24 53 51
10 91 50
9 111 11
40 48 5
55 98 28
3 8 3
57 86 19
31 132 34
26 66 13
31 46 44
26 117 46
33 68 36
69 85 47
15 125 14
0 134 14
30 115 6
47 92 50
7 95 1
57 78 43
75 80 9
8 128 3
61 77 38
5 109 54
3 25 50
29 43 41
67 94 19
30 93 25
56 83 18
104 117 18
51 75 24
117 138 53
36 80 5
31 59 3
57 93 55
1 48 6
32 102 17
15 109 37
8 108 29
37 137 0
13 73 54
15 112 37
54 76 19
4 72 34
37 114 59
77 103 55
0 0 41
85 133 25
27 73 2
10 70 25
47 50 30
66 137 60
1 13 10
8 103 22
53 78 21
15 20 38
13 58 25
30 84 25
24 102 57
24 92 6
32 128 41
69 99 43
80 137 5
26 106 36
20 84 28
12 123 28
25 73 6
50 135 13
2 28 22
17 68 10
21 128 2
14 113 56
46 86 1
71 133 20
85 115 41
17 135 32
57 125 45
56 70 34
38 95 28
48 125 12
12 138 44
96 112 53
25 82 10
25 92 35
2 135 56
14 38 40
43 134 33
4 89 54
28 46 47
55 121 30
0 9 22
113 117 19
17 66 10
54 116 19
19 88 38
19 133 34
76 104 22
2 26 9
63 139 39
17 118 37
50 64 11
72 129 0
48 56 53
45 122 9
83 133 17
60 69 23
47 119 10
80 82 37
5 43 50
35 94 20
27 32 46
54 135 4
16 39 0
16 76 27
1 47 44
50 119 27
18 139 41
30 66 25
27 92 18
2 32 8
73 129 41
77 123 60
47 123 29
27 93 19
18 102 56
44 64 2
7 51 30
51 124 17
60 61 49
49 97 14
72 115 43
31 97 43
18 40 19
10 72 3
23 86 58
77 119 55
1 15 33
0 54 35
2 134 28
25 99 57
10 43 6
0 43 32
14 79 0
49 58 6
27 85 15
79 83 7
101 139 5
101 111 11
65 137 59
51 60 33
57 131 15
30 35 36
21 103 19
20 109 13
50 90 7
58 68 39
60 75 25
49 106 6
27 132 36
27 109 43
40 41 21
86 121 29
0 23 45
24 130 11
4 115 44
56 77 42
26 57 30
44 90 43
50 86 49
10 95 51
45 116 27
10 22 10
25 105 58
109 125 31
7 89 46
16 108 44
50 99 14
26 31 21
79 126 28
65 66 22
0 78 20
35 107 22
22 90 49
11 139 23
47 133 57
27 115 13
2 137 3
0 139 56
23 111 44
5 10 26
45 82 28
92 133 48
8 139 56
12 39 50
24 112 18
11 26 11
44 53 43
30 101 3
32 114 1
16 69 12
8 66 44
83 89 52
4 125 24
21 125 51
40 72 10
43 61 51
31 72 42
10 48 56
5 133 10
103 137 45
22 89 57
47 126 15
81 103 57
30 105 41
8 37 28
39 68 57
48 58 30
31 45 46
18 24 59
18 124 44
91 118 36
56 86 20
19 45 47
40 57 28
63 90 23
49 122 56
20 50 4
13 104 24
2 14 32
10 77 36
8 43 39
18 62 19
42 88 52
80 115 8
12 36 52
42 43 19
6 110 52
38 106 24
4 18 44
28 35 58
64 65 37
31 36 34
18 83 13
7 134 29
50 54 33
38 87 56
2 19 0
87 118 38
10 49 1
37 110 35
52 92 60
23 88 54
6 66 29
22 71 9
48 122 39
13 107 32
49 127 27
63 125 50
11 101 22
7 25 48
24 121 13
59 67 57
60 87 31
61 78 25
25 126 29
48 113 38
9 127 24
8 88 24
1 71 42
17 40 29
20 48 25
21 26 44
103 107 58
64 99 28
32 113 43
39 64 40
32 60 1
54 95 0
18 36 1
69 106 18
89 98 25
46 126 7
72 105 60
7 9 35
91 110 4
21 45 4
36 98 9
40 87 4
34 73 2
40 61 25
53 139 10
38 80 46
25 108 49
104 107 52
17 17 46
19 76 53
32 62 6
80 105 60
13 83 16
0 80 44
69 77 43
12 61 31
47 111 17
55 103 39
22 102 29
98 98 37
41 51 11
82 114 24
87 105 18
49 75 55
41 79 57
59 78 34
29 112 48
112 135 40
22 26 33
38 50 20
8 52 14
75 93 1
27 114 44
45 71 20
54 111 36
89 129 56
13 96 18
11 94 20
26 28 22
52 72 24
30 34 23
14 117 39
21 25 41
39 118 23
30 68 19
50 85 45
1 86 36
16 115 60
26 82 36
45 119 5
80 119 17
24 117 43
68 120 5
43 80 55
40 104 44
1 77 22
75 139 49
93 101 17
33 58 20
29 75 31
32 92 46
28 138 14
1 12 11
20 121 26
62 99 48
21 123 38
99 116 47
41 41 40
4 136 26
24 64 52
31 118 50
19 81 35
3 96 7
60 112 10
47 99 35
54 56 25
5 67 46
14 106 5
24 116 22
19 130 50
11 68 7
70 129 18
44 86 0
38 83 31
39 56 27
59 71 39
38 137 39
36 68 15
93 132 29
34 125 46
37 99 19
18 19 24
11 127 20
48 114 30
87 136 19
22 37 1
42 126 6
17 55 8
1 44 20
15 43 2
16 112 38
56 80 39
47 85 57
63 68 58
1 72 1
32 40 44
8 55 55
96 101 0
87 94 20
8 33 47
77 106 57
19 131 49
30 103 35
105 137 42
73 92 53
61 118 58
57 76 54
30 72 38
64 97 33
80 80 24
29 51 47
26 112 39
3 90 35
54 88 59
11 52 14
44 115 27
91 106 3
45 74 50
15 49 58
55 64 31
22 60 54
19 80 52
83 83 1
15 71 17
54 125 9
44 76 39
25 83 46
35 38 2
46 88 52
19 56 35
12 90 31
68 91 33
18 95 60
19 87 46
43 133 54
69 137 39
0 118 23
29 55 53
29 68 6
63 92 22
81 126 43
71 113 56
26 131 10
54 60 53
74 129 38
2 70 43
67 90 1
26 102 29
3 94 22
73 101 3
28 38 38
46 57 45
88 117 7
13 35 35
44 114 49
2 40 5
30 48 31
21 70 25
5 61 20
84 113 8
31 85 34
42 98 45
6 38 25
3 135 16
23 24 52
27 135 9
53 71 57
33 133 29
25 50 48
41 67 19
44 45 4
11 84 28
37 125 13
14 58 27
52 77 49
2 119 17
2 117 3
12 34 35
11 58 27
55 101 48
67 132 21
20 137 51
21 87 26
28 95 22
69 97 0
12 73 0
55 70 12
54 130 22
15 46 33
21 86 54
53 117 14
12 78 60
2 104 3
25 134 57
49 114 60
5 17 30
40 123 12
63 91 18
12 12 60
57 103 9
64 130 44
17 76 24
58 69 39
19 68 56
95 105 55
9 88 31
38 93 3
5 46 46
32 99 37
12 43 58
27 67 25
44 73 1
88 109 35
52 94 58
64 76 25
22 97 39
8 85 10
2 52 6
78 129 33
2 4 29
39 126 42
36 106 22
15 35 5
15 51 11
45 111 14
50 104 33
57 74 57
56 137 45
35 79 7
19 112 2
84 89 13
36 123 48
74 139 1
53 110 37
36 51 56
15 136 33
23 74 22
18 91 50
36 121 17
39 123 32
14 128 40
66 87 48
5 14 6
85 118 7
13 59 25
26 70 8
25 123 4
66 105 15
26 63 39
3 70 23
36 114 16
5 36 56
52 110 32
62 108 13
25 110 16
10 64 6
14 75 40
78 113 50
66 73 11
45 78 13
9 26 18
42 102 28
72 135 53
13 62 33
15 115 21
8 41 10
42 45 5
44 82 43
59 103 3
6 33 34
25 31 15
58 128 20
15 106 27
43 67 10
34 38 38
5 20 52
4 86 28
38 69 26
54 65 58
99 103 6
45 139 47
10 19 9
6 62 50
28 44 10
7 68 32
48 65 5
1 99 11
29 40 45
36 135 14
25 48 50
43 88 52
2 124 37
11 113 33
57 101 8
42 79 19
33 94 33
5 112 8
37 97 4
7 27 38
73 137 14
7 107 45
60 81 60
9 132 46
93 128 26
28 69 3
5 72 39
35 54 33
35 40 40
9 22 5
71 81 45
78 135 43
69 123 29
33 134 4
30 40 0
76 122 5
66 93 21
54 72 10
21 40 10
21 118 10
69 96 22
0 89 18
96 128 46
14 18 25
24 67 58
30 61 29
4 58 46
43 112 58
74 75 14
22 32 47
73 122 16
74 81 60
40 99 43
46 137 49
14 30 28
15 126 22
15 22 46
6 80 18
20 94 28
58 123 55
23 133 10
21 33 29
41 107 42
26 136 6
39 47 17
65 102 1
86 125 18
36 124 0
20 117 48
73 108 43
33 37 35
49 84 13
54 108 33
15 93 23
6 118 38
47 115 9
103 132 3
10 124 22
0 76 32
40 58 5
21 107 14
70 136 30
91 114 45
60 103 31
39 99 21
23 131 1
48 81 26
55 136 40
14 56 27
44 88 54
8 124 59
14 51 36
11 104 58
9 67 31
24 127 7
10 52 20
26 59 25
0 67 37
101 120 7
56 139 35
63 88 51
21 115 10
64 83 10
34 107 16
1 89 36
18 81 42
26 49 55
17 124 4
70 103 58
7 7 11
16 34 7
17 35 32
67 102 53
5 48 7
13 66 9
65 83 28
31 64 45
39 79 10
22 27 60
27 79 29
24 99 41
88 127 47
7 108 45
1 93 57
51 51 55
0 104 40
0 46 34
38 129 58
29 108 55
31 83 0
84 109 60
11 102 44
27 78 48
43 126 24
71 125 49
21 42 0
92 109 42
7 81 38
5 116 14
29 85 42
15 73 12
22 99 31
27 123 57
71 131 44
41 44 8
15 92 54
52 97 48
3 47 53
43 53 22
90 98 32
50 82 40
33 95 6
41 100 20
37 112 55
59 107 12
9 103 38
49 56 39
4 80 53
39 52 31
49 54 13
53 75 40
13 134 37
98 130 25
37 81 15
40 128 13
27 65 23
51 103 22
20 38 27
18 29 36
64 73 11
8 71 45
42 44 23
5 18 50
60 115 4
8 26 24
60 126 41
21 80 44
3 87 44
2 87 31
43 64 21
70 90 10
1 25 46
9 51 45
8 20 48
60 77 25
41 87 18
41 52 35
17 89 35
0 82 47
71 104 33
12 22 4
69 75 16
64 78 53
63 64 17
25 74 39
40 71 39
58 76 42
13 108 28
22 86 16
7 102 21
50 51 50
50 89 5
25 119 56
97 136 57
18 129 5
50 72 58
35 77 33
29 129 0
44 96 46
26 79 12
6 99 32
24 89 6
49 91 4
57 109 0
66 130 4
40 96 52
54 71 50
33 89 24
58 111 21
0 47 52
44 138 2
33 60 13
35 105 57
5 137 18
51 85 45
51 130 42
33 73 11
0 60 52
7 46 54
51 90 44
50 94 24
4 121 36
2 9 43
11 128 2
72 114 6
17 52 19
9 62 42
41 123 15
12 31 15
1 39 41
29 98 27
19 74 46
20 43 8
24 58 44
42 104 60
78 127 39
19 40 12
79 117 56
31 87 6
77 132 36
25 89 56
10 28 4
24 65 30
22 35 14
8 98 20
24 120 1
16 104 25
30 124 16
8 9 30
68 124 13
24 71 54
46 117 1
9 124 38
71 129 13
43 94 41
39 66 12
79 97 21
47 71 23
30 71 52
96 138 21
36 78 33
30 36 60
18 86 38
13 109 6
7 77 41
11 117 59
33 54 31
0 42 37
73 73 50
1 129 47
17 102 16
19 92 5
1 127 44
17 117 22
32 66 33
56 113 55
38 118 2
2 45 42
17 81 45
55 81 54
40 110 53
75 130 22
47 51 45
83 114 16
106 114 21
62 103 7
15 25 39
17 115 53
82 113 46
45 75 13
37 126 46
38 113 14
62 115 59
60 84 17
11 91 27
23 81 53
110 139 35
23 38 53
69 72 9
19 31 33
79 87 25
55 87 25
51 93 0
16 139 51
20 44 30
80 92 26
45 123 42
21 37 22
43 63 28
25 25 52
41 83 52
59 77 21
30 30 3
72 109 14
12 133 45
1 115 5
51 115 31
30 31 19
43 90 7
2 46 38
73 102 2
60 107 20
54 102 14
58 107 1
13 101 49
1 29 52
52 122 30
44 97 22
0 62 32
65 92 36
30 75 12
68 73 30
59 74 27
21 113 18
16 47 60
30 99 46
23 52 37
39 91 3
25 118 50
1 50 12
8 62 44
15 102 30
16 55 40
75 116 29
18 134 45
11 56 4
8 48 43
16 123 11
16 132 33
32 96 27
78 92 14
50 134 48
0 115 35
16 125 2
68 79 45
8 133 48
58 101 31
1 9 17
17 28 20
64 67 6
91 111 38
23 43 30
62 117 47
0 6 18
66 102 8
56 84 27
35 41 59
18 94 39
62 67 11
87 112 43
83 123 47
3 138 27
23 91 51
5 12 60
60 65 27
14 55 41
28 106 51
26 135 57
11 37 59
12 30 32
20 73 19
14 23 0
9 94 4
48 79 17
40 94 48
49 71 57
54 59 21
41 66 42
32 33 36
36 102 32
14 45 33
24 96 24
11 46 28
22 131 30
17 34 49
54 91 55
14 46 40
58 96 9
59 99 15
62 118 1
31 133 32
56 82 59
7 26 25
11 130 6
30 50 28
28 121 29
83 126 47
55 55 5
81 124 58
31 55 16
51 117 4
14 94 33
3 78 56
29 78 45
39 107 5
76 112 32
32 119 33
65 124 12
22 128 53
41 43 22
5 40 46
41 90 55
20 63 46
75 85 17
104 137 5
43 56 45
22 75 49
9 35 4
35 90 8
2 2 0
57 106 27
98 121 11
69 105 39
28 111 58
21 62 5
53 67 40
22 129 13
10 39 43
30 76 21
15 114 59
57 87 28
24 85 25
27 138 56
39 98 20
40 121 25
48 96 58
9 76 42
23 25 2
65 101 52
32 54 24
60 99 39
72 108 38
76 116 41
28 84 16
3 54 42
17 107 0
92 136 9
4 113 5
47 77 56
4 75 21
74 130 40
4 102 25
31 92 55
55 67 16
3 5 16
19 33 18
15 68 23
5 111 47
49 131 58
6 106 50
26 37 24
41 96 33
22 46 33
48 104 18
79 108 26
93 130 38
48 64 56
20 64 51
17 95 41
45 124 11
39 137 20
61 64 48
67 67 21
33 61 38
41 137 59
24 95 24
32 87 49
7 17 59
34 91 4
53 113 0
40 124 21
0 58 21
13 126 53
97 116 60
22 119 34
31 48 5
14 74 30
23 84 15
6 22 34
16 103 45
56 128 58
46 97 53
77 136 56
59 69 57
85 112 17
67 129 21
35 52 5
22 48 11
64 111 10
21 79 0
39 76 44
17 29 51
0 50 34
69 101 9
6 90 37
51 102 24
13 117 12
0 19 31
6 119 26
68 77 57
18 28 10
12 96 20
11 28 26
10 37 20
15 42 42
45 51 9
59 88 52
37 100 33
28 83 52
58 115 41
6 85 26
35 82 28
21 28 29
32 134 31
27 71 14
63 103 47
24 31 37
34 119 5
35 100 22
40 53 14
1 112 3
56 63 1
40 117 19
2 41 14
60 123 14
29 92 18
28 62 36
58 134 1
40 51 9
61 89 33
89 109 6
6 107 9
73 96 50
5 57 57
42 60 2
18 100 48
53 86 59
70 109 47
35 37 9
1 19 5
50 76 17
16 60 59
67 73 45
11 81 30
43 127 13
5 128 19
22 52 32
8 84 39
48 63 21
72 123 21
24 33 38
72 94 31
85 124 5
12 42 2
42 75 32
15 47 2
38 38 12
23 65 37
3 27 18
38 66 5
3 55 56
33 47 26
33 100 19
6 26 29
17 130 18
5 114 23
65 134 24
38 123 40
18 61 53
61 137 35
38 102 34
20 66 10
29 41 6
4 17 29
22 121 55
60 129 2
4 56 50
1 65 5
25 113 34
26 50 52
20 110 18
18 119 49
28 91 20
44 137 34
4 28 34
38 120 26
28 97 24
37 56 14
44 61 21
7 54 25
47 131 13
15 111 45
1 42 40
12 115 23
54 90 4
71 132 29
54 120 46
5 5 26
44 136 58
15 26 33
74 95 6
2 100 43
90 105 43
16 81 34
0 117 9
10 25 59
42 99 55
83 91 56
13 21 23
82 134 42
8 81 40
6 98 35
86 109 25
13 86 43
34 40 34
44 105 51
66 91 43
33 101 35
53 103 39
82 124 13
89 128 42
5 51 2
3 127 48
40 135 54
13 37 4
19 58 15
65 95 57
52 135 51
0 111 3
25 61 11
6 34 25
45 104 0
25 36 17
7 40 5
15 137 19
46 111 12
31 106 53
2 36 12
22 40 57
30 125 42
17 103 0
1 85 43
7 76 47
49 121 36
53 107 46
3 18 50
2 50 38
72 80 21
61 119 21
11 134 27
5 98 15
45 132 33
4 118 10
32 84 17
57 89 44
26 86 59
19 79 42
68 76 14
20 118 14
25 75 28
4 132 22
67 113 46
25 138 18
34 59 29
33 64 3
4 30 27
4 54 6
82 101 50
12 108 14
38 46 26
74 103 46
23 120 55
20 70 18
27 60 11
13 136 39
45 61 45
57 136 24
40 126 14
14 76 6
21 54 9
21 60 27
40 137 47
12 109 33
52 104 56
56 87 31
3 9 0
20 123 48
29 106 45
27 61 2
15 64 3
4 74 47
35 49 26
26 61 59
30 54 31
60 122 55
60 96 22
50 105 20
99 107 38
60 118 46
8 64 18
59 66 37
36 94 7
10 17 7
52 60 27
30 134 12
28 72 6
21 56 18
12 104 17
69 111 19
65 130 43
5 38 17
8 11 22
4 29 49
16 105 46
37 131 0
36 103 5
28 51 40
16 25 10
36 71 40
72 83 6
52 70 18
8 120 37
48 50 46
18 72 0
36 92 17
17 126 37
25 131 53
4 20 25
34 55 52
25 38 5
75 86 25
7 36 14
79 101 2
79 94 55
33 93 7
31 136 38
33 43 60
18 80 6
23 53 37
19 61 35
89 124 59
20 49 38
31 66 4
40 77 1
41 84 56
38 59 21
88 134 33
15 135 23
75 121 54
25 28 18
21 120 23
10 26 60
89 93 39
10 136 0
6 102 37
45 117 43
39 112 13
30 131 19
33 119 29
73 109 28
46 49 35
57 82 19
5 49 28
16 27 44
1 102 43
67 126 53
77 96 9
2 136 23
4 43 31
62 85 50
66 108 27
60 98 45
16 50 0
76 96 27
34 63 52
47 109 6
88 121 50
31 44 39
50 96 47
4 112 18
50 60 35
33 96 14
23 35 13
12 84 53
34 115 38
34 123 4
19 19 28
1 114 54
26 118 54
36 37 26
23 39 19
6 111 34
26 74 2
23 118 54
25 127 43
6 54 17
16 85 40
16 38 0
65 100 38
5 100 43
52 124 27
62 121 37
63 116 18
72 97 56
11 31 54
45 90 28
37 89 54
20 71 42
27 121 48
35 132 9
2 60 40
16 32 29
6 133 53
22 69 60
8 69 55
43 117 27
0 63 45
16 106 11
18 113 60
2 44 39
5 58 35
8 38 4
28 52 28
33 117 50
25 133 27
25 27 20
21 102 57
92 130 34
11 72 45
15 15 40
47 60 23
8 17 20
42 130 48
12 74 16
15 21 54
32 123 57
53 61 7
9 70 60
54 109 29
9 126 57
12 136 9
45 112 58
28 67 37
18 67 51
69 128 57
42 54 45
18 101 15
6 16 12
16 120 2
42 78 6
28 58 38
33 132 19
16 95 8
14 122 14
74 113 1
12 56 52
10 74 15
56 131 37
88 94 22
23 134 13
14 86 24
52 65 54
4 45 6
29 50 20
21 78 52
11 35 23
5 62 31
11 49 24
7 11 12
9 46 12
13 88 26
43 50 13
55 119 5
72 125 55
46 121 36
1 101 38
31 50 13
8 31 37
4 52 20
49 138 36
4 9 25
22 24 6
30 77 12
23 127 32
59 64 16
49 113 28
112 124 44
9 21 22
26 52 8
27 38 5
69 93 45
2 73 7
66 106 59
5 19 11
31 93 13
28 34 29
50 139 20
9 63 17
75 127 19
9 98 11
21 27 56
61 103 0
3 44 43
90 135 20
32 56 34
76 95 48
17 84 32
67 118 26
28 137 52
44 58 56
38 47 49
5 52 1
69 134 22
15 130 17
12 37 15
10 23 9
45 138 53
18 135 17
14 83 18
32 44 49
0 100 48
45 102 30
19 62 28
0 28 31
1 106 41
74 79 54
46 68 18
28 133 13
31 58 46
4 107 45
95 98 48
86 104 14
33 42 0
49 133 59
4 61 10
43 77 60
31 75 59
38 53 38
70 102 47
31 123 38
17 23 1
14 87 44
46 90 0
35 102 35
53 95 7
36 81 27
13 92 43
12 27 21
18 42 4
1 60 56
30 57 48
8 75 52
18 68 6
15 59 18
3 107 19
12 70 60
8 82 10
38 86 28
36 86 34
67 124 39
12 19 46
42 100 60
17 86 51
6 44 30
13 99 10
23 77 59
35 56 23
14 70 1
76 124 7
10 45 8
37 83 1
12 35 17
3 80 2
41 109 38
14 39 60
26 80 37
14 29 50
54 92 41
57 61 54
41 104 38
22 91 60
10 127 0
19 86 45
7 55 16
93 96 54
16 22 36
58 77 3
56 98 57
73 84 13
52 139 45
10 105 15
31 74 40
93 95 54
49 126 8
29 88 43
31 131 8
3 115 9
13 81 22
16 28 50
5 120 15
16 40 12
7 116 10
20 78 22
1 122 39
31 103 0
32 127 25
15 34 60
16 74 46
8 105 59
16 56 27
63 70 19
29 71 46
17 104 21
21 127 16
11 53 14
20 134 1
41 91 52
19 49 32
23 27 22
26 130 27
60 133 51
18 122 12
13 110 9
0 99 26
28 76 21
74 100 53
45 46 31
13 131 20
53 72 48
10 88 6
12 51 32
4 128 22
89 110 30
59 93 56
18 26 55
37 116 47
21 83 58
45 97 9
38 77 58
14 97 37
15 31 21
53 99 18
19 126 51
34 83 58
56 130 59
17 57 57
44 62 31
8 106 56
8 50 24
16 71 5
2 59 37
14 108 37
25 26 55
9 61 20
77 128 7
16 66 39
45 49 20
40 89 18
34 130 56
69 87 11
7 79 49
7 109 8
65 87 13
1 1 58
3 29 21
10 113 60
25 46 59
37 42 9
53 129 52
67 127 4
36 128 56
16 109 28
68 139 46
3 98 24
21 44 43
1 6 24
3 79 31
37 41 60
25 43 38
30 120 26
18 126 6
5 125 3
10 20 12
52 54 15
51 83 22
54 138 45
42 129 23
75 83 25
11 36 48
57 102 14
16 30 17
4 14 20
25 62 42
16 114 38
38 81 57
39 43 7
27 47 26
12 65 46
63 129 29
6 126 34
10 76 15
83 119 20
