300 0.8 0.00158479 86.4334 77.0987
300 0.8 0.00158479 84.726 76.0168
300 0.8 0.00158479 85.3854 77.606
300 0.8 0.00158479 83.3488 75.047
300 0.8 0.00158479 83.4146 79.3308
300 0.8 0.00158479 84.4833 75.262
300 0.8 0.00158479 85.4336 75.9667
300 0.8 0.00158479 85.4399 75.7475
300 0.8 0.00158479 85.7555 75.6993
300 0.8 0.00158479 85.5177 76.2825
300 0.8 0.00158479 84.0928 74.0218
300 0.8 0.00158479 84.712 72.9452
300 0.8 0.00158479 85.7029 74.8864
300 0.8 0.00158479 84.1681 72.9639
300 0.8 0.00158479 85.5199 75.5001
300 0.8 0.00158479 84.499 75.4037
300 0.8 0.00158479 85.1616 72.7897
300 0.8 0.00158479 83.5119 72.7323
300 0.8 0.00158479 82.9983 72.2961
300 0.8 0.00158479 85.7695 75.2821
300 0.8 0.00158479 86.084 73.8475
300 0.8 0.00158479 84.7765 73.3872
300 0.8 0.00158479 85.5375 74.1785
300 0.8 0.00158479 85.8508 74.8294
300 0.8 0.00158479 86.0775 75.1887
300 0.8 0.00158479 84.2186 74.8895
300 0.8 0.00158479 84.3452 72.4572
300 0.8 0.00158479 85.8561 74.32
300 0.8 0.00158479 85.6978 74.5011
300 0.8 0.00158479 83.6056 72.7902
300 0.8 0.00158479 85.9744 75.5156
300 0.8 0.00158479 84.231 72.3696
300 0.8 0.00158479 83.7527 72.4424
300 0.8 0.00158479 85.5072 74.0476
300 0.8 0.00158479 83.9436 72.4735
300 0.8 0.00158479 83.6519 73.1413
300 0.8 0.00158479 85.3682 72.7286
300 0.8 0.00158479 84.5125 72.4752
300 0.8 0.00158479 85.7918 73.6716
300 0.8 0.00158479 83.3963 72.1354
300 0.8 0.00158479 85.0051 74.2488
300 0.8 0.00158479 85.2494 74.0085
300 0.8 0.00158479 86.2711 74.5002
300 0.8 0.00158479 85.9971 74.4523
300 0.8 0.00158479 86.7973 75.1257
300 0.8 0.00158479 85.6851 75.616
300 0.8 0.00158479 86.6488 74.7285
300 0.8 0.00158479 86.8152 75.1097
300 0.8 0.00158479 88.1268 74.9551
300 0.8 0.00158479 85.7159 72.9452
300 0.8 0.00158479 87.4208 74.6995
300 0.8 0.00158479 89.9025 73.544
300 0.8 0.00158479 87.2431 72.6418
300 0.8 0.00158479 87.8431 72.7023
300 0.8 0.00158479 88.3784 73.3904
300 0.8 0.00158479 90.0406 74.9065
300 0.8 0.00158479 93.4119 75.0672
300 0.8 0.00158479 90.9603 75.4266
300 0.8 0.00158479 89.6616 75.955
300 0.8 0.00158479 87.0395 75.5291
300 0.8 0.00158479 92.8685 80.7152
300 0.8 0.00158479 90.7113 78.4214
300 0.8 0.00158479 89.3303 79.0534
300 0.8 0.00158479 87.0217 77.7981
300 0.8 0.00158479 87.7418 83.2417
300 0.8 0.00158479 86.3556 77.4432
300 0.8 0.00158479 85.2904 77.1902
300 0.8 0.00158479 84.4142 76.3949
300 0.8 0.00158479 83.6477 74.5253
300 0.8 0.00158479 83.345 74.7725
300 0.8 0.00158479 83.3842 75.0109
300 0.8 0.00158479 83.3215 74.7424
300 0.8 0.00158479 82.6186 74.5689
300 0.8 0.00158479 83.6148 74.1407
300 0.8 0.00158479 82.4575 73.0511
300 0.8 0.00158479 82.8785 73.4658
300 0.8 0.00158479 82.5088 72.3516
300 0.8 0.00158479 82.8144 72.9066
300 0.8 0.00158479 82.9712 73.0291
300 0.8 0.00158479 83.1607 72.9412
